60.70=96.00 100.00 90.00 75.00 8.82 50.00 90.91 60.00 46.67 100.00 66.67 78.57 81.82 31.82 30.77 70.00 71.88 83.33 45.24 71.43 0.00 88.00 90.00 23.53 42.86 52.17 52.94 25.00 33.33 45.00 80.00
52.78=84.62 94.74 78.26 82.61 5.88 48.00 91.67 50.00 21.43 75.00 70.00 84.62 66.67 21.05 38.89 72.73 67.74 75.00 27.78 57.69 0.00 83.33 82.61 18.42 48.48 48.00 53.33 27.78 0.00 60.00 0.00
56.45=100.00 95.45 85.71 79.17 5.00 45.28 95.83 35.00 46.15 77.78 63.89 85.19 81.82 15.38 39.13 70.37 75.00 73.33 40.00 53.57 0.00 91.30 80.95 20.69 46.43 45.83 52.94 35.29 0.00 46.67 66.67
56.42=90.91 100.00 85.71 75.00 2.94 50.00 80.77 42.86 42.86 75.00 57.14 79.31 80.00 20.00 33.33 66.67 79.17 68.75 41.46 50.00 0.00 95.24 83.33 23.08 44.44 47.62 47.06 18.75 0.00 85.71 81.82
56.28=100.00 100.00 94.74 76.92 3.23 48.98 76.92 44.44 38.46 94.12 56.76 65.71 68.00 18.52 25.00 69.57 78.57 75.00 37.21 62.50 0.00 95.24 80.00 21.05 43.24 47.37 60.00 37.50 0.00 55.56 70.00
56.43=88.89 95.45 81.82 71.43 3.45 53.19 79.17 50.00 46.67 88.89 74.19 70.97 72.00 28.57 36.84 72.41 73.33 78.57 36.59 55.17 0.00 91.30 79.17 20.00 46.15 55.56 60.00 11.11 0.00 58.33 70.00
55.87=91.30 95.65 94.44 71.43 0.00 45.45 91.67 58.82 40.00 88.89 62.86 70.97 75.86 25.00 15.00 77.78 60.53 74.07 39.02 55.56 0.00 88.46 73.91 15.38 48.15 64.71 60.00 14.29 0.00 88.89 43.75
58.23=95.83 100.00 85.71 67.86 2.86 56.10 80.77 40.00 47.06 84.21 64.86 81.48 83.33 42.86 36.84 68.75 71.88 71.43 43.75 51.72 0.00 74.19 72.00 16.22 54.55 52.17 72.73 33.33 0.00 63.64 88.89
56.67=84.62 95.45 85.00 63.33 0.00 54.55 83.33 47.62 36.36 88.89 53.33 71.88 71.43 41.67 36.36 73.08 81.48 70.97 38.46 64.00 0.00 96.15 75.00 18.92 63.64 52.38 77.78 14.29 0.00 46.67 70.00
56.68=96.00 100.00 75.00 80.00 0.00 51.02 84.00 40.00 36.36 88.24 58.54 74.19 75.00 45.00 17.65 71.43 78.57 67.65 36.84 51.72 0.00 82.76 85.71 24.14 63.64 47.62 80.00 18.75 0.00 57.14 70.00
56.82=95.83 100.00 62.07 69.23 0.00 47.92 88.00 42.86 46.15 83.33 64.10 82.14 75.00 35.00 25.00 75.00 81.48 66.67 39.47 57.69 0.00 89.29 77.27 21.88 52.00 60.00 63.64 21.43 0.00 50.00 88.89
56.10=95.83 95.45 67.86 70.37 0.00 53.49 95.24 50.00 70.00 84.21 55.00 69.70 76.00 45.45 27.27 59.38 82.14 60.61 40.00 57.69 0.00 84.62 77.27 20.00 57.14 57.89 64.29 6.67 0.00 46.15 69.23
56.19=91.30 100.00 75.00 71.43 0.00 54.55 88.00 52.38 40.00 93.75 52.38 75.86 73.33 34.78 25.00 77.42 71.88 64.71 45.45 53.57 0.00 82.76 77.27 26.67 63.16 61.11 53.85 8.33 0.00 63.64 64.29
57.09=85.19 100.00 60.71 79.17 0.00 50.00 88.00 58.82 46.15 94.12 61.54 84.00 74.07 47.37 28.57 63.89 78.12 55.00 45.16 57.69 0.00 65.79 86.36 25.93 60.00 55.56 66.67 14.29 0.00 50.00 87.50
57.39=88.89 100.00 67.86 65.52 0.00 48.98 85.19 60.00 40.00 93.33 66.67 76.67 72.41 31.82 25.00 74.19 86.21 60.00 44.83 65.22 0.00 79.31 79.17 20.00 68.18 47.83 69.23 16.67 0.00 58.33 87.50
57.24=92.31 95.24 75.00 71.43 0.00 52.08 88.46 52.38 55.56 88.89 64.71 75.86 77.42 48.15 35.29 79.31 72.73 67.65 33.33 55.56 0.00 92.00 69.23 19.35 59.26 47.83 69.23 11.11 0.00 50.00 75.00
57.43=95.65 95.45 69.23 70.37 0.00 53.19 80.77 52.63 54.55 100.00 57.89 85.19 68.97 60.00 33.33 63.64 77.42 63.64 40.62 50.00 0.00 96.15 80.00 24.00 53.57 42.31 69.23 6.67 0.00 47.06 88.89
57.62=85.71 90.91 62.07 71.43 0.00 51.06 81.48 54.55 41.67 94.12 60.00 84.62 71.43 66.67 31.82 73.33 79.31 57.58 36.36 63.64 0.00 80.00 90.91 32.00 60.00 50.00 52.94 12.50 0.00 50.00 100.00
56.23=91.30 95.45 62.07 65.52 0.00 52.17 88.00 47.62 42.86 83.33 68.57 79.31 72.41 61.90 28.00 62.50 82.76 62.50 33.33 70.00 0.00 80.00 76.19 22.58 72.73 45.83 53.33 6.67 0.00 58.33 77.78
56.63=88.46 95.24 60.00 71.43 0.00 53.19 91.67 50.00 53.85 94.12 66.67 67.65 76.67 55.00 33.33 71.43 72.73 67.74 33.33 62.50 0.00 82.14 75.00 29.03 59.09 48.00 53.33 7.69 0.00 58.33 77.78
58.46=82.76 100.00 69.57 68.97 0.00 56.82 87.50 52.94 50.00 88.89 60.00 81.48 73.33 52.17 42.31 71.43 82.76 70.97 33.33 65.22 0.00 86.67 78.26 21.88 65.00 52.63 50.00 11.76 0.00 66.67 88.89
56.85=95.83 91.30 78.26 74.07 4.00 52.38 91.30 50.00 38.46 71.43 57.14 81.48 73.33 50.00 30.00 76.67 76.67 62.50 33.33 60.00 0.00 83.33 81.82 25.00 56.52 52.38 52.94 15.38 0.00 46.67 100.00
56.31=95.65 100.00 69.23 70.37 0.00 53.33 83.33 37.50 36.36 84.21 60.53 78.57 70.97 56.52 29.41 71.88 82.76 62.86 36.59 55.56 0.00 80.65 78.26 24.00 58.33 52.17 55.56 14.29 0.00 66.67 80.00
55.64=95.83 90.91 66.67 82.61 0.00 53.19 82.14 45.45 41.67 75.00 63.64 82.14 70.97 61.90 27.27 68.75 75.76 62.07 38.71 57.69 0.00 89.29 76.19 21.43 59.26 45.45 57.14 15.38 0.00 45.45 72.73
57.92=87.50 95.24 62.07 79.17 0.00 54.55 84.62 47.37 46.15 80.00 58.54 82.14 65.71 57.14 20.00 70.00 82.76 62.16 42.42 71.43 0.00 88.89 78.26 25.93 57.69 54.55 69.23 18.18 0.00 53.85 100.00
58.37=100.00 95.45 66.67 76.00 0.00 51.02 88.00 50.00 60.00 80.00 60.00 79.31 68.75 63.64 32.00 78.57 79.31 60.61 35.14 66.67 0.00 100.00 76.92 28.57 60.87 50.00 56.25 10.00 0.00 50.00 85.71
56.53=88.46 100.00 75.00 73.08 0.00 48.94 90.91 60.00 46.15 82.35 57.14 74.19 70.00 47.62 26.32 77.78 76.67 60.00 35.29 62.50 0.00 82.76 76.00 20.59 59.26 55.00 52.94 0.00 0.00 53.33 100.00
57.40=96.00 91.30 64.29 70.83 0.00 47.06 81.48 57.14 50.00 86.67 63.89 82.76 76.67 55.56 15.00 79.31 80.65 62.50 38.24 62.50 0.00 92.59 82.61 21.21 57.69 55.00 66.67 6.25 0.00 46.67 88.89
58.44=91.30 100.00 60.00 74.07 0.00 53.33 88.00 50.00 53.33 94.12 60.53 79.31 75.00 46.43 19.05 70.00 75.76 65.52 38.89 68.18 0.00 95.83 80.95 29.63 62.50 55.00 81.82 23.08 0.00 50.00 70.00
56.88=91.67 95.45 63.33 73.08 0.00 51.06 91.30 47.62 46.15 93.33 62.16 68.75 61.76 50.00 17.39 58.82 80.00 64.71 41.38 65.22 0.00 96.15 79.17 27.27 59.26 47.83 66.67 6.67 0.00 57.14 100.00
56.41=88.89 95.45 58.62 67.86 0.00 50.00 80.00 55.00 46.67 84.21 62.16 82.14 66.67 61.11 21.74 63.64 75.00 66.67 31.03 75.00 0.00 86.36 81.82 28.57 66.67 50.00 60.00 0.00 0.00 54.55 88.89
54.23=95.65 100.00 62.07 67.86 0.00 48.89 81.48 47.06 30.77 88.89 53.33 77.78 69.70 47.06 33.33 67.74 77.42 59.38 32.35 62.50 0.00 100.00 82.61 14.29 55.56 47.62 53.85 7.69 0.00 36.36 80.00
55.34=100.00 95.45 66.67 70.37 0.00 48.00 88.46 57.89 40.00 84.21 65.71 85.19 61.11 47.83 5.26 65.52 70.59 58.97 35.29 66.67 0.00 95.45 73.91 21.43 62.50 47.83 53.85 8.33 0.00 50.00 88.89
56.01=95.65 95.24 62.07 64.29 0.00 48.98 88.00 40.00 50.00 84.21 58.54 88.00 70.97 40.00 13.64 73.33 77.42 66.67 35.29 62.50 0.00 95.65 86.96 20.59 60.00 47.83 60.00 8.33 0.00 54.55 87.50
55.67=92.31 95.45 69.23 65.38 0.00 52.08 88.00 44.44 50.00 87.50 57.50 79.31 61.29 52.17 25.00 71.43 71.43 67.65 38.89 62.50 0.00 92.00 74.07 23.08 66.67 50.00 57.14 8.33 0.00 42.86 80.00
55.62=92.31 95.45 62.07 70.37 0.00 52.17 91.30 44.44 33.33 84.21 62.16 82.14 61.11 50.00 33.33 64.29 75.76 64.52 32.35 57.69 0.00 100.00 76.92 20.69 68.00 52.38 60.00 7.14 0.00 50.00 80.00
55.65=92.00 95.24 62.07 63.33 0.00 51.11 88.46 50.00 46.15 84.21 57.14 82.14 62.86 50.00 31.82 70.37 76.67 60.61 36.11 59.09 0.00 92.31 75.00 27.59 69.23 47.83 56.25 7.69 0.00 50.00 80.00
55.87=88.00 95.45 66.67 70.37 0.00 50.00 95.24 47.62 46.67 87.50 55.81 75.00 61.11 56.52 14.29 68.00 70.59 58.82 35.29 83.33 0.00 92.00 86.96 26.67 55.56 47.83 60.00 8.33 0.00 55.56 72.73
54.12=91.30 95.45 69.23 63.33 0.00 55.56 95.65 45.00 41.67 84.21 55.81 84.62 70.97 61.11 30.00 72.41 75.00 57.14 34.38 53.85 0.00 96.30 82.61 14.29 50.00 38.46 60.00 7.14 0.00 38.46 53.85
54.75=96.00 90.91 72.00 66.67 0.00 50.00 91.30 52.63 38.46 84.21 62.86 79.31 64.71 55.00 21.05 66.67 67.57 68.00 40.62 65.22 0.00 95.83 77.27 25.81 61.54 47.83 53.85 6.25 0.00 35.71 60.00
59.29=100.00 100.00 72.00 63.33 5.00 53.66 79.17 73.68 42.86 69.23 61.76 87.50 75.00 72.73 23.53 80.77 86.21 86.36 55.17 60.00 8.00 87.50 96.15 30.00 43.33 60.87 45.00 33.33 0.00 47.06 38.89
55.07=77.78 100.00 61.54 58.82 0.00 53.49 84.62 57.89 45.45 90.00 65.79 88.00 65.52 52.17 20.00 54.29 73.33 60.61 56.00 60.87 0.00 75.86 90.91 13.04 40.91 43.33 55.56 41.67 0.00 62.50 57.14
57.67=95.45 95.65 65.38 68.97 4.76 47.06 100.00 72.73 58.33 81.25 57.89 91.67 58.82 52.00 23.08 63.89 80.00 65.52 57.69 70.59 0.00 80.77 96.00 26.09 53.57 38.71 54.55 38.46 0.00 50.00 38.89
57.11=91.67 95.65 66.67 65.52 4.26 46.94 95.24 63.16 55.56 87.50 56.10 79.31 54.55 71.43 0.00 53.49 79.31 72.00 50.00 60.00 0.00 85.71 100.00 30.00 52.00 58.33 47.62 14.29 0.00 46.67 87.50
58.01=95.83 100.00 65.38 72.00 4.17 50.00 87.50 88.24 46.67 78.95 62.86 77.42 68.97 50.00 6.67 71.88 83.33 71.43 44.83 60.00 0.00 77.78 94.44 20.00 58.33 58.33 55.56 45.45 0.00 37.50 64.71
56.41=95.65 100.00 70.83 74.07 5.26 51.02 91.30 64.71 33.33 81.25 58.14 76.67 52.94 54.17 0.00 66.67 75.00 62.86 48.15 81.25 0.00 79.31 94.12 20.00 50.00 56.52 62.50 41.67 0.00 42.86 58.33
58.57=100.00 100.00 64.29 70.37 2.44 53.33 88.00 73.33 36.36 93.33 55.00 82.14 56.76 56.00 5.56 71.43 71.88 60.53 51.72 75.00 0.00 79.31 92.31 25.00 50.00 78.95 66.67 44.44 0.00 45.00 66.67
58.93=95.83 100.00 60.71 68.97 2.70 51.06 86.96 77.78 46.15 93.33 58.54 80.00 60.00 65.38 10.53 73.33 84.62 58.33 53.33 81.25 0.00 89.29 85.19 27.78 65.00 60.87 53.33 33.33 0.00 33.33 70.00
57.70=100.00 100.00 68.00 76.00 2.86 50.00 87.50 73.68 33.33 92.31 60.53 80.00 57.58 64.00 0.00 74.07 79.31 59.46 41.94 63.16 0.00 76.67 95.24 27.78 63.64 68.18 53.33 38.46 0.00 40.00 61.54
57.99=100.00 100.00 70.83 67.86 5.26 51.06 90.91 66.67 50.00 87.50 64.10 79.31 64.71 65.22 5.88 82.76 75.86 60.00 58.62 68.75 0.00 84.62 88.00 22.22 59.09 63.64 44.44 28.57 0.00 38.10 53.85
57.90=100.00 95.65 70.83 76.92 3.03 53.33 91.67 68.42 33.33 84.62 57.89 88.00 56.76 69.23 5.56 75.86 73.33 52.50 50.00 68.75 0.00 89.66 84.00 26.32 60.87 63.64 64.29 28.57 0.00 38.10 63.64
58.91=100.00 100.00 66.67 66.67 2.56 52.27 95.65 68.18 45.45 78.57 63.16 78.57 59.38 82.61 4.00 81.48 76.67 62.16 51.52 80.00 0.00 83.33 78.57 22.22 60.87 58.33 58.33 30.00 0.00 41.18 77.78
58.12=95.65 95.65 70.83 63.33 2.86 53.49 87.50 69.57 61.54 86.67 56.10 80.00 75.86 62.50 0.00 67.74 80.00 63.16 44.83 70.59 0.00 80.00 88.46 31.25 54.55 63.64 66.67 14.29 0.00 35.00 80.00
57.32=100.00 95.65 60.71 68.97 0.00 54.55 100.00 77.78 35.71 83.33 61.54 74.19 65.62 77.78 5.00 71.88 61.76 58.54 48.00 66.67 0.00 88.89 88.00 13.33 59.09 66.67 66.67 25.00 0.00 35.00 66.67
58.03=100.00 100.00 65.38 62.96 2.78 53.49 79.17 86.67 31.58 84.21 60.53 75.86 61.29 84.21 0.00 68.97 84.62 52.27 46.88 58.33 0.00 91.67 84.62 18.75 62.50 61.90 64.71 36.36 0.00 39.13 80.00
58.20=100.00 100.00 65.38 67.86 0.00 52.27 91.67 80.00 50.00 76.47 62.50 82.76 61.76 65.38 6.25 67.86 83.33 55.00 50.00 56.00 0.00 86.21 89.29 22.73 64.71 72.22 64.29 30.77 0.00 38.10 61.54
57.20=100.00 91.30 58.62 67.86 0.00 54.76 100.00 91.67 63.64 80.00 55.81 75.86 60.61 61.54 11.76 68.75 77.42 56.41 43.33 50.00 0.00 83.33 89.29 29.41 61.90 72.22 50.00 30.77 0.00 36.84 50.00
57.34=95.83 100.00 58.62 71.43 2.50 57.14 87.50 73.33 46.15 72.22 63.16 79.17 61.29 69.57 7.14 76.67 80.00 55.00 56.00 48.00 0.00 92.31 80.00 25.00 53.57 72.22 56.25 30.77 0.00 40.00 66.67
56.25=95.83 100.00 65.38 65.52 2.94 62.16 83.33 84.62 35.71 88.24 62.50 82.14 61.29 69.57 0.00 63.89 92.59 65.71 42.42 54.17 0.00 91.67 77.42 26.32 55.00 48.00 60.00 28.57 0.00 25.00 53.85
57.40=100.00 95.65 55.17 65.52 0.00 55.81 91.67 76.47 40.00 75.00 61.11 84.62 57.58 69.57 6.25 66.67 78.57 66.67 47.22 59.09 0.00 89.66 84.62 27.27 65.00 60.87 61.54 23.08 0.00 34.78 80.00
55.80=92.00 95.65 60.71 63.33 0.00 58.54 95.24 52.38 23.53 88.24 59.52 88.00 51.61 64.00 18.18 82.14 87.50 64.52 55.56 59.09 0.00 84.62 71.88 18.18 65.00 65.00 53.85 10.00 0.00 31.58 70.00
57.86=100.00 100.00 70.83 63.33 0.00 51.11 94.44 65.00 54.55 76.47 56.10 95.45 59.38 66.67 5.56 65.62 75.76 68.75 56.00 61.90 0.00 92.59 82.14 19.23 70.59 59.09 53.33 23.08 0.00 40.00 66.67
56.11=100.00 95.24 62.96 62.96 0.00 56.41 95.00 63.16 50.00 70.83 62.16 88.00 61.76 68.18 0.00 74.07 78.12 60.61 60.00 76.92 0.00 79.31 79.31 17.24 52.63 51.85 53.33 27.27 0.00 35.00 57.14
57.38=100.00 95.45 60.71 66.67 2.63 62.16 90.91 81.25 38.46 82.35 61.54 79.31 57.58 69.57 0.00 67.65 68.75 64.71 50.00 75.00 3.12 85.19 84.62 18.52 65.00 60.87 66.67 18.18 0.00 35.29 66.67
58.72=95.65 88.00 77.27 65.52 0.00 57.50 95.45 87.50 31.25 87.50 63.16 87.50 55.56 65.52 5.26 66.67 71.88 62.16 57.69 66.67 3.85 92.00 80.00 20.00 70.59 70.00 75.00 13.33 0.00 35.00 72.73
56.85=95.83 95.65 62.96 57.58 0.00 57.50 100.00 76.92 33.33 70.59 55.00 82.14 52.94 68.18 10.00 82.14 78.57 61.76 48.39 59.09 3.23 84.62 78.57 27.27 66.67 68.42 50.00 25.00 0.00 40.00 70.00
56.64=100.00 95.45 59.26 59.38 0.00 56.10 95.45 71.43 35.29 86.67 65.79 78.57 56.25 71.43 10.00 74.07 75.76 56.76 46.67 54.17 3.70 86.67 80.00 21.05 50.00 77.78 64.71 10.00 0.00 33.33 80.00
57.14=100.00 95.65 65.38 66.67 0.00 45.65 86.96 81.25 53.85 87.50 55.00 79.31 60.00 69.57 13.64 75.86 75.86 62.16 51.72 66.67 0.00 81.48 78.79 25.00 57.89 56.52 62.50 18.18 0.00 31.58 66.67
55.59=100.00 100.00 60.71 56.25 0.00 51.16 84.00 73.33 35.71 75.00 58.33 80.00 56.25 80.95 10.00 70.97 73.33 59.38 53.57 57.89 0.00 89.29 80.65 22.73 66.67 63.64 56.25 10.00 0.00 35.71 61.54
54.41=95.83 91.30 69.57 59.38 0.00 58.97 86.96 78.57 28.57 69.23 58.97 79.31 55.56 72.00 11.11 75.86 69.70 57.14 62.50 60.00 0.00 80.00 70.59 20.00 61.11 52.00 58.82 0.00 0.00 28.57 75.00
56.85=100.00 91.67 68.00 68.97 0.00 57.50 100.00 81.25 37.50 78.95 53.66 76.67 58.06 64.00 15.79 71.88 85.19 55.56 57.69 66.67 0.00 85.71 69.44 25.00 64.29 56.00 71.43 16.67 0.00 31.58 53.33
55.72=95.83 91.67 68.00 61.29 2.94 60.53 86.96 73.33 37.50 78.95 55.00 79.31 55.88 68.42 15.00 81.48 78.57 61.11 54.17 58.82 0.00 85.71 69.70 16.67 55.56 56.00 61.54 9.09 0.00 30.43 77.78
56.24=95.65 95.65 72.73 62.07 0.00 62.16 100.00 66.67 40.00 75.00 60.00 81.48 65.52 70.37 17.39 75.86 68.75 59.46 64.00 47.83 0.00 86.21 75.00 16.13 53.33 60.00 43.75 16.67 0.00 38.89 72.73
55.69=100.00 100.00 65.38 61.29 2.56 53.49 86.96 81.25 33.33 82.35 55.00 82.14 46.88 69.57 4.17 83.33 76.92 56.76 55.56 57.14 0.00 86.21 77.78 20.00 66.67 63.64 64.29 10.00 0.00 30.43 53.33
56.45=100.00 95.65 73.91 64.29 0.00 60.53 90.91 80.00 30.77 78.95 52.38 71.88 59.38 65.22 10.53 72.73 82.76 62.50 60.87 54.55 0.00 89.29 72.41 15.62 75.00 58.33 60.00 16.67 0.00 22.22 72.73
55.99=100.00 100.00 60.71 67.86 2.94 60.53 83.33 85.71 35.71 72.73 66.67 71.88 59.38 77.27 12.50 74.19 76.67 58.33 59.26 52.17 0.00 82.14 66.67 20.83 53.33 66.67 60.00 16.67 0.00 33.33 58.33
55.79=100.00 100.00 68.00 62.07 0.00 59.46 100.00 68.75 42.86 68.18 57.14 79.31 56.25 71.43 5.56 75.00 82.14 64.71 55.17 52.38 0.00 85.71 79.31 18.52 56.25 56.52 62.50 15.38 0.00 28.57 58.33
56.77=100.00 95.65 68.00 64.52 0.00 58.97 90.91 80.00 38.46 83.33 58.54 84.62 52.94 66.67 10.00 67.74 82.14 57.58 57.14 57.89 3.70 82.14 80.00 17.65 71.43 58.33 57.14 9.09 0.00 40.91 64.29
57.13=100.00 95.65 62.96 65.62 0.00 57.14 100.00 72.22 35.71 93.33 56.82 84.00 59.38 65.00 10.00 67.74 85.19 60.61 50.00 64.71 0.00 74.29 71.43 22.22 76.92 58.33 60.00 18.18 0.00 28.57 75.00
56.06=95.45 100.00 70.83 60.61 0.00 61.54 86.96 84.62 28.57 70.59 60.98 88.00 48.48 68.18 5.88 71.88 85.71 62.50 54.17 52.17 3.45 83.33 68.75 14.71 80.00 60.87 66.67 18.18 0.00 34.78 50.00
96.80=100.00 100.00 100.00 75.00 100.00 100.00 100.00 100.00 100.00 100.00 100.00 100.00 100.00 100.00 100.00 85.71 100.00 100.00 100.00 100.00 100.00 80.00 100.00 80.00 100.00 100.00 100.00 100.00 80.00 100.00 100.00
96.64=100.00 100.00 100.00 100.00 100.00 100.00 100.00 100.00 100.00 100.00 100.00 100.00 100.00 100.00 100.00 100.00 100.00 100.00 100.00 50.00 100.00 100.00 85.71 80.00 100.00 100.00 100.00 100.00 100.00 100.00 80.00
93.46=75.00 100.00 100.00 75.00 100.00 100.00 100.00 60.00 100.00 100.00 75.00 100.00 100.00 100.00 100.00 85.71 100.00 100.00 100.00 100.00 100.00 100.00 100.00 80.00 66.67 100.00 100.00 100.00 80.00 100.00 100.00
97.17=100.00 100.00 100.00 100.00 100.00 100.00 100.00 100.00 80.00 100.00 100.00 100.00 100.00 100.00 100.00 85.71 100.00 100.00 100.00 100.00 100.00 100.00 100.00 80.00 66.67 100.00 100.00 100.00 100.00 100.00 100.00
95.38=100.00 100.00 100.00 100.00 100.00 100.00 100.00 75.00 80.00 100.00 100.00 100.00 100.00 100.00 100.00 100.00 75.00 100.00 100.00 66.67 100.00 100.00 100.00 80.00 100.00 100.00 100.00 100.00 80.00 100.00 100.00
95.24=100.00 100.00 100.00 100.00 80.00 100.00 100.00 100.00 100.00 100.00 100.00 100.00 100.00 100.00 100.00 85.71 60.00 100.00 100.00 100.00 100.00 100.00 100.00 80.00 66.67 100.00 100.00 100.00 80.00 100.00 100.00
94.73=100.00 100.00 100.00 100.00 100.00 75.00 100.00 100.00 75.00 100.00 100.00 100.00 100.00 80.00 100.00 100.00 100.00 100.00 100.00 100.00 100.00 100.00 100.00 80.00 66.67 100.00 100.00 100.00 80.00 100.00 80.00
96.53=100.00 100.00 100.00 100.00 80.00 100.00 100.00 100.00 100.00 100.00 100.00 100.00 100.00 80.00 100.00 85.71 100.00 100.00 100.00 100.00 100.00 100.00 100.00 80.00 100.00 100.00 100.00 100.00 66.67 100.00 100.00
97.10=100.00 100.00 100.00 100.00 100.00 100.00 100.00 75.00 100.00 100.00 75.00 100.00 100.00 100.00 100.00 100.00 100.00 100.00 100.00 100.00 100.00 100.00 100.00 80.00 100.00 100.00 100.00 100.00 80.00 100.00 100.00
97.85=100.00 100.00 100.00 100.00 100.00 100.00 100.00 100.00 100.00 100.00 100.00 100.00 100.00 66.67 100.00 100.00 100.00 100.00 100.00 100.00 100.00 100.00 100.00 66.67 100.00 100.00 100.00 100.00 100.00 100.00 100.00
95.39=100.00 100.00 100.00 100.00 100.00 100.00 100.00 100.00 100.00 80.00 100.00 66.67 100.00 100.00 88.89 100.00 75.00 100.00 100.00 100.00 100.00 100.00 100.00 80.00 66.67 100.00 100.00 100.00 100.00 100.00 100.00
94.59=100.00 100.00 100.00 75.00 100.00 100.00 100.00 100.00 100.00 100.00 100.00 66.67 100.00 100.00 88.89 100.00 100.00 100.00 100.00 100.00 100.00 100.00 100.00 60.00 100.00 66.67 100.00 100.00 75.00 100.00 100.00
97.20=100.00 100.00 100.00 100.00 100.00 100.00 100.00 100.00 100.00 100.00 100.00 100.00 100.00 100.00 100.00 100.00 100.00 100.00 66.67 100.00 100.00 100.00 100.00 80.00 66.67 100.00 100.00 100.00 100.00 100.00 100.00
97.42=100.00 100.00 100.00 100.00 100.00 100.00 100.00 100.00 100.00 100.00 100.00 100.00 100.00 100.00 100.00 100.00 60.00 100.00 100.00 100.00 100.00 100.00 100.00 80.00 100.00 100.00 100.00 100.00 100.00 100.00 80.00
98.71=100.00 100.00 100.00 100.00 100.00 100.00 100.00 100.00 100.00 100.00 100.00 100.00 100.00 80.00 100.00 100.00 100.00 100.00 100.00 100.00 100.00 100.00 100.00 80.00 100.00 100.00 100.00 100.00 100.00 100.00 100.00
95.13=75.00 100.00 100.00 100.00 100.00 75.00 100.00 100.00 66.67 100.00 100.00 100.00 100.00 100.00 100.00 85.71 100.00 100.00 100.00 66.67 100.00 100.00 100.00 80.00 100.00 100.00 100.00 100.00 100.00 100.00 100.00
95.75=100.00 100.00 100.00 100.00 100.00 100.00 100.00 100.00 100.00 100.00 100.00 66.67 100.00 100.00 100.00 100.00 75.00 100.00 100.00 100.00 100.00 100.00 100.00 80.00 66.67 100.00 100.00 100.00 80.00 100.00 100.00
98.25=100.00 100.00 100.00 100.00 100.00 100.00 100.00 100.00 100.00 100.00 100.00 100.00 100.00 100.00 100.00 85.71 100.00 100.00 100.00 100.00 100.00 100.00 100.00 80.00 100.00 100.00 100.00 100.00 80.00 100.00 100.00
98.89=100.00 100.00 100.00 100.00 100.00 100.00 100.00 100.00 100.00 100.00 100.00 100.00 100.00 100.00 100.00 85.71 100.00 100.00 100.00 100.00 100.00 100.00 100.00 80.00 100.00 100.00 100.00 100.00 100.00 100.00 100.00
97.26=75.00 100.00 100.00 100.00 100.00 100.00 100.00 100.00 100.00 100.00 100.00 100.00 100.00 80.00 100.00 100.00 100.00 100.00 100.00 100.00 100.00 100.00 100.00 80.00 100.00 100.00 100.00 100.00 100.00 100.00 80.00
96.56=100.00 100.00 100.00 100.00 100.00 100.00 100.00 100.00 100.00 100.00 100.00 100.00 100.00 100.00 100.00 100.00 100.00 100.00 100.00 66.67 100.00 100.00 100.00 80.00 66.67 100.00 100.00 100.00 80.00 100.00 100.00
99.35=100.00 100.00 100.00 100.00 100.00 100.00 100.00 100.00 100.00 100.00 100.00 100.00 100.00 100.00 100.00 100.00 100.00 100.00 100.00 100.00 100.00 100.00 100.00 80.00 100.00 100.00 100.00 100.00 100.00 100.00 100.00
96.42=100.00 100.00 100.00 100.00 100.00 100.00 100.00 100.00 100.00 100.00 100.00 100.00 100.00 100.00 88.89 100.00 100.00 100.00 100.00 66.67 100.00 100.00 100.00 66.67 66.67 100.00 100.00 100.00 100.00 100.00 100.00
98.12=100.00 100.00 100.00 100.00 100.00 100.00 100.00 100.00 100.00 100.00 100.00 100.00 100.00 100.00 100.00 100.00 75.00 100.00 100.00 100.00 100.00 100.00 100.00 66.67 100.00 100.00 100.00 100.00 100.00 100.00 100.00
96.02=100.00 100.00 100.00 100.00 100.00 100.00 100.00 100.00 100.00 100.00 100.00 100.00 100.00 100.00 100.00 100.00 75.00 100.00 100.00 66.67 100.00 80.00 100.00 80.00 100.00 100.00 100.00 100.00 75.00 100.00 100.00
95.86=100.00 100.00 100.00 100.00 100.00 100.00 100.00 100.00 100.00 100.00 100.00 100.00 100.00 100.00 100.00 100.00 75.00 100.00 100.00 100.00 100.00 100.00 100.00 75.00 100.00 66.67 100.00 100.00 80.00 75.00 100.00
96.47=100.00 100.00 100.00 100.00 100.00 100.00 100.00 100.00 100.00 100.00 100.00 100.00 100.00 100.00 100.00 85.71 100.00 100.00 100.00 50.00 100.00 100.00 100.00 100.00 100.00 100.00 100.00 100.00 75.00 80.00 100.00
95.13=100.00 100.00 100.00 100.00 100.00 100.00 100.00 100.00 66.67 100.00 100.00 100.00 100.00 100.00 100.00 85.71 100.00 100.00 100.00 66.67 100.00 100.00 100.00 80.00 50.00 100.00 100.00 100.00 100.00 100.00 100.00
96.40=100.00 100.00 100.00 100.00 100.00 100.00 100.00 75.00 100.00 100.00 100.00 100.00 100.00 100.00 100.00 100.00 100.00 100.00 100.00 66.67 100.00 100.00 100.00 80.00 100.00 66.67 100.00 100.00 100.00 100.00 100.00
98.39=100.00 100.00 100.00 100.00 100.00 100.00 100.00 100.00 100.00 100.00 100.00 100.00 100.00 100.00 100.00 100.00 100.00 100.00 100.00 100.00 100.00 100.00 100.00 66.67 100.00 100.00 100.00 100.00 100.00 83.33 100.00
97.07=100.00 100.00 100.00 100.00 100.00 100.00 100.00 100.00 100.00 100.00 75.00 100.00 100.00 100.00 100.00 100.00 100.00 100.00 100.00 66.67 100.00 100.00 100.00 80.00 100.00 100.00 100.00 87.50 100.00 100.00 100.00
95.32=100.00 100.00 100.00 100.00 100.00 100.00 100.00 100.00 100.00 100.00 100.00 100.00 100.00 100.00 100.00 100.00 100.00 100.00 100.00 50.00 100.00 100.00 100.00 75.00 100.00 50.00 80.00 100.00 100.00 100.00 100.00
96.51=100.00 100.00 100.00 100.00 100.00 100.00 100.00 75.00 100.00 100.00 100.00 100.00 100.00 100.00 100.00 100.00 75.00 100.00 100.00 100.00 100.00 100.00 100.00 75.00 66.67 100.00 100.00 100.00 100.00 100.00 100.00
97.63=100.00 100.00 100.00 100.00 100.00 100.00 100.00 100.00 100.00 100.00 100.00 100.00 100.00 100.00 100.00 100.00 100.00 100.00 100.00 66.67 100.00 80.00 100.00 80.00 100.00 100.00 100.00 100.00 100.00 100.00 100.00
98.28=100.00 100.00 100.00 100.00 100.00 100.00 100.00 100.00 100.00 100.00 100.00 100.00 100.00 100.00 100.00 100.00 100.00 100.00 100.00 100.00 100.00 100.00 100.00 80.00 66.67 100.00 100.00 100.00 100.00 100.00 100.00
96.02=100.00 100.00 100.00 100.00 100.00 100.00 100.00 100.00 100.00 100.00 100.00 100.00 100.00 100.00 100.00 100.00 100.00 100.00 100.00 100.00 100.00 100.00 100.00 80.00 66.67 50.00 100.00 100.00 80.00 100.00 100.00
96.63=100.00 100.00 100.00 100.00 100.00 100.00 100.00 100.00 100.00 100.00 100.00 100.00 100.00 100.00 88.89 100.00 60.00 100.00 100.00 100.00 100.00 100.00 100.00 80.00 66.67 100.00 100.00 100.00 100.00 100.00 100.00
95.78=75.00 100.00 100.00 100.00 100.00 100.00 100.00 100.00 100.00 100.00 100.00 100.00 100.00 100.00 100.00 85.71 100.00 100.00 100.00 66.67 100.00 100.00 100.00 75.00 66.67 100.00 100.00 100.00 100.00 100.00 100.00
97.85=100.00 83.33 100.00 100.00 100.00 66.67 100.00 100.00 100.00 100.00 100.00 100.00 100.00 100.00 100.00 100.00 100.00 100.00 100.00 100.00 100.00 100.00 100.00 100.00 100.00 100.00 100.00 100.00 83.33 100.00 100.00
99.35=100.00 100.00 100.00 100.00 100.00 100.00 100.00 100.00 100.00 100.00 100.00 100.00 100.00 100.00 100.00 100.00 100.00 100.00 100.00 100.00 100.00 100.00 100.00 80.00 100.00 100.00 100.00 100.00 100.00 100.00 100.00
96.93=100.00 100.00 100.00 100.00 100.00 100.00 100.00 100.00 100.00 100.00 100.00 100.00 100.00 100.00 100.00 100.00 100.00 100.00 66.67 100.00 100.00 100.00 100.00 100.00 66.67 100.00 100.00 100.00 100.00 71.43 100.00
96.74=100.00 100.00 100.00 100.00 100.00 100.00 100.00 100.00 100.00 100.00 100.00 66.67 100.00 100.00 100.00 85.71 100.00 100.00 100.00 66.67 100.00 100.00 100.00 80.00 100.00 100.00 100.00 100.00 100.00 100.00 100.00
94.62=100.00 100.00 100.00 100.00 100.00 100.00 100.00 100.00 100.00 100.00 100.00 50.00 83.33 100.00 100.00 100.00 100.00 100.00 66.67 50.00 100.00 100.00 100.00 100.00 100.00 100.00 100.00 100.00 83.33 100.00 100.00
95.53=100.00 100.00 100.00 100.00 100.00 100.00 100.00 75.00 100.00 100.00 100.00 100.00 100.00 100.00 100.00 100.00 75.00 100.00 100.00 100.00 100.00 100.00 100.00 100.00 40.00 100.00 100.00 100.00 100.00 71.43 100.00
96.10=100.00 100.00 100.00 100.00 100.00 60.00 100.00 100.00 100.00 100.00 100.00 100.00 100.00 100.00 100.00 85.71 100.00 100.00 100.00 66.67 100.00 100.00 100.00 100.00 100.00 66.67 100.00 100.00 100.00 100.00 100.00
97.11=100.00 100.00 100.00 100.00 100.00 100.00 100.00 100.00 100.00 100.00 75.00 100.00 100.00 100.00 88.89 100.00 100.00 100.00 100.00 100.00 100.00 100.00 100.00 100.00 100.00 66.67 100.00 100.00 100.00 100.00 80.00
95.77=100.00 100.00 100.00 100.00 100.00 100.00 100.00 100.00 100.00 100.00 100.00 100.00 100.00 100.00 88.89 100.00 100.00 66.67 100.00 100.00 100.00 100.00 100.00 100.00 33.33 100.00 100.00 100.00 80.00 100.00 100.00
97.76=100.00 100.00 100.00 100.00 100.00 100.00 100.00 100.00 100.00 100.00 100.00 100.00 100.00 100.00 88.89 100.00 75.00 100.00 100.00 100.00 100.00 100.00 100.00 100.00 100.00 66.67 100.00 100.00 100.00 100.00 100.00
96.29=100.00 100.00 100.00 100.00 100.00 75.00 100.00 100.00 80.00 100.00 100.00 100.00 100.00 100.00 100.00 100.00 100.00 100.00 100.00 50.00 100.00 100.00 100.00 100.00 100.00 100.00 100.00 100.00 100.00 100.00 80.00
96.15=100.00 100.00 100.00 100.00 100.00 100.00 100.00 100.00 100.00 100.00 100.00 66.67 100.00 100.00 88.89 100.00 75.00 100.00 100.00 100.00 100.00 100.00 83.33 100.00 100.00 66.67 100.00 100.00 100.00 100.00 100.00
95.86=100.00 100.00 100.00 100.00 100.00 100.00 100.00 100.00 100.00 100.00 100.00 100.00 100.00 100.00 100.00 83.33 75.00 100.00 100.00 66.67 100.00 80.00 100.00 100.00 66.67 100.00 100.00 100.00 100.00 100.00 100.00
96.67=100.00 100.00 100.00 100.00 80.00 100.00 100.00 100.00 100.00 100.00 100.00 66.67 100.00 100.00 75.00 100.00 100.00 100.00 100.00 100.00 100.00 100.00 100.00 75.00 100.00 100.00 100.00 100.00 100.00 100.00 100.00
94.35=100.00 100.00 100.00 100.00 100.00 100.00 100.00 75.00 100.00 100.00 75.00 66.67 100.00 100.00 100.00 100.00 75.00 100.00 100.00 66.67 100.00 100.00 100.00 100.00 66.67 100.00 100.00 100.00 100.00 100.00 100.00
97.01=100.00 100.00 100.00 100.00 100.00 100.00 100.00 75.00 100.00 80.00 100.00 66.67 100.00 100.00 100.00 85.71 100.00 100.00 100.00 100.00 100.00 100.00 100.00 100.00 100.00 100.00 100.00 100.00 100.00 100.00 100.00
96.51=100.00 100.00 100.00 100.00 100.00 100.00 100.00 100.00 100.00 100.00 100.00 66.67 100.00 100.00 100.00 100.00 75.00 100.00 100.00 100.00 100.00 100.00 100.00 100.00 66.67 100.00 100.00 100.00 100.00 83.33 100.00
96.77=100.00 100.00 100.00 100.00 100.00 100.00 100.00 75.00 100.00 100.00 100.00 100.00 100.00 100.00 100.00 100.00 75.00 100.00 100.00 100.00 100.00 100.00 100.00 100.00 66.67 100.00 100.00 100.00 83.33 100.00 100.00
96.24=100.00 100.00 100.00 100.00 100.00 100.00 75.00 100.00 100.00 100.00 100.00 66.67 100.00 100.00 100.00 100.00 75.00 100.00 100.00 66.67 100.00 100.00 100.00 100.00 100.00 100.00 100.00 100.00 100.00 100.00 100.00
98.39=100.00 100.00 100.00 100.00 100.00 100.00 100.00 75.00 100.00 100.00 75.00 100.00 100.00 100.00 100.00 100.00 100.00 100.00 100.00 100.00 100.00 100.00 100.00 100.00 100.00 100.00 100.00 100.00 100.00 100.00 100.00
97.31=100.00 100.00 100.00 100.00 100.00 100.00 100.00 100.00 100.00 100.00 100.00 66.67 100.00 100.00 100.00 100.00 100.00 100.00 100.00 100.00 100.00 100.00 100.00 100.00 66.67 100.00 100.00 100.00 100.00 83.33 100.00
98.92=100.00 100.00 100.00 100.00 100.00 100.00 100.00 100.00 100.00 100.00 100.00 100.00 100.00 100.00 100.00 100.00 100.00 100.00 100.00 66.67 100.00 100.00 100.00 100.00 100.00 100.00 100.00 100.00 100.00 100.00 100.00
98.28=100.00 100.00 100.00 100.00 100.00 100.00 100.00 100.00 100.00 100.00 100.00 100.00 100.00 100.00 80.00 100.00 100.00 100.00 100.00 66.67 100.00 100.00 100.00 100.00 100.00 100.00 100.00 100.00 100.00 100.00 100.00
96.24=100.00 100.00 100.00 100.00 100.00 100.00 100.00 100.00 100.00 100.00 100.00 66.67 100.00 100.00 100.00 100.00 100.00 100.00 100.00 50.00 100.00 100.00 100.00 100.00 66.67 100.00 100.00 100.00 100.00 100.00 100.00
96.15=100.00 100.00 100.00 100.00 100.00 100.00 100.00 75.00 100.00 100.00 75.00 100.00 100.00 100.00 88.89 100.00 75.00 100.00 100.00 66.67 100.00 100.00 100.00 100.00 100.00 100.00 100.00 100.00 100.00 100.00 100.00
98.01=100.00 100.00 100.00 100.00 100.00 100.00 100.00 100.00 100.00 100.00 100.00 100.00 100.00 100.00 72.73 85.71 100.00 100.00 100.00 100.00 100.00 100.00 100.00 100.00 100.00 100.00 100.00 100.00 100.00 80.00 100.00
99.00=100.00 100.00 100.00 100.00 100.00 100.00 100.00 100.00 100.00 80.00 100.00 100.00 100.00 100.00 88.89 100.00 100.00 100.00 100.00 100.00 100.00 100.00 100.00 100.00 100.00 100.00 100.00 100.00 100.00 100.00 100.00
96.85=100.00 100.00 100.00 100.00 100.00 100.00 100.00 75.00 100.00 100.00 100.00 100.00 100.00 100.00 100.00 85.71 75.00 100.00 100.00 66.67 100.00 100.00 100.00 100.00 100.00 100.00 100.00 100.00 100.00 100.00 100.00
100.00=100.00 100.00 100.00 100.00 100.00 100.00 100.00 100.00 100.00 100.00 100.00 100.00 100.00 100.00 100.00 100.00 100.00 100.00 100.00 100.00 100.00 100.00 100.00 100.00 100.00 100.00 100.00 100.00 100.00 100.00 100.00
97.85=100.00 100.00 100.00 100.00 100.00 100.00 100.00 100.00 100.00 100.00 100.00 100.00 100.00 100.00 100.00 100.00 100.00 100.00 100.00 100.00 100.00 100.00 83.33 100.00 100.00 66.67 100.00 100.00 83.33 100.00 100.00
95.66=100.00 100.00 100.00 100.00 100.00 100.00 100.00 60.00 100.00 100.00 100.00 66.67 100.00 100.00 88.89 100.00 100.00 100.00 100.00 100.00 100.00 100.00 100.00 100.00 100.00 66.67 100.00 100.00 83.33 100.00 100.00
96.94=100.00 100.00 100.00 100.00 100.00 100.00 75.00 100.00 100.00 100.00 100.00 100.00 100.00 100.00 100.00 100.00 100.00 100.00 100.00 100.00 100.00 80.00 100.00 100.00 66.67 100.00 100.00 100.00 100.00 83.33 100.00
99.10=100.00 100.00 100.00 100.00 100.00 100.00 100.00 100.00 100.00 100.00 100.00 100.00 100.00 100.00 88.89 100.00 100.00 100.00 100.00 100.00 100.00 100.00 100.00 100.00 100.00 100.00 100.00 100.00 100.00 83.33 100.00
98.06=100.00 100.00 100.00 100.00 100.00 100.00 100.00 100.00 100.00 100.00 100.00 100.00 100.00 100.00 87.50 85.71 100.00 100.00 100.00 100.00 100.00 100.00 100.00 100.00 66.67 100.00 100.00 100.00 100.00 100.00 100.00
99.64=100.00 100.00 100.00 100.00 100.00 100.00 100.00 100.00 100.00 100.00 100.00 100.00 100.00 100.00 88.89 100.00 100.00 100.00 100.00 100.00 100.00 100.00 100.00 100.00 100.00 100.00 100.00 100.00 100.00 100.00 100.00
98.30=100.00 100.00 100.00 100.00 100.00 100.00 100.00 100.00 100.00 100.00 75.00 100.00 100.00 100.00 88.89 100.00 100.00 100.00 100.00 100.00 100.00 100.00 100.00 100.00 100.00 100.00 100.00 100.00 100.00 83.33 100.00
96.77=100.00 100.00 100.00 100.00 100.00 100.00 100.00 100.00 100.00 100.00 100.00 100.00 83.33 100.00 100.00 100.00 100.00 100.00 100.00 66.67 100.00 100.00 100.00 100.00 50.00 100.00 100.00 100.00 100.00 100.00 100.00
96.77=100.00 100.00 100.00 100.00 100.00 100.00 100.00 100.00 100.00 100.00 100.00 66.67 100.00 100.00 100.00 100.00 100.00 100.00 100.00 66.67 100.00 100.00 100.00 100.00 66.67 100.00 100.00 100.00 100.00 100.00 100.00
97.04=100.00 100.00 100.00 100.00 100.00 100.00 100.00 100.00 100.00 100.00 100.00 33.33 100.00 100.00 100.00 100.00 75.00 100.00 100.00 100.00 100.00 100.00 100.00 100.00 100.00 100.00 100.00 100.00 100.00 100.00 100.00
96.24=100.00 100.00 100.00 100.00 100.00 100.00 100.00 100.00 100.00 100.00 100.00 66.67 100.00 100.00 100.00 100.00 100.00 100.00 66.67 100.00 100.00 100.00 100.00 100.00 100.00 66.67 100.00 100.00 100.00 83.33 100.00
97.31=100.00 100.00 100.00 100.00 100.00 100.00 100.00 100.00 100.00 100.00 100.00 50.00 100.00 100.00 100.00 100.00 100.00 100.00 100.00 100.00 100.00 100.00 100.00 100.00 66.67 100.00 100.00 100.00 100.00 100.00 100.00
96.95=100.00 100.00 100.00 100.00 100.00 100.00 100.00 100.00 100.00 100.00 100.00 66.67 100.00 100.00 88.89 100.00 100.00 100.00 100.00 100.00 100.00 100.00 100.00 100.00 66.67 100.00 100.00 100.00 100.00 83.33 100.00
62.75=88.46 95.00 95.00 90.48 13.33 52.27 95.65 50.00 57.89 88.89 71.43 88.00 66.67 34.78 25.00 70.83 82.76 85.19 42.86 54.17 15.79 91.30 67.65 20.00 46.43 88.24 93.75 31.82 61.54 35.71 44.44
59.01=95.45 95.45 94.74 69.23 6.06 44.68 82.61 51.72 40.74 85.00 75.76 84.00 60.00 38.10 0.00 69.23 95.83 74.07 39.29 61.90 7.14 80.77 66.67 21.43 32.26 84.21 80.00 38.46 71.43 21.43 61.54
61.20=88.46 95.45 90.00 82.61 6.98 40.00 94.74 62.96 40.00 87.50 64.86 90.91 55.56 37.50 0.00 90.48 85.19 91.30 51.72 54.55 4.35 71.43 80.77 25.00 27.59 88.89 81.25 25.00 77.78 60.00 44.44
57.71=100.00 100.00 95.00 79.17 9.09 44.44 78.57 50.00 37.50 80.00 70.59 75.86 56.76 31.25 0.00 80.77 78.57 67.65 42.42 68.75 0.00 81.82 76.00 25.00 41.38 88.24 82.35 28.57 40.00 42.86 36.36
60.07=100.00 100.00 100.00 95.00 4.65 44.23 90.91 61.90 42.11 70.83 60.98 82.14 58.33 40.00 0.00 74.07 63.16 78.12 48.39 73.33 4.35 91.30 73.91 23.81 42.86 64.00 71.43 30.00 75.00 22.22 75.00
59.08=95.65 100.00 100.00 86.36 7.89 46.81 88.00 66.67 52.94 83.33 61.54 66.67 58.33 35.29 0.00 84.62 75.86 68.57 41.38 45.45 0.00 75.00 84.00 26.09 45.45 68.18 65.00 30.00 75.00 60.00 37.50
59.12=95.65 100.00 94.74 86.36 0.00 47.06 87.50 70.37 45.00 85.00 67.65 70.00 64.86 36.84 0.00 83.33 77.78 65.71 48.28 46.67 5.26 76.67 74.07 10.53 50.00 59.26 63.64 25.00 81.82 50.00 63.64
59.23=100.00 100.00 100.00 86.36 2.50 42.11 84.00 75.00 43.48 88.24 69.44 73.33 52.94 50.00 0.00 87.50 70.97 73.33 50.00 52.94 4.55 82.14 76.92 5.88 40.00 65.22 72.73 30.00 60.00 50.00 46.67
63.24=100.00 100.00 100.00 90.48 5.56 40.00 87.50 68.00 37.50 83.33 69.44 74.19 55.56 62.50 0.00 84.62 75.00 74.19 53.57 58.82 0.00 82.76 86.96 19.05 40.74 76.19 82.35 44.44 69.23 69.23 69.23
61.30=100.00 100.00 100.00 82.61 6.06 41.51 95.00 70.83 45.45 80.95 66.67 64.71 63.16 33.33 0.00 95.65 72.22 72.73 40.00 47.62 0.00 87.50 91.67 29.63 38.10 76.19 76.47 36.36 69.23 66.67 50.00
61.48=88.46 100.00 94.74 79.17 3.23 45.83 95.65 65.22 40.91 85.00 64.71 55.88 56.10 50.00 0.00 86.96 82.14 67.57 46.43 73.33 3.85 81.48 84.62 16.67 36.36 76.19 76.47 42.86 75.00 66.67 64.29
62.02=91.67 100.00 94.74 86.36 0.00 50.00 88.00 64.00 38.10 89.47 70.59 66.67 55.81 61.11 0.00 84.00 71.88 62.50 44.44 61.11 7.69 82.76 87.50 23.81 50.00 88.24 68.42 22.22 71.43 60.00 80.00
61.97=100.00 100.00 100.00 76.00 0.00 48.94 77.78 72.73 47.83 88.24 69.44 63.16 64.10 62.50 0.00 92.00 74.19 58.82 42.86 50.00 3.57 76.92 83.33 20.00 52.38 76.19 66.67 37.50 87.50 75.00 53.33
60.67=100.00 95.45 94.44 76.00 0.00 47.92 91.67 63.64 45.00 89.47 67.57 66.67 69.44 47.37 0.00 81.48 75.00 64.71 40.62 52.63 4.17 73.33 85.71 21.05 42.86 72.73 71.43 25.00 90.91 70.59 53.85
61.91=100.00 95.45 100.00 82.61 3.45 44.00 88.00 66.67 42.86 76.19 64.86 66.67 59.52 68.42 0.00 80.00 88.89 60.53 37.50 64.71 4.35 88.46 95.45 27.78 52.17 71.43 70.00 30.00 72.73 66.67 50.00
62.31=95.83 100.00 95.00 81.82 0.00 44.90 87.50 65.22 45.45 80.00 69.44 61.54 58.33 63.16 0.00 75.00 82.14 64.71 41.94 55.00 4.76 85.19 88.46 19.05 60.00 83.33 81.25 40.00 90.91 61.54 50.00
60.58=100.00 100.00 100.00 79.17 0.00 46.00 84.00 65.38 43.75 90.00 60.98 65.71 62.16 57.89 0.00 76.00 75.00 71.88 44.00 55.00 8.00 78.57 81.48 11.11 40.00 84.21 73.68 22.22 81.82 60.00 60.00
61.23=100.00 95.45 95.00 86.36 0.00 51.11 85.19 61.90 42.11 80.00 63.16 63.89 58.54 48.00 0.00 90.48 82.14 65.71 50.00 47.37 0.00 78.57 74.07 8.33 52.17 65.22 78.95 42.86 90.00 66.67 75.00
62.32=100.00 100.00 94.74 90.48 0.00 52.27 80.77 59.26 45.83 88.89 66.67 57.14 66.67 65.22 0.00 80.77 78.12 60.00 48.15 61.11 4.35 82.76 85.19 10.00 48.00 94.12 68.18 33.33 90.00 61.54 58.33
61.37=92.00 100.00 100.00 70.37 0.00 46.81 87.50 70.83 39.13 83.33 65.71 57.50 60.98 54.55 0.00 90.91 81.48 55.26 40.74 68.75 5.26 82.14 84.00 15.38 52.17 88.24 72.22 33.33 78.57 61.11 64.29
60.35=92.31 100.00 100.00 64.29 3.57 48.00 87.50 71.43 40.00 94.12 64.86 61.54 57.58 62.50 0.00 80.00 88.46 61.11 51.85 58.82 4.55 71.88 86.36 7.14 47.83 62.50 76.47 30.77 75.00 58.82 61.54
59.69=95.65 100.00 85.00 67.86 0.00 42.86 86.96 64.00 43.48 83.33 57.14 61.76 59.46 60.00 0.00 85.71 85.71 64.86 40.00 50.00 4.35 82.14 82.61 9.09 47.62 65.22 68.42 44.44 78.57 70.59 63.64
59.81=95.83 95.45 94.44 74.07 0.00 47.92 82.61 61.11 52.94 93.75 62.86 65.71 55.00 56.00 0.00 86.96 72.73 65.71 35.71 50.00 0.00 84.62 88.00 6.67 42.11 65.22 60.00 50.00 75.00 58.82 75.00
59.22=100.00 95.45 100.00 70.37 3.03 46.94 88.00 70.59 40.91 88.24 71.88 58.33 60.00 56.52 0.00 83.33 67.65 66.67 50.00 45.00 0.00 82.76 83.33 16.67 58.33 76.19 56.00 22.22 76.92 53.85 46.67
60.76=100.00 95.45 100.00 82.61 0.00 45.10 95.24 52.63 44.44 84.21 63.89 57.50 63.16 64.00 0.00 82.61 74.19 61.11 44.00 58.82 0.00 80.00 85.00 8.33 54.55 68.18 65.22 25.00 90.91 62.50 75.00
60.12=95.83 100.00 94.74 73.08 0.00 44.90 91.67 70.83 39.29 88.24 60.00 56.10 54.76 80.95 0.00 78.26 76.67 57.50 43.48 55.56 0.00 74.07 82.61 8.33 57.89 78.95 68.18 28.57 83.33 58.33 61.54
59.96=95.65 95.45 100.00 81.82 0.00 43.40 94.44 83.33 44.00 80.00 62.86 61.11 57.89 65.38 0.00 86.36 77.78 56.10 39.13 52.94 0.00 73.33 81.82 7.14 41.67 68.18 54.17 37.50 78.57 68.75 70.00
58.82=100.00 91.30 94.44 72.73 0.00 50.00 90.48 53.33 37.04 77.27 62.16 52.27 55.56 71.43 0.00 86.96 78.57 60.00 47.62 44.00 4.35 82.76 82.61 8.33 56.00 83.33 60.00 25.00 80.00 58.82 57.14
58.55=95.83 100.00 95.00 60.00 0.00 44.44 91.30 70.00 38.46 85.00 69.44 60.53 63.64 76.19 0.00 75.86 82.14 57.14 45.83 45.83 5.26 75.00 80.77 6.25 55.56 78.95 66.67 0.00 78.57 58.33 52.94
58.87=91.67 100.00 94.74 75.00 0.00 50.00 90.48 65.22 32.00 83.33 57.50 56.10 58.97 65.22 0.00 84.00 79.31 65.52 40.00 45.45 5.56 78.57 86.36 9.09 46.43 84.21 61.90 20.00 76.92 71.43 50.00
59.46=100.00 100.00 85.00 68.00 0.00 47.92 84.00 65.22 36.00 83.33 72.73 58.33 60.00 67.86 0.00 75.00 78.57 57.14 32.00 52.94 5.26 79.31 86.36 5.56 50.00 71.43 71.43 33.33 83.33 83.33 50.00
60.94=100.00 100.00 94.44 67.86 0.00 45.65 92.00 60.87 34.78 88.24 73.53 51.16 60.00 60.71 0.00 77.78 80.00 62.50 36.67 52.94 0.00 80.65 94.74 11.76 61.11 83.33 63.64 50.00 78.57 63.64 62.50
60.17=100.00 100.00 95.00 68.00 0.00 45.83 87.50 56.52 41.67 68.42 62.16 54.76 60.00 68.18 0.00 70.37 82.76 63.33 48.15 56.25 5.56 82.76 84.00 9.09 66.67 88.24 73.68 37.50 72.22 63.64 52.94
60.44=100.00 100.00 100.00 65.52 0.00 46.81 92.00 64.00 33.33 89.47 69.70 54.05 57.14 67.86 0.00 80.00 75.00 64.52 39.13 55.56 5.00 80.77 86.96 7.69 57.89 71.43 73.68 25.00 85.71 71.43 53.85
60.42=100.00 100.00 100.00 69.23 0.00 45.83 91.67 56.00 38.71 78.95 62.86 56.76 66.67 68.00 0.00 86.36 70.00 61.76 38.46 60.00 0.00 88.46 81.48 16.67 66.67 68.18 60.87 25.00 91.67 66.67 56.25
60.22=88.46 100.00 95.00 78.95 0.00 46.94 88.00 60.00 34.62 70.00 67.74 61.11 63.89 80.00 0.00 82.61 81.48 54.29 44.00 62.50 0.00 82.76 83.33 10.53 58.33 76.19 60.87 28.57 92.31 61.54 52.94
60.60=88.00 100.00 100.00 68.18 0.00 48.94 88.00 61.11 40.00 83.33 66.67 58.97 61.76 68.18 0.00 87.50 79.31 55.56 40.74 58.82 8.70 81.48 84.00 15.38 57.14 78.95 65.00 30.00 91.67 61.11 50.00
59.91=100.00 100.00 100.00 65.52 0.00 48.94 91.30 66.67 36.00 88.24 71.88 55.00 62.86 60.71 0.00 88.46 75.00 50.00 45.45 61.11 4.35 75.00 89.47 12.50 54.55 83.33 60.00 16.67 84.62 56.25 53.33
59.25=95.65 100.00 100.00 65.52 3.57 45.83 91.30 57.89 37.50 86.67 67.57 54.55 55.56 70.37 0.00 73.08 76.67 63.33 48.00 50.00 0.00 75.86 77.27 7.69 66.67 88.24 65.22 25.00 81.82 58.82 47.06
59.19=100.00 100.00 100.00 72.00 0.00 46.00 88.46 50.00 36.00 77.78 65.71 53.66 64.86 64.00 0.00 74.07 84.00 59.38 50.00 40.91 6.25 82.14 84.00 6.25 60.00 78.95 71.43 22.22 83.33 57.14 56.25
95.35=100.00 100.00 100.00 100.00 100.00 100.00 100.00 75.00 100.00 100.00 100.00 66.67 100.00 80.00 100.00 100.00 100.00 100.00 100.00 100.00 100.00 80.00 100.00 100.00 66.67 100.00 100.00 87.50 100.00 100.00 100.00
94.49=100.00 100.00 100.00 60.00 100.00 100.00 100.00 100.00 100.00 100.00 100.00 100.00 100.00 100.00 100.00 100.00 100.00 100.00 66.67 100.00 100.00 100.00 100.00 100.00 33.33 100.00 100.00 85.71 83.33 100.00 100.00
95.70=100.00 100.00 100.00 100.00 100.00 100.00 100.00 100.00 100.00 100.00 100.00 100.00 100.00 100.00 100.00 100.00 100.00 100.00 66.67 66.67 100.00 100.00 100.00 100.00 50.00 100.00 100.00 100.00 83.33 100.00 100.00
97.20=100.00 100.00 100.00 100.00 100.00 100.00 100.00 100.00 100.00 100.00 100.00 100.00 100.00 100.00 100.00 100.00 100.00 100.00 100.00 100.00 100.00 100.00 100.00 80.00 66.67 66.67 100.00 100.00 100.00 100.00 100.00
94.70=100.00 100.00 100.00 75.00 100.00 100.00 100.00 100.00 100.00 100.00 100.00 100.00 100.00 100.00 100.00 85.71 75.00 100.00 66.67 50.00 100.00 100.00 100.00 100.00 100.00 100.00 100.00 100.00 100.00 83.33 100.00
91.40=100.00 100.00 100.00 75.00 100.00 100.00 100.00 66.67 75.00 100.00 100.00 100.00 100.00 75.00 100.00 100.00 100.00 100.00 66.67 100.00 75.00 100.00 100.00 100.00 50.00 50.00 100.00 100.00 100.00 100.00 100.00
95.59=100.00 100.00 100.00 100.00 80.00 100.00 100.00 100.00 100.00 100.00 100.00 100.00 100.00 100.00 100.00 100.00 100.00 100.00 66.67 66.67 100.00 100.00 100.00 100.00 50.00 100.00 100.00 100.00 100.00 100.00 100.00
95.16=100.00 100.00 100.00 100.00 100.00 100.00 100.00 100.00 100.00 100.00 100.00 100.00 100.00 100.00 100.00 100.00 100.00 100.00 66.67 66.67 100.00 100.00 100.00 100.00 50.00 66.67 100.00 100.00 100.00 100.00 100.00
96.24=100.00 100.00 100.00 100.00 100.00 100.00 100.00 100.00 100.00 100.00 100.00 100.00 100.00 100.00 100.00 100.00 100.00 100.00 66.67 66.67 100.00 100.00 100.00 100.00 50.00 100.00 100.00 100.00 100.00 100.00 100.00
91.99=100.00 100.00 100.00 75.00 100.00 100.00 100.00 75.00 100.00 100.00 100.00 100.00 100.00 100.00 100.00 100.00 100.00 100.00 66.67 50.00 100.00 100.00 100.00 80.00 50.00 100.00 100.00 100.00 80.00 100.00 75.00
94.89=100.00 100.00 100.00 100.00 100.00 100.00 100.00 100.00 100.00 100.00 75.00 100.00 100.00 100.00 100.00 100.00 100.00 100.00 66.67 50.00 100.00 100.00 100.00 100.00 50.00 100.00 100.00 100.00 100.00 100.00 100.00
95.40=100.00 100.00 100.00 100.00 100.00 100.00 100.00 75.00 80.00 100.00 100.00 100.00 100.00 100.00 100.00 85.71 100.00 100.00 66.67 100.00 100.00 100.00 100.00 100.00 50.00 100.00 100.00 100.00 100.00 100.00 100.00
92.82=100.00 100.00 100.00 75.00 100.00 100.00 100.00 100.00 100.00 100.00 100.00 66.67 100.00 100.00 100.00 85.71 100.00 100.00 66.67 50.00 100.00 100.00 100.00 100.00 50.00 100.00 100.00 100.00 83.33 100.00 100.00
94.62=100.00 100.00 100.00 75.00 100.00 100.00 100.00 75.00 100.00 100.00 100.00 100.00 100.00 100.00 100.00 100.00 100.00 100.00 66.67 66.67 100.00 100.00 100.00 100.00 50.00 100.00 100.00 100.00 100.00 100.00 100.00
94.59=100.00 100.00 100.00 100.00 100.00 100.00 100.00 100.00 100.00 100.00 100.00 100.00 100.00 100.00 100.00 85.71 100.00 100.00 66.67 50.00 100.00 100.00 100.00 100.00 50.00 100.00 80.00 100.00 100.00 100.00 100.00
96.51=100.00 100.00 100.00 100.00 100.00 100.00 100.00 75.00 100.00 100.00 100.00 100.00 100.00 100.00 100.00 100.00 100.00 100.00 66.67 100.00 100.00 100.00 100.00 100.00 50.00 100.00 100.00 100.00 100.00 100.00 100.00
96.24=100.00 100.00 100.00 100.00 100.00 100.00 100.00 100.00 100.00 100.00 100.00 100.00 100.00 100.00 100.00 100.00 100.00 100.00 66.67 66.67 100.00 100.00 100.00 100.00 50.00 100.00 100.00 100.00 100.00 100.00 100.00
95.05=100.00 100.00 100.00 100.00 80.00 100.00 100.00 100.00 100.00 100.00 100.00 100.00 100.00 100.00 100.00 100.00 100.00 100.00 66.67 66.67 100.00 100.00 100.00 100.00 33.33 100.00 100.00 100.00 100.00 100.00 100.00
94.25=100.00 100.00 100.00 100.00 100.00 100.00 100.00 100.00 100.00 100.00 100.00 100.00 100.00 100.00 100.00 100.00 75.00 100.00 50.00 100.00 100.00 80.00 100.00 100.00 50.00 66.67 100.00 100.00 100.00 100.00 100.00
95.51=100.00 100.00 100.00 100.00 100.00 100.00 100.00 100.00 100.00 100.00 100.00 100.00 100.00 100.00 100.00 85.71 75.00 100.00 66.67 100.00 100.00 100.00 100.00 100.00 33.33 100.00 100.00 100.00 100.00 100.00 100.00
96.49=100.00 100.00 100.00 100.00 100.00 100.00 100.00 100.00 100.00 100.00 100.00 100.00 85.71 100.00 88.89 100.00 100.00 100.00 66.67 100.00 100.00 100.00 100.00 100.00 50.00 100.00 100.00 100.00 100.00 100.00 100.00
95.43=100.00 100.00 100.00 100.00 100.00 100.00 100.00 100.00 100.00 100.00 75.00 100.00 100.00 100.00 100.00 100.00 100.00 100.00 66.67 66.67 100.00 100.00 100.00 100.00 50.00 100.00 100.00 100.00 100.00 100.00 100.00
97.31=100.00 100.00 100.00 100.00 100.00 100.00 100.00 100.00 100.00 100.00 100.00 100.00 100.00 100.00 100.00 100.00 100.00 100.00 66.67 100.00 100.00 100.00 100.00 100.00 50.00 100.00 100.00 100.00 100.00 100.00 100.00
95.16=100.00 100.00 100.00 100.00 100.00 100.00 100.00 100.00 100.00 100.00 100.00 100.00 100.00 100.00 100.00 100.00 100.00 100.00 66.67 66.67 100.00 100.00 100.00 100.00 33.33 100.00 100.00 100.00 83.33 100.00 100.00
96.51=100.00 100.00 100.00 100.00 100.00 100.00 100.00 100.00 100.00 100.00 100.00 100.00 100.00 100.00 100.00 100.00 100.00 100.00 66.67 100.00 100.00 100.00 100.00 100.00 25.00 100.00 100.00 100.00 100.00 100.00 100.00
96.10=100.00 100.00 100.00 100.00 100.00 100.00 100.00 100.00 100.00 100.00 75.00 100.00 100.00 100.00 100.00 100.00 100.00 100.00 66.67 100.00 100.00 100.00 100.00 100.00 50.00 100.00 100.00 87.50 100.00 100.00 100.00
96.24=100.00 100.00 100.00 100.00 100.00 100.00 100.00 100.00 100.00 100.00 100.00 100.00 83.33 100.00 100.00 100.00 100.00 100.00 50.00 100.00 100.00 100.00 100.00 100.00 50.00 100.00 100.00 100.00 100.00 100.00 100.00
94.25=100.00 100.00 100.00 100.00 100.00 75.00 100.00 100.00 100.00 100.00 100.00 100.00 100.00 100.00 100.00 100.00 100.00 66.67 66.67 100.00 100.00 100.00 100.00 80.00 33.33 100.00 100.00 100.00 100.00 100.00 100.00
94.06=100.00 100.00 100.00 75.00 100.00 100.00 100.00 75.00 100.00 100.00 100.00 100.00 100.00 100.00 100.00 85.71 100.00 100.00 50.00 100.00 100.00 100.00 100.00 80.00 50.00 100.00 100.00 100.00 100.00 100.00 100.00
94.86=100.00 100.00 100.00 100.00 100.00 100.00 100.00 100.00 100.00 100.00 100.00 100.00 100.00 100.00 100.00 85.71 75.00 100.00 66.67 100.00 100.00 80.00 100.00 100.00 33.33 100.00 100.00 100.00 100.00 100.00 100.00
93.84=100.00 100.00 100.00 100.00 100.00 100.00 100.00 100.00 100.00 100.00 100.00 100.00 100.00 100.00 100.00 85.71 60.00 100.00 66.67 66.67 100.00 100.00 100.00 80.00 50.00 100.00 100.00 100.00 100.00 100.00 100.00
93.28=100.00 100.00 100.00 75.00 100.00 100.00 100.00 100.00 100.00 100.00 100.00 100.00 100.00 100.00 100.00 100.00 66.67 100.00 50.00 66.67 100.00 100.00 100.00 100.00 33.33 100.00 100.00 100.00 100.00 100.00 100.00
92.39=100.00 100.00 100.00 100.00 80.00 100.00 100.00 100.00 100.00 100.00 100.00 100.00 100.00 100.00 100.00 85.71 75.00 100.00 66.67 40.00 100.00 100.00 100.00 100.00 50.00 66.67 100.00 100.00 100.00 100.00 100.00
93.52=100.00 100.00 100.00 100.00 80.00 100.00 100.00 100.00 100.00 100.00 100.00 100.00 100.00 100.00 100.00 85.71 100.00 100.00 66.67 66.67 100.00 100.00 100.00 100.00 0.00 100.00 100.00 100.00 100.00 100.00 100.00
96.21=100.00 100.00 100.00 100.00 100.00 100.00 100.00 100.00 80.00 100.00 100.00 100.00 100.00 100.00 100.00 85.71 100.00 100.00 66.67 100.00 100.00 100.00 100.00 100.00 50.00 100.00 100.00 100.00 100.00 100.00 100.00
94.35=100.00 100.00 100.00 100.00 100.00 100.00 100.00 100.00 100.00 100.00 100.00 100.00 100.00 100.00 100.00 100.00 75.00 100.00 66.67 66.67 100.00 100.00 100.00 100.00 33.33 100.00 100.00 100.00 83.33 100.00 100.00
95.16=100.00 100.00 100.00 100.00 100.00 100.00 100.00 100.00 100.00 100.00 100.00 100.00 100.00 100.00 100.00 100.00 100.00 100.00 66.67 50.00 100.00 100.00 100.00 100.00 33.33 100.00 100.00 100.00 100.00 100.00 100.00
96.24=100.00 100.00 100.00 100.00 100.00 100.00 100.00 100.00 100.00 100.00 100.00 100.00 100.00 100.00 100.00 100.00 100.00 100.00 66.67 66.67 100.00 100.00 100.00 100.00 50.00 100.00 100.00 100.00 100.00 100.00 100.00
94.35=100.00 100.00 100.00 100.00 100.00 100.00 100.00 75.00 100.00 100.00 100.00 100.00 100.00 100.00 100.00 100.00 100.00 100.00 66.67 50.00 100.00 100.00 100.00 100.00 33.33 100.00 100.00 100.00 100.00 100.00 100.00
94.76=100.00 100.00 100.00 100.00 100.00 100.00 100.00 100.00 100.00 100.00 100.00 66.67 100.00 100.00 100.00 100.00 100.00 100.00 66.67 66.67 100.00 100.00 100.00 100.00 50.00 100.00 100.00 87.50 100.00 100.00 100.00
