60.70170819678905
52.291081332428384
54.27386848563441
56.008729243970585
56.969104316237136
59.768322680510714
56.95093008106054
56.603941760108604
55.97491753334381
56.230283097414194
94.96927803379415
96.15207373271889
97.70609318996415
94.48540706605222
98.65591397849462
95.74500768049155
95.86021505376344
96.82795698924731
93.14516129032256
94.42780337941628
60.457130194751755
58.74983364734384
57.45707302284267
53.87281738171911
58.587275835841695
92.03917050691244
97.31182795698925
96.04454685099846
96.66666666666666
90.50179211469533
54.160418005963955
55.08755835871624
58.22210255261393
56.24956942927566
57.85618623879979
89.43164362519201
96.23655913978493
90.93701996927804
90.77572964669737
92.41935483870968
93.87096774193547
92.25806451612901
93.33333333333333
94.40860215053763
92.90322580645162
92.95314900153609
91.8279569892473
93.9784946236559
96.47465437788019
92.25806451612901
54.91470524745187
56.59077175567491
56.05753096756852
56.58904355012478
54.738399474937914
54.95532790205941
57.355117589388264
57.52058633449799
59.08653107388847
58.73814024812075
56.23312837532889
55.27896936189084
55.07536212646089
55.298261444028306
56.54900976175602
89.0284178187404
91.0752688172043
90.2995391705069
89.00537634408603
89.51612903225805
57.14250106571992
55.83381497991123
57.95802603572938
55.77536077265201
56.452684173470594
56.18929803751962
57.18656092021067
56.58249136157949
58.04132689676855
57.822658688999475
92.76497695852535
92.75729646697388
91.14229856165339
90.9984639016897
91.11111111111111
81.15591397849461
93.33333333333333
92.1326164874552
87.63440860215053
92.16589861751152
83.49462365591398
90.88709677419354
86.50537634408602
86.23655913978493
90.26881720430109
90.1305683563748
87.47311827956989
90.48387096774194
92.36559139784946
93.65591397849462
58.11172264108166
57.06108498102435
55.661631200530536
54.31052251493552
57.37305598625883
56.3719173361029
55.70415219453141
57.50316059929306
56.9812607261169
58.42198484330169
88.87608806963645
89.60573476702508
85.29569892473118
87.5
92.5115207373272
57.156601606994535
56.41159837147578
57.42047500369949
58.61729059206496
57.54334919545383
56.98655482550349
