93.36533538146442
95.78981054787508
93.21812596006144
93.36533538146442
93.36533538146442
95.78981054787508
93.21812596006144
95.06621514686032
95.50819252432157
91.33512544802868
91.50409626216077
92.77393753200205
93.86200716845879
93.79276637341155
72.28482490947333
73.65892077567183
77.36212264597269
76.66601996441226
78.08796435282005
77.964450711491
77.2291711117904
75.64886799085615
77.45258089480183
79.43019127938113
76.76504835121594
78.92390879060191
78.67887727362866
80.29292350646814
79.32937559078306
94.96276125308383
93.19252432155659
92.36431131592423
94.38928455057487
95.93701996927803
95.53763440860214
94.53020993343574
96.21863799283153
94.3061955965182
95.37378392217103
80.25596397709226
78.03379501091563
78.24233320400424
80.62472733618232
80.69012049487104
76.13563008147777
76.89633661858163
77.9700349167116
77.811322953399
78.01317810509981
94.94449099287809
94.03481822836662
94.06903132709584
94.8899129544291
94.92272960014897
79.91886139454127
79.2165766662074
79.36632653226742
78.45490534546052
80.47585387091081
77.67142924442413
78.19822888164596
77.63894797915246
77.40022999973479
76.89482759955987
94.89352045803659
93.22324628776244
94.39068100358423
94.97311827956989
95.02304147465438
79.15965650972934
79.01297274072768
77.34104895355358
77.35321834568407
78.26368086100884
88.59447004608295
94.99092305543918
94.47644649257552
93.32437275985662
93.62903225806451
79.833994011953
78.56413588095346
77.27764501379968
78.57695401701264
76.59634412420525
79.60890470455914
79.36252863952508
79.32168331053477
77.99609260610826
79.0812851879353
90.47572499185401
94.49692780337942
95.32083507889959
94.53998510450124
93.99071358748779
76.81154182726617
77.8056078352339
78.46967449739877
78.82287594140222
78.59591517206731
76.9944716881413
79.79975575712902
79.18301233892389
79.22062477944094
79.8095004261781
96.88172043010752
96.8304007820137
95.69857561793046
93.68919610855095
96.34268956849603
94.27882153688604
92.31891764149829
96.26344086021506
91.38632872503841
91.63338453661035
93.06195596518177
95.55765023506959
92.7619513103384
95.23890983568403
94.26476749057394
78.52430572488592
79.2127092600838
79.90203614130174
78.77390928010992
79.31411500861216
96.27752176139273
95.13440860215054
93.56491179071824
93.62356281711119
92.96210957501279
79.42835051382723
80.11455598140718
80.18846489591479
79.74727063804342
78.99907398677095
95.40878476362346
94.96002205679625
94.38812083973374
94.92284597123307
94.3438998277708
78.59345572882187
79.26733052897512
80.13655920662303
78.91843099675472
79.11517566285013
92.88402457757296
94.64530093562352
96.8778801843318
95.26497695852535
94.2098403388726
91.82539682539681
92.6593209657726
95.4441884280594
91.2467997951869
94.05262300423591
80.90545446037719
80.67464421952532
79.49315205838063
79.11065067133593
80.68835777737684
94.22520132197552
93.66184890378437
94.10010240655403
94.30590019299696
95.43906810035843
93.36976643428257
94.28059395801333
94.94076711818649
94.16666666666666
95.54019457245263
93.10734068798585
94.67951403435276
96.42170553460878
94.79472140762464
95.27603221151608
80.22401921496045
79.95245857942722
79.70189144500746
79.35813155732053
79.16806075844325
93.76693199273845
93.58469487501745
92.24270353302612
92.0673323092678
95.82809663454825
78.68411540118049
78.12290094261401
80.40977809204112
76.63610867441275
78.47934155628568
92.58658008658008
95.59139784946237
96.66364101847972
94.27116790020015
92.38269794721407
80.46956823736022
80.99685292401882
81.02614035020714
79.93265024601203
80.86260675675688
78.0112521559985
79.39748845596675
79.29172871358361
79.77418554437985
80.01839235727715
95.10368663594468
92.72238514173996
94.38172043010752
92.18637992831542
95.1036866359447
81.41007439734256
79.63704262251635
80.60277431967296
79.66340767236916
80.76179457379646
79.44149469320593
80.06661540808673
79.90913683761276
79.50735417599373
80.55383476793904
81.17600257574401
81.31544453620057
80.76507601586293
80.19686504231268
80.2681060908793
95.47619047619048
95.25985663082437
92.11702276218405
95.50179211469533
93.62519201228879
94.1983196015454
93.44017094017094
96.62698412698413
94.88863287250385
91.4132104454685
81.28575324900147
80.16424177039589
82.0470405284506
78.73912775712273
79.00145341430944
93.12211981566821
94.91120886282177
95.3993855606759
92.80803425964717
95.55765023506959
92.53793697342086
94.60910952846436
94.77808034259648
92.73378950798306
95.18514639482382
79.32373581485095
79.26331538138983
79.22616721587059
78.32291952508602
80.62387705701383
96.23132244099986
94.10650281618024
96.10343061955966
93.9819857561793
95.75012800819252
79.04484278541116
81.70065331141906
81.03260008830934
79.09257710911692
79.67796502888251
95.51284736768608
95.39763999441418
94.10987757761951
94.44956477214542
96.03640087511057
92.2898338220919
93.94009216589862
92.1236559139785
94.6530977982591
93.7557603686636
79.83625907352562
77.67371049153122
77.58027701861957
81.27176933009785
79.20358189806308
94.8204394172136
93.75704045058883
96.26856118791603
94.37916026625705
95.45826932923708
80.03644509704327
79.89894087039951
79.01457818588852
79.32183406718838
78.72118383088848
79.71038428612063
80.49347613888492
81.34415150430418
79.96048675797763
79.94930391866656
80.10539064629397
80.11923039581647
79.85432551285444
79.18962716806335
80.10492582910204
80.36077536428459
80.0793881400667
79.74402132914841
80.020834774657
79.1456769052677
80.1766605381538
80.57796198156093
80.45324361395006
80.11521666656827
79.4771289864101
80.02035200678175
79.68320215152592
79.0931522308202
80.25932368495295
82.12217738607998
93.2168458781362
95.46722990271378
94.89759344598055
94.33389191453706
95.17635590216236
81.89491569725683
80.9408550753743
78.99415009909193
80.27194840204892
80.4527824473651
93.76088069636457
94.22008099427454
93.88248847926268
95.45698924731182
92.15565796210959
81.5332321523923
80.5056001180684
80.64260875782614
82.47046244286456
80.98019194235374
93.71479774705581
94.01049667178701
92.51408090117768
93.29749103942652
95.68042172880884
95.80389144905274
94.08602150537635
94.21786994367639
94.86047107014849
94.67986314760509
80.60830555261424
80.08534540541456
79.53968171990007
81.89280466535914
81.20258363470845
79.97381384210296
80.60886023121802
81.31983645952278
79.0860536753895
78.86764303794976
95.51040357491969
93.98361495135688
95.25683098263744
94.72047665596054
94.71023600055858
93.87608806963645
94.44444444444443
93.23604710701484
95.21633384536611
93.07091653865847
93.72969324582228
94.39068100358423
93.36661546338966
93.63485081227016
96.08248382441933
80.6651628634263
82.44062877032592
82.26864677951093
81.11191336954015
80.91483669018129
81.38518297184541
80.89305077119147
80.06385104108533
79.2605254051318
80.16130338897729
93.68279569892474
94.11930363543266
94.77854582693293
93.1989247311828
94.07554810780618
96.3961038961039
93.79625750593493
93.30005120327702
94.07869012707722
96.73067076292882
92.99411162314388
94.43001443001442
95.19329237071173
95.53763440860214
94.80251827026022
79.92565705249639
80.41547799979016
79.3565478763151
80.1540150167045
80.79582609196504
92.45135688684076
93.49462365591398
94.89887352790579
93.80824372759857
95.41218637992831
80.3060724067105
81.18586013168368
80.75399313295205
80.03185064385353
79.78849022451442
95.32386072708654
94.58234417911838
92.38560722431691
95.57859703020992
95.83333333333334
79.69624665581814
79.37898990147372
80.62244670625263
78.84917651657194
80.41841673063242
95.06993902155193
92.76753712237586
92.9333659172369
95.1152073732719
93.04624586882652
79.49769219133641
79.93977361111595
79.87552265882661
80.43791072544727
79.21504685566364
80.36566443200698
80.42593723474492
80.40291021609677
79.9160419217445
79.20336560103571
93.0568356374808
93.87690266722525
95.64725596983664
94.00399779432036
94.54941116231439
94.61166969231486
94.03307266210491
95.88453661034308
92.46625238560723
92.58448540706607
94.1831913606107
94.7043010752688
95.44290834613415
89.90399385560676
96.10075408462505
95.41078992691895
92.88914490527392
93.1784434203789
94.66077828981054
94.77726574500768
95.42882744495647
95.42731462086302
94.78110599078342
96.56810035842294
89.88479262672811
93.12177070241586
91.6383884932272
95.48003072196622
95.52448447609738
95.25438718987105
93.33542801284737
95.4987664665084
94.75806451612901
96.20525531815855
96.44719080202952
79.79576111917771
80.28321947757655
80.11582682217453
78.4960642538335
79.6636564984855
94.14956011730204
93.59784480752222
94.5681469068566
92.68433179723503
95.65400549271517
95.91525857654888
94.0732206861239
95.20993343573988
93.70548806032677
88.48810687520366
80.31126898920863
80.16462354524973
80.51996467954474
80.14837490712819
80.31457150320055
79.79169626881426
79.875897019887
80.24007380887028
80.46622791862858
79.67710411223537
93.72724945305589
93.70956104827073
93.03379416282642
92.79441884280594
93.82872503840245
96.00870455709168
93.91705069124426
95.24519387422613
93.31750686589396
95.3540008378718
95.11520737327189
94.87443560024205
94.29560582786388
93.95754782851556
95.3405017921147
93.97453800679608
97.29390681003585
94.60573476702508
96.78827444956477
95.70788530465951
79.16488267231905
81.09592183311453
78.6121647836597
79.76565313059899
78.18808024113152
94.73246287762416
95.09600614439324
93.70967741935483
96.13415258576549
94.720942140297
96.51131126937578
92.64790764790764
95.01024065540194
93.97279244053438
93.41351301028722
94.18970814132106
94.67741935483869
94.18970814132105
94.48540706605223
94.59293394777265
92.98387096774194
94.25883256528418
92.45391705069126
94.46969696969697
93.77880184331798
79.60096250580105
79.79056784859729
79.77162500026077
79.79106280084235
80.28798554149293
79.30647789848612
79.87584994045235
78.8018022395537
79.46168648960128
79.70573455894737
94.0970767583671
92.80163385002095
96.3119676022902
95.45698924731184
93.85002094679515
94.6594982078853
94.60922589954848
94.436763952893
92.6804915514593
95.62467997951869
92.75950751757203
92.2363031233999
92.72145417306709
93.59179351114835
94.17911837266676
95.14674393706653
95.64725596983662
94.62877624167947
95.807266210492
93.87306242144952
81.12568632483699
81.48787860340859
81.60333076932598
79.04702454593902
80.39898459087536
79.97194493525183
80.12547948069984
79.53407119429549
79.64628853761353
78.73585745232128
93.22278080342595
93.90122422380489
94.68766001024065
95.10962156123448
95.40532048596565
93.93625192012288
92.33207652562493
95.70020481310803
95.45570916538658
93.21032909742588
92.87599497276916
94.93442041829138
94.55150584182842
93.68593771819579
93.57491970395195
79.32487166840116
79.56478984342148
81.41278070397989
81.48892857011782
79.42351241567762
78.55146193724103
80.15964247633227
79.1565346824814
79.05235663857471
77.99125824947167
96.27240143369175
93.54966717869944
96.09831029185868
95.4415118931248
95.45058883768561
79.59407659345827
79.33422789566593
79.47030475951293
79.60968258980081
80.31379266791713
97.04126518642649
93.69282151540217
94.15630964018061
96.54331331750687
95.11101801424383
95.30977982590886
94.19354838709677
94.34331797235025
95.34818228366616
95.20853698273054
80.9225423999073
80.81301104357259
81.03765695588935
78.25153657211202
79.87207572663873
94.84848484848484
95.3592375366569
94.12907880649817
93.902387934646
95.32083507889959
79.9091042762563
80.3132635601932
80.61225429262373
80.41005636180765
79.59625726569823
94.38521156263091
94.26267281105991
96.95177582274356
93.31669226830518
93.3801682188779
94.84592468463435
96.47162872969325
94.13152259926453
96.65852069077876
93.84664618535587
79.10770765513206
80.28412898566806
78.52962804994056
79.1506175596757
79.60620302621852
95.55171530977982
93.94777265745009
94.5646557743332
97.10817855979147
94.69010380300703
93.66964576641995
93.83489270586047
93.66487455197132
95.17281105990784
92.65360983102919
79.92520464506883
81.29033198246921
80.47890271175362
80.89260513818505
79.73233512496483
79.81879852996151
79.9771460757907
79.00357334303604
79.59427593194043
80.59568618316248
81.10536367876217
80.40487688941478
79.50986981854489
81.33992527635597
81.65990464762473
79.3033894534699
79.466676512474
79.05429239864044
78.33671922788787
79.08403341955102
94.9624121398315
96.44090676348742
94.55278592375367
96.14008751105526
93.76088069636457
92.75601638504864
94.75806451612904
92.25934459805427
95.3405017921147
93.71991807475678
92.98328911232137
92.92324163291906
95.18898664059954
95.78166457198716
96.27321603128055
80.11917525980667
80.51052037283958
79.70411488180311
80.31348209490496
80.79369015552464
78.86980995186558
79.34086238755818
80.22405347144361
80.33682966403909
78.67582869414976
79.48353277418333
80.94574456782878
80.34532872384409
78.38504828658107
79.99790164395316
79.50725063251325
78.96829392388342
81.01159320341122
78.59399627617147
78.99961245300484
97.23444118605408
93.92682586230974
94.02411208862821
95.29651352231997
94.42082111436952
94.65053763440861
93.20997998417353
95.61001722292046
92.7457757296467
96.14008751105526
78.70624948463892
80.56362025645774
80.79337200235922
80.74898617764947
79.9423778672237
79.72724273671838
79.15372896916783
80.00597921187897
79.79204427028381
79.82311067744857
94.50972862263185
95.43906810035841
97.40899781222362
96.08038914490528
94.0408695247405
95.47968160871386
95.20225294418843
94.75003491132524
94.6953405017921
95.87941628264208
96.63408276311502
96.48361495135688
94.60270911883815
95.61525392170553
96.43962668156216
