45.54913255447912
48.0782835926614
49.07644794719099
47.45643463229752
50.241984646033224
64.20061135445751
66.62513793396147
66.35101001509669
69.93028763462199
65.8940614438352
0.01818512456810329
79.0703749118848
80.35867619322013
80.55407094559274
80.554392044765
62.87168387168387
61.31435523540787
64.17471229122813
64.09501654440926
63.61522103627366
63.48587523587524
60.74932084136657
64.2402530852757
64.31830697417742
64.03514064195178
66.32914973412711
64.06562881562881
65.36835431774703
68.17625386177423
64.8481664534296
62.75439090823707
60.93541737165219
63.653291153291136
63.82683128836975
66.56771860618014
80.8044970694411
81.23352533259654
81.72645407832357
81.37099242082571
80.8457344896378
53.783415617566085
56.70445791422577
54.71355398870367
53.32237533013503
56.20671590456063
64.79713201777979
63.07620528369516
65.64675383096436
67.52919629390217
65.65009933835844
64.17519659827352
66.498080602153
67.9975366513828
65.59881436602085
66.29159144948619
67.40592250886368
64.56681689880071
62.62437562437563
64.18845043845043
65.62049646260174
64.72567389875081
63.31151644523877
65.1530414030414
64.64277389277389
65.38038268920623
80.83560242514754
78.66255688028728
81.82422254784723
79.4361072033732
78.95532105427317
52.06490849130858
53.27081584124004
53.09780879084654
55.0953080948318
50.40655153567855
80.70534593611517
80.73211686833977
81.40681271706516
82.1441966979595
82.51579928235084
83.90059569971454
85.78671698098942
85.64166142661021
85.61795243469452
87.37057887337717
69.00143873220796
66.11741928257766
65.92665881127418
68.85431875816491
66.01837478760557
51.68743943083848
53.78417388584649
53.172338651011735
49.690713610170626
52.22733543673127
50.15607995419855
52.413747360691694
50.456345956440884
48.76112909321644
48.84772279003048
61.91247113871549
66.25764193071885
66.7845291962939
66.68783551660425
64.85336885336885
51.454064241559564
52.09062880038318
53.783551628882925
53.55980095821725
49.58728276896293
82.08474914649004
82.85777792237663
83.1691814972358
82.66615885239366
84.56427334011283
80.89834045317495
80.8363723876346
82.17627564412514
82.87346946932563
81.96361449933728
81.42778857246589
81.0933370299886
81.82690160518216
81.26487928863496
81.64842786675365
54.38365518747945
52.604718062537316
52.41636915517601
54.95520401945747
51.52396187029433
81.09310476641984
81.0891898580634
82.04296471568442
82.46745978479726
83.51754932506303
64.6423478482302
66.64054409642645
64.43877860780695
69.42812102427486
65.63909911897527
52.01125986323601
53.40510650115798
50.77574630922088
51.06133524066365
53.30253951501539
68.07946327177098
67.78460428460428
67.78873903873904
66.40255976592009
66.35155006672035
85.74060156984662
84.24585820757528
84.11341612133467
83.6189101708273
85.57527932891114
70.36908808425837
65.27857421480903
70.11760461760463
67.01799080758357
66.38595592441747
82.42586792557024
81.23586638679518
82.09519422653503
81.86995728993823
81.73173634582925
50.219921255625565
50.965400096979046
48.78792010904429
52.55293687557115
50.737196220466046
65.8528016729374
66.90609631913979
67.08008444546907
64.61762169454477
67.32057158527748
82.6788329555655
83.5588676690725
82.10374100377672
83.83005393299511
84.19435989244278
50.96751369107779
48.50744793050673
49.88635918296552
49.40806879882436
49.68009985948211
81.27813689578396
81.95467299629003
81.54652745841125
81.3219225007746
81.84346611817438
67.54716089129043
67.95411313832366
67.62402554710246
64.30777794352454
68.76789876789877
54.63716293497193
53.73546586025489
53.18011054314962
55.30448925793055
52.748068194802414
67.66929890119935
64.6341597065579
66.42326627620744
66.39566809708509
63.92789262020031
81.55039824032443
82.31640668214852
83.284813886862
85.24375309139538
83.70711889787859
83.44088783461254
81.45438517318728
84.26091902461275
82.30158654819287
83.23858754514345
84.43406693859183
84.80172484232975
84.25159118883815
85.83474533325688
85.14744462095021
64.58153598538213
64.46340436838175
62.60224817917126
61.13363851622961
65.97629168217405
53.49381192566557
53.37272027281889
52.48368948803371
52.95545156213716
50.5143708347525
83.19034856942692
83.43559143219777
84.6379006865432
82.53820137286439
82.99666094271953
67.53563395668658
66.1908337091714
65.31903029890645
67.20209907052012
61.971899894976815
65.47361051004776
68.22165306578262
64.92615554380261
67.67748917748918
69.80481785685407
83.91017807045432
83.32454276030127
83.88944930198801
83.01584652811135
84.4922498448338
52.64852559805164
54.39772084066793
51.31937043927965
53.23334274679833
54.94391156961273
83.13606471060626
83.83317761860272
85.11014570225096
83.5880124215442
82.58651009359511
65.60405280993517
64.25363525363525
66.651054074131
66.12137862137862
66.91493637081874
51.68207436349481
51.53070261536755
52.451666860677456
49.713415510976006
49.204488438123256
67.29258649846885
65.14249940607407
65.44714687022379
65.13243167089321
64.63280039798259
53.824723938441494
50.933768406728554
53.85509406084491
51.74563594827219
51.62476543041791
68.38132807363577
66.36164755437201
70.22132995209918
66.90823065823066
64.71588982317726
54.09719012695912
53.40218996243981
53.183780265406845
52.64240279200363
53.21698324140613
50.59960325055395
50.85089600543073
49.37458979713499
50.19069792290124
48.18361402430229
80.45456584906455
80.80150105114383
79.87287850410021
80.23427780179387
81.87292650986389
64.9356698182609
63.46690488998181
63.02803568980039
61.782410776754666
60.994765917842834
81.27070654993969
81.19547282782575
82.27921167900925
80.9166719139927
79.87451697174251
49.00647768839321
49.980639300689624
49.383334591543026
49.05692420637491
49.48088537390338
66.38947163947164
66.7855039697145
66.73655103066866
65.49151276074352
69.34619170752774
66.72014097014097
68.5569153069153
69.18290043290042
66.6594173800056
66.37448662448662
51.532834061404486
52.69749763902004
52.10869314960284
51.952499339454825
53.81386670912386
51.23538826359891
53.30945872422407
50.04875787261649
53.4557941135038
51.63095485261477
68.24648720600136
66.74681166786428
68.31384854461777
67.51997314690813
68.08173450481142
80.39984928410745
80.45525961297572
81.51564574189008
82.46977988273535
82.2875643778835
51.51269084210261
54.71022352429802
51.85344935642625
49.675283149557565
52.653896506453535
62.227716727716725
63.6040284501823
63.058507731584655
66.42833812743315
64.91986118456708
82.17748091658547
83.7165736475691
83.03578477435347
82.51289217120367
81.32650946999601
64.92141484246748
63.968883303724944
62.247829093982936
63.988917515233304
63.367913040096894
51.650043906735206
51.64786511348295
53.76957074780055
53.328608960597236
54.50088479623203
80.62631821223152
80.26189753857057
79.95794751278198
82.0052322581496
80.80959902339993
81.8601035055548
81.52905264669971
80.91605056185908
81.31096148433609
82.32621118528478
79.40112035962238
81.73519382366727
82.02786900458966
81.92735259501156
82.90506376479226
64.08305583305582
62.48823864077496
62.80222113098988
63.061303518793395
64.47450412835028
69.03648488263873
66.68348120747501
66.56058898366591
65.78987971093235
66.08328075433337
84.09080154055148
85.65416524942601
85.83334762685179
84.04472287936778
84.21635262543813
81.86326004973301
82.57731063772357
82.97893458433494
82.62675572290956
82.1497182199135
81.2601629536614
82.70079492495545
81.2267406523777
82.2347091531421
81.6702089553959
63.99658232535108
69.2509117328122
68.46212934745918
68.37734789092255
67.51921605160472
84.10172223717116
83.36712391231323
84.5943399962214
85.00569315048953
84.61889858573592
52.95967309454968
52.18715881996619
51.41547189397483
52.631049001787254
51.68046128437319
82.95290423767442
83.55769195743001
82.75453242743075
84.76213087936117
83.32901724244903
83.14168028129687
81.78718453492209
81.71293738940798
81.55586233908454
80.26502212957321
69.65684956069572
66.10238052545745
65.35281385281385
66.6224199380308
68.61111111111111
55.20325935797787
54.21129290409243
53.85564368747968
52.60504636798993
51.933430914200144
81.75917348904966
81.7972386164813
81.37222363252371
82.28971911896417
82.94902093223122
52.08127635377377
49.556687218996615
52.56112090050709
50.083393516770506
51.81014087821008
68.46596164016978
70.5422701983788
64.12096237096237
68.73057008351127
64.49932973009896
81.7017320616987
80.72419812465061
82.97577038610619
81.91708820406129
81.48113048339293
82.23540963812457
82.36120194800833
83.64723901036119
84.03452911698923
83.9976577760574
66.70949073550885
68.68098166288212
66.00874833668355
67.68000712737555
69.67912856374394
51.437256510294084
54.52472147735306
52.85437010199453
52.92181539755309
52.050369747246336
83.1319050944557
81.12036138691295
82.96908321098604
81.38996135906115
81.75097893691607
65.44115870634089
59.63178576074504
62.6268575567218
62.211861106002566
64.02384176776889
53.20558768963772
52.87580053994676
51.370439639313176
50.100311731681
53.39499343372709
68.61646473184935
65.97972989673394
68.24170161821984
66.25183442288704
68.07302099609792
67.83019117634504
68.96418287594757
70.04775139390524
68.20934620934621
70.3553497784267
80.7250877909368
81.41777404411366
81.55911591914213
82.44550020776505
81.25124853976962
84.18641765474344
84.301673069594
85.17305050801122
84.49329193470656
84.05436983830649
52.060322162537794
51.93793533636112
48.46469689494944
51.534041070958246
49.18745749127154
53.853672106518026
55.716382665359646
55.92121505625625
51.593719511267174
54.220770991674
84.59687781853773
85.91217334965846
83.88530301563166
85.49442967262685
84.86667915847482
79.3135276646827
80.46831885930483
81.13158895958372
81.38779787463999
81.64128116729927
67.14259671951979
70.12365738836327
69.57086980390147
66.62546854854547
66.5255513717052
65.05516705516706
65.7976092534916
66.76846532050152
66.31948606948608
64.91706449196327
65.310229740094
66.51400354031934
68.41669441669441
68.78274591170519
67.36247086247086
81.56780391157623
83.83033986600313
81.0641479726381
84.51029747421745
84.40814952954749
64.8644613371334
65.53559980280629
66.8551726051726
67.58122433122433
65.41658633763896
64.94180819180819
64.4931982362323
66.12959840561649
64.19810531348993
62.05728189938716
53.42745951402309
51.24798542464653
52.46391605469595
52.533004690131385
51.897711019032855
67.28613480536558
68.72033522033522
68.84526157603081
69.20717631446377
68.13455009043246
83.51965873030412
81.5283232353368
82.90450896910768
81.78979949425293
81.82358357024943
81.67400014845835
83.35308536558834
82.95847745305949
81.52012868981194
83.00958049386246
53.95283383374181
49.91772266493214
49.662593049828104
53.171744826541
48.604950848175385
52.6200991491076
52.27094563194237
52.44488727007779
52.539139344318116
51.06701759580421
66.35068350452966
69.09814971353431
65.8033939744466
66.46579780992737
67.43260877673833
47.797667350487906
49.869058282442424
49.85175302324624
48.912133473773416
45.896823837626506
68.62724756389916
66.80661005661005
68.20211704624658
66.78872297293351
64.73513992292273
52.59693325250601
51.945492003605175
52.248841731420924
52.36994812967353
52.71706139775918
51.41097627542556
49.96596740282429
54.07073536759228
54.16241305799924
53.72210049043685
80.56834547659743
83.46466621811943
83.91001344055644
83.67629995100822
82.62464236565214
49.25404071200689
51.745202890388526
50.885629524634304
50.4836221152373
50.79654284007029
80.99109686719832
82.28754268144598
82.68630855133594
82.70659411240503
82.9163502476196
66.39886182193874
66.62711647327032
67.61334417216771
65.08121089569053
68.66413501028886
63.45998913896032
63.95433671142174
63.50942613392006
63.946289540419095
65.1905803175153
47.9511835294982
50.45652444589096
51.487544765794574
49.8370508312042
51.171632675803444
82.65171334050828
80.01882238980357
83.08170476555806
82.99843163769098
81.29736699092497
50.22413801170648
50.37805001630498
50.27522803264154
50.79045883458675
47.1243468360947
82.31427560690481
83.19366637966304
84.49659950803078
83.98184836253424
83.26569582279274
68.4013067454363
65.68911154205271
66.69384461692154
64.68003577618963
64.24554530436883
84.15846658964068
85.25048790219068
85.35358984906496
84.72610479409717
83.42742692992752
48.349871612338866
47.43329542085198
51.645419415674915
49.24142703574802
50.82163833307646
81.43890104100869
81.37179908816012
81.77087363167384
84.50870831425725
81.44051160001386
69.53473022703793
67.88765800101832
70.09990863837018
67.00391275391274
66.15055457363148
82.57678658696759
82.87401427922981
84.19594847083536
83.09407300381342
83.7879535391443
49.68758275277684
45.741392095518854
47.37720773973454
47.95038283487396
48.7664446082879
82.12956790636001
81.98629341603859
80.67524948213673
81.14123821720868
82.41057666897152
49.08837644968789
50.47602263617723
51.196236685743024
51.067027607060176
51.64400406977573
67.31952876183647
68.20006379532458
64.69476551603248
66.64569056674321
67.1705879590495
66.9164169164169
67.62254136009793
68.66113461701697
68.98682664746013
68.56832056832057
49.838963708202925
51.128206515581184
50.326871844780875
52.321656681845965
48.31750322717527
82.21228587506272
82.18660714665715
82.0291230758604
81.25226946851143
83.28193235808145
82.35218618274106
82.87283939367768
81.99245418539867
82.83112012488054
82.43255065301982
68.81381865997251
65.3020443608679
65.11691902868374
65.59633551333955
67.23491465799158
51.68301064554295
52.01621965471381
52.17710932475835
51.69432401977728
52.281697642006
51.23906991612034
48.61822814515743
49.70324254054271
49.3854047062549
51.302136351207565
85.61520677464948
83.92789746439425
85.53961427818298
84.41170592129153
84.48440677763135
62.68649513541154
62.2694118085878
65.28809224963072
63.07326007326007
62.88604557835327
66.94641256179719
67.22287114594806
69.79407771715465
66.75412583896747
67.78552003552005
69.9177809370117
69.26890630736784
67.84071484071482
67.4388773619543
66.94137913368684
81.57724704313178
81.19888017964941
82.25385063191683
80.91153790111875
82.29964193145904
50.209927427663025
50.243946151107956
50.5822543050092
49.26956523670027
48.55717601002192
84.22534582852516
84.01803709507925
84.21478789131801
84.88820720572328
86.89676024142562
81.59122660700417
84.03503736743794
83.57835729537325
83.5625896291531
82.11049550195776
82.96117666039075
83.95855938800689
83.72619824804869
84.074282383225
84.74348490941728
81.9727554073827
82.7654076626451
81.91106634890869
82.324402424069
80.72857186342539
48.47319988411449
48.393015780846206
48.7027207933169
49.58545470961523
48.90544645611328
82.18356726626553
82.89950977418232
81.42595898055531
81.72617709352646
81.46788962274792
51.83817699256547
50.88869524627078
51.45791385719941
50.99743471979483
51.2901464033043
65.10189810189812
68.52950644127115
69.9854291008137
68.8851148851149
67.14570083669868
61.48451548451548
62.556905512787864
64.6081826670062
64.57425907425907
65.01807491019208
51.08451538950497
49.94261771486394
51.51082798945385
51.27083703188235
51.468892304805614
67.47061598532186
64.87008504316196
67.38849611926534
67.62958622574006
67.60096313942468
82.17312027629961
83.45446425977507
82.55844327010081
82.23674839357146
81.5221771428011
51.40668799034921
50.12678231618092
51.217278488878094
49.89754927228135
49.49833927538557
85.31342963088616
83.89733418918938
83.62307551674067
83.90696917858146
85.3076555367577
83.79364238074645
85.1381853440677
84.63377409418133
83.22571069612032
84.89714808094185
66.41062532239003
72.35070485070486
69.80795021971493
69.20154807485125
69.2080697080697
52.086444614367934
50.656741795640805
51.0367858575408
51.31608593479018
52.18086180047362
51.71996887899484
49.895512975647264
53.13176228598637
51.152509836956256
51.116945152965634
82.43817770967094
82.54586944769132
83.23713736317927
81.72598721830683
81.33173215210604
64.53689924956895
68.47729922164311
68.2049864480205
64.55275262431728
67.23314157727111
66.76532128002717
61.28319970627663
62.833051881039495
66.03450395758088
64.04269021576714
53.14768975313929
51.39718223827018
50.886001839047076
50.05339574558435
51.859703874704856
82.8248001304086
83.04416264981876
83.75992519163513
82.68087934002438
83.73994672470499
66.8332842371304
68.71946517534752
67.87345773884235
63.051404603440794
66.51004551004552
68.99421091728783
68.26401376401375
66.44903625785979
64.39776337287648
66.9516530478069
81.34824207704655
82.88851021567145
81.8160193250691
81.09618773568523
82.9803696739872
69.60311056464903
68.58690668306053
65.28713594098208
68.38837231144923
66.89163614163614
82.7347137263784
82.03973704182089
81.80102264568805
82.56954017510103
83.60799581858166
65.92056526469482
65.24976622964238
64.8605006105006
65.42646723761274
66.74328449328449
49.06253330904128
49.201193783224184
48.57282562328277
47.972104220025564
48.286916383480836
50.687760986472384
50.63757518270497
51.24223052357132
49.53473333974644
48.478087954182485
84.7175941039309
83.725974641907
84.19977283307838
84.31662365974107
