81.60522273425501
86.61290322580643
88.38709677419355
89.04761904761905
90.96774193548387
91.23655913978494
93.36021505376344
93.32565284178187
92.57296466973885
93.4331797235023
61.71097736209612
55.914384545685586
58.65325468405689
56.89580325562017
60.18890325319789
94.6774193548387
91.45161290322581
91.31336405529954
93.62519201228878
97.31182795698925
89.64669738863286
94.03225806451613
91.49769585253456
94.715821812596
88.54838709677419
89.40860215053763
88.41397849462366
87.9800307219662
94.03225806451613
90.26881720430109
87.87250384024577
91.12903225806451
92.97235023041473
88.76344086021507
89.56989247311827
81.40937019969276
90.40322580645162
92.32718894009217
94.51612903225806
93.14132104454686
62.30965876838742
63.975622944989496
64.07784284805571
62.909591901527385
61.8510472128269
89.62365591397848
90.53763440860214
90.53763440860214
86.7741935483871
87.4731182795699
92.1505376344086
88.7557603686636
89.30107526881721
90.3763440860215
88.76344086021507
84.77342549923195
91.61290322580645
91.5821812596006
92.64976958525347
89.43164362519201
94.64669738863287
88.77880184331798
89.83870967741936
91.7741935483871
88.78648233486943
59.92307923996729
60.042928726043904
64.3335584289681
62.35282754075823
63.08413189698768
90.80645161290323
89.73118279569891
87.5268817204301
91.34408602150538
92.11981566820276
82.31182795698925
93.17204301075267
89.24731182795698
88.45622119815668
93.81720430107526
56.23320300215336
60.942381017766714
60.155438314565146
56.11699960099215
60.0608041728064
86.50537634408602
88.9247311827957
86.3978494623656
89.89247311827957
87.31182795698923
87.95698924731182
90.99078341013825
88.87096774193549
88.67895545314902
89.56989247311829
91.36712749615975
92.09677419354838
89.80798771121351
91.88172043010752
90.67588325652841
52.881526442327875
59.65845510837023
59.93123453970475
59.968397906453426
58.70012928980836
91.88172043010752
91.66666666666666
94.56221198156682
92.25806451612904
93.57142857142857
63.48330712919248
61.82094124508658
63.07900472603749
61.65031336995283
63.74321531522342
90.9447004608295
89.80030721966205
87.58064516129032
90.82181259600615
89.03225806451613
60.280911605172825
65.97359906518776
63.96200402939917
62.3581644430225
64.84004611576268
62.13520053595347
63.96043627854773
62.98707617493196
62.06507860682434
65.09576076464121
56.28238249205992
58.9015127566641
60.488858780713066
60.38214939293537
59.750866636165746
84.89247311827957
92.64976958525345
91.55913978494624
91.78955453149003
86.29032258064517
83.87096774193549
89.3010752688172
83.54838709677419
88.38709677419355
87.84946236559139
58.76398532222048
59.425894051131245
61.32051029070664
58.400095151486816
57.417038944846276
59.42271530842165
60.05594386223369
56.91113870885489
60.103733626637535
60.02109915889843
91.88172043010753
90.75268817204302
92.95698924731182
88.81720430107528
93.33333333333334
80.284178187404
88.44086021505376
89.86175115207374
84.48540706605222
90.80645161290322
60.59281623292106
60.78279336318885
60.88535410866381
60.20923777960826
61.222369248685034
80.06912442396313
88.9784946236559
84.35483870967742
87.41167434715821
85.44930875576037
62.95563590342877
62.93941410964281
64.92362923352637
62.7332932008385
63.246398493702
62.11350843304304
64.22301241486302
64.92893164443424
65.04940847682784
65.36091054766777
58.60943125474234
59.53714776089168
59.788921698938665
61.19498430207008
58.97361362019806
89.7542242703533
90.50691244239631
86.61290322580643
90.37634408602152
89.6774193548387
62.505922871507394
64.26564412133173
60.94758082299278
64.4397106161812
61.9605735071879
80.74500768049155
88.2258064516129
85.59139784946237
91.82795698924731
84.94623655913978
61.47890404257128
61.559383058434285
62.587205520417335
57.67725719335908
59.6204667809082
62.9040352908075
65.63330695054563
64.90542627307333
64.40741790362283
66.42445844932612
81.5284178187404
88.65591397849461
85.59139784946235
87.09677419354838
81.61290322580645
80.3225806451613
81.32872503840245
84.51612903225805
86.50537634408603
88.21812596006144
85.21505376344085
79.76702508960574
87.99539170506912
87.09677419354838
88.67127496159755
65.46729432390573
66.6894707401885
62.626364619805756
64.16438965674959
67.87082556237003
61.14889685285128
60.72839234248967
59.28201980169842
61.080120277538626
60.4042972148131
59.702879133070816
57.47119888387328
59.04382679325253
58.18394366544272
62.79778019066944
82.97235023041473
91.42089093701998
82.357910906298
87.63440860215053
84.62365591397848
81.12903225806451
81.9047619047619
82.81105990783409
86.7741935483871
85.59139784946235
85.13824884792626
85.43010752688171
86.18279569892472
89.80798771121353
85.60675883256529
62.33575434868644
65.36033931755362
65.15718117172314
66.2855962074478
64.78939401477602
66.49759962374435
64.89004450073539
64.76231407458312
65.32839095445208
65.05673678349201
63.61542400252078
66.66806417461545
65.6928747650809
61.588123456802876
64.15238022641877
77.36559139784946
89.46236559139784
83.54838709677418
84.46236559139784
87.84178187403994
79.93087557603685
84.06298003072196
80.70916538658473
83.13364055299539
81.23655913978493
89.8310291858679
80.16129032258063
82.31182795698925
83.77112135176651
81.89708141321043
60.379092840626534
59.13403583186669
59.51055605541731
58.788976504256425
62.2844202543691
59.91449047208626
59.229885829441194
60.45244637089463
59.782806233570234
60.55490382167426
64.44100495695922
66.41349792278585
66.93772949176794
62.839000275333035
65.76967124168263
82.31182795698925
82.1505376344086
76.39784946236558
79.78494623655914
80.05376344086021
59.060774351096924
61.32043087575895
59.55535734611522
58.819436442027076
58.65611550915655
63.977334489728165
62.85142232434122
63.746215924958555
64.4756772597916
63.07624513706606
84.83870967741935
88.06451612903226
81.31336405529953
90.26881720430109
89.24731182795698
62.18471308366944
66.62626445165124
66.99987249114145
64.92434500761176
64.94591964955492
82.35023041474655
82.84946236559139
87.09677419354838
86.29032258064517
88.11827956989247
81.58602150537634
89.42396313364054
84.94623655913979
84.53149001536097
89.6390168970814
65.34027721171934
66.09041988796785
65.47557215153564
68.11194546323878
66.80753707880942
80.79877112135176
86.03686635944699
84.0284178187404
87.95698924731182
88.97849462365592
84.64669738863286
90.0
76.05990783410138
81.01254480286738
91.95852534562212
76.68202764976958
88.49462365591397
84.83870967741936
83.65591397849461
83.86328725038402
64.65749200230245
65.76759166328596
63.37986966981774
64.52714400295046
62.68245312786322
78.02611367127496
76.29032258064517
87.1505376344086
85.53763440860214
90.86021505376344
65.81573102208776
66.50212572206465
67.13384535212128
67.11493880702389
68.5642170284635
65.38802821906526
67.36828180825984
66.74816670784413
65.47558585552672
66.11462194065679
63.30458988160497
67.14993845954577
65.62594054797668
64.99591964013217
67.02695839506572
79.00537634408602
84.62365591397848
84.85407066052227
87.2043010752688
83.77880184331796
60.21978951782707
63.01315422855696
62.96222954891686
61.819641068725026
59.5108155331604
62.341120867436665
62.99173453737195
62.47430080821672
60.6836461345708
63.21964354855294
75.752688172043
80.26881720430107
84.94623655913978
76.45161290322581
80.19969278033794
63.45225685832897
63.21476231747878
64.65962150445691
66.59008645324805
64.11040553593821
83.38709677419355
86.52073732718894
84.94623655913978
76.53609831029186
86.92012288786482
78.97849462365592
85.3225806451613
84.89247311827957
85.39938556067588
86.55913978494624
62.32680524637488
59.9590628392436
59.39242187895025
61.55477372193901
61.46290191030724
64.29981363959584
69.15010642951819
67.21799678197665
67.53552011564965
67.29755113068762
64.43357883835263
65.74236220993805
66.67192434494942
68.04675769097021
66.95473038452165
60.93613537697098
61.301454249446856
62.05314972590775
64.23774453628917
61.887400076204635
74.1551459293395
81.76651305683563
82.19662058371736
76.55913978494623
80.9600614439324
80.10752688172043
82.70353302611366
90.3379416282642
88.27956989247312
88.17204301075267
65.65416255457788
66.8064960162733
64.68795635603784
63.48235490388192
65.31946916671774
69.18832669544246
69.30586991083345
68.30761713901131
66.67078471034417
69.27332448817019
80.49923195084484
81.33640552995391
84.66973886328725
83.89784946236558
88.33333333333334
64.52242058008908
62.31880395493676
60.3669096832821
60.97611508302609
60.446824199918
77.3809523809524
86.98924731182794
83.61751152073734
79.56989247311827
86.29032258064517
79.6774193548387
85.42242703533026
81.98924731182797
77.72657450076805
80.74500768049155
66.56141206962639
66.17109179977452
66.75695780720119
67.18120510103431
66.93166713750823
59.58723101372223
61.69183058725024
63.22231528028992
63.6531224413065
63.077734497523565
60.22057497691673
63.49416790160128
63.83324663839994
63.6080776087767
65.54303429018799
65.8688508314158
67.53766606907524
66.07751664126747
65.43900475218024
66.41336902196156
