76.81985862741031
79.36817182310548
78.84370960188511
78.83160482319528
80.4417841457645
75.7996614642813
74.88332197788928
76.11050485415774
77.79075892259395
74.88610937734927
98.38709677419355
97.63440860215053
99.35483870967742
97.98387096774194
94.38172043010752
97.06989247311827
98.35125448028673
96.55913978494624
99.46236559139786
94.6774193548387
96.98924731182795
97.74193548387096
98.02867383512545
98.54838709677419
96.68458781362007
76.51485525834383
76.25272179207107
76.99786653063572
77.49173911259703
75.59024361075902
80.261902679456
78.7233314530139
79.82814236553038
79.29100030621973
77.83651744068553
95.752688172043
99.35483870967742
94.91935483870968
91.51049667178698
98.54838709677419
98.27188940092167
98.99641577060932
97.20430107526882
96.20583717357913
98.18996415770609
79.2816642957308
78.33679100373269
79.23956199769475
78.91281954793695
78.41661139762532
98.83512544802866
97.38351254480285
94.51612903225805
96.12903225806451
99.46236559139786
96.99948796722991
98.9247311827957
97.81874039938556
98.46390168970814
97.92114695340503
78.60636570999786
78.52841797264122
79.41951987203431
79.42389784231071
78.86384957620773
94.08602150537634
97.63440860215053
96.66666666666666
96.02150537634408
97.74193548387096
76.76288828378462
77.81079383647845
76.09945656308948
76.4569197815902
77.63895652296458
97.2043010752688
96.23655913978493
98.27956989247312
96.71658986175116
97.84946236559139
94.48924731182795
97.58064516129032
96.90860215053763
96.29032258064517
98.95161290322581
78.2485525187315
79.38062232320695
79.92306973232834
79.99804457306949
79.06845248900684
97.74193548387096
97.2990271377368
97.4731182795699
99.19354838709677
98.01075268817205
98.06451612903226
96.66666666666666
98.54838709677419
97.2043010752688
97.09677419354838
79.55774115226691
80.4900076364431
79.506299177861
79.73061854870289
80.45682851335872
75.62030962804333
76.22297030980714
77.23741107504048
75.96255652588283
76.65886459357458
80.62463893183698
79.56447312998496
79.18461062540597
81.07846044751514
79.71766330990542
94.62365591397848
96.23655913978493
98.9247311827957
95.32258064516128
95.21505376344085
78.77311273322121
77.28104148988747
78.70146248850563
79.8759043574224
76.24230175954317
97.47311827956989
98.35125448028673
98.27956989247312
94.24731182795698
97.90322580645162
77.577429719366
75.47668826222069
75.05496724250655
78.14184976323068
75.65622933989893
96.61290322580645
97.31182795698925
95.85253456221197
96.66666666666666
97.46543778801843
77.43051249868009
76.8695658681369
75.39183073338778
75.46158509900773
77.57597734770201
77.92775415428531
78.51169997733814
77.80586262426131
76.82667679211268
79.27553417703312
98.38709677419355
95.752688172043
98.02867383512545
97.47311827956989
96.4247311827957
77.11974404822992
78.09134016893665
78.95491674419954
75.84524978136822
77.3447330530808
79.97464065570672
79.20353277491617
78.57479676795666
79.57970120186509
78.79901439918531
80.02501541957281
81.04581337986377
80.06599842466352
77.96313330520385
79.04489250977817
97.74193548387096
98.11827956989247
97.63440860215053
97.09677419354838
97.92114695340503
78.17043730574815
78.87280666963342
80.31647225187282
79.87820966579847
79.6424793111736
99.07834101382488
95.752688172043
97.47311827956989
98.38709677419355
98.11827956989247
79.56162104978418
77.85052165773308
79.80110336020499
80.40582908616061
80.2559659622998
97.63440860215053
98.35125448028673
98.65591397849462
96.66666666666666
98.54838709677419
97.31182795698925
96.29032258064517
97.31182795698925
98.4331797235023
96.82027649769586
77.01591377672455
77.08329718387171
77.98409572157662
77.65095434753987
77.03985800958887
98.9247311827957
98.65591397849462
100.0
97.41551459293395
93.06451612903224
99.19354838709677
93.77880184331798
95.43010752688171
97.04301075268816
99.35483870967742
99.19354838709677
98.27956989247312
98.11827956989247
95.80645161290323
98.35125448028673
79.05773044636916
80.56228875698804
78.34987209009282
79.56570975981883
80.5257430725518
80.39182432892467
78.32892028873401
79.49253256586425
79.6993318497157
77.68032010754213
95.26881720430109
99.35483870967742
98.01075268817205
98.08755760368663
97.47311827956989
78.0210438149949
79.42539625685157
79.52908549558428
78.69363230614913
79.10573355826534
80.19200083737482
80.70380157807679
79.56109776135688
80.15606249118616
79.01210595712774
97.63440860215053
97.74193548387096
98.38709677419355
97.17357910906297
97.36559139784947
80.10929111698644
79.44038324218471
79.87928378130152
79.52835206441918
79.43485568949343
96.82795698924731
94.40860215053763
95.34946236559139
96.66666666666666
98.24884792626729
78.32659764214715
79.94246439289398
81.83423896348027
80.48383032113081
80.02652889067468
79.86893723560668
78.12643440982727
79.78480525049663
79.18888520886958
78.32854172573896
94.6236559139785
97.31182795698925
94.62365591397848
95.16129032258064
93.62519201228879
77.5820901522259
78.78693327323519
78.13194748248237
77.73480985756913
78.2642236717175
97.92114695340503
97.36559139784947
98.81720430107528
95.16129032258063
99.46236559139786
97.54480286738351
93.38709677419355
98.06451612903226
96.82027649769586
97.54992319508449
97.64464925755249
95.752688172043
99.18074756784435
97.74193548387096
96.04454685099846
100.0
91.18279569892472
94.08602150537634
99.19354838709677
95.3225806451613
99.0015360983103
97.84946236559139
97.58064516129032
93.87096774193547
97.74193548387096
95.16129032258064
97.84946236559139
93.54838709677419
93.3026113671275
98.9247311827957
78.20485620432756
77.82199207523493
76.52729985551808
77.28299830921021
78.15456263725964
98.6431131592422
98.38709677419355
99.07834101382488
97.58064516129032
97.74193548387096
78.42645767868704
77.16092767720028
78.00505524910065
76.70853165444397
77.1760136626899
97.41935483870968
98.9247311827957
97.8494623655914
95.32258064516128
95.93701996927803
78.50457039416303
77.68334329474088
78.14231958293672
77.11094973910792
78.02886080990994
78.83072679806247
81.10070477776179
77.86093521107634
78.46791071068856
79.12377436039735
96.7741935483871
95.83333333333334
98.11827956989247
96.18279569892472
95.59139784946235
96.66666666666666
96.93548387096774
97.81874039938556
96.7741935483871
99.10394265232975
80.32200204082542
78.3362683638399
78.74794533422241
80.22299285717918
79.48345223553063
78.07005979951025
77.9189398631344
78.29906363450989
76.2935064733051
78.27955858083888
78.93223368058374
80.87422991069339
80.11406523212119
79.25148921476551
79.85703319070622
98.02867383512545
97.90322580645162
95.69892473118279
92.23118279569891
97.74193548387096
93.54838709677419
95.43010752688173
93.01075268817205
95.86021505376344
95.16129032258064
79.74672578633763
79.47424497192092
79.44358597311194
79.89611502754299
80.93078766173201
78.29527213115558
81.05914490226823
79.56725546241675
81.25130636903876
80.1636918357257
77.99045114883971
75.69350718746828
78.93132140063888
78.17936624910145
77.97344197636863
98.46390168970814
98.27956989247312
93.57526881720429
96.30824372759857
95.50691244239631
80.24329773556371
79.37325870083588
79.6102279674845
80.3428212601025
79.34953368093174
97.6574500768049
98.00307219662058
98.00307219662058
98.70967741935483
97.38351254480285
77.65974842544367
79.02567150062805
77.95153827119432
79.82021426446677
78.49308205342162
100.0
98.70967741935483
96.12903225806451
97.71505376344085
99.18074756784435
79.79671768244368
79.89199697276158
80.21875795460299
81.4912283188786
81.23196754844987
96.50537634408602
98.81720430107528
99.19354838709677
98.11827956989247
97.54224270353303
94.6236559139785
93.62519201228878
91.93548387096774
96.39016897081413
94.35483870967742
80.09938897416748
78.22562317437446
81.04336561566761
80.05401000899896
81.01050586782792
79.10938162117274
79.65851749434701
80.3389528358012
80.94511530273448
79.95143582643375
80.53993635425756
79.15017716568353
78.92403388826818
80.49155773321606
78.92612410514458
79.03083664808152
78.43179334591747
79.64050319670498
78.3049644132404
78.11727315310034
81.11701072416682
79.30825354150183
80.26222034250051
81.30882789037685
79.8258152233756
77.69252030564222
78.94399212929157
77.62585417947679
78.79196214201711
78.7010620864948
80.05301274034358
81.17883667171046
79.36270629726761
78.85475658937628
78.10672459499344
97.58064516129032
97.23118279569891
99.6415770609319
98.54838709677419
98.27188940092167
78.92384519019922
79.68414585702733
80.57956292549115
80.84821375535302
78.55805339550137
80.02695938128137
79.6349893248623
79.24744757322769
79.1185027724637
79.50639997779312
98.9247311827957
98.54838709677419
95.59139784946235
96.55913978494623
97.58064516129032
94.77726574500768
96.39016897081413
97.81874039938556
97.92626728110599
96.82027649769586
77.55890348292861
77.9102490158463
76.97140301452326
78.54510284860787
77.44024117643866
79.91828565595004
80.4799762483623
80.52471927173728
78.23494800580134
80.07124426382825
79.49073654008943
77.86173082568
78.1718659876775
78.10941777262887
77.86604516211435
79.34484368415158
78.38255770640653
79.85818603988353
80.57163532146002
82.00951460278111
97.25806451612904
96.82795698924731
96.8458781362007
97.09677419354838
99.19354838709677
78.52710065375975
79.00773067517336
79.22682795755541
80.1943348854162
78.35218518927057
79.51840333807398
79.29991377521097
80.40659656957578
81.17579485156351
80.76911847204434
80.15834975422348
81.21894347157675
80.30192102679445
79.88329961016188
78.6451915858299
77.78635945762227
78.39594525273087
78.59314478041877
78.21721970370412
77.92903394707473
99.19354838709677
97.63440860215053
96.66666666666666
97.31182795698925
97.47311827956989
93.2258064516129
97.84946236559139
95.96774193548387
94.35483870967742
98.27956989247312
81.3196665673345
80.89322335315124
80.17524280373466
80.46894051974235
80.1882671621743
77.68194585035172
78.07017851722588
79.03647040687343
78.33559830897863
78.78133074277982
79.47724360416883
78.31073469861549
77.43385253132807
77.71909071713361
79.96800928479118
80.323627244945
79.04592502497833
81.34020023179355
78.85765957719481
80.62704711764033
96.18279569892472
96.93548387096774
98.54838709677419
95.36738351254479
96.93548387096774
99.6415770609319
96.95340501792116
97.8494623655914
93.89400921658985
96.65898617511522
78.52695866480859
78.44001639363515
79.09199588648497
80.5310238336137
79.92973434668895
77.27418738710831
79.5309588970093
78.16910216036901
78.2878991961592
78.25916794174864
76.8129352262196
76.6325145977343
76.25965935127537
78.98395536282649
78.69888483813992
93.01075268817203
97.6574500768049
99.13594470046083
92.41039426523297
97.63440860215053
94.0552995391705
92.90322580645162
93.38709677419355
96.1290322580645
91.66666666666666
80.56082616675702
80.4381836104857
80.21526500343163
79.3808362741994
80.7617303642456
98.65591397849462
96.93548387096774
97.58064516129032
97.46543778801843
96.44777265745007
79.97949583863785
79.16715426931033
79.8625389346517
79.9486740135658
80.20588644014285
81.01288424546587
80.51198801871772
80.69370665614349
80.54654993200032
79.82492284577451
97.90322580645162
97.2043010752688
96.02150537634408
97.74193548387096
98.38709677419355
81.35124883157059
81.10813288540173
79.18904969358847
78.71441780222004
79.37066475465645
96.50537634408602
97.98387096774194
96.29032258064517
97.74193548387096
98.46390168970814
79.6687899395018
78.65819974094843
78.54520161860773
78.0123153866256
78.41679648487975
78.84667004794188
78.54741227051352
78.7126000080636
79.67602117883895
79.8568260741101
93.06451612903226
94.3778801843318
96.93548387096774
97.92626728110599
97.4910394265233
79.91299838040528
80.2537639035547
81.34445899100538
79.7645680105533
79.92790325993684
77.98489198692258
78.35371403429517
77.13044889152471
79.44153433065425
77.7536386468807
97.90322580645162
96.01382488479263
97.19662058371736
98.65591397849462
99.19354838709677
93.3026113671275
98.9247311827957
93.70967741935483
95.69892473118279
94.08602150537634
97.54992319508449
96.87275985663082
98.27956989247312
98.06451612903226
97.47311827956989
93.99641577060932
97.38863287250383
97.31182795698925
93.41397849462365
93.01075268817205
79.28321608932698
79.18932696796949
78.65072753784405
79.8419240549837
79.50175108479304
80.3860638653545
79.30434867901333
79.6510782892322
80.2006487603597
80.06317231996525
79.74358716134176
79.89942772071967
79.3858431550145
80.5279898136892
79.136419866111
96.93548387096774
95.45698924731182
97.54480286738351
97.1146953405018
97.74193548387096
97.04301075268816
93.01075268817203
94.75806451612904
91.61290322580645
98.27956989247312
96.84587813620071
95.16129032258065
93.94009216589862
96.29032258064517
97.84946236559139
91.29032258064517
93.87096774193549
94.35483870967742
96.66666666666666
93.70967741935483
80.16998390950133
80.46803879837496
79.11622076818213
80.4288697965331
79.56831490938698
79.42161908899628
81.30005807478749
77.29228151606456
80.1042359070354
78.82403764911187
97.58064516129032
96.12903225806451
96.29032258064517
95.21505376344085
93.81720430107526
95.3225806451613
96.93548387096774
97.74193548387096
95.3225806451613
97.10701484895034
80.79374672760339
79.6702321796337
79.98300020843077
78.65963693192573
78.71555005973742
78.35069855448964
78.49095546125983
77.24104618348592
78.33887573907863
77.99786675360129
79.7324336869796
80.11590011752767
80.99780598533769
78.93724850663433
78.73892701982909
