62.67581482417306
54.520235905244974
55.62505372516496
57.075664715749426
56.45329730357438
61.82022276882411
53.91861039397938
57.53610840520922
58.39848039489443
56.39582352699671
92.94162826420889
97.81874039938556
94.80286738351253
97.74193548387096
95.61827956989247
84.45084485407065
90.4147465437788
88.37941628264208
87.09677419354838
88.6021505376344
83.01075268817203
84.78494623655914
86.72043010752688
82.06093189964157
90.86021505376344
60.70081543728267
62.71822730823198
62.019060374978274
63.05299030797806
59.15125505681835
58.25821775024744
59.34641836010741
62.60423422859212
60.93599700350577
60.592109384478874
82.39247311827957
85.03584229390681
87.46031746031747
82.18894009216591
84.3394777265745
90.94982078853046
87.88786482334869
84.23195084485408
91.47081413210445
90.34946236559139
