93.36533538146442
95.14464925755249
93.99356020323764
95.38495554624586
95.55415910254621
91.33512544802868
92.09805427547363
93.14516129032258
94.38172043010752
94.28152492668622
72.28482490947333
74.34577782023321
76.11227832868693
76.63442794953471
77.23452604512961
77.94439566208389
78.91843299290933
76.68726562547911
78.31584562643265
79.49271442125823
76.560664477172
78.62547727420635
79.67534880477932
78.434192467904
79.10711949445917
93.27817343946376
87.94909391683586
87.85970302099335
95.10613042871108
94.7542242703533
89.15955012729208
90.11776753712238
92.40957966764418
88.97960462476594
92.67746590327235
80.68783889947501
79.5608864567267
79.41568065379548
80.90741377213445
81.09944685097314
77.91216506434162
77.42891565026476
78.98612241312183
77.20241506032055
79.04847273515438
93.59970674486804
89.21740445933995
88.7826420890937
88.6413675929805
89.8140211043437
80.83923737019774
80.51668643332421
80.2874894434802
79.08709003254172
79.92089562065283
78.25638887270922
79.35713095272246
78.33807689873696
77.80574051240632
78.10097849865828
88.27444956477215
88.38407112600663
88.71049201694363
89.82346506540054
90.49795186891961
79.83150694708657
79.00699405053636
78.54126885788875
79.21748924083842
78.57555883330664
88.12660010240656
90.25826166243623
89.08233185747419
89.30862148604085
89.27739375320022
79.72182445385458
78.15174213095625
77.64405177697896
79.17969585190055
78.14292679597122
80.2501160250767
79.27228852918023
79.66424601620334
79.13508877615764
80.04321265917484
88.3759251501187
87.34639016897081
90.49364613880742
92.10270911883815
88.23162500581856
76.93773704797297
78.62342286856425
79.0180784207527
78.22750969915276
80.07199306733784
78.33135655410264
79.44768192100692
79.38355950095428
78.79933384664997
79.56008184613849
89.66508401992273
90.70229949262206
89.37485453614487
90.11846576362706
87.85376809570359
90.39874551971326
85.99846390168972
92.04749103942652
91.81771633384538
87.29134664618537
86.5445933994321
89.85104501233533
90.765023506959
89.54894567797794
89.38300051203277
79.87593522730516
79.41064190176317
79.50067966181784
79.182635165052
79.82376146290629
89.02457757296467
88.48362658846528
88.42538286086672
87.575175720337
85.38786482334869
79.27324829177627
80.39596377382897
80.11093805171683
78.87888631614092
79.00164164694321
89.17527812689103
89.92284597123307
89.09847321137644
89.6309872922776
90.98034423935754
79.48078020926827
80.10006827708901
81.71054057885429
79.82505445769685
79.16987544687404
87.31438812083975
89.11802355350744
90.19088280473481
90.15378438765535
87.82444258250709
85.23124724737627
84.6979006656426
90.38146441372248
87.41795838570032
86.44474700926314
81.23305495860033
80.48455773065896
79.15589939882777
78.90633365103166
80.5537611788894
86.81239907046358
88.46471628729694
91.42374202858073
87.62938674228998
90.81378299120234
86.25960061443932
89.32539682539682
88.23604710701485
89.02742866452543
87.39968812549459
87.7529907368617
89.01003118745054
89.13513010287205
92.2793604245217
89.19517758227435
80.74261931820638
