62.67581482417306
55.42795695050148
56.40298593320316
56.615522842715
58.89324808375955
61.82022276882411
54.701614960356245
57.98192517871526
57.82768903953261
56.81758931317116
92.94162826420889
97.81874039938556
94.80286738351253
96.59498207885305
95.61827956989247
84.68475073313783
89.95391705069125
88.3026113671275
89.67741935483869
89.03225806451613
86.93548387096774
83.81720430107526
87.1236559139785
82.97491039426524
90.86021505376344
62.241461233328636
61.885621516713165
63.22296326352066
61.2168964773785
59.65134121629474
59.21591264178919
58.831177587580605
61.93021345343785
61.00983801001265
59.590034534194324
84.6620583717358
86.55913978494623
88.10547875064005
81.92012288786482
85.7642089093702
90.71940604198669
86.92012288786482
87.24014336917564
91.47081413210445
90.0806451612903
61.17044226799306
60.00736130967531
58.833361293035885
60.05984346333686
58.64045190569105
87.26958525345623
85.37250384024578
86.55913978494623
84.2242703533026
89.69534050179212
86.95084485407065
82.73425499231952
86.70250896057347
90.16129032258064
87.36175115207375
61.2560065825602
61.59180243739403
61.76250838704444
61.31243801279876
61.95013165612332
80.25345622119815
80.51331285202252
86.88172043010752
78.06707629288273
77.75729646697388
60.87124878881393
61.683763247623574
61.66280455462722
64.05740900356133
62.445225569089224
84.06810035842294
80.08064516129032
85.00768049155145
83.9695340501792
77.67665130568356
81.82795698924731
91.18279569892472
86.71658986175116
84.45852534562212
89.04377880184333
60.69637374120838
61.2025639862872
59.839020328741306
59.955844625552956
60.55665091817035
87.56528417818741
84.33947772657449
82.93394777265745
87.92242703533026
90.1190476190476
81.20583717357911
81.82795698924731
77.93010752688171
82.08909370199692
83.74807987711213
59.66282860336711
62.15821211836826
59.805335384675296
61.324510925324255
62.62645939853956
61.79707854725794
63.48994860920659
