62.67581482417306
53.19063356592234
52.758220554989364
51.194242592701386
50.56665791965088
61.82022276882411
54.72273046690279
55.38982120027773
55.929257203867714
52.19022082215078
92.94162826420889
97.81874039938556
94.80286738351253
96.59498207885305
94.22043010752687
96.09831029185867
95.32258064516128
97.06989247311827
96.58218125960062
96.93548387096774
93.03763440860214
94.08602150537632
96.66666666666666
93.54838709677419
95.93701996927804
59.08401836008383
55.84002704816562
54.6396860442949
54.97935812045714
53.57954917935915
53.568822143526404
55.1057459088277
54.87182886480752
52.20284035016718
56.73984900919934
94.16282642089094
93.06451612903226
94.89247311827957
93.17204301075267
93.11827956989247
97.44239631336406
94.96927803379415
96.41577060931898
96.7741935483871
98.11827956989247
53.495909445109554
51.38284347389003
51.32082219694277
54.2531352779923
54.20246108100365
92.63440860215053
91.72043010752688
95.26881720430107
91.47465437788017
94.40860215053763
92.33870967741936
92.6036866359447
92.74193548387095
97.25806451612904
95.52995391705069
55.89863624464985
54.91339028881156
52.60576349247031
51.8723689943756
53.94316578697153
96.92268305171532
96.12135176651306
98.38709677419355
91.55913978494623
93.9247311827957
54.12600290463339
56.113854812129524
54.05124166179578
56.11783682688782
56.368415739190986
91.55913978494623
93.54838709677418
95.4531490015361
97.92626728110599
93.02867383512545
92.68817204301075
95.96774193548387
94.62365591397848
90.23809523809524
95.32258064516128
55.976570144456716
55.938068693483636
53.50855085705773
53.62875766918337
53.46713920327082
98.27956989247312
93.70967741935482
90.22657450076804
94.35483870967741
95.21505376344085
93.24884792626727
92.89554531490016
95.59139784946235
95.59139784946235
96.36712749615975
54.64950199267031
53.43261967067101
53.23225516925014
56.598346467698704
56.03618607022561
53.77590031315058
53.990167335418
55.582593378900405
54.3053620694223
56.024072366242066
57.96391793408516
55.67885049169889
54.427358502365834
52.95176654088535
51.558484274030135
94.78494623655914
96.20583717357911
97.41935483870968
96.85099846390169
96.20583717357911
55.14316511650647
56.22208348427587
52.897888683058476
55.96073331509909
55.66964785926771
93.65591397849461
98.06451612903226
95.96774193548387
88.38709677419355
93.89400921658985
54.921507780824676
56.393621581275916
57.138728653353084
51.36463211745628
57.29347901293251
95.86021505376344
97.31182795698925
98.19508448540708
94.83486943164361
96.29032258064517
53.874356383578586
55.04295172166435
57.47228120001316
57.27674620679421
57.84602293422682
57.94795750132689
53.31077848537934
54.60337746946797
52.962712542592854
56.43812535752228
92.63440860215053
91.55913978494624
93.78648233486943
91.79723502304148
93.44086021505376
56.88980550786671
56.789628739419015
54.18231801246646
54.183698184845305
55.03959268604062
54.79978114058267
54.06223448176388
54.2240808464449
57.240220021426
55.711032669445245
59.64807945460629
54.25545341760931
58.089804349112846
55.390008592306785
53.75343332986329
89.80798771121351
90.05376344086022
95.39938556067588
89.24731182795698
90.56067588325652
55.74476780971027
53.49120447793726
56.829601512468805
55.871758615289444
55.52938724161177
94.24731182795698
93.07603686635946
93.92089093701996
95.53763440860214
92.2811059907834
58.26069562347399
57.85955558960154
56.0606884622487
53.495068423968426
53.93582996631308
92.6036866359447
85.10752688172042
92.09677419354837
88.87096774193547
89.94623655913978
95.752688172043
97.31182795698925
91.02150537634408
91.82795698924731
97.31182795698925
56.077839254106536
56.72881555781888
57.03073363613139
58.34203619740086
58.340512995389766
93.08755760368663
86.42089093701998
92.54992319508449
90.80645161290323
88.65591397849461
93.76344086021506
93.79032258064517
94.1321044546851
96.61290322580645
93.82488479262672
87.5268817204301
92.63440860215053
90.81669226830518
91.90476190476191
85.50691244239631
55.95355666699876
53.971583569049685
53.61208002321193
54.8287154857385
53.05954570098424
54.94625559179827
55.6406752130781
53.7264274343913
57.25146641025685
55.43045245569379
88.49462365591397
92.71121351766514
87.66129032258064
88.17204301075267
92.09677419354838
57.90425161672275
57.0100296485313
55.672814750423456
56.60197194660436
55.05571091949888
57.05447341988775
55.491189211658316
58.85668910776249
54.113929226797744
54.52913692657425
92.33870967741936
95.16129032258063
97.01228878648233
94.35483870967742
94.96415770609319
58.40392125285184
55.48028205889944
55.264881307734726
54.31140315431585
57.036586895517445
93.70967741935483
86.5552995391705
87.79569892473118
87.67281105990783
89.78494623655914
56.98812592076426
57.326200209909736
57.55882025255371
58.715940326012806
55.74925018106607
53.53829302189673
55.86666805256912
56.349515183820316
55.1888006340777
57.25570338735576
89.24731182795698
93.37941628264208
96.02150537634408
94.59293394777265
92.74193548387096
59.12509000504503
58.74448397536742
56.31401089359154
56.21835821037224
55.36649664925548
92.84562211981567
94.05913978494623
95.59139784946235
94.7542242703533
95.99078341013825
90.18433179723503
86.0599078341014
91.18279569892472
88.74807987711213
86.31336405529954
91.93548387096774
94.75806451612901
90.32258064516128
92.74193548387096
97.03020993343574
90.18817204301074
91.95852534562212
91.34408602150538
93.14132104454684
90.30721966205837
95.13440860215053
96.23655913978493
91.13671274961598
93.84024577572964
95.87813620071684
88.9784946236559
87.42703533026115
88.24372759856631
87.39247311827955
91.14439324116744
59.351144262274694
54.32132477238671
56.879901906878125
57.57484781536605
56.04077330934846
89.94623655913978
88.88248847926266
88.90552995391705
90.64516129032256
87.58064516129032
57.38276889062884
53.725544767356695
58.43439305302632
56.02135242167671
58.03015288693931
88.65591397849461
91.72043010752688
87.45775729646695
87.5268817204301
84.83870967741936
60.52391455432501
56.328064875652245
56.18332004906661
57.555124419617734
61.50193697031873
56.65960173376141
52.91664403352687
56.74173691327998
57.15668100628653
53.95651536136077
87.67281105990784
86.10599078341014
85.10752688172042
83.84024577572966
89.7043010752688
94.70046082949308
90.31874039938556
92.63440860215053
89.40860215053763
94.30107526881721
56.75214714861295
56.99920658499886
56.84306397383302
56.776636837111475
55.77489621813644
57.47615331720805
60.26309303656441
57.08030823015721
57.60592705908834
56.033923277779905
59.71902759503389
54.685826038011676
55.42678919464029
58.84223081311865
58.5119361709476
84.10906298003071
88.3026113671275
87.9416282642089
82.9800307219662
86.92012288786482
86.85099846390169
85.89861751152074
88.72759856630825
92.27598566308244
86.65130568356375
57.64701707159705
56.77911465460479
58.470405080668286
56.47058370667379
57.79509111862064
57.11822985708872
56.26509217667591
58.367423937058966
57.044202185629565
56.957020152849196
56.38056044323432
57.403830669969814
56.048155252306834
58.74545866527898
57.732895369379754
87.84946236559139
88.23348694316437
85.64516129032258
88.48694316436251
90.69892473118279
53.46081363279518
53.38549914836732
57.71555852438185
54.292904181808375
55.34237330468742
90.62980030721967
90.8678955453149
89.3010752688172
87.13517665130568
92.79569892473118
61.088101282323855
59.64664388915408
58.53361036623899
57.28532083249462
58.79121959783694
93.04915514592935
91.66666666666666
89.88479262672811
95.10752688172042
91.4516129032258
59.8618747166983
59.246152837414435
54.92267025518796
57.3005058109995
57.499343489832825
90.05376344086021
92.08909370199692
89.62365591397848
91.5015360983103
89.46236559139784
90.05376344086022
88.62903225806451
91.97388632872504
91.50537634408602
90.7910906298003
58.55750112867112
56.539497336017256
57.227599924143796
58.326705080140755
58.03937735485617
60.4231928329741
57.8924797428678
55.06189780455394
58.44601992613304
58.38822581332281
56.792913906403
56.85575822663649
58.63969739926158
59.42358271241394
57.55491621749239
58.98601923518586
61.94470308953476
60.94885908168191
59.93733867289756
59.446237624969264
57.16222286617566
57.61192040601351
56.613910411558834
56.16129000544648
56.20583974889136
59.14624285819997
61.60524171698083
59.49474696338289
59.834964896469856
59.232433002128396
61.707637752177355
54.91347896717512
59.56073095792222
58.16012180696367
55.77952198334231
86.77419354838709
89.40860215053763
91.0599078341014
90.97542242703534
92.02764976958524
60.999270306576086
57.66291954174894
57.59436421195703
57.10516554915191
59.83360958017491
55.551192511995495
58.21448350947016
56.421952628765695
56.28386396648234
56.44061917827369
87.1505376344086
87.29646697388634
86.9201228878648
87.66129032258064
84.91551459293395
92.40399385560676
87.8225806451613
91.05990783410138
90.468509984639
91.05990783410138
58.747874571410236
60.46626086760003
60.20944758386961
58.273369140594205
59.292269052629635
59.79693646338484
57.531680719421686
57.12710757073578
60.06809060796893
56.09214120701946
57.91412093872484
60.611022225806884
59.93068468415097
60.771001579887965
60.415341779400826
56.533046361570584
57.94138699949345
