62.67581482417306
55.43248316579399
56.15213637453474
56.90824146303845
56.69559522852959
61.82022276882411
54.71471255999352
57.81246743198822
57.943667399277814
56.84792157981664
92.94162826420889
97.81874039938556
94.80286738351253
97.74193548387096
95.61827956989247
85.00733137829913
89.95391705069125
88.3026113671275
89.67741935483869
89.03225806451613
83.01075268817203
84.78494623655914
87.1236559139785
82.32974910394265
90.86021505376344
62.20949387506467
62.382620378425834
63.901601609179934
62.99321332085892
62.57615384865645
59.56007420685432
59.49705031688071
62.10965668403519
60.42782362533427
60.81937205892049
84.39324116743471
86.07526881720429
88.10547875064005
82.29646697388633
86.0394265232975
90.94982078853046
87.88786482334869
85.30721966205836
91.47081413210445
90.0806451612903
61.33220999064947
61.19036020165656
60.57306294413514
60.72648240247808
59.48370927744517
87.1620583717358
85.21121351766514
86.55913978494623
84.2242703533026
89.05017921146954
87.32718894009217
83.59447004608298
86.70250896057347
87.58064516129032
88.54454685099846
62.43620887795644
62.251454046637555
62.38460135876986
62.99736076812572
63.211318849871375
81.07526881720429
81.05094726062467
86.88172043010752
77.32334869431642
77.00460829493086
63.322085754956255
64.11805510803497
64.28178722404697
66.87229614346819
65.229526132398
81.75627240143369
79.05913978494624
84.68509984639017
84.13082437275985
78.5599078341014
81.55913978494623
91.18279569892472
85.91013824884793
82.57680491551459
87.1620583717358
61.424899360377644
61.46401127222254
60.43873985347275
62.23036714484797
61.981585760128
86.00614439324117
84.23195084485405
81.45161290322581
86.84715821812595
88.50614439324117
82.33486943164363
80.48387096774194
78.95161290322581
81.28264208909368
82.13104100200874
61.969057796802424
62.88672024028831
59.99683301073551
62.38280433885593
63.811524671373334
62.84211985199839
66.26802004107265
64.97281901386178
65.85156806490217
64.41393593165425
62.40283179065986
61.92257764877652
61.88004988795209
62.39351444987697
62.99940207779747
81.1290322580645
83.97081413210445
87.08525345622121
78.42165898617512
83.40245775729646
60.52136105617123
61.34349272819042
60.51439915568268
61.26719644796784
61.88623512972162
82.84946236559139
87.32334869431642
85.65668202764978
86.44393241167434
83.09523809523809
64.60112948064837
67.5060892140462
65.5084444864812
64.4246152808247
68.41282812442023
89.2741935483871
85.98694316436251
90.68356374807988
87.83410138248847
90.3225806451613
64.81676372626461
65.58528215649135
65.29838692213748
65.89804611238527
67.31032953971838
60.3412490355065
61.009927865616234
60.69562754208379
60.17912809712385
60.29060011694319
83.41013824884793
87.90322580645162
86.4784946236559
81.82795698924731
86.70506912442397
64.3692229400781
66.36279631675089
66.1153942830506
65.84536624360159
67.41926783215284
60.580711900238576
59.51011815089772
61.80585236832949
61.63514197603594
61.8691408943298
59.556017511413664
61.62046448375695
62.798421676521755
62.00087225978292
61.76652437660781
80.88325652841782
80.88709677419355
86.98924731182795
83.46390168970814
83.6405529953917
61.50289521401587
60.32263088408031
61.37552317008277
61.74308864414632
60.854722019673716
83.70967741935483
88.80603267700042
83.99385560675883
86.55145929339477
83.6021505376344
60.07796142044972
59.73696602540234
61.18965364012046
59.69634862628612
61.10370794712081
80.57603686635946
81.58602150537634
84.4162826420891
84.16026625704045
82.22222222222221
88.06451612903224
88.80603267700042
82.5
88.17204301075269
89.15130568356375
62.600947643951265
66.54746472073393
63.969762741404864
64.28691046699582
64.46123336556659
85.76164874551972
81.94700460829493
84.10906298003071
79.59677419354838
84.6774193548387
79.0821812596006
79.38172043010752
78.89016897081413
81.60522273425498
80.43429688590977
80.81797235023042
82.02764976958525
82.35023041474655
79.83486943164363
83.0184331797235
61.58017513930808
59.97346304577124
59.02909662290953
60.84964850615241
62.00714709582774
59.05664740018164
61.3883778894214
62.63968952628026
61.635391123836165
61.55903831883353
85.15360983102919
85.76036866359448
82.59216589861751
81.50537634408602
83.14516129032258
63.389352694222325
59.3592711856485
59.470631886909494
63.00640615116257
62.83077264837631
59.49400561499877
61.1375461873714
61.97141472107307
60.74237621798448
61.39486827910943
82.84946236559139
87.19278033794163
87.74193548387096
83.76344086021503
89.23195084485408
61.99927930349157
61.36770629407852
60.29533339909948
59.84894335583189
61.44119395357671
86.22631848438299
82.72273425499232
84.9731182795699
82.34254992319508
86.03302611367127
59.83785759928462
62.667075649775136
61.512914971833474
61.854513093045874
61.52801056604699
61.382497401674726
61.01291815622202
61.334852393952204
60.183710774193756
62.55795486620413
79.58804636223991
80.43906810035841
83.32565284178187
81.33640552995392
80.24833589349718
63.77798225401396
64.86050199905162
64.18875673825617
65.3397273587296
64.80265497849959
84.21309872922775
85.0652841781874
87.19662058371736
88.0837173579109
88.97465437788019
