0.10=0.00 0.00 0.00 0.00 0.00 0.00 3.24 0.00 0.00 0.00 0.00 0.00 0.00 0.00 0.00 0.00 0.00 0.00 0.00 0.00 0.00 0.00 0.00 0.00 0.00 0.00 0.00 0.00 0.00 0.00 0.00
0.10=0.00 0.00 0.00 0.00 0.00 0.00 3.24 0.00 0.00 0.00 0.00 0.00 0.00 0.00 0.00 0.00 0.00 0.00 0.00 0.00 0.00 0.00 0.00 0.00 0.00 0.00 0.00 0.00 0.00 0.00 0.00
0.10=0.00 0.00 0.00 0.00 0.00 0.00 3.24 0.00 0.00 0.00 0.00 0.00 0.00 0.00 0.00 0.00 0.00 0.00 0.00 0.00 0.00 0.00 0.00 0.00 0.00 0.00 0.00 0.00 0.00 0.00 0.00
0.10=0.00 0.00 0.00 0.00 0.00 0.00 3.24 0.00 0.00 0.00 0.00 0.00 0.00 0.00 0.00 0.00 0.00 0.00 0.00 0.00 0.00 0.00 0.00 0.00 0.00 0.00 0.00 0.00 0.00 0.00 0.00
0.10=0.00 0.00 0.00 0.00 0.00 0.00 3.24 0.00 0.00 0.00 0.00 0.00 0.00 0.00 0.00 0.00 0.00 0.00 0.00 0.00 0.00 0.00 0.00 0.00 0.00 0.00 0.00 0.00 0.00 0.00 0.00
0.10=0.00 0.00 0.00 0.00 0.00 0.00 3.24 0.00 0.00 0.00 0.00 0.00 0.00 0.00 0.00 0.00 0.00 0.00 0.00 0.00 0.00 0.00 0.00 0.00 0.00 0.00 0.00 0.00 0.00 0.00 0.00
0.10=0.00 0.00 0.00 0.00 0.00 0.00 3.24 0.00 0.00 0.00 0.00 0.00 0.00 0.00 0.00 0.00 0.00 0.00 0.00 0.00 0.00 0.00 0.00 0.00 0.00 0.00 0.00 0.00 0.00 0.00 0.00
0.10=0.00 0.00 0.00 0.00 0.00 0.00 3.24 0.00 0.00 0.00 0.00 0.00 0.00 0.00 0.00 0.00 0.00 0.00 0.00 0.00 0.00 0.00 0.00 0.00 0.00 0.00 0.00 0.00 0.00 0.00 0.00
60.74=100.00 100.00 100.00 85.00 7.69 57.89 100.00 42.31 35.71 100.00 60.53 73.33 68.97 36.84 47.83 74.07 78.12 84.00 38.00 68.00 17.65 80.77 76.00 21.88 46.43 57.89 75.00 19.05 0.00 57.14 72.73
55.99=82.14 100.00 72.00 80.00 14.29 44.23 86.36 47.83 37.50 80.00 60.53 73.33 58.06 16.67 35.00 79.17 70.59 91.67 34.09 71.43 0.00 88.00 80.00 23.53 40.54 50.00 60.00 20.00 0.00 50.00 88.89
56.28=95.65 100.00 82.61 86.96 4.76 43.86 84.00 42.86 41.67 86.67 70.59 71.88 75.00 16.67 31.82 70.00 72.41 69.70 32.00 53.57 0.00 88.46 86.96 18.92 42.42 75.00 47.06 21.43 0.00 42.86 88.89
56.68=88.46 100.00 77.27 86.36 13.64 42.37 80.77 50.00 44.44 88.24 60.00 67.74 69.57 32.00 55.00 68.75 65.71 80.77 34.78 50.00 0.00 100.00 81.82 22.22 39.47 69.23 58.33 16.67 0.00 53.33 60.00
56.46=88.46 100.00 90.48 83.33 8.33 43.64 81.48 47.06 23.08 88.24 61.54 74.19 59.26 30.00 57.14 67.74 74.19 77.78 29.17 46.88 0.00 86.21 85.71 17.65 41.67 80.00 57.14 20.00 0.00 46.67 83.33
60.62=95.65 100.00 69.57 79.17 9.68 55.81 86.96 76.19 38.89 82.35 64.71 82.14 66.67 60.00 30.77 71.43 83.33 86.96 46.88 76.19 18.18 83.33 80.00 27.27 50.00 70.00 61.54 28.57 0.00 40.00 57.14
57.28=88.46 100.00 69.23 70.83 3.33 46.94 88.00 76.47 33.33 66.67 71.43 78.57 71.43 47.83 41.67 63.64 74.19 72.41 59.26 72.22 0.00 77.42 75.00 13.64 48.28 56.52 57.89 50.00 0.00 53.85 47.06
56.51=88.00 100.00 73.91 68.97 0.00 41.82 87.50 56.00 35.71 100.00 67.65 88.00 55.88 43.48 27.27 65.62 80.00 70.97 48.15 65.00 0.00 76.67 79.31 18.18 46.15 59.09 58.82 41.18 0.00 50.00 58.33
59.77=100.00 100.00 65.38 70.37 0.00 45.28 82.61 66.67 53.33 94.12 67.65 81.48 54.84 56.00 36.36 79.17 75.76 57.89 55.17 60.00 7.14 76.67 84.62 15.00 53.57 70.00 47.37 61.54 0.00 57.14 77.78
59.60=100.00 100.00 80.95 65.62 0.00 46.15 86.96 70.59 25.00 83.33 63.16 88.00 53.85 61.90 44.44 92.00 80.00 67.74 53.85 43.33 0.00 89.66 78.12 21.05 55.56 87.50 55.56 50.00 0.00 33.33 70.00
91.90=100.00 100.00 100.00 100.00 100.00 100.00 100.00 75.00 100.00 75.00 100.00 100.00 85.71 100.00 100.00 100.00 75.00 100.00 66.67 100.00 100.00 50.00 100.00 80.00 66.67 100.00 100.00 100.00 75.00 100.00 100.00
97.47=100.00 100.00 100.00 100.00 100.00 100.00 100.00 75.00 100.00 100.00 100.00 100.00 100.00 100.00 100.00 100.00 100.00 100.00 100.00 100.00 100.00 100.00 100.00 80.00 100.00 66.67 100.00 100.00 100.00 100.00 100.00
95.07=75.00 100.00 100.00 100.00 100.00 100.00 100.00 75.00 100.00 100.00 100.00 100.00 100.00 100.00 88.89 100.00 75.00 100.00 100.00 100.00 100.00 100.00 100.00 66.67 66.67 100.00 100.00 100.00 100.00 100.00 100.00
96.99=100.00 100.00 100.00 100.00 100.00 100.00 100.00 100.00 100.00 100.00 100.00 100.00 100.00 80.00 80.00 100.00 100.00 100.00 100.00 100.00 100.00 100.00 100.00 80.00 66.67 100.00 100.00 100.00 100.00 100.00 100.00
95.62=100.00 100.00 100.00 100.00 100.00 100.00 100.00 100.00 80.00 100.00 100.00 66.67 100.00 100.00 87.50 100.00 100.00 100.00 100.00 100.00 100.00 100.00 100.00 80.00 50.00 100.00 100.00 100.00 100.00 100.00 100.00
87.92=100.00 100.00 100.00 100.00 100.00 50.00 100.00 100.00 100.00 100.00 100.00 100.00 100.00 57.14 70.00 100.00 75.00 100.00 100.00 40.00 66.67 66.67 100.00 100.00 100.00 100.00 100.00 100.00 0.00 100.00 100.00
86.89=100.00 100.00 100.00 75.00 100.00 60.00 100.00 100.00 100.00 100.00 100.00 66.67 100.00 100.00 100.00 100.00 100.00 100.00 66.67 50.00 100.00 80.00 100.00 57.14 66.67 100.00 100.00 100.00 0.00 71.43 100.00
85.59=100.00 100.00 100.00 100.00 100.00 50.00 100.00 75.00 100.00 100.00 100.00 50.00 100.00 100.00 80.00 100.00 100.00 100.00 100.00 40.00 100.00 100.00 100.00 25.00 66.67 100.00 100.00 100.00 0.00 66.67 100.00
89.55=100.00 100.00 100.00 75.00 100.00 100.00 100.00 100.00 100.00 100.00 100.00 66.67 100.00 80.00 88.89 100.00 75.00 66.67 100.00 100.00 100.00 100.00 100.00 57.14 66.67 100.00 100.00 100.00 0.00 100.00 100.00
89.28=100.00 100.00 100.00 100.00 100.00 100.00 100.00 100.00 100.00 100.00 100.00 66.67 100.00 100.00 100.00 100.00 100.00 100.00 50.00 100.00 100.00 80.00 100.00 44.44 100.00 66.67 80.00 100.00 0.00 80.00 100.00
80.45=100.00 100.00 100.00 100.00 100.00 37.50 100.00 100.00 80.00 100.00 100.00 66.67 71.43 80.00 100.00 100.00 75.00 66.67 100.00 50.00 0.00 66.67 100.00 66.67 33.33 100.00 100.00 100.00 0.00 100.00 100.00
85.61=100.00 100.00 100.00 75.00 100.00 50.00 100.00 100.00 100.00 80.00 100.00 66.67 83.33 100.00 100.00 100.00 75.00 100.00 100.00 66.67 0.00 100.00 100.00 57.14 33.33 66.67 100.00 100.00 100.00 100.00 100.00
85.63=100.00 100.00 100.00 100.00 100.00 50.00 100.00 100.00 100.00 80.00 100.00 100.00 85.71 100.00 100.00 100.00 50.00 66.67 100.00 40.00 0.00 75.00 100.00 57.14 50.00 100.00 100.00 100.00 100.00 100.00 100.00
83.93=75.00 100.00 100.00 75.00 100.00 50.00 100.00 100.00 100.00 100.00 75.00 66.67 100.00 100.00 100.00 100.00 75.00 100.00 66.67 40.00 0.00 100.00 100.00 28.57 50.00 100.00 100.00 100.00 100.00 100.00 100.00
92.23=100.00 100.00 100.00 100.00 100.00 60.00 100.00 100.00 100.00 100.00 100.00 100.00 100.00 100.00 100.00 100.00 50.00 100.00 66.67 100.00 100.00 80.00 85.71 50.00 66.67 100.00 100.00 100.00 100.00 100.00 100.00
59.29=100.00 100.00 100.00 84.21 8.70 35.48 72.73 88.24 36.36 94.12 65.71 84.21 56.41 60.00 33.33 77.78 64.86 91.30 31.58 40.00 4.35 48.57 89.47 31.25 39.29 100.00 66.67 33.33 0.00 22.22 77.78
59.50=100.00 100.00 89.47 83.33 2.70 42.86 80.77 65.38 40.00 77.27 67.57 80.77 60.53 88.24 9.09 81.48 71.88 78.57 46.43 44.00 4.17 73.08 81.48 23.08 53.57 93.75 75.00 28.57 0.00 18.18 83.33
60.76=95.83 100.00 100.00 80.00 8.33 38.98 77.78 62.50 47.37 88.89 65.71 71.88 63.89 70.00 46.15 84.62 68.57 75.86 45.83 47.62 0.00 73.33 77.78 18.52 44.12 92.86 65.22 33.33 0.00 38.46 100.00
59.27=95.65 100.00 100.00 77.78 8.33 48.00 84.62 65.38 45.00 100.00 62.86 65.71 60.53 60.00 0.00 91.30 68.57 78.57 37.93 54.55 5.88 72.41 77.78 26.09 40.62 81.25 80.00 37.50 0.00 20.00 90.91
58.15=100.00 95.24 94.74 70.00 6.06 40.74 80.77 60.00 34.62 88.89 68.57 67.65 59.46 66.67 0.00 95.45 68.97 71.88 56.00 42.31 0.00 83.33 84.62 21.43 59.09 93.33 63.64 12.50 0.00 16.67 100.00
56.61=96.00 95.00 94.74 83.33 0.00 36.92 68.97 33.33 26.67 89.47 50.00 57.50 64.71 51.85 36.84 75.86 71.43 73.08 39.29 60.87 0.00 73.53 80.95 26.92 55.56 88.89 53.33 10.00 0.00 60.00 100.00
56.14=88.46 100.00 90.00 85.71 0.00 38.33 82.61 55.00 12.50 85.71 44.23 62.16 60.00 54.55 35.00 92.00 68.97 70.00 41.38 50.00 0.00 72.41 75.00 22.22 52.17 81.82 70.00 16.67 0.00 33.33 100.00
57.97=100.00 95.24 94.74 77.27 0.00 35.38 72.00 52.17 40.00 85.00 50.00 64.71 64.71 52.17 33.33 80.77 70.97 85.19 53.57 51.72 0.00 78.79 82.61 25.81 54.17 90.91 63.64 0.00 0.00 42.11 100.00
56.38=100.00 100.00 90.00 83.33 0.00 38.71 78.57 42.11 17.65 69.57 47.92 64.71 62.86 71.43 19.05 88.00 69.70 75.86 40.62 75.00 0.00 83.33 85.71 23.33 45.45 83.33 60.00 0.00 0.00 53.85 77.78
56.64=100.00 90.91 94.44 81.82 0.00 40.00 77.78 48.00 20.00 80.00 56.10 56.10 77.78 62.50 40.00 82.14 75.00 80.77 37.04 62.50 0.00 73.53 83.33 27.59 48.00 76.92 56.25 0.00 0.00 40.00 87.50
77.51=100.00 100.00 100.00 60.00 100.00 50.00 100.00 100.00 75.00 60.00 100.00 33.33 100.00 100.00 80.00 100.00 42.86 100.00 66.67 40.00 50.00 100.00 100.00 40.00 25.00 100.00 100.00 100.00 0.00 80.00 100.00
83.08=100.00 100.00 100.00 100.00 75.00 42.86 100.00 100.00 100.00 80.00 100.00 100.00 100.00 100.00 100.00 100.00 75.00 100.00 66.67 66.67 0.00 75.00 100.00 44.44 50.00 100.00 100.00 100.00 0.00 100.00 100.00
82.60=100.00 100.00 100.00 100.00 100.00 42.86 100.00 100.00 100.00 60.00 100.00 66.67 100.00 100.00 100.00 100.00 60.00 100.00 66.67 100.00 0.00 100.00 100.00 44.44 20.00 100.00 100.00 100.00 0.00 100.00 100.00
81.72=100.00 100.00 100.00 100.00 100.00 75.00 100.00 100.00 100.00 100.00 75.00 66.67 100.00 80.00 100.00 100.00 75.00 100.00 66.67 40.00 100.00 100.00 100.00 50.00 25.00 0.00 80.00 100.00 0.00 100.00 100.00
83.12=100.00 100.00 100.00 75.00 100.00 75.00 100.00 100.00 100.00 100.00 75.00 50.00 100.00 100.00 100.00 100.00 60.00 100.00 66.67 66.67 66.67 100.00 83.33 50.00 25.00 100.00 100.00 100.00 0.00 83.33 100.00
86.24=100.00 100.00 100.00 75.00 100.00 60.00 100.00 100.00 100.00 100.00 100.00 50.00 100.00 66.67 100.00 100.00 75.00 100.00 100.00 100.00 66.67 80.00 83.33 50.00 66.67 100.00 100.00 100.00 0.00 100.00 100.00
86.45=100.00 100.00 100.00 100.00 100.00 50.00 100.00 75.00 100.00 100.00 100.00 50.00 100.00 100.00 100.00 100.00 75.00 100.00 50.00 100.00 100.00 80.00 100.00 50.00 100.00 66.67 100.00 100.00 0.00 83.33 100.00
78.43=100.00 100.00 100.00 100.00 100.00 42.86 100.00 75.00 100.00 100.00 100.00 40.00 100.00 100.00 85.71 100.00 100.00 66.67 66.67 100.00 0.00 80.00 100.00 44.44 0.00 66.67 100.00 100.00 0.00 83.33 80.00
88.38=100.00 100.00 100.00 75.00 100.00 100.00 100.00 100.00 100.00 100.00 100.00 66.67 83.33 100.00 100.00 100.00 60.00 100.00 66.67 100.00 100.00 100.00 100.00 50.00 100.00 66.67 100.00 100.00 0.00 71.43 100.00
86.76=100.00 100.00 100.00 100.00 80.00 60.00 100.00 75.00 80.00 100.00 100.00 50.00 100.00 100.00 77.78 100.00 100.00 100.00 100.00 50.00 100.00 100.00 100.00 50.00 100.00 66.67 100.00 100.00 0.00 100.00 100.00
59.26=95.45 100.00 90.00 90.00 4.00 40.98 78.57 52.17 42.86 84.21 51.11 55.81 76.67 62.50 20.00 78.57 89.29 77.78 41.94 51.72 0.00 73.33 80.00 24.14 58.33 90.91 61.54 7.69 0.00 70.00 87.50
55.93=95.83 100.00 85.71 90.91 0.00 41.07 73.33 41.67 29.41 88.89 59.46 63.64 62.86 48.28 39.13 91.67 65.71 68.97 37.50 57.69 0.00 80.65 75.00 19.23 54.17 81.82 56.25 0.00 0.00 50.00 75.00
57.16=100.00 95.45 85.00 86.96 0.00 38.98 84.00 45.45 29.41 88.89 45.65 69.70 60.53 56.00 38.10 91.67 63.89 75.86 46.67 68.18 0.00 76.47 86.36 27.59 60.00 76.92 52.94 10.00 0.00 38.46 72.73
58.01=95.65 95.45 82.61 90.00 0.00 44.64 86.96 52.38 31.58 72.73 53.49 63.16 65.62 68.18 34.78 91.67 75.00 67.74 47.06 62.50 0.00 80.00 81.82 25.00 47.62 90.91 64.29 0.00 0.00 41.67 85.71
58.19=100.00 100.00 85.00 86.96 4.55 45.28 72.41 35.29 28.57 85.71 56.10 56.10 65.71 73.91 40.00 78.57 68.57 74.19 46.67 58.33 0.00 76.67 82.61 29.63 56.00 76.92 60.00 0.00 0.00 60.00 100.00
82.21=75.00 100.00 100.00 75.00 100.00 37.50 100.00 100.00 100.00 100.00 100.00 66.67 100.00 100.00 100.00 100.00 75.00 66.67 100.00 66.67 0.00 100.00 100.00 44.44 66.67 100.00 100.00 100.00 0.00 100.00 75.00
81.63=100.00 100.00 100.00 100.00 100.00 42.86 100.00 100.00 100.00 100.00 75.00 66.67 83.33 60.00 100.00 100.00 50.00 100.00 66.67 66.67 50.00 100.00 100.00 44.44 25.00 100.00 100.00 100.00 0.00 100.00 100.00
80.04=100.00 100.00 100.00 75.00 100.00 50.00 66.67 100.00 100.00 80.00 100.00 66.67 100.00 100.00 100.00 100.00 60.00 66.67 66.67 100.00 0.00 75.00 100.00 44.44 50.00 100.00 80.00 100.00 0.00 100.00 100.00
79.06=75.00 100.00 100.00 100.00 100.00 33.33 100.00 100.00 100.00 100.00 75.00 66.67 100.00 80.00 87.50 100.00 50.00 100.00 100.00 50.00 0.00 100.00 100.00 33.33 50.00 50.00 100.00 100.00 0.00 100.00 100.00
86.38=100.00 100.00 100.00 100.00 100.00 75.00 100.00 100.00 100.00 100.00 100.00 50.00 100.00 100.00 100.00 100.00 75.00 100.00 100.00 66.67 50.00 66.67 100.00 44.44 50.00 100.00 100.00 100.00 0.00 100.00 100.00
77.74=100.00 100.00 100.00 75.00 100.00 30.00 100.00 75.00 100.00 100.00 100.00 50.00 100.00 66.67 60.00 100.00 60.00 100.00 66.67 66.67 0.00 60.00 100.00 50.00 66.67 100.00 100.00 83.33 0.00 100.00 100.00
84.85=100.00 100.00 100.00 100.00 80.00 75.00 100.00 50.00 66.67 75.00 100.00 66.67 100.00 100.00 100.00 100.00 75.00 100.00 100.00 66.67 66.67 80.00 100.00 57.14 100.00 100.00 100.00 100.00 0.00 71.43 100.00
84.74=100.00 100.00 100.00 100.00 100.00 60.00 100.00 100.00 100.00 100.00 100.00 66.67 100.00 75.00 100.00 100.00 75.00 100.00 100.00 50.00 50.00 80.00 100.00 28.57 66.67 100.00 100.00 100.00 0.00 75.00 100.00
81.65=100.00 100.00 83.33 100.00 100.00 42.86 75.00 100.00 80.00 100.00 75.00 66.67 100.00 75.00 100.00 100.00 75.00 100.00 100.00 50.00 0.00 100.00 100.00 50.00 100.00 100.00 100.00 100.00 0.00 83.33 75.00
84.73=100.00 100.00 100.00 100.00 100.00 60.00 100.00 75.00 100.00 100.00 100.00 50.00 80.00 100.00 100.00 100.00 75.00 66.67 100.00 66.67 100.00 80.00 100.00 40.00 33.33 100.00 100.00 100.00 0.00 100.00 100.00
59.15=85.71 100.00 94.74 82.61 3.57 39.34 78.57 57.89 37.50 94.12 57.89 54.55 78.57 66.67 36.00 91.67 74.19 66.67 48.39 51.72 0.00 82.76 84.21 24.24 61.11 81.82 44.44 9.09 0.00 45.45 100.00
57.16=95.65 95.45 94.74 86.96 0.00 43.86 80.77 52.94 16.67 88.24 54.76 63.89 57.58 70.83 47.83 87.50 69.70 59.46 48.39 51.72 0.00 86.21 80.00 23.53 60.87 76.92 50.00 0.00 0.00 41.67 85.71
58.19=100.00 100.00 82.61 86.96 0.00 40.00 80.77 50.00 44.44 88.89 59.46 58.97 65.62 63.64 28.57 76.67 67.65 74.07 45.45 65.22 0.00 80.00 81.82 25.71 53.85 76.92 69.23 0.00 0.00 50.00 87.50
58.74=88.89 95.45 90.00 90.91 0.00 45.10 88.00 39.13 31.25 84.21 54.55 65.71 64.71 77.27 26.92 95.24 74.19 77.78 38.89 62.50 0.00 80.00 86.36 23.33 60.00 81.82 57.14 7.14 0.00 45.45 88.89
57.89=100.00 95.45 82.61 90.91 4.76 43.40 81.48 50.00 28.57 94.12 48.94 58.97 66.67 57.14 38.10 75.00 74.19 73.33 50.00 68.18 0.00 75.76 78.26 27.27 63.64 71.43 58.33 12.50 0.00 55.56 70.00
73.01=100.00 100.00 100.00 75.00 100.00 30.00 100.00 50.00 100.00 100.00 100.00 50.00 66.67 66.67 66.67 100.00 50.00 100.00 100.00 50.00 25.00 50.00 83.33 66.67 33.33 100.00 100.00 100.00 0.00 0.00 100.00
79.37=100.00 100.00 100.00 100.00 100.00 33.33 100.00 75.00 100.00 80.00 100.00 100.00 83.33 80.00 50.00 100.00 60.00 66.67 100.00 50.00 0.00 75.00 100.00 57.14 50.00 100.00 100.00 100.00 0.00 100.00 100.00
83.76=100.00 100.00 100.00 100.00 100.00 60.00 75.00 100.00 80.00 100.00 100.00 100.00 100.00 80.00 66.67 100.00 50.00 100.00 100.00 100.00 33.33 75.00 100.00 60.00 50.00 66.67 100.00 100.00 0.00 100.00 100.00
79.11=100.00 100.00 100.00 100.00 100.00 33.33 100.00 60.00 100.00 80.00 100.00 66.67 100.00 80.00 42.86 100.00 60.00 100.00 40.00 100.00 33.33 100.00 80.00 42.86 33.33 100.00 100.00 100.00 0.00 100.00 100.00
77.09=100.00 100.00 100.00 100.00 100.00 30.00 60.00 50.00 75.00 100.00 100.00 66.67 80.00 100.00 50.00 100.00 60.00 100.00 100.00 100.00 0.00 66.67 80.00 42.86 28.57 100.00 100.00 100.00 0.00 100.00 100.00
58.49=91.30 95.45 82.61 79.17 12.90 43.64 90.91 73.68 42.31 57.69 65.71 65.71 65.79 73.33 0.00 95.65 78.57 80.00 44.00 45.00 0.00 80.00 82.61 39.13 61.11 94.12 56.52 10.00 0.00 6.25 100.00
58.01=100.00 100.00 89.47 68.97 6.25 45.83 84.62 78.95 32.00 88.24 57.14 70.00 56.10 70.37 9.52 78.57 75.00 74.19 55.56 41.67 0.00 74.19 80.00 20.83 50.00 82.35 66.67 25.00 0.00 16.67 100.00
59.25=100.00 100.00 77.27 81.82 6.90 45.28 87.50 75.00 34.78 80.95 56.52 73.33 61.90 76.00 5.88 81.48 77.42 68.97 54.55 50.00 5.56 79.31 83.33 25.00 66.67 93.75 70.00 25.00 0.00 20.00 72.73
59.97=95.83 100.00 100.00 67.74 3.33 46.00 81.48 78.95 39.13 84.21 67.65 62.86 60.53 71.43 10.53 78.57 77.42 71.88 47.83 47.83 6.67 78.12 90.91 36.00 59.09 93.33 75.00 10.00 0.00 33.33 83.33
60.92=100.00 100.00 85.71 80.77 3.23 47.06 87.50 80.00 30.77 94.44 66.67 61.11 64.10 80.00 7.14 100.00 71.43 75.76 60.00 41.67 6.67 77.42 90.91 28.00 55.56 93.33 69.57 22.22 0.00 18.75 88.89
75.84=100.00 100.00 100.00 60.00 100.00 20.00 100.00 40.00 80.00 100.00 100.00 50.00 100.00 100.00 42.86 100.00 75.00 100.00 100.00 40.00 0.00 80.00 83.33 40.00 40.00 100.00 100.00 100.00 0.00 100.00 100.00
75.95=100.00 100.00 100.00 100.00 100.00 28.57 100.00 50.00 100.00 100.00 100.00 50.00 100.00 100.00 37.50 100.00 60.00 100.00 66.67 66.67 0.00 80.00 100.00 33.33 40.00 100.00 100.00 100.00 0.00 66.67 75.00
78.29=100.00 100.00 100.00 100.00 100.00 50.00 100.00 40.00 100.00 75.00 75.00 66.67 100.00 100.00 80.00 100.00 66.67 100.00 66.67 66.67 25.00 75.00 100.00 57.14 50.00 50.00 100.00 83.33 0.00 100.00 100.00
82.09=100.00 100.00 100.00 100.00 100.00 37.50 100.00 60.00 100.00 100.00 100.00 100.00 100.00 80.00 50.00 100.00 60.00 100.00 100.00 50.00 0.00 100.00 100.00 57.14 50.00 100.00 100.00 100.00 0.00 100.00 100.00
77.71=100.00 100.00 100.00 100.00 100.00 50.00 75.00 75.00 75.00 75.00 75.00 66.67 100.00 100.00 57.14 100.00 75.00 100.00 100.00 50.00 60.00 80.00 100.00 66.67 28.57 66.67 100.00 100.00 0.00 33.33 100.00
76.95=100.00 100.00 100.00 100.00 100.00 37.50 100.00 66.67 100.00 100.00 75.00 50.00 100.00 80.00 66.67 100.00 50.00 100.00 66.67 50.00 0.00 66.67 100.00 57.14 33.33 100.00 100.00 85.71 0.00 100.00 100.00
86.65=100.00 100.00 100.00 75.00 100.00 50.00 100.00 100.00 100.00 100.00 100.00 66.67 100.00 100.00 100.00 100.00 50.00 100.00 100.00 100.00 0.00 100.00 100.00 44.44 100.00 100.00 100.00 100.00 0.00 100.00 100.00
78.05=75.00 100.00 100.00 50.00 100.00 50.00 100.00 100.00 100.00 100.00 100.00 66.67 83.33 75.00 77.78 100.00 75.00 100.00 100.00 50.00 0.00 66.67 100.00 50.00 33.33 100.00 100.00 100.00 0.00 100.00 66.67
78.99=100.00 100.00 100.00 100.00 100.00 42.86 100.00 50.00 100.00 100.00 100.00 66.67 83.33 100.00 85.71 100.00 100.00 66.67 66.67 33.33 0.00 100.00 100.00 33.33 20.00 100.00 100.00 100.00 0.00 100.00 100.00
81.27=100.00 100.00 100.00 100.00 100.00 37.50 75.00 100.00 75.00 100.00 100.00 66.67 100.00 80.00 100.00 100.00 60.00 100.00 66.67 100.00 0.00 80.00 85.71 42.86 50.00 100.00 100.00 100.00 0.00 100.00 100.00
57.31=96.00 91.30 78.26 90.00 0.00 39.68 82.14 57.89 28.57 83.33 60.53 50.00 68.97 68.42 33.33 84.00 66.67 73.33 44.00 53.57 0.00 70.27 78.26 18.75 68.42 81.82 66.67 6.25 0.00 58.33 77.78
58.06=96.00 100.00 90.00 85.71 0.00 47.17 80.77 52.38 27.78 85.00 54.76 60.00 67.74 61.90 41.67 78.57 72.73 70.97 42.42 68.18 0.00 83.87 75.00 22.58 58.33 76.92 64.29 0.00 0.00 46.15 88.89
57.40=96.00 91.30 94.74 86.36 0.00 47.06 76.92 31.58 30.00 85.00 56.41 59.46 64.71 68.42 34.78 91.30 66.67 67.74 45.45 51.72 0.00 75.00 80.00 29.03 52.00 83.33 57.14 14.29 0.00 42.86 100.00
55.76=95.83 91.30 90.00 90.48 0.00 46.00 78.57 27.78 29.41 80.00 57.89 62.16 62.86 61.90 27.27 92.00 67.65 76.92 40.00 51.85 0.00 83.33 77.78 18.18 54.17 83.33 38.89 0.00 0.00 42.86 100.00
58.07=88.89 100.00 90.00 83.33 0.00 44.23 71.43 58.82 27.78 93.75 51.11 65.62 61.11 57.69 50.00 86.96 67.65 70.00 48.15 60.00 0.00 76.67 78.26 21.43 57.69 66.67 69.23 0.00 0.00 53.85 100.00
81.44=100.00 100.00 100.00 100.00 100.00 42.86 100.00 100.00 57.14 75.00 100.00 66.67 100.00 100.00 100.00 100.00 60.00 66.67 100.00 66.67 0.00 80.00 100.00 42.86 66.67 100.00 100.00 100.00 0.00 100.00 100.00
80.48=100.00 100.00 100.00 100.00 100.00 42.86 100.00 75.00 100.00 100.00 75.00 66.67 100.00 100.00 37.50 100.00 75.00 100.00 66.67 100.00 0.00 100.00 100.00 42.86 66.67 66.67 100.00 100.00 0.00 80.00 100.00
82.60=100.00 100.00 100.00 100.00 100.00 50.00 100.00 75.00 100.00 100.00 75.00 50.00 100.00 100.00 85.71 100.00 75.00 100.00 66.67 66.67 50.00 80.00 80.00 40.00 100.00 66.67 100.00 100.00 0.00 100.00 100.00
85.55=100.00 100.00 100.00 100.00 100.00 37.50 100.00 100.00 100.00 100.00 100.00 40.00 100.00 100.00 83.33 100.00 100.00 100.00 100.00 100.00 0.00 80.00 100.00 44.44 66.67 100.00 100.00 100.00 0.00 100.00 100.00
83.56=100.00 100.00 100.00 75.00 100.00 60.00 100.00 100.00 100.00 100.00 60.00 40.00 60.00 100.00 100.00 100.00 75.00 50.00 100.00 100.00 66.67 100.00 100.00 57.14 66.67 100.00 100.00 100.00 0.00 80.00 100.00
80.27=100.00 100.00 100.00 60.00 100.00 37.50 100.00 60.00 100.00 100.00 100.00 100.00 100.00 75.00 75.00 100.00 75.00 100.00 100.00 100.00 33.33 66.67 57.14 57.14 25.00 100.00 100.00 100.00 0.00 66.67 100.00
74.16=60.00 100.00 100.00 75.00 100.00 22.22 100.00 60.00 50.00 75.00 100.00 40.00 100.00 100.00 60.00 100.00 75.00 100.00 100.00 66.67 0.00 75.00 100.00 50.00 40.00 100.00 100.00 100.00 0.00 100.00 50.00
74.42=75.00 100.00 100.00 75.00 100.00 30.00 75.00 50.00 75.00 80.00 75.00 66.67 100.00 100.00 33.33 100.00 50.00 100.00 66.67 100.00 0.00 75.00 83.33 57.14 40.00 100.00 100.00 100.00 0.00 100.00 100.00
80.54=100.00 100.00 100.00 75.00 100.00 50.00 100.00 50.00 100.00 100.00 100.00 100.00 60.00 80.00 50.00 100.00 60.00 100.00 100.00 66.67 75.00 80.00 75.00 50.00 50.00 100.00 100.00 100.00 0.00 75.00 100.00
78.68=100.00 100.00 100.00 75.00 100.00 37.50 75.00 50.00 75.00 80.00 100.00 100.00 100.00 100.00 60.00 100.00 60.00 100.00 100.00 66.67 0.00 60.00 100.00 50.00 50.00 100.00 100.00 100.00 0.00 100.00 100.00
55.75=95.83 100.00 88.89 90.48 0.00 43.86 77.78 50.00 20.00 72.73 60.53 53.49 53.85 57.14 22.22 84.62 71.88 63.89 44.83 65.22 0.00 79.31 80.95 24.14 45.45 90.00 57.14 6.67 0.00 40.00 87.50
58.29=85.19 95.00 100.00 95.24 0.00 42.00 81.48 40.91 27.78 88.89 61.54 57.89 67.74 54.84 38.10 84.00 70.59 71.43 48.39 68.18 0.00 70.27 80.00 24.14 47.06 83.33 90.00 0.00 0.00 52.94 80.00
58.43=100.00 100.00 94.74 83.33 0.00 42.59 72.41 42.86 22.22 94.12 56.10 60.61 61.11 54.84 29.17 82.76 66.67 73.33 48.57 70.00 0.00 77.42 75.00 23.33 65.00 71.43 72.73 11.11 0.00 60.00 100.00
57.29=91.30 100.00 90.00 90.48 0.00 42.11 81.48 47.62 33.33 89.47 60.53 65.71 65.62 60.00 33.33 84.62 70.97 67.74 43.75 71.43 0.00 73.53 85.71 20.00 48.28 71.43 56.25 0.00 0.00 31.25 100.00
57.63=81.48 100.00 90.48 90.91 0.00 41.51 81.48 52.17 23.53 88.89 53.49 56.76 64.71 61.54 21.74 84.62 74.19 65.62 51.61 75.00 0.00 80.00 74.07 25.81 60.00 75.00 52.94 0.00 0.00 70.00 88.89
57.70=91.30 95.00 86.36 80.00 3.12 44.00 80.77 75.00 30.43 84.21 68.42 73.33 53.49 81.48 0.00 86.36 67.74 68.75 50.00 55.56 0.00 65.71 85.71 43.48 51.85 88.89 75.00 14.29 0.00 6.67 81.82
58.37=95.65 95.45 85.71 77.78 0.00 46.00 82.14 70.00 47.62 94.12 70.27 68.97 53.49 68.75 0.00 80.77 70.97 67.65 54.55 55.56 4.76 80.00 85.00 34.78 55.17 94.44 63.64 11.11 0.00 20.00 75.00
60.80=100.00 95.24 90.00 77.78 3.23 46.94 82.14 71.43 40.00 94.44 60.00 76.67 61.90 75.86 9.09 91.30 75.00 74.19 55.00 47.83 0.00 76.67 95.00 27.59 44.44 92.86 88.89 12.50 0.00 31.25 87.50
62.09=100.00 95.65 100.00 67.86 0.00 43.40 84.62 78.26 38.46 88.89 64.86 67.74 62.50 78.57 13.33 100.00 82.14 64.71 54.17 47.62 6.25 83.33 95.65 30.77 55.56 100.00 75.00 40.00 0.00 27.78 77.78
58.05=88.00 100.00 89.47 80.77 2.78 45.83 69.23 73.68 33.33 76.19 65.79 60.00 64.86 71.43 5.26 86.96 71.88 80.00 58.82 55.00 0.00 77.42 88.00 30.00 50.00 88.89 69.57 25.00 0.00 18.75 72.73
58.71=96.00 100.00 78.26 90.91 0.00 45.45 84.62 60.00 20.00 78.95 57.14 51.16 52.50 71.43 57.14 86.96 78.12 64.52 42.31 60.00 0.00 69.44 81.82 20.59 57.14 90.00 81.82 11.76 0.00 44.44 87.50
60.10=96.00 100.00 81.82 86.36 0.00 43.86 84.62 50.00 35.71 89.47 54.76 63.89 63.89 78.95 41.67 84.00 69.70 68.75 41.94 68.18 0.00 73.53 82.61 28.57 53.57 83.33 69.23 14.29 0.00 54.55 100.00
58.06=95.65 95.45 78.26 90.91 0.00 45.45 66.67 47.62 31.25 89.47 58.97 61.11 68.75 63.64 34.78 82.76 65.71 72.41 40.62 62.50 0.00 77.42 82.61 20.00 61.90 75.00 64.29 0.00 0.00 66.67 100.00
58.22=96.00 100.00 81.82 86.96 0.00 43.40 78.57 42.86 20.00 80.95 56.10 66.67 63.89 66.67 45.00 95.24 68.57 74.19 46.43 60.00 0.00 78.12 77.27 22.22 56.52 75.00 69.23 7.14 0.00 46.15 100.00
58.01=92.00 90.91 80.95 80.00 0.00 50.00 74.07 57.14 26.32 78.95 51.11 65.71 63.89 72.73 38.46 78.57 72.73 73.33 50.00 83.33 0.00 67.65 76.19 22.22 59.09 91.67 75.00 5.26 0.00 46.15 75.00
77.20=100.00 100.00 100.00 60.00 100.00 20.00 100.00 50.00 100.00 80.00 100.00 100.00 85.71 100.00 37.50 100.00 50.00 100.00 100.00 50.00 0.00 60.00 100.00 50.00 50.00 100.00 100.00 100.00 0.00 100.00 100.00
80.58=100.00 100.00 100.00 100.00 100.00 42.86 100.00 66.67 75.00 80.00 75.00 100.00 100.00 66.67 55.56 100.00 100.00 100.00 100.00 66.67 0.00 60.00 100.00 42.86 66.67 100.00 100.00 100.00 0.00 100.00 100.00
77.26=100.00 100.00 100.00 75.00 100.00 33.33 100.00 60.00 100.00 100.00 100.00 66.67 100.00 66.67 60.00 100.00 66.67 100.00 100.00 100.00 0.00 100.00 100.00 40.00 0.00 100.00 100.00 100.00 0.00 60.00 66.67
75.77=75.00 100.00 100.00 75.00 100.00 22.22 100.00 60.00 75.00 100.00 75.00 50.00 100.00 80.00 44.44 100.00 60.00 100.00 100.00 100.00 0.00 75.00 100.00 57.14 50.00 100.00 100.00 100.00 0.00 100.00 50.00
78.44=60.00 100.00 100.00 100.00 100.00 33.33 100.00 50.00 100.00 80.00 100.00 100.00 85.71 80.00 33.33 100.00 60.00 100.00 100.00 100.00 0.00 60.00 62.50 60.00 66.67 100.00 100.00 100.00 0.00 100.00 100.00
57.61=100.00 100.00 100.00 72.00 0.00 43.40 84.62 65.00 28.57 85.71 58.54 60.53 45.00 65.38 31.25 70.00 75.86 73.33 50.00 46.88 3.70 74.19 91.30 15.38 54.17 86.67 47.06 20.00 0.00 37.50 100.00
62.70=95.83 91.67 100.00 68.97 0.00 47.06 84.00 88.24 50.00 85.00 56.82 72.73 60.00 75.00 21.43 78.57 85.19 66.67 58.33 62.50 0.00 92.86 86.21 27.78 65.22 88.24 73.33 40.00 0.00 33.33 88.89
59.06=100.00 100.00 89.47 65.52 2.86 45.28 84.00 78.95 26.67 78.95 56.10 85.71 51.22 59.26 21.43 79.31 82.76 70.00 60.00 63.64 0.00 89.29 83.33 21.05 60.00 73.68 47.37 41.67 0.00 33.33 80.00
60.72=95.83 95.45 85.00 67.86 4.88 53.49 84.62 82.35 55.56 94.12 55.81 88.46 57.50 75.00 21.05 82.14 83.33 77.78 61.90 57.14 0.00 75.76 85.71 19.05 61.90 65.00 55.00 44.44 0.00 26.32 70.00
57.95=95.83 95.65 85.00 68.97 0.00 50.00 91.30 82.35 52.94 73.91 61.54 82.14 56.76 61.54 16.67 73.33 74.19 66.67 52.17 56.00 0.00 83.33 80.65 15.79 61.11 81.25 55.56 23.08 0.00 35.00 63.64
79.89=75.00 100.00 100.00 100.00 100.00 75.00 100.00 100.00 100.00 80.00 100.00 33.33 80.00 100.00 100.00 100.00 33.33 100.00 100.00 33.33 66.67 60.00 100.00 66.67 40.00 33.33 100.00 100.00 0.00 100.00 100.00
86.86=100.00 100.00 100.00 100.00 100.00 75.00 100.00 100.00 100.00 100.00 100.00 66.67 100.00 100.00 80.00 100.00 60.00 100.00 66.67 50.00 100.00 100.00 100.00 44.44 50.00 100.00 100.00 100.00 0.00 100.00 100.00
84.39=75.00 100.00 100.00 100.00 100.00 100.00 100.00 100.00 100.00 80.00 100.00 66.67 100.00 100.00 100.00 100.00 75.00 100.00 50.00 50.00 75.00 100.00 100.00 44.44 0.00 100.00 100.00 100.00 0.00 100.00 100.00
84.76=100.00 100.00 100.00 75.00 100.00 100.00 100.00 100.00 100.00 100.00 100.00 50.00 100.00 100.00 100.00 100.00 50.00 100.00 66.67 40.00 75.00 100.00 100.00 37.50 50.00 100.00 100.00 83.33 0.00 100.00 100.00
83.92=100.00 100.00 100.00 100.00 100.00 100.00 100.00 100.00 100.00 100.00 100.00 100.00 83.33 100.00 75.00 85.71 60.00 100.00 50.00 66.67 100.00 66.67 85.71 28.57 33.33 66.67 100.00 100.00 0.00 100.00 100.00
57.31=100.00 100.00 80.00 89.47 6.25 39.66 76.92 63.64 36.36 83.33 66.67 55.26 52.17 64.71 0.00 90.91 74.19 72.41 50.00 52.63 0.00 70.97 90.91 30.77 52.17 82.35 71.43 9.09 0.00 14.29 100.00
60.36=92.00 100.00 79.17 68.97 3.33 46.94 81.48 72.00 53.33 93.33 61.54 79.31 55.56 73.08 5.26 84.62 73.33 74.19 55.00 45.83 0.00 84.62 86.96 26.67 44.44 93.33 73.68 30.00 0.00 33.33 100.00
59.89=92.00 100.00 78.26 84.00 3.57 47.06 88.00 80.95 30.77 89.47 65.79 75.86 57.50 71.43 6.25 90.91 74.19 72.73 54.17 55.00 0.00 75.76 84.00 30.77 55.17 93.75 73.68 12.50 0.00 23.08 90.00
57.71=88.00 100.00 77.27 76.92 6.25 45.83 72.41 72.22 28.57 90.00 66.67 65.62 58.97 77.78 0.00 90.91 70.97 76.67 60.00 39.13 0.00 80.00 88.46 25.00 54.17 88.89 72.22 22.22 0.00 21.05 72.73
60.68=91.67 100.00 85.71 71.43 5.88 46.00 85.19 76.92 34.62 100.00 70.27 70.97 62.16 80.77 5.88 87.50 75.00 75.86 61.90 57.89 0.00 72.73 85.19 30.43 58.33 94.12 77.78 12.50 0.00 26.67 77.78
81.22=100.00 100.00 100.00 60.00 100.00 50.00 100.00 66.67 80.00 100.00 100.00 50.00 100.00 50.00 66.67 100.00 100.00 100.00 100.00 50.00 60.00 75.00 100.00 42.86 66.67 100.00 100.00 100.00 0.00 100.00 100.00
84.19=100.00 100.00 100.00 75.00 100.00 42.86 100.00 100.00 100.00 100.00 75.00 50.00 100.00 60.00 100.00 100.00 60.00 100.00 100.00 100.00 100.00 80.00 100.00 57.14 50.00 100.00 100.00 100.00 0.00 80.00 80.00
84.52=100.00 100.00 100.00 60.00 100.00 60.00 100.00 100.00 100.00 100.00 100.00 100.00 100.00 100.00 50.00 100.00 75.00 100.00 100.00 100.00 50.00 80.00 83.33 40.00 66.67 100.00 100.00 100.00 0.00 80.00 75.00
86.53=100.00 100.00 100.00 100.00 100.00 42.86 100.00 75.00 100.00 100.00 100.00 50.00 100.00 100.00 83.33 100.00 75.00 100.00 66.67 66.67 100.00 80.00 100.00 42.86 100.00 100.00 100.00 100.00 0.00 100.00 100.00
88.46=75.00 100.00 100.00 100.00 100.00 60.00 100.00 100.00 100.00 100.00 100.00 50.00 100.00 75.00 100.00 100.00 75.00 100.00 100.00 100.00 100.00 66.67 100.00 57.14 100.00 100.00 100.00 100.00 0.00 83.33 100.00
55.67=100.00 100.00 85.71 76.92 3.03 46.94 84.00 59.09 25.00 80.95 63.16 64.71 47.73 75.86 5.56 80.77 82.14 75.00 45.45 36.00 0.00 72.41 80.95 24.00 52.63 93.33 75.00 8.33 0.00 8.33 72.73
58.83=100.00 100.00 82.61 76.92 2.70 46.51 76.92 75.00 30.00 84.21 65.79 70.97 56.10 75.00 15.79 77.78 78.12 77.42 50.00 52.63 0.00 68.75 90.91 17.39 50.00 94.12 71.43 22.22 0.00 14.29 100.00
58.42=100.00 100.00 85.71 77.78 3.33 46.00 76.92 66.67 52.94 94.44 60.53 70.97 56.41 80.00 5.56 87.50 77.42 73.33 40.91 41.67 0.00 79.31 84.62 25.00 51.72 93.33 72.22 12.50 0.00 25.00 69.23
59.29=95.83 95.24 90.48 79.17 0.00 50.00 85.19 72.73 45.45 72.73 61.54 68.75 56.82 78.26 0.00 87.50 72.73 78.12 50.00 55.56 0.00 79.31 86.36 22.22 50.00 94.12 71.43 28.57 0.00 20.00 90.00
58.90=100.00 95.24 86.36 73.08 5.88 45.10 82.14 54.55 52.38 100.00 64.10 70.00 58.14 80.77 0.00 81.82 70.59 76.92 44.44 47.62 0.00 83.33 90.91 28.00 58.62 88.89 82.35 28.57 0.00 11.76 64.29
59.87=95.83 91.67 94.74 70.37 2.86 50.00 95.45 78.57 54.55 81.25 62.16 64.71 53.85 65.38 22.22 78.57 68.75 65.62 48.00 50.00 0.00 81.25 78.57 22.22 65.22 82.35 61.11 41.67 0.00 29.17 100.00
60.90=100.00 100.00 94.74 66.67 0.00 55.81 84.00 78.95 60.00 86.67 58.54 81.48 55.88 60.00 29.41 83.33 77.42 68.97 68.42 68.18 0.00 72.22 84.62 15.00 53.33 66.67 62.50 33.33 0.00 40.00 81.82
57.25=91.67 91.67 85.00 57.14 2.70 53.49 91.30 66.67 33.33 76.19 56.10 81.48 45.00 68.18 11.11 75.86 80.65 63.64 66.67 56.52 0.00 80.65 78.57 23.81 47.83 88.24 50.00 36.36 0.00 34.78 80.00
59.72=95.83 91.67 100.00 63.64 2.56 50.00 84.62 80.00 60.00 88.89 60.53 79.31 52.50 62.50 12.50 85.19 73.53 68.75 60.00 61.90 0.00 75.00 80.77 16.67 56.52 70.00 64.71 40.00 0.00 31.82 81.82
57.50=100.00 91.67 100.00 58.82 0.00 51.11 86.96 81.25 28.57 68.18 60.98 76.67 52.50 60.00 15.38 81.48 80.00 67.65 54.17 63.64 0.00 86.21 75.76 15.00 50.00 88.24 60.00 33.33 0.00 33.33 61.54
79.38=100.00 100.00 100.00 66.67 100.00 75.00 100.00 75.00 80.00 80.00 100.00 40.00 100.00 75.00 80.00 100.00 50.00 100.00 66.67 40.00 66.67 66.67 85.71 80.00 50.00 100.00 100.00 100.00 0.00 83.33 100.00
79.95=100.00 100.00 100.00 50.00 100.00 50.00 100.00 100.00 100.00 80.00 100.00 50.00 80.00 75.00 100.00 100.00 60.00 100.00 50.00 100.00 0.00 100.00 100.00 50.00 33.33 100.00 100.00 100.00 0.00 100.00 100.00
82.76=100.00 100.00 100.00 100.00 100.00 50.00 100.00 100.00 100.00 100.00 100.00 66.67 100.00 80.00 66.67 85.71 50.00 100.00 40.00 66.67 100.00 80.00 80.00 50.00 50.00 100.00 100.00 100.00 0.00 100.00 100.00
77.93=100.00 100.00 100.00 100.00 100.00 75.00 100.00 100.00 80.00 80.00 75.00 50.00 75.00 100.00 75.00 85.71 50.00 100.00 50.00 100.00 66.67 75.00 85.71 42.86 0.00 66.67 100.00 100.00 0.00 83.33 100.00
84.77=100.00 100.00 100.00 100.00 100.00 100.00 100.00 100.00 100.00 100.00 75.00 100.00 100.00 100.00 75.00 100.00 60.00 100.00 40.00 66.67 75.00 66.67 100.00 44.44 50.00 100.00 100.00 100.00 0.00 75.00 100.00
58.14=91.67 95.45 95.00 75.00 3.33 42.31 80.00 68.42 28.57 93.75 68.57 62.86 64.86 77.78 0.00 84.00 72.73 75.00 43.33 41.67 0.00 70.97 85.00 37.50 53.85 93.33 83.33 11.11 0.00 15.38 87.50
60.27=95.65 95.65 86.36 80.77 0.00 52.27 85.19 66.67 33.33 100.00 63.16 66.67 58.14 84.00 6.67 95.24 68.57 64.86 55.00 47.62 4.35 75.00 95.45 34.78 59.26 93.33 93.75 16.67 0.00 10.00 80.00
59.09=100.00 100.00 90.48 75.00 0.00 50.00 88.46 62.50 29.17 83.33 57.50 64.71 58.14 84.00 6.25 91.67 70.97 64.71 70.59 47.37 0.00 75.00 100.00 33.33 61.54 88.89 82.35 12.50 0.00 8.33 75.00
58.36=92.00 95.24 85.71 75.00 0.00 47.92 82.14 73.08 26.32 89.47 69.44 67.65 53.66 80.00 5.00 77.78 72.73 64.86 54.55 55.00 0.00 77.42 95.83 33.33 61.54 88.89 85.71 20.00 0.00 6.25 72.73
59.56=95.65 95.24 81.82 77.78 0.00 48.00 84.62 68.00 40.00 88.89 63.16 69.70 57.14 78.57 0.00 91.30 74.19 69.70 47.62 50.00 0.00 85.19 83.33 34.62 61.54 93.75 81.25 11.11 0.00 14.29 100.00
57.95=100.00 84.00 89.47 58.06 2.94 46.94 95.24 70.00 46.67 80.00 57.14 74.19 59.46 68.97 6.25 84.62 85.19 75.00 50.00 50.00 0.00 86.21 92.31 15.79 58.82 94.12 36.36 27.27 0.00 18.18 83.33
58.74=92.00 91.30 90.00 65.52 0.00 42.86 100.00 73.68 46.15 71.43 59.52 85.19 54.05 64.00 20.00 74.19 95.65 74.07 52.00 50.00 0.00 80.00 73.33 11.11 55.00 100.00 58.82 27.27 0.00 23.81 90.00
59.08=95.65 91.67 94.74 74.07 3.03 54.76 100.00 75.00 37.50 80.95 58.97 82.14 55.26 60.87 14.29 82.14 86.21 71.88 54.55 58.33 0.00 74.29 77.42 15.00 63.16 87.50 68.75 22.22 0.00 18.52 72.73
59.58=100.00 95.65 100.00 64.29 0.00 52.50 90.91 61.11 33.33 77.78 55.00 82.14 54.76 67.86 13.33 88.00 83.33 64.71 52.17 50.00 2.86 75.76 77.42 20.00 80.00 93.75 63.16 33.33 0.00 25.00 88.89
57.92=100.00 95.65 84.21 62.50 0.00 52.50 91.67 83.33 46.15 83.33 58.97 74.19 57.50 65.00 16.67 79.31 76.67 65.71 54.55 65.22 0.00 75.00 86.21 13.64 66.67 87.50 52.38 0.00 0.00 25.93 75.00
57.60=100.00 91.30 85.71 86.96 3.85 41.82 91.67 47.83 22.22 77.27 57.14 54.55 60.61 73.91 18.75 90.48 77.42 66.67 31.58 75.00 3.33 75.00 83.33 21.43 63.16 69.23 66.67 5.88 0.00 42.86 100.00
55.47=100.00 100.00 79.17 83.33 0.00 48.89 84.00 42.31 27.27 75.00 55.26 51.11 57.89 66.67 5.56 83.33 68.75 78.57 37.93 68.18 0.00 80.65 86.96 23.33 63.64 90.91 60.00 6.67 0.00 35.71 58.33
