93.37=77.78 100.00 100.00 100.00 100.00 100.00 100.00 80.00 83.33 100.00 100.00 100.00 80.00 100.00 77.78 100.00 88.89 87.50 100.00 88.89 100.00 100.00 77.78 66.67 100.00 100.00 100.00 100.00 85.71 100.00 100.00
95.79=87.50 100.00 100.00 100.00 100.00 100.00 100.00 100.00 100.00 100.00 100.00 100.00 80.00 100.00 100.00 100.00 100.00 100.00 100.00 88.89 100.00 100.00 100.00 85.71 100.00 75.00 100.00 66.67 85.71 100.00 100.00
92.50=77.78 83.33 100.00 100.00 80.00 100.00 100.00 80.00 83.33 100.00 100.00 100.00 100.00 100.00 100.00 100.00 88.89 100.00 100.00 100.00 100.00 100.00 85.71 66.67 100.00 75.00 100.00 77.78 85.71 100.00 83.33
93.24=70.00 100.00 100.00 100.00 100.00 100.00 100.00 66.67 80.00 100.00 100.00 100.00 87.50 100.00 88.89 100.00 100.00 100.00 100.00 88.89 100.00 100.00 100.00 100.00 66.67 100.00 100.00 72.73 85.71 100.00 83.33
94.32=63.64 100.00 100.00 100.00 100.00 100.00 100.00 80.00 100.00 83.33 100.00 87.50 100.00 100.00 100.00 100.00 100.00 100.00 100.00 88.89 100.00 100.00 88.89 85.71 100.00 100.00 100.00 100.00 83.33 100.00 62.50
91.34=87.50 100.00 100.00 100.00 100.00 100.00 100.00 57.14 83.33 100.00 100.00 100.00 85.71 100.00 80.00 87.50 100.00 100.00 85.71 100.00 100.00 100.00 87.50 83.33 88.89 50.00 100.00 100.00 71.43 100.00 83.33
91.15=100.00 100.00 100.00 75.00 100.00 100.00 100.00 60.00 83.33 100.00 100.00 100.00 87.50 83.33 87.50 100.00 100.00 87.50 100.00 88.89 75.00 100.00 100.00 57.14 88.89 100.00 100.00 100.00 71.43 100.00 80.00
93.34=87.50 100.00 100.00 75.00 100.00 100.00 100.00 66.67 100.00 100.00 100.00 100.00 87.50 100.00 88.89 87.50 100.00 87.50 100.00 100.00 100.00 80.00 88.89 83.33 100.00 100.00 100.00 100.00 85.71 100.00 75.00
93.77=100.00 100.00 100.00 100.00 100.00 100.00 100.00 66.67 71.43 100.00 100.00 100.00 77.78 100.00 100.00 85.71 88.89 87.50 100.00 88.89 100.00 100.00 100.00 100.00 100.00 100.00 85.71 87.50 66.67 100.00 100.00
93.88=100.00 100.00 100.00 100.00 100.00 100.00 100.00 66.67 71.43 100.00 100.00 100.00 87.50 83.33 100.00 100.00 100.00 100.00 100.00 80.00 100.00 100.00 100.00 100.00 83.33 100.00 100.00 100.00 66.67 71.43 100.00
72.28=100.00 95.65 100.00 80.95 16.67 95.65 100.00 87.50 63.64 70.59 89.66 95.45 52.50 58.06 70.27 87.50 83.33 95.83 28.95 44.44 100.00 100.00 64.52 20.83 43.33 50.00 60.00 76.00 82.35 57.14 70.00
72.22=100.00 100.00 86.36 72.00 25.00 95.65 100.00 71.43 38.89 82.35 89.66 90.91 65.71 65.52 72.22 74.19 86.67 91.67 21.05 44.00 92.31 96.00 80.00 43.48 46.88 66.67 70.83 81.82 76.47 44.44 66.67
72.46=92.31 100.00 95.00 83.33 21.74 95.83 95.65 78.95 66.67 81.25 74.19 95.24 61.76 72.73 71.43 79.31 82.76 92.31 21.62 57.14 100.00 92.59 65.52 31.82 41.03 61.90 53.57 77.27 80.95 60.00 62.50
75.17=95.83 100.00 100.00 77.78 27.27 95.83 95.65 77.27 53.85 92.86 85.71 91.30 62.50 76.19 72.22 73.33 82.14 95.83 17.78 55.56 100.00 92.86 81.48 38.10 41.03 75.00 72.73 71.43 94.12 50.00 84.62
76.63=100.00 100.00 95.00 80.77 21.74 88.89 91.30 80.00 43.75 92.86 82.76 95.24 61.11 66.67 76.47 84.62 83.87 100.00 22.45 67.86 92.86 92.59 74.07 56.25 51.43 80.00 85.00 90.91 93.75 33.33 90.00
75.55=92.00 95.65 100.00 81.82 25.00 85.71 100.00 84.62 50.00 95.00 80.00 95.24 63.89 79.17 83.33 76.67 82.76 80.00 21.05 62.50 100.00 96.30 86.21 23.53 51.52 78.95 85.71 85.00 90.48 68.42 41.67
73.89=88.89 91.67 94.74 86.36 21.74 92.00 100.00 85.71 70.00 94.12 71.88 95.65 63.89 64.29 78.79 76.92 77.42 88.00 14.63 65.62 95.24 89.29 82.14 33.33 42.86 87.50 63.64 90.00 95.00 39.13 50.00
75.36=85.71 86.96 95.00 90.48 25.00 92.31 100.00 90.91 72.73 100.00 86.21 92.00 63.89 73.91 86.21 67.86 78.12 91.67 7.89 72.00 100.00 86.21 76.67 21.43 43.90 69.57 61.54 80.95 95.45 68.75 72.73
77.27=85.71 90.91 86.36 78.26 29.41 89.29 100.00 86.36 91.67 100.00 92.59 100.00 82.14 76.92 83.33 68.97 81.25 92.00 10.26 63.64 100.00 92.86 86.21 16.67 46.34 88.24 90.91 81.82 83.33 50.00 70.00
77.25=88.89 95.65 95.00 90.00 31.25 85.19 100.00 86.96 85.71 95.00 72.73 95.65 61.54 72.00 80.65 85.19 86.21 88.00 7.14 72.41 95.24 89.66 75.76 28.57 46.67 83.33 66.67 90.48 95.00 73.33 75.00
75.66=96.00 100.00 85.71 100.00 38.89 88.89 90.91 80.95 54.55 92.86 72.73 92.86 56.76 67.86 82.76 68.75 89.29 95.65 39.02 38.89 100.00 100.00 81.48 30.00 63.33 82.35 66.67 86.36 72.22 56.25 73.33
77.31=100.00 100.00 85.71 86.96 41.18 92.00 90.91 90.48 71.43 92.31 82.14 91.67 65.71 69.57 82.76 71.43 88.89 95.83 25.58 45.45 100.00 92.31 82.76 35.29 52.78 88.89 71.43 90.91 70.83 70.00 71.43
78.49=100.00 100.00 90.48 100.00 43.75 92.31 95.65 80.77 88.89 100.00 71.88 96.30 64.52 70.00 92.59 67.65 92.86 100.00 28.21 43.75 100.00 92.31 92.31 20.00 51.28 93.33 77.78 80.77 62.96 64.29 78.57
76.56=96.00 100.00 85.00 90.48 28.57 92.31 80.00 81.25 100.00 94.12 92.59 96.30 65.79 73.91 83.33 73.53 85.71 95.65 22.22 43.75 94.74 95.83 88.89 18.75 48.84 93.75 65.00 90.48 60.71 50.00 85.71
77.85=92.31 100.00 86.36 100.00 30.00 92.00 95.65 82.35 87.50 92.86 82.14 92.31 55.56 66.67 77.42 65.71 92.86 83.33 26.19 45.45 100.00 96.00 88.89 38.89 47.62 93.33 77.78 100.00 73.08 61.11 90.00
93.81=85.71 100.00 100.00 100.00 100.00 100.00 90.91 66.67 80.00 100.00 100.00 100.00 100.00 100.00 100.00 100.00 100.00 100.00 100.00 80.00 100.00 100.00 87.50 100.00 90.00 100.00 100.00 66.67 75.00 85.71 100.00
94.21=77.78 100.00 87.50 100.00 100.00 87.50 100.00 100.00 100.00 100.00 100.00 87.50 100.00 100.00 100.00 83.33 100.00 100.00 85.71 100.00 100.00 83.33 100.00 83.33 100.00 100.00 100.00 88.89 55.56 100.00 100.00
92.37=87.50 100.00 100.00 100.00 80.00 100.00 100.00 66.67 100.00 100.00 87.50 100.00 100.00 83.33 100.00 77.78 100.00 100.00 87.50 80.00 100.00 83.33 100.00 83.33 100.00 100.00 100.00 75.00 71.43 100.00 100.00
93.90=70.00 100.00 100.00 100.00 100.00 100.00 90.91 80.00 100.00 100.00 100.00 100.00 100.00 100.00 87.50 100.00 87.50 87.50 100.00 80.00 100.00 100.00 100.00 100.00 88.89 100.00 100.00 77.78 85.71 100.00 75.00
94.75=87.50 100.00 100.00 100.00 100.00 100.00 100.00 66.67 83.33 100.00 100.00 100.00 100.00 100.00 100.00 80.00 87.50 100.00 100.00 88.89 100.00 100.00 100.00 77.78 85.71 100.00 100.00 80.00 100.00 100.00 100.00
91.65=70.00 100.00 100.00 60.00 100.00 100.00 100.00 80.00 100.00 100.00 100.00 100.00 100.00 83.33 100.00 100.00 100.00 100.00 66.67 80.00 100.00 100.00 100.00 71.43 58.33 100.00 100.00 100.00 71.43 100.00 100.00
90.62=58.33 100.00 100.00 100.00 100.00 100.00 100.00 80.00 100.00 100.00 87.50 100.00 100.00 100.00 88.89 100.00 100.00 100.00 0.00 88.89 100.00 100.00 100.00 100.00 40.00 100.00 100.00 80.00 85.71 100.00 100.00
91.45=63.64 100.00 100.00 100.00 100.00 100.00 100.00 100.00 100.00 100.00 100.00 100.00 88.89 100.00 100.00 100.00 100.00 100.00 66.67 72.73 100.00 100.00 100.00 71.43 50.00 100.00 100.00 100.00 66.67 75.00 80.00
89.66=63.64 100.00 100.00 75.00 100.00 100.00 100.00 80.00 100.00 80.00 100.00 100.00 88.89 100.00 100.00 100.00 100.00 100.00 0.00 80.00 100.00 100.00 100.00 100.00 42.86 100.00 100.00 100.00 83.33 85.71 100.00
93.09=63.64 100.00 100.00 100.00 100.00 100.00 100.00 80.00 100.00 100.00 87.50 100.00 100.00 100.00 100.00 90.91 100.00 100.00 100.00 100.00 100.00 100.00 100.00 85.71 42.86 100.00 100.00 88.89 75.00 100.00 71.43
79.73=92.31 100.00 82.61 83.33 46.67 92.00 100.00 89.47 100.00 100.00 92.59 96.30 65.71 77.27 85.19 71.43 89.29 100.00 26.09 46.67 100.00 96.15 88.00 35.00 52.78 88.24 70.00 86.96 76.00 63.16 78.57
75.84=92.31 100.00 86.36 83.33 41.18 92.00 95.65 82.35 100.00 85.71 78.12 92.86 63.89 73.08 89.29 74.19 82.76 87.50 13.89 35.90 100.00 88.89 92.31 20.00 56.76 81.25 82.35 95.24 55.56 61.54 66.67
77.73=92.31 100.00 90.48 86.96 46.15 92.00 95.65 88.89 100.00 93.75 84.00 88.00 74.19 73.91 83.33 71.43 78.12 95.45 19.51 43.75 100.00 100.00 95.45 25.00 47.37 88.24 86.67 86.96 63.33 48.15 70.59
78.00=92.00 100.00 90.00 87.50 35.00 89.29 95.65 88.89 88.89 92.86 82.76 96.00 66.67 80.77 92.59 68.57 85.71 90.91 26.19 53.57 100.00 96.00 88.89 27.78 52.63 87.50 71.43 95.00 61.54 50.00 83.33
79.22=92.31 100.00 90.00 83.33 38.89 88.89 88.00 95.00 87.50 92.31 86.21 92.59 64.86 78.26 86.21 80.65 89.66 100.00 25.00 51.85 100.00 92.31 88.46 33.33 42.55 92.31 83.33 100.00 70.83 62.50 78.57
