76.37=100.00 95.45 90.48 95.24 22.22 79.31 90.91 86.36 41.67 87.50 80.00 81.48 74.19 65.38 92.59 70.59 76.47 88.46 54.55 54.55 89.47 85.71 92.31 38.10 71.43 73.68 91.67 90.91 88.24 51.85 66.67
77.99=96.00 95.45 95.00 86.96 21.43 92.31 95.24 80.00 61.54 100.00 85.19 84.62 71.88 56.67 92.31 80.00 89.66 91.30 46.34 69.57 100.00 100.00 91.67 45.00 76.92 78.57 75.00 72.41 73.68 53.12 60.00
80.58=96.00 95.45 100.00 91.30 20.00 82.76 100.00 83.33 42.11 100.00 80.00 87.50 75.00 67.74 88.89 75.76 86.21 91.67 50.00 55.56 100.00 89.29 100.00 40.00 80.00 84.62 92.86 95.00 100.00 55.17 91.67
80.69=96.00 95.45 95.00 91.67 20.83 86.21 95.24 90.48 57.14 92.86 83.87 85.19 68.75 59.38 92.59 83.33 86.67 96.00 48.89 60.00 100.00 96.30 88.00 50.00 67.86 80.00 100.00 100.00 100.00 58.62 75.00
80.59=100.00 91.30 100.00 91.30 15.38 85.71 95.24 94.74 50.00 93.33 80.65 86.96 72.41 60.61 92.59 77.42 83.87 95.83 51.28 53.57 94.74 96.30 95.83 57.14 81.82 81.25 86.67 95.83 100.00 54.84 81.82
82.40=96.00 95.45 90.48 91.30 16.67 89.29 95.24 95.24 47.37 100.00 78.79 88.00 69.70 62.86 92.31 86.21 86.67 92.31 64.86 57.69 94.74 100.00 88.46 61.11 81.82 88.89 93.33 100.00 100.00 69.57 80.00
81.78=96.00 100.00 100.00 87.50 15.62 92.59 86.96 88.89 60.00 100.00 80.65 95.65 71.88 65.52 96.15 78.12 89.29 95.83 51.35 53.85 100.00 100.00 92.31 54.55 72.73 88.24 93.33 95.24 90.00 52.94 90.00
80.05=96.00 95.24 100.00 91.30 13.79 83.33 95.00 85.71 66.67 92.86 81.25 88.00 70.97 69.23 92.59 86.21 86.21 92.00 56.25 55.56 100.00 96.15 92.00 54.17 65.38 80.00 73.33 95.45 100.00 55.56 71.43
81.27=96.00 91.30 95.00 95.65 19.23 86.21 90.91 90.91 55.56 100.00 86.67 91.30 73.33 57.69 88.89 79.31 83.33 88.00 72.41 55.17 100.00 100.00 95.83 46.15 74.07 77.78 92.86 100.00 86.96 71.88 76.92
80.88=92.00 100.00 95.00 91.30 9.09 86.21 100.00 82.61 52.94 100.00 78.12 90.91 71.88 72.73 100.00 85.19 86.67 95.83 59.26 57.69 100.00 100.00 95.83 46.43 73.08 66.67 86.67 95.24 100.00 69.23 66.67
80.18=95.83 100.00 100.00 87.50 11.11 88.89 95.24 88.00 45.45 82.35 78.12 91.30 68.75 64.52 96.15 80.00 82.76 92.31 62.96 46.88 100.00 96.15 95.65 44.44 69.23 86.67 93.33 100.00 95.00 72.00 75.00
80.25=95.83 95.45 100.00 87.50 14.71 83.33 95.00 86.36 60.00 93.75 81.25 87.50 67.74 61.76 96.15 79.31 89.29 90.91 60.00 57.14 100.00 96.15 95.83 34.78 73.08 82.35 86.67 95.24 100.00 65.52 75.00
80.36=96.00 95.45 100.00 91.30 15.62 85.19 95.00 90.91 38.10 100.00 83.87 88.00 75.00 63.33 89.29 92.00 89.66 90.91 58.62 51.61 100.00 100.00 95.65 44.00 66.67 75.00 85.71 95.24 94.44 67.74 76.92
80.79=96.00 91.30 100.00 91.67 7.14 80.65 95.00 90.91 47.62 92.86 86.67 95.65 67.57 65.52 96.15 92.00 92.86 100.00 66.67 55.56 100.00 96.00 95.83 54.17 70.37 73.68 85.71 100.00 95.00 53.12 68.75
81.52=100.00 100.00 90.48 87.50 8.11 85.71 100.00 86.36 56.25 93.33 92.59 88.00 77.42 70.97 92.59 83.33 92.59 91.67 65.52 56.67 100.00 100.00 100.00 54.17 81.82 73.68 70.59 95.45 100.00 65.52 66.67
81.82=95.83 100.00 95.00 95.45 11.43 88.89 90.91 87.50 52.94 87.50 92.59 92.00 71.88 69.23 89.29 86.21 86.67 95.24 65.38 51.72 100.00 100.00 100.00 56.00 68.00 83.33 88.89 91.30 100.00 64.52 78.57
81.45=96.00 100.00 100.00 91.67 17.24 88.89 95.00 95.24 50.00 86.67 83.33 95.65 68.57 62.50 100.00 82.14 86.21 96.00 63.33 55.56 94.74 100.00 100.00 52.00 74.07 66.67 93.33 95.00 95.24 58.06 81.82
79.43=95.83 95.45 100.00 95.45 6.90 80.00 90.91 90.91 50.00 93.75 83.33 91.30 69.70 63.33 96.15 80.00 85.71 90.91 70.37 55.56 100.00 100.00 88.89 41.67 67.86 87.50 93.33 90.91 95.00 64.52 47.06
81.16=96.00 95.45 100.00 91.67 8.11 85.71 95.24 84.00 58.82 93.33 86.67 88.00 65.62 64.71 96.15 85.19 89.29 95.83 75.00 59.26 94.44 92.31 91.67 50.00 73.91 76.47 100.00 100.00 90.91 65.52 66.67
81.00=95.65 100.00 95.00 95.65 10.81 82.76 95.24 86.96 52.94 93.33 89.66 91.30 65.79 65.52 96.15 92.31 89.29 95.45 66.67 57.14 100.00 100.00 100.00 50.00 64.00 75.00 93.75 95.24 85.71 62.96 66.67
81.41=96.00 100.00 90.48 95.45 6.45 86.21 95.00 84.00 47.37 100.00 89.29 91.67 75.00 62.50 96.15 80.00 86.21 92.31 72.73 51.61 94.74 100.00 100.00 61.90 68.97 83.33 77.78 95.24 100.00 80.95 62.50
79.67=100.00 100.00 86.36 95.65 6.45 86.21 95.24 83.33 42.86 93.75 85.19 91.67 68.75 62.96 96.15 80.00 83.33 91.67 69.23 56.67 100.00 100.00 91.30 52.17 66.67 82.35 93.33 95.00 94.74 58.62 60.00
80.02=95.83 100.00 86.36 95.45 3.45 85.71 90.91 81.48 44.44 93.75 92.86 95.45 68.57 63.33 92.59 89.29 88.89 95.45 56.00 55.17 94.44 100.00 100.00 53.85 64.29 84.21 89.47 87.50 100.00 81.82 50.00
81.01=96.00 100.00 95.00 95.65 10.34 86.21 95.24 87.50 55.56 100.00 89.29 91.30 68.75 61.29 96.15 85.71 92.59 95.83 57.69 48.57 90.00 100.00 91.67 46.43 65.52 72.22 94.44 100.00 100.00 69.57 72.73
80.54=96.00 100.00 100.00 91.30 3.12 86.21 95.24 95.65 52.94 87.50 92.86 95.00 65.71 66.67 96.15 89.29 89.66 95.83 59.09 50.00 100.00 100.00 100.00 44.83 64.52 77.78 80.95 91.67 94.74 73.91 60.00
80.17=96.00 100.00 90.48 95.00 6.25 92.00 95.24 90.48 43.75 86.67 89.66 91.67 70.59 64.52 100.00 85.71 83.87 96.15 75.00 59.26 100.00 100.00 95.83 42.86 70.37 72.73 69.23 91.30 100.00 64.00 66.67
80.20=92.00 100.00 100.00 95.65 5.71 86.21 95.24 87.50 43.75 87.50 83.33 87.50 62.16 65.52 100.00 88.46 88.89 96.15 65.00 62.50 100.00 100.00 95.65 44.83 67.86 75.00 94.44 91.30 94.74 69.23 60.00
80.70=96.00 100.00 95.00 95.65 5.56 89.29 100.00 90.48 52.63 93.75 88.46 91.30 72.41 67.86 96.00 71.43 89.29 96.00 80.00 51.72 94.74 100.00 88.46 54.17 76.00 75.00 71.43 91.30 100.00 65.38 62.50
81.00=95.83 100.00 100.00 95.45 3.23 85.71 95.24 83.33 52.94 92.86 83.87 90.91 65.79 64.52 96.15 92.31 96.30 95.83 64.00 60.00 100.00 100.00 100.00 53.85 73.08 78.95 84.21 95.24 100.00 61.29 50.00
79.50=95.83 100.00 94.74 91.67 5.88 85.71 100.00 82.61 44.44 78.95 96.30 95.45 63.89 62.07 96.15 85.71 81.25 95.65 72.73 53.33 100.00 96.15 100.00 42.86 75.00 71.43 80.00 95.00 100.00 61.54 60.00
81.02=95.83 100.00 100.00 95.45 5.56 86.21 95.24 90.91 40.00 88.24 86.67 91.30 63.64 70.00 100.00 82.14 92.00 96.00 78.95 58.62 100.00 100.00 95.83 51.85 67.86 70.00 84.21 90.91 100.00 70.00 64.29
79.82=95.83 100.00 95.00 95.65 2.63 86.21 95.24 86.96 40.00 93.33 82.76 91.30 67.57 64.00 100.00 89.29 89.29 95.65 66.67 59.26 100.00 96.15 92.00 52.38 66.67 73.68 88.89 95.24 95.45 64.29 52.94
80.90=96.00 100.00 100.00 90.91 2.63 83.33 95.24 83.33 46.67 100.00 89.66 91.30 63.89 70.37 100.00 92.59 86.21 95.65 73.68 65.38 100.00 96.30 87.50 56.00 66.67 78.95 94.12 91.67 95.45 61.54 52.94
80.65=96.00 100.00 100.00 95.65 5.88 86.21 95.24 90.00 45.00 100.00 89.29 91.30 64.10 67.86 88.89 92.31 83.33 95.24 66.67 56.67 100.00 100.00 95.83 50.00 71.43 78.95 84.21 90.48 100.00 66.67 52.94
81.00=96.00 100.00 100.00 95.65 5.56 85.19 95.24 90.91 52.94 93.33 92.86 90.91 62.50 67.86 100.00 96.00 86.21 91.67 66.67 57.14 100.00 100.00 95.24 53.85 70.37 73.68 78.95 95.65 100.00 66.67 50.00
81.09=100.00 100.00 86.36 95.65 5.71 85.71 100.00 87.50 44.44 100.00 89.29 88.00 63.16 70.00 100.00 92.59 88.89 95.45 66.67 65.22 94.74 100.00 100.00 53.85 67.86 77.27 88.89 94.74 100.00 66.67 45.00
80.40=96.00 100.00 95.00 95.65 5.26 86.21 100.00 91.30 46.67 100.00 92.86 95.45 66.67 67.86 100.00 83.33 83.87 92.31 63.16 46.15 94.44 100.00 95.65 56.00 66.67 68.42 88.89 91.67 100.00 64.00 58.82
81.47=96.00 95.45 95.00 95.65 5.13 86.21 95.24 90.48 52.94 100.00 89.66 91.67 67.57 63.33 96.15 92.31 89.66 95.65 52.38 71.43 100.00 100.00 100.00 53.85 70.00 75.00 94.12 95.00 100.00 70.83 45.00
79.75=95.83 100.00 100.00 95.45 6.06 83.33 90.48 90.48 47.37 88.89 92.31 91.30 66.67 66.67 96.15 88.89 92.86 95.83 60.87 50.00 100.00 100.00 95.83 61.90 63.33 77.78 66.67 95.24 100.00 62.07 50.00
80.69=96.00 100.00 95.00 91.67 6.25 80.65 94.74 86.96 60.00 88.24 86.21 91.30 71.43 68.97 100.00 92.59 83.87 96.00 63.64 59.09 100.00 100.00 88.46 62.50 69.23 71.43 80.95 95.24 100.00 68.00 52.94
74.78=88.00 95.65 78.26 100.00 13.64 100.00 87.50 72.73 61.54 92.31 70.59 95.45 52.78 74.07 80.00 71.88 85.71 84.00 38.46 80.77 100.00 89.29 71.43 56.25 60.00 83.33 61.90 60.00 86.36 62.50 63.64
75.62=95.83 95.45 94.74 94.44 14.81 91.67 95.00 62.50 80.00 92.31 75.00 95.65 60.00 65.62 82.76 72.41 96.00 86.96 43.24 74.07 100.00 89.29 76.92 40.00 54.55 88.89 66.67 51.52 89.47 68.42 50.00
77.96=84.62 100.00 90.48 100.00 10.34 95.45 95.65 68.42 80.00 93.33 80.65 90.91 61.11 64.71 89.29 77.42 95.83 95.45 44.74 74.07 89.47 83.33 77.78 50.00 71.43 93.75 68.42 51.35 95.00 68.75 75.00
77.88=88.00 100.00 95.00 100.00 14.81 91.67 95.45 76.19 80.00 100.00 75.86 100.00 62.16 71.43 89.29 80.65 95.83 91.67 40.54 76.00 94.12 92.31 64.52 40.00 60.61 83.33 62.50 60.00 94.44 77.78 60.00
78.55=88.46 100.00 95.00 100.00 12.90 100.00 100.00 73.91 81.25 92.86 85.71 90.91 67.86 70.37 92.86 73.53 92.00 95.83 42.50 78.57 89.47 100.00 67.74 36.36 70.37 85.71 77.78 60.71 95.24 55.56 61.54
78.88=92.00 100.00 95.00 100.00 7.69 100.00 95.24 75.86 78.95 100.00 83.33 90.91 67.74 66.67 83.33 66.67 95.83 94.74 45.45 80.00 100.00 92.59 75.00 44.44 73.08 87.50 73.33 62.96 95.24 60.71 61.11
80.88=95.83 100.00 100.00 100.00 10.00 100.00 95.45 76.00 83.33 100.00 80.00 100.00 68.57 75.00 88.89 76.47 96.00 95.65 45.71 84.00 100.00 100.00 66.67 61.54 65.52 88.24 66.67 58.06 95.45 63.64 70.59
78.84=92.00 100.00 94.74 94.74 3.57 100.00 95.45 75.00 87.50 100.00 80.65 95.45 68.57 71.43 86.67 86.67 100.00 95.83 48.28 95.24 100.00 88.00 63.64 36.84 65.62 84.21 55.00 62.07 100.00 48.28 68.75
77.87=85.71 100.00 94.74 95.00 6.25 95.83 95.45 70.00 94.44 94.12 85.71 100.00 66.67 75.00 92.59 78.12 96.00 88.00 50.00 80.00 100.00 92.31 65.62 53.33 58.62 78.95 60.87 58.62 90.91 50.00 61.11
79.44=92.00 100.00 100.00 95.00 0.00 100.00 91.30 70.00 88.24 93.75 85.19 95.45 66.67 72.00 89.66 72.73 95.45 95.24 50.00 87.50 100.00 96.15 58.33 61.54 66.67 88.89 76.47 72.00 94.44 50.00 57.89
78.90=92.00 100.00 100.00 94.74 0.00 91.30 95.24 73.08 93.75 100.00 80.65 95.65 65.62 75.86 89.66 77.42 92.00 95.65 45.16 82.61 100.00 85.71 65.62 53.33 71.43 82.35 73.68 66.67 93.75 58.33 54.55
78.70=92.00 100.00 95.00 94.74 0.00 100.00 90.91 80.00 81.25 100.00 83.33 100.00 57.58 71.43 83.87 71.43 92.31 95.83 51.52 91.30 100.00 92.31 60.00 50.00 71.43 88.24 61.90 66.67 95.00 63.64 57.89
79.36=85.19 100.00 95.00 100.00 0.00 100.00 90.00 62.96 87.50 93.75 83.33 100.00 61.76 73.33 92.86 77.42 95.65 95.24 46.43 90.91 100.00 96.00 67.74 53.33 62.50 94.44 57.69 80.95 95.00 64.00 57.14
79.33=95.83 100.00 94.74 85.71 0.00 95.65 95.00 76.00 100.00 100.00 78.57 100.00 57.58 78.57 86.67 69.44 96.00 95.00 46.88 90.91 94.44 96.00 61.76 61.54 67.74 89.47 61.90 94.44 94.44 39.39 55.56
80.18=95.83 100.00 100.00 94.74 0.00 96.00 91.67 69.23 94.12 100.00 89.29 100.00 64.71 75.00 92.59 77.42 92.00 95.83 50.00 86.36 100.00 96.15 67.74 47.37 66.67 88.24 65.22 89.47 100.00 50.00 50.00
80.44=92.31 100.00 100.00 90.48 0.00 100.00 95.24 76.92 92.31 93.75 80.65 100.00 61.54 70.97 89.66 78.12 95.65 96.00 48.48 84.00 100.00 100.00 64.29 56.25 59.38 88.24 73.68 88.89 95.45 58.33 63.16
80.47=92.00 100.00 95.00 94.74 2.63 95.83 95.65 68.97 92.86 100.00 88.46 95.24 63.16 72.41 89.29 81.25 92.59 95.65 41.38 95.24 100.00 96.15 72.41 47.06 57.58 83.33 72.22 90.00 94.74 60.00 68.75
79.43=92.00 100.00 100.00 94.74 0.00 95.83 95.00 70.37 94.12 100.00 85.71 95.45 70.00 68.75 83.33 75.00 92.59 96.00 38.71 90.91 100.00 96.15 67.86 50.00 57.58 94.12 66.67 80.95 90.00 51.72 68.75
78.43=88.46 100.00 100.00 90.00 0.00 100.00 95.45 72.00 100.00 93.75 86.21 95.45 68.75 68.97 81.25 92.00 91.67 91.67 40.62 100.00 100.00 92.59 61.29 37.50 57.14 84.21 52.00 90.00 94.12 48.28 57.89
78.97=88.46 100.00 94.74 94.74 0.00 100.00 100.00 73.08 87.50 94.12 86.21 100.00 60.61 78.57 89.66 75.76 88.00 95.83 42.31 91.30 100.00 96.00 75.00 46.15 55.56 84.21 56.52 89.47 95.00 48.28 61.11
78.24=91.67 100.00 94.44 90.48 0.00 100.00 90.48 68.00 85.71 93.75 75.00 100.00 63.16 76.19 86.21 85.71 88.89 92.00 48.15 80.00 100.00 95.65 63.64 52.94 63.64 87.50 46.43 77.27 100.00 63.64 65.00
79.81=91.30 100.00 94.44 95.00 0.00 100.00 95.00 73.91 93.75 100.00 75.76 100.00 64.86 77.78 92.86 80.00 92.00 95.83 40.00 82.61 100.00 100.00 67.74 44.44 58.33 93.75 70.00 85.00 95.45 61.54 52.63
79.88=92.00 100.00 100.00 90.48 0.00 100.00 91.30 76.92 89.47 100.00 72.73 100.00 65.62 76.92 92.86 83.33 100.00 95.65 46.15 83.33 100.00 92.31 58.82 50.00 57.14 89.47 65.00 90.00 95.45 62.50 58.82
78.91=92.00 100.00 94.74 85.71 0.00 100.00 95.45 68.00 100.00 94.12 77.42 87.50 61.76 83.33 86.21 72.73 95.83 96.00 42.31 91.30 100.00 96.00 70.00 47.06 58.82 80.00 65.22 89.47 90.91 57.69 66.67
79.97=92.00 100.00 90.48 94.74 0.00 95.83 95.45 78.26 94.12 100.00 79.31 100.00 72.73 77.78 89.29 80.65 95.65 92.31 46.43 90.48 100.00 100.00 61.29 42.11 54.55 94.12 55.56 81.82 95.45 64.00 64.71
78.71=88.00 100.00 100.00 90.00 0.00 100.00 90.91 76.00 88.24 100.00 75.00 100.00 66.67 76.00 92.86 77.42 91.67 88.89 44.83 90.48 100.00 89.29 72.41 44.44 55.56 80.00 60.87 85.00 90.00 60.71 64.71
78.54=92.00 100.00 100.00 94.12 0.00 100.00 95.24 78.26 92.86 94.12 83.33 86.96 55.88 82.61 92.86 77.42 92.00 95.83 41.38 86.96 100.00 100.00 57.14 43.75 59.38 84.21 52.00 89.47 95.24 51.72 60.00
78.76=91.67 100.00 100.00 90.00 0.00 100.00 91.30 69.23 100.00 100.00 79.31 100.00 59.46 76.67 89.66 78.79 95.65 95.83 44.00 100.00 100.00 100.00 63.64 31.25 56.76 77.27 57.14 89.47 94.12 57.69 52.63
78.42=92.00 100.00 100.00 85.71 0.00 100.00 95.24 73.08 93.33 100.00 80.65 100.00 60.53 75.00 89.66 80.65 91.67 95.65 44.00 90.00 94.12 92.00 66.67 50.00 55.88 77.78 50.00 85.00 95.24 59.26 57.89
79.42=92.00 100.00 100.00 90.00 0.00 100.00 95.45 76.92 92.86 100.00 78.12 95.24 62.86 79.31 89.29 81.25 88.89 95.83 44.44 84.00 94.44 96.15 64.52 41.18 54.05 88.24 70.00 89.47 94.44 58.33 64.71
79.71=92.00 100.00 95.00 90.48 0.00 100.00 95.24 83.33 93.33 100.00 78.12 90.91 64.71 75.00 83.33 78.12 92.31 92.00 46.15 86.36 100.00 100.00 64.52 47.06 51.43 83.33 70.00 94.44 94.74 62.50 66.67
79.67=92.00 95.45 95.00 80.95 0.00 100.00 90.91 73.91 93.75 100.00 75.76 100.00 63.89 80.77 86.67 78.79 95.65 95.83 46.15 88.00 100.00 100.00 63.64 57.14 55.56 84.21 58.33 85.71 95.24 73.91 62.50
79.18=92.00 100.00 100.00 94.74 0.00 100.00 100.00 73.08 89.47 100.00 78.12 95.24 70.97 74.19 85.71 74.29 95.83 92.31 44.44 82.61 94.44 100.00 63.64 53.33 57.14 87.50 54.17 85.00 94.74 59.09 62.50
80.18=92.00 100.00 100.00 90.48 0.00 100.00 95.45 77.27 89.47 100.00 78.12 95.24 69.70 80.77 92.86 74.29 95.65 95.83 44.00 84.00 94.44 96.15 65.62 53.33 56.76 83.33 60.87 94.74 95.45 66.67 63.16
79.88=92.00 100.00 100.00 90.00 0.00 100.00 95.24 78.26 83.33 100.00 78.12 95.45 68.57 77.78 85.71 80.00 92.00 96.00 42.31 90.91 100.00 96.00 60.61 58.33 60.00 88.89 64.00 85.71 95.00 64.00 57.89
79.01=96.00 100.00 95.00 90.00 0.00 100.00 90.48 60.71 100.00 100.00 86.21 95.45 66.67 75.00 86.67 80.65 95.83 95.65 43.48 88.00 94.44 100.00 64.52 43.75 55.26 82.35 65.22 80.95 95.65 65.00 56.25
81.11=91.67 100.00 100.00 95.00 0.00 100.00 87.50 76.92 89.47 100.00 80.65 95.24 67.65 82.14 86.67 77.42 95.83 95.83 48.00 86.96 100.00 96.15 65.62 47.37 58.33 84.21 77.78 94.74 95.24 71.43 66.67
79.45=92.00 100.00 100.00 88.89 0.00 100.00 91.30 75.86 88.89 88.89 80.65 100.00 65.71 80.00 86.21 80.65 95.65 95.83 40.62 86.36 100.00 100.00 61.76 47.06 56.25 88.89 63.64 85.00 94.44 63.64 64.71
80.79=91.67 100.00 100.00 89.47 0.00 100.00 100.00 69.23 100.00 100.00 89.29 100.00 69.70 79.31 83.87 83.33 95.65 96.00 44.44 86.96 100.00 96.15 65.62 38.10 58.33 88.89 65.22 80.95 95.00 66.67 70.59
79.40=91.67 100.00 94.74 88.89 0.00 100.00 90.91 69.23 89.47 84.21 83.33 100.00 68.75 82.61 89.66 78.79 91.67 95.83 48.00 91.67 100.00 96.00 58.33 53.33 55.56 88.89 63.64 85.00 95.00 65.22 61.11
97.67=100.00 100.00 100.00 100.00 100.00 100.00 100.00 100.00 100.00 100.00 100.00 100.00 100.00 100.00 100.00 100.00 100.00 100.00 100.00 100.00 100.00 100.00 100.00 100.00 50.00 100.00 100.00 77.78 100.00 100.00 100.00
97.20=100.00 100.00 100.00 100.00 100.00 100.00 100.00 100.00 100.00 100.00 100.00 100.00 100.00 100.00 100.00 100.00 75.00 100.00 100.00 100.00 100.00 80.00 100.00 100.00 100.00 100.00 100.00 100.00 83.33 75.00 100.00
92.61=100.00 100.00 100.00 75.00 100.00 100.00 100.00 100.00 100.00 100.00 100.00 100.00 100.00 100.00 100.00 100.00 75.00 100.00 100.00 66.67 100.00 100.00 100.00 100.00 66.67 0.00 100.00 87.50 100.00 100.00 100.00
98.39=100.00 100.00 100.00 100.00 100.00 100.00 100.00 100.00 100.00 100.00 100.00 100.00 100.00 100.00 100.00 100.00 100.00 66.67 100.00 100.00 100.00 100.00 100.00 100.00 100.00 100.00 100.00 100.00 100.00 83.33 100.00
97.74=100.00 100.00 100.00 100.00 100.00 100.00 100.00 75.00 100.00 100.00 100.00 100.00 100.00 100.00 100.00 100.00 75.00 100.00 100.00 100.00 100.00 100.00 100.00 80.00 100.00 100.00 100.00 100.00 100.00 100.00 100.00
97.66=100.00 100.00 100.00 100.00 100.00 100.00 100.00 100.00 100.00 100.00 100.00 100.00 100.00 100.00 100.00 85.71 75.00 100.00 100.00 66.67 100.00 100.00 100.00 100.00 100.00 100.00 100.00 100.00 100.00 100.00 100.00
95.86=100.00 100.00 100.00 100.00 100.00 100.00 100.00 100.00 100.00 100.00 100.00 100.00 100.00 80.00 100.00 100.00 75.00 100.00 100.00 66.67 100.00 100.00 100.00 100.00 100.00 50.00 100.00 100.00 100.00 100.00 100.00
97.85=100.00 100.00 100.00 100.00 100.00 100.00 100.00 100.00 100.00 100.00 100.00 66.67 100.00 100.00 100.00 100.00 100.00 100.00 100.00 66.67 100.00 100.00 100.00 100.00 100.00 100.00 100.00 100.00 100.00 100.00 100.00
98.92=100.00 100.00 100.00 100.00 100.00 100.00 100.00 100.00 100.00 100.00 100.00 100.00 100.00 100.00 100.00 100.00 100.00 100.00 100.00 66.67 100.00 100.00 100.00 100.00 100.00 100.00 100.00 100.00 100.00 100.00 100.00
96.55=100.00 100.00 100.00 100.00 100.00 100.00 100.00 75.00 100.00 100.00 100.00 100.00 100.00 100.00 100.00 100.00 100.00 100.00 100.00 100.00 100.00 100.00 100.00 80.00 66.67 100.00 100.00 100.00 71.43 100.00 100.00
99.60=100.00 100.00 100.00 100.00 100.00 100.00 100.00 100.00 100.00 100.00 100.00 100.00 100.00 100.00 100.00 100.00 100.00 100.00 100.00 100.00 100.00 100.00 100.00 100.00 100.00 100.00 100.00 87.50 100.00 100.00 100.00
97.31=100.00 100.00 100.00 100.00 100.00 100.00 100.00 100.00 100.00 100.00 100.00 100.00 100.00 100.00 100.00 100.00 100.00 100.00 100.00 33.33 100.00 100.00 100.00 100.00 100.00 100.00 100.00 100.00 83.33 100.00 100.00
98.92=100.00 100.00 100.00 100.00 100.00 100.00 100.00 100.00 100.00 100.00 100.00 100.00 100.00 100.00 100.00 100.00 100.00 100.00 100.00 66.67 100.00 100.00 100.00 100.00 100.00 100.00 100.00 100.00 100.00 100.00 100.00
98.55=100.00 100.00 100.00 100.00 100.00 100.00 100.00 100.00 100.00 100.00 100.00 100.00 100.00 100.00 100.00 100.00 75.00 100.00 100.00 100.00 100.00 100.00 100.00 80.00 100.00 100.00 100.00 100.00 100.00 100.00 100.00
99.54=100.00 100.00 100.00 100.00 100.00 100.00 100.00 100.00 100.00 100.00 100.00 100.00 85.71 100.00 100.00 100.00 100.00 100.00 100.00 100.00 100.00 100.00 100.00 100.00 100.00 100.00 100.00 100.00 100.00 100.00 100.00
98.12=100.00 100.00 100.00 100.00 100.00 100.00 100.00 75.00 100.00 100.00 100.00 100.00 100.00 100.00 100.00 100.00 100.00 100.00 66.67 100.00 100.00 100.00 100.00 100.00 100.00 100.00 100.00 100.00 100.00 100.00 100.00
98.12=100.00 100.00 100.00 100.00 100.00 100.00 100.00 100.00 75.00 100.00 100.00 100.00 100.00 100.00 100.00 100.00 100.00 100.00 100.00 100.00 100.00 100.00 100.00 100.00 66.67 100.00 100.00 100.00 100.00 100.00 100.00
96.85=100.00 100.00 100.00 100.00 100.00 100.00 100.00 100.00 100.00 100.00 100.00 100.00 100.00 100.00 100.00 85.71 100.00 66.67 100.00 100.00 100.00 100.00 100.00 100.00 100.00 50.00 100.00 100.00 100.00 100.00 100.00
98.43=100.00 100.00 100.00 100.00 100.00 100.00 100.00 100.00 100.00 100.00 100.00 100.00 100.00 100.00 100.00 100.00 100.00 100.00 100.00 100.00 100.00 100.00 100.00 100.00 100.00 100.00 80.00 100.00 100.00 71.43 100.00
99.19=100.00 100.00 100.00 100.00 100.00 100.00 100.00 100.00 100.00 100.00 100.00 100.00 100.00 100.00 100.00 100.00 75.00 100.00 100.00 100.00 100.00 100.00 100.00 100.00 100.00 100.00 100.00 100.00 100.00 100.00 100.00
97.28=100.00 100.00 100.00 100.00 100.00 100.00 100.00 75.00 100.00 100.00 100.00 100.00 100.00 100.00 100.00 85.71 75.00 100.00 100.00 100.00 100.00 100.00 100.00 100.00 100.00 100.00 80.00 100.00 100.00 100.00 100.00
99.35=100.00 100.00 100.00 100.00 80.00 100.00 100.00 100.00 100.00 100.00 100.00 100.00 100.00 100.00 100.00 100.00 100.00 100.00 100.00 100.00 100.00 100.00 100.00 100.00 100.00 100.00 100.00 100.00 100.00 100.00 100.00
99.46=100.00 100.00 100.00 100.00 100.00 100.00 100.00 100.00 100.00 100.00 100.00 100.00 100.00 100.00 100.00 100.00 100.00 100.00 100.00 100.00 100.00 100.00 100.00 100.00 100.00 100.00 100.00 100.00 100.00 83.33 100.00
96.56=100.00 100.00 100.00 100.00 100.00 100.00 100.00 100.00 100.00 100.00 100.00 100.00 100.00 100.00 100.00 100.00 60.00 100.00 100.00 100.00 100.00 100.00 100.00 100.00 66.67 66.67 100.00 100.00 100.00 100.00 100.00
97.47=100.00 100.00 100.00 100.00 100.00 100.00 100.00 100.00 100.00 100.00 100.00 66.67 100.00 100.00 100.00 100.00 75.00 100.00 100.00 100.00 100.00 100.00 100.00 80.00 100.00 100.00 100.00 100.00 100.00 100.00 100.00
98.62=100.00 100.00 100.00 100.00 100.00 100.00 100.00 100.00 100.00 100.00 100.00 100.00 100.00 100.00 100.00 85.71 100.00 100.00 100.00 100.00 100.00 100.00 100.00 100.00 100.00 100.00 100.00 100.00 100.00 71.43 100.00
97.58=100.00 100.00 100.00 100.00 100.00 100.00 75.00 100.00 100.00 100.00 100.00 100.00 100.00 100.00 100.00 100.00 100.00 100.00 100.00 50.00 100.00 100.00 100.00 100.00 100.00 100.00 100.00 100.00 100.00 100.00 100.00
99.19=100.00 100.00 100.00 100.00 100.00 100.00 100.00 100.00 100.00 100.00 100.00 100.00 100.00 100.00 100.00 100.00 75.00 100.00 100.00 100.00 100.00 100.00 100.00 100.00 100.00 100.00 100.00 100.00 100.00 100.00 100.00
100.00=100.00 100.00 100.00 100.00 100.00 100.00 100.00 100.00 100.00 100.00 100.00 100.00 100.00 100.00 100.00 100.00 100.00 100.00 100.00 100.00 100.00 100.00 100.00 100.00 100.00 100.00 100.00 100.00 100.00 100.00 100.00
96.95=100.00 100.00 100.00 100.00 100.00 100.00 75.00 100.00 100.00 100.00 100.00 66.67 100.00 100.00 88.89 100.00 75.00 100.00 100.00 100.00 100.00 100.00 100.00 100.00 100.00 100.00 100.00 100.00 100.00 100.00 100.00
99.46=100.00 100.00 100.00 100.00 100.00 100.00 100.00 100.00 100.00 100.00 100.00 100.00 100.00 100.00 100.00 100.00 100.00 100.00 100.00 100.00 100.00 100.00 100.00 100.00 100.00 100.00 100.00 100.00 100.00 83.33 100.00
97.47=100.00 100.00 100.00 100.00 100.00 100.00 100.00 100.00 100.00 100.00 100.00 100.00 100.00 100.00 100.00 100.00 75.00 100.00 100.00 100.00 100.00 100.00 100.00 80.00 66.67 100.00 100.00 100.00 100.00 100.00 100.00
97.20=100.00 100.00 100.00 100.00 100.00 100.00 100.00 100.00 100.00 100.00 100.00 100.00 100.00 100.00 100.00 100.00 100.00 100.00 100.00 100.00 100.00 100.00 100.00 80.00 66.67 100.00 100.00 100.00 100.00 66.67 100.00
98.28=100.00 100.00 100.00 100.00 100.00 100.00 100.00 100.00 100.00 100.00 100.00 100.00 100.00 100.00 100.00 100.00 100.00 100.00 100.00 66.67 100.00 100.00 100.00 80.00 100.00 100.00 100.00 100.00 100.00 100.00 100.00
99.35=100.00 100.00 100.00 100.00 100.00 100.00 100.00 100.00 100.00 100.00 100.00 100.00 100.00 100.00 100.00 100.00 100.00 100.00 100.00 100.00 100.00 100.00 100.00 100.00 100.00 100.00 100.00 100.00 100.00 100.00 80.00
95.59=100.00 100.00 100.00 100.00 100.00 100.00 75.00 100.00 100.00 100.00 100.00 66.67 100.00 100.00 100.00 100.00 75.00 100.00 100.00 100.00 100.00 100.00 100.00 100.00 100.00 66.67 100.00 100.00 100.00 80.00 100.00
98.39=100.00 100.00 100.00 100.00 100.00 100.00 100.00 100.00 100.00 100.00 100.00 100.00 100.00 100.00 100.00 100.00 100.00 100.00 100.00 100.00 100.00 100.00 100.00 100.00 50.00 100.00 100.00 100.00 100.00 100.00 100.00
96.67=100.00 100.00 100.00 100.00 100.00 100.00 100.00 100.00 100.00 100.00 100.00 100.00 100.00 100.00 100.00 75.00 75.00 100.00 100.00 100.00 100.00 100.00 100.00 80.00 66.67 100.00 100.00 100.00 100.00 100.00 100.00
97.28=100.00 100.00 100.00 100.00 100.00 100.00 100.00 100.00 80.00 100.00 100.00 100.00 83.33 100.00 100.00 85.71 100.00 100.00 100.00 100.00 100.00 100.00 100.00 100.00 66.67 100.00 100.00 100.00 100.00 100.00 100.00
97.92=100.00 100.00 100.00 100.00 100.00 100.00 100.00 100.00 100.00 100.00 100.00 100.00 100.00 100.00 88.89 100.00 100.00 100.00 100.00 66.67 100.00 100.00 100.00 100.00 100.00 100.00 100.00 100.00 100.00 80.00 100.00
100.00=100.00 100.00 100.00 100.00 100.00 100.00 100.00 100.00 100.00 100.00 100.00 100.00 100.00 100.00 100.00 100.00 100.00 100.00 100.00 100.00 100.00 100.00 100.00 100.00 100.00 100.00 100.00 100.00 100.00 100.00 100.00
99.35=100.00 100.00 100.00 100.00 100.00 100.00 100.00 100.00 100.00 100.00 100.00 100.00 100.00 80.00 100.00 100.00 100.00 100.00 100.00 100.00 100.00 100.00 100.00 100.00 100.00 100.00 100.00 100.00 100.00 100.00 100.00
96.13=100.00 100.00 100.00 100.00 100.00 100.00 100.00 100.00 100.00 100.00 100.00 100.00 100.00 100.00 100.00 83.33 100.00 100.00 100.00 66.67 100.00 100.00 100.00 100.00 66.67 100.00 100.00 100.00 80.00 83.33 100.00
98.43=100.00 100.00 100.00 100.00 100.00 100.00 100.00 100.00 100.00 100.00 100.00 100.00 100.00 80.00 100.00 100.00 100.00 100.00 100.00 100.00 100.00 100.00 100.00 100.00 100.00 100.00 100.00 100.00 100.00 71.43 100.00
97.54=100.00 100.00 100.00 100.00 100.00 100.00 100.00 100.00 80.00 100.00 75.00 100.00 100.00 100.00 88.89 100.00 100.00 100.00 100.00 100.00 100.00 100.00 100.00 80.00 100.00 100.00 100.00 100.00 100.00 100.00 100.00
95.67=100.00 100.00 100.00 100.00 100.00 100.00 100.00 100.00 100.00 100.00 100.00 50.00 83.33 100.00 100.00 85.71 100.00 100.00 100.00 100.00 100.00 80.00 100.00 100.00 66.67 100.00 100.00 100.00 100.00 100.00 100.00
98.66=100.00 100.00 100.00 100.00 100.00 75.00 100.00 100.00 100.00 100.00 100.00 100.00 100.00 100.00 100.00 100.00 100.00 100.00 100.00 100.00 100.00 100.00 100.00 100.00 100.00 100.00 100.00 100.00 100.00 83.33 100.00
99.54=100.00 100.00 100.00 100.00 100.00 100.00 100.00 100.00 100.00 100.00 100.00 100.00 100.00 100.00 100.00 85.71 100.00 100.00 100.00 100.00 100.00 100.00 100.00 100.00 100.00 100.00 100.00 100.00 100.00 100.00 100.00
98.52=100.00 100.00 100.00 100.00 100.00 100.00 100.00 100.00 100.00 100.00 100.00 100.00 100.00 100.00 100.00 100.00 100.00 66.67 100.00 100.00 100.00 100.00 100.00 100.00 100.00 100.00 100.00 87.50 100.00 100.00 100.00
96.51=100.00 100.00 100.00 100.00 100.00 100.00 75.00 100.00 100.00 100.00 100.00 66.67 100.00 100.00 100.00 100.00 100.00 66.67 100.00 100.00 100.00 100.00 100.00 100.00 100.00 100.00 100.00 100.00 83.33 100.00 100.00
98.71=100.00 100.00 100.00 100.00 100.00 100.00 100.00 100.00 100.00 80.00 100.00 100.00 100.00 100.00 100.00 100.00 100.00 100.00 100.00 100.00 100.00 100.00 100.00 80.00 100.00 100.00 100.00 100.00 100.00 100.00 100.00
98.82=100.00 100.00 100.00 100.00 100.00 100.00 100.00 100.00 100.00 100.00 100.00 100.00 100.00 100.00 100.00 100.00 100.00 100.00 100.00 100.00 100.00 100.00 100.00 80.00 100.00 100.00 100.00 100.00 100.00 83.33 100.00
94.32=100.00 100.00 100.00 100.00 75.00 100.00 100.00 100.00 80.00 100.00 100.00 66.67 100.00 100.00 100.00 85.71 100.00 66.67 100.00 66.67 100.00 100.00 100.00 100.00 100.00 100.00 100.00 100.00 83.33 100.00 100.00
97.31=100.00 100.00 100.00 100.00 100.00 100.00 100.00 100.00 100.00 100.00 100.00 100.00 100.00 100.00 100.00 100.00 100.00 100.00 100.00 66.67 100.00 100.00 100.00 100.00 66.67 100.00 100.00 100.00 83.33 100.00 100.00
98.92=100.00 100.00 100.00 100.00 100.00 100.00 100.00 100.00 100.00 100.00 100.00 100.00 100.00 100.00 100.00 100.00 100.00 100.00 100.00 100.00 100.00 100.00 100.00 100.00 66.67 100.00 100.00 100.00 100.00 100.00 100.00
98.39=100.00 100.00 100.00 100.00 100.00 100.00 100.00 100.00 100.00 100.00 100.00 66.67 100.00 100.00 100.00 100.00 100.00 100.00 100.00 100.00 100.00 100.00 100.00 100.00 100.00 100.00 100.00 100.00 83.33 100.00 100.00
99.46=100.00 100.00 100.00 100.00 100.00 100.00 100.00 100.00 100.00 100.00 100.00 100.00 100.00 100.00 100.00 100.00 100.00 100.00 100.00 100.00 100.00 100.00 100.00 100.00 100.00 100.00 100.00 100.00 83.33 100.00 100.00
96.76=100.00 100.00 100.00 100.00 100.00 100.00 75.00 100.00 100.00 100.00 100.00 100.00 100.00 100.00 88.89 85.71 100.00 100.00 100.00 100.00 100.00 100.00 100.00 100.00 66.67 100.00 100.00 100.00 83.33 100.00 100.00
99.19=100.00 100.00 100.00 100.00 100.00 100.00 100.00 100.00 100.00 100.00 75.00 100.00 100.00 100.00 100.00 100.00 100.00 100.00 100.00 100.00 100.00 100.00 100.00 100.00 100.00 100.00 100.00 100.00 100.00 100.00 100.00
99.35=100.00 100.00 100.00 100.00 100.00 100.00 100.00 100.00 100.00 100.00 100.00 100.00 100.00 100.00 100.00 100.00 100.00 100.00 100.00 100.00 100.00 80.00 100.00 100.00 100.00 100.00 100.00 100.00 100.00 100.00 100.00
100.00=100.00 100.00 100.00 100.00 100.00 100.00 100.00 100.00 100.00 100.00 100.00 100.00 100.00 100.00 100.00 100.00 100.00 100.00 100.00 100.00 100.00 100.00 100.00 100.00 100.00 100.00 100.00 100.00 100.00 100.00 100.00
99.00=100.00 100.00 85.71 100.00 100.00 100.00 100.00 100.00 100.00 100.00 100.00 100.00 100.00 100.00 100.00 100.00 100.00 100.00 100.00 100.00 100.00 100.00 100.00 100.00 100.00 100.00 100.00 100.00 83.33 100.00 100.00
99.54=100.00 100.00 100.00 100.00 100.00 100.00 100.00 100.00 100.00 100.00 100.00 100.00 100.00 100.00 100.00 85.71 100.00 100.00 100.00 100.00 100.00 100.00 100.00 100.00 100.00 100.00 100.00 100.00 100.00 100.00 100.00
99.35=100.00 100.00 100.00 100.00 100.00 100.00 100.00 100.00 100.00 100.00 100.00 100.00 100.00 100.00 100.00 100.00 100.00 100.00 100.00 100.00 100.00 100.00 100.00 80.00 100.00 100.00 100.00 100.00 100.00 100.00 100.00
99.54=100.00 100.00 85.71 100.00 100.00 100.00 100.00 100.00 100.00 100.00 100.00 100.00 100.00 100.00 100.00 100.00 100.00 100.00 100.00 100.00 100.00 100.00 100.00 100.00 100.00 100.00 100.00 100.00 100.00 100.00 100.00
99.46=100.00 100.00 100.00 100.00 100.00 100.00 100.00 100.00 100.00 100.00 100.00 100.00 100.00 100.00 100.00 100.00 100.00 100.00 100.00 100.00 100.00 100.00 100.00 100.00 100.00 100.00 100.00 100.00 83.33 100.00 100.00
99.46=100.00 100.00 100.00 100.00 100.00 100.00 100.00 100.00 100.00 100.00 100.00 100.00 100.00 100.00 100.00 100.00 100.00 100.00 100.00 100.00 100.00 100.00 100.00 100.00 100.00 100.00 100.00 100.00 83.33 100.00 100.00
100.00=100.00 100.00 100.00 100.00 100.00 100.00 100.00 100.00 100.00 100.00 100.00 100.00 100.00 100.00 100.00 100.00 100.00 100.00 100.00 100.00 100.00 100.00 100.00 100.00 100.00 100.00 100.00 100.00 100.00 100.00 100.00
98.55=100.00 100.00 100.00 100.00 100.00 100.00 100.00 100.00 80.00 100.00 100.00 100.00 100.00 100.00 100.00 100.00 75.00 100.00 100.00 100.00 100.00 100.00 100.00 100.00 100.00 100.00 100.00 100.00 100.00 100.00 100.00
99.46=100.00 83.33 100.00 100.00 100.00 100.00 100.00 100.00 100.00 100.00 100.00 100.00 100.00 100.00 100.00 100.00 100.00 100.00 100.00 100.00 100.00 100.00 100.00 100.00 100.00 100.00 100.00 100.00 100.00 100.00 100.00
98.39=100.00 100.00 100.00 100.00 100.00 100.00 100.00 100.00 100.00 100.00 100.00 100.00 100.00 100.00 100.00 100.00 100.00 100.00 100.00 66.67 100.00 100.00 100.00 100.00 100.00 100.00 100.00 100.00 100.00 83.33 100.00
98.92=100.00 100.00 100.00 100.00 100.00 100.00 100.00 100.00 100.00 100.00 100.00 100.00 100.00 100.00 100.00 100.00 100.00 100.00 66.67 100.00 100.00 100.00 100.00 100.00 100.00 100.00 100.00 100.00 100.00 100.00 100.00
98.92=100.00 100.00 100.00 100.00 100.00 100.00 100.00 100.00 100.00 100.00 100.00 100.00 100.00 100.00 100.00 100.00 100.00 100.00 100.00 66.67 100.00 100.00 100.00 100.00 100.00 100.00 100.00 100.00 100.00 100.00 100.00
98.39=100.00 100.00 100.00 100.00 100.00 75.00 100.00 75.00 100.00 100.00 100.00 100.00 100.00 100.00 100.00 100.00 100.00 100.00 100.00 100.00 100.00 100.00 100.00 100.00 100.00 100.00 100.00 100.00 100.00 100.00 100.00
98.92=100.00 100.00 100.00 100.00 100.00 100.00 100.00 100.00 100.00 100.00 100.00 100.00 100.00 100.00 100.00 100.00 100.00 100.00 100.00 66.67 100.00 100.00 100.00 100.00 100.00 100.00 100.00 100.00 100.00 100.00 100.00
96.21=100.00 100.00 100.00 100.00 100.00 100.00 100.00 100.00 100.00 100.00 100.00 100.00 100.00 100.00 100.00 85.71 100.00 100.00 100.00 50.00 100.00 100.00 100.00 100.00 66.67 100.00 100.00 100.00 100.00 100.00 80.00
98.71=100.00 100.00 100.00 100.00 100.00 100.00 100.00 100.00 100.00 80.00 100.00 100.00 100.00 100.00 100.00 100.00 100.00 100.00 100.00 100.00 100.00 80.00 100.00 100.00 100.00 100.00 100.00 100.00 100.00 100.00 100.00
98.92=100.00 100.00 100.00 100.00 100.00 100.00 100.00 100.00 100.00 100.00 100.00 100.00 100.00 100.00 100.00 100.00 100.00 100.00 100.00 100.00 100.00 100.00 100.00 100.00 66.67 100.00 100.00 100.00 100.00 100.00 100.00
96.51=100.00 100.00 100.00 100.00 100.00 100.00 100.00 75.00 100.00 100.00 100.00 100.00 100.00 100.00 100.00 100.00 75.00 100.00 100.00 66.67 100.00 100.00 100.00 75.00 100.00 100.00 100.00 100.00 100.00 100.00 100.00
98.46=100.00 100.00 100.00 100.00 100.00 100.00 100.00 100.00 100.00 100.00 100.00 100.00 100.00 100.00 100.00 85.71 100.00 100.00 100.00 66.67 100.00 100.00 100.00 100.00 100.00 100.00 100.00 100.00 100.00 100.00 100.00
76.28=96.00 95.65 95.00 85.00 21.21 89.29 95.65 75.00 81.82 100.00 79.31 95.83 60.98 60.00 83.33 86.96 67.57 91.30 38.89 75.00 100.00 92.59 96.00 31.58 56.25 92.86 52.63 76.00 65.00 58.82 69.23
76.49=96.00 95.65 100.00 77.27 33.33 96.00 100.00 81.82 69.23 100.00 92.00 92.31 62.16 66.67 80.00 77.78 75.76 80.77 33.33 68.75 100.00 100.00 96.00 35.29 53.12 85.71 45.45 66.67 56.00 72.22 81.82
77.93=96.00 95.45 100.00 86.96 26.92 88.89 100.00 81.82 80.00 93.75 89.29 95.65 55.56 75.00 82.14 78.57 80.65 91.67 32.61 70.83 100.00 96.00 96.00 35.71 54.29 78.57 60.00 72.00 69.23 70.59 81.82
77.16=96.00 100.00 100.00 84.21 31.58 86.21 100.00 86.36 60.00 100.00 85.71 95.83 65.71 58.62 83.33 77.78 80.65 100.00 33.33 53.57 100.00 100.00 96.00 31.25 57.58 91.67 57.89 80.00 73.68 58.33 66.67
77.84=96.00 95.45 100.00 80.95 32.00 92.31 100.00 85.71 63.64 100.00 84.62 96.15 63.16 62.50 85.71 75.86 75.76 100.00 35.56 76.19 95.00 100.00 100.00 25.00 54.55 92.31 69.23 81.82 60.00 53.57 80.00
78.39=96.00 91.67 100.00 81.82 41.18 92.00 96.00 88.89 68.75 100.00 89.29 95.83 63.16 66.67 77.42 87.50 73.53 91.30 29.79 76.19 100.00 86.67 100.00 38.46 52.78 92.31 57.89 81.82 85.00 61.54 66.67
77.76=96.00 100.00 100.00 80.00 41.18 92.31 100.00 80.00 86.67 88.89 88.46 96.00 66.67 60.61 85.71 73.08 83.33 91.30 31.37 44.44 95.00 100.00 92.31 41.67 56.25 92.31 61.11 70.83 72.73 65.52 76.92
77.71=96.00 95.65 100.00 89.47 40.00 88.46 100.00 81.82 84.62 93.75 91.30 95.65 65.79 64.52 86.21 86.96 81.25 95.45 34.88 59.26 100.00 89.29 89.29 35.71 50.00 90.91 52.63 70.37 65.38 59.26 75.00
78.70=88.89 95.65 100.00 85.71 40.00 88.46 100.00 82.61 80.00 100.00 92.59 96.00 70.59 67.86 78.12 88.00 78.12 100.00 34.78 56.67 100.00 92.59 100.00 27.78 58.06 92.31 57.89 78.26 73.91 68.18 66.67
78.02=88.89 95.65 100.00 77.27 38.89 95.83 100.00 82.61 83.33 100.00 100.00 95.65 63.16 61.29 83.33 81.48 80.65 100.00 34.15 58.62 94.74 92.31 96.15 35.71 43.24 91.67 62.50 79.17 65.22 66.67 70.59
78.45=92.31 95.65 94.74 83.33 47.06 92.31 100.00 80.00 76.92 94.12 95.24 100.00 67.65 77.78 80.65 80.77 83.87 100.00 35.56 55.17 100.00 92.59 100.00 33.33 51.52 85.71 57.89 82.61 63.64 47.06 84.62
78.55=92.31 95.65 95.00 85.71 33.33 92.59 100.00 80.95 86.67 93.75 92.59 92.31 65.71 61.29 82.76 84.62 82.14 95.45 36.59 56.25 100.00 96.30 95.83 31.25 52.94 91.67 58.82 85.71 78.26 61.54 76.92
78.00=96.00 95.65 100.00 80.77 35.29 92.59 100.00 72.73 63.64 100.00 100.00 100.00 63.89 78.26 82.76 80.77 75.76 100.00 44.12 68.97 100.00 96.15 95.83 26.32 55.56 85.71 43.48 86.36 72.73 58.06 66.67
78.94=92.31 95.65 100.00 81.48 50.00 92.59 100.00 76.19 80.00 94.12 92.31 92.31 66.67 73.08 83.33 90.91 68.75 100.00 31.43 70.37 100.00 96.30 96.15 26.32 50.00 92.31 63.16 81.82 73.91 50.00 85.71
77.96=96.00 95.65 95.00 80.77 33.33 92.31 100.00 81.82 75.00 100.00 100.00 91.67 61.54 74.07 82.76 83.33 80.00 100.00 37.84 66.67 100.00 96.00 96.15 29.41 54.29 80.00 63.16 81.82 69.57 50.00 68.75
79.52=96.00 100.00 100.00 84.62 43.75 92.59 100.00 79.17 55.00 100.00 92.59 95.65 61.54 77.78 82.14 95.45 83.33 100.00 31.71 69.23 100.00 96.15 100.00 31.25 51.35 92.86 61.11 86.36 68.42 57.14 80.00
78.50=96.00 95.65 100.00 80.00 35.29 92.00 100.00 88.89 80.00 93.75 100.00 95.83 66.67 68.97 86.21 86.96 82.14 96.00 37.84 63.33 94.74 89.29 100.00 22.22 55.88 70.59 62.50 73.08 80.95 53.12 85.71
78.28=96.00 95.24 95.00 84.62 53.85 91.67 95.24 80.00 80.00 89.47 81.48 95.83 66.67 72.73 75.76 81.82 81.25 100.00 35.71 64.29 100.00 92.59 100.00 17.24 61.29 84.62 52.38 86.36 77.27 53.85 84.62
78.49=92.31 95.45 94.74 80.77 38.89 92.31 95.83 80.00 84.62 100.00 96.00 95.83 60.53 78.57 82.76 86.96 79.31 100.00 33.33 55.88 94.74 96.15 96.15 23.08 56.25 91.67 70.59 76.00 75.00 56.25 73.33
78.77=96.00 95.45 100.00 80.77 43.75 89.29 100.00 78.26 63.64 93.75 96.15 96.00 60.00 80.77 82.76 84.00 83.33 100.00 34.15 62.07 94.74 100.00 92.59 22.22 58.06 92.31 62.50 85.71 81.82 48.48 83.33
79.64=92.31 95.45 100.00 77.78 41.18 88.89 100.00 85.71 78.57 100.00 100.00 95.65 61.90 86.96 85.71 100.00 77.42 95.00 38.10 58.06 100.00 92.59 96.15 23.81 62.07 91.67 38.71 82.61 80.95 66.67 75.00
79.89=96.00 95.65 100.00 88.00 41.18 96.15 100.00 76.19 83.33 89.47 92.59 96.00 61.54 83.33 83.33 91.67 82.14 95.65 31.11 53.12 100.00 96.15 100.00 18.18 57.58 92.31 57.14 86.36 84.21 62.50 85.71
79.11=96.00 95.24 100.00 80.77 36.84 92.00 100.00 73.91 68.75 100.00 89.29 95.65 58.97 80.00 82.14 84.62 80.65 100.00 34.15 66.67 95.00 92.86 100.00 25.00 62.50 84.62 52.17 78.26 100.00 62.96 83.33
77.76=88.46 95.65 95.00 80.00 42.86 92.31 100.00 69.57 78.57 100.00 92.31 95.83 64.71 79.31 80.65 77.78 75.76 100.00 33.33 64.29 100.00 83.33 96.00 20.00 54.55 85.71 45.00 94.44 83.33 56.00 85.71
78.93=96.00 95.45 100.00 81.48 37.50 92.59 100.00 81.82 75.00 89.47 100.00 96.00 64.10 76.92 86.21 84.62 80.00 95.45 37.50 64.52 100.00 96.30 100.00 22.73 50.00 91.67 46.15 85.00 85.71 65.38 69.23
80.17=92.31 95.65 95.00 81.48 46.15 92.31 100.00 85.71 69.23 100.00 92.31 96.00 64.10 78.57 80.65 92.00 78.12 95.65 35.14 65.52 95.00 96.30 100.00 31.58 54.29 91.67 57.14 89.47 78.95 69.23 85.71
79.35=92.31 100.00 95.00 80.77 58.33 89.29 100.00 80.00 75.00 93.75 96.15 95.83 61.54 76.92 86.21 87.50 75.00 100.00 35.90 64.29 100.00 96.15 100.00 20.00 56.25 86.67 55.00 86.36 76.47 59.26 80.00
78.96=92.31 100.00 94.74 87.50 46.67 96.00 100.00 85.71 83.33 89.47 100.00 95.83 64.86 80.77 82.76 87.50 80.00 91.30 30.77 62.96 100.00 89.29 100.00 19.23 51.43 85.71 50.00 100.00 75.00 61.54 63.16
78.33=92.31 95.65 95.00 77.78 50.00 92.59 100.00 79.17 85.71 100.00 92.59 91.67 66.67 76.92 83.33 90.91 76.47 100.00 30.00 62.07 100.00 96.00 95.83 18.18 52.78 78.57 55.00 85.00 78.95 57.69 71.43
79.02=92.31 100.00 95.00 86.96 53.85 92.31 100.00 71.43 76.92 88.89 96.00 92.00 68.57 75.86 86.21 87.50 78.79 100.00 34.21 65.52 95.00 89.66 92.31 20.00 56.25 92.31 50.00 86.36 81.25 58.33 85.71
78.57=92.31 100.00 100.00 80.00 50.00 92.31 95.65 73.08 76.92 100.00 100.00 95.83 62.16 80.77 82.76 84.62 71.43 100.00 32.35 60.00 100.00 92.59 95.83 22.22 51.35 85.71 50.00 90.00 80.00 57.69 80.00
78.46=88.89 95.65 95.00 80.77 43.75 92.59 100.00 80.95 71.43 94.44 92.59 89.29 66.67 77.78 83.33 83.33 73.53 100.00 32.26 65.52 100.00 92.59 100.00 21.05 45.45 84.62 54.55 100.00 78.26 68.00 80.00
79.35=92.31 95.45 100.00 77.78 46.15 92.59 100.00 75.00 92.86 94.12 95.65 95.83 69.44 79.31 82.76 91.30 83.87 100.00 38.71 59.38 100.00 92.86 100.00 26.32 42.86 81.82 38.71 100.00 76.19 68.00 70.59
78.92=92.00 95.65 100.00 84.62 46.67 92.31 100.00 85.00 75.00 94.12 92.59 95.83 56.76 79.31 79.31 81.48 80.65 100.00 41.18 67.74 100.00 88.00 100.00 19.05 53.12 91.67 42.31 86.36 80.95 59.26 85.71
78.11=92.31 95.45 95.00 80.00 50.00 92.00 100.00 80.00 73.33 88.24 92.59 92.00 64.52 73.08 77.42 72.41 80.65 100.00 39.47 71.43 100.00 89.66 100.00 26.32 50.00 90.91 44.44 100.00 78.26 58.62 73.33
80.13=96.00 95.65 95.00 84.62 42.86 92.59 100.00 73.08 86.67 94.44 95.83 96.00 65.79 80.00 86.21 86.96 83.87 100.00 36.11 74.07 100.00 92.86 100.00 23.81 58.06 85.71 55.00 76.00 78.95 67.86 80.00
79.05=92.31 100.00 100.00 77.78 35.00 92.59 100.00 72.00 73.33 89.47 95.83 95.24 64.10 78.57 81.48 91.30 80.65 100.00 38.71 66.67 100.00 92.86 100.00 25.00 54.84 91.67 54.55 90.48 80.00 56.25 80.00
79.34=92.00 95.45 90.48 84.00 50.00 92.59 100.00 70.37 78.57 94.44 92.31 95.83 64.86 80.77 83.33 84.62 80.65 100.00 37.14 73.08 100.00 92.59 100.00 20.83 53.33 92.31 50.00 81.82 80.95 61.54 85.71
79.59=92.31 95.24 90.48 80.77 50.00 92.31 100.00 78.26 84.62 94.44 96.00 100.00 62.86 79.31 83.33 75.00 81.25 100.00 36.11 67.86 90.48 89.66 100.00 26.32 53.33 92.86 68.75 86.96 88.89 54.84 75.00
79.03=88.89 95.65 100.00 84.62 37.50 92.31 100.00 70.83 90.91 88.89 100.00 100.00 64.71 84.00 82.76 78.57 75.00 100.00 34.38 66.67 100.00 89.66 100.00 22.73 48.57 92.86 55.00 79.17 81.82 60.00 84.62
98.31=100.00 100.00 100.00 100.00 100.00 100.00 100.00 100.00 80.00 80.00 100.00 100.00 100.00 100.00 100.00 100.00 100.00 100.00 100.00 100.00 100.00 100.00 100.00 100.00 100.00 100.00 100.00 87.50 100.00 100.00 100.00
99.35=100.00 100.00 100.00 100.00 100.00 100.00 100.00 100.00 100.00 100.00 100.00 100.00 100.00 100.00 100.00 100.00 100.00 100.00 100.00 100.00 100.00 100.00 100.00 80.00 100.00 100.00 100.00 100.00 100.00 100.00 100.00
97.39=100.00 100.00 100.00 100.00 100.00 100.00 100.00 100.00 100.00 100.00 100.00 66.67 85.71 100.00 100.00 100.00 100.00 100.00 100.00 66.67 100.00 100.00 100.00 100.00 100.00 100.00 100.00 100.00 100.00 100.00 100.00
96.94=100.00 100.00 100.00 100.00 100.00 100.00 100.00 100.00 80.00 100.00 100.00 100.00 100.00 100.00 100.00 100.00 75.00 66.67 100.00 100.00 100.00 100.00 83.33 100.00 100.00 100.00 100.00 100.00 100.00 100.00 100.00
98.17=100.00 100.00 100.00 100.00 100.00 100.00 100.00 60.00 100.00 100.00 100.00 100.00 100.00 100.00 100.00 100.00 100.00 100.00 100.00 100.00 100.00 100.00 100.00 100.00 100.00 100.00 100.00 100.00 100.00 83.33 100.00
98.39=100.00 100.00 100.00 75.00 100.00 100.00 75.00 100.00 100.00 100.00 100.00 100.00 100.00 100.00 100.00 100.00 100.00 100.00 100.00 100.00 100.00 100.00 100.00 100.00 100.00 100.00 100.00 100.00 100.00 100.00 100.00
98.55=100.00 100.00 100.00 75.00 100.00 100.00 100.00 100.00 100.00 100.00 100.00 100.00 100.00 100.00 100.00 100.00 100.00 100.00 100.00 100.00 100.00 100.00 100.00 80.00 100.00 100.00 100.00 100.00 100.00 100.00 100.00
98.55=100.00 100.00 100.00 75.00 100.00 100.00 100.00 100.00 100.00 100.00 100.00 100.00 100.00 100.00 100.00 100.00 100.00 100.00 100.00 100.00 100.00 100.00 100.00 80.00 100.00 100.00 100.00 100.00 100.00 100.00 100.00
97.72=100.00 100.00 100.00 100.00 100.00 100.00 75.00 100.00 100.00 100.00 100.00 66.67 100.00 100.00 100.00 100.00 100.00 100.00 100.00 100.00 100.00 100.00 100.00 100.00 100.00 100.00 100.00 87.50 100.00 100.00 100.00
97.74=100.00 100.00 100.00 100.00 100.00 100.00 100.00 100.00 100.00 100.00 100.00 100.00 100.00 100.00 100.00 100.00 100.00 100.00 100.00 100.00 100.00 100.00 100.00 80.00 50.00 100.00 100.00 100.00 100.00 100.00 100.00
97.20=100.00 100.00 100.00 100.00 100.00 100.00 100.00 100.00 100.00 100.00 100.00 100.00 100.00 100.00 100.00 100.00 100.00 100.00 100.00 66.67 100.00 100.00 100.00 100.00 66.67 100.00 80.00 100.00 100.00 100.00 100.00
95.04=100.00 100.00 100.00 100.00 100.00 100.00 100.00 100.00 100.00 100.00 100.00 100.00 100.00 80.00 77.78 100.00 100.00 100.00 100.00 66.67 100.00 75.00 100.00 80.00 66.67 100.00 100.00 100.00 100.00 100.00 100.00
97.76=100.00 100.00 100.00 100.00 100.00 100.00 100.00 100.00 100.00 100.00 75.00 100.00 100.00 100.00 88.89 100.00 100.00 100.00 100.00 100.00 100.00 100.00 100.00 66.67 100.00 100.00 100.00 100.00 100.00 100.00 100.00
98.57=100.00 100.00 100.00 100.00 100.00 100.00 100.00 100.00 100.00 100.00 100.00 100.00 100.00 100.00 88.89 100.00 100.00 100.00 100.00 100.00 100.00 100.00 100.00 100.00 66.67 100.00 100.00 100.00 100.00 100.00 100.00
98.19=100.00 100.00 100.00 100.00 100.00 100.00 100.00 100.00 75.00 100.00 100.00 100.00 100.00 100.00 88.89 100.00 100.00 100.00 100.00 100.00 100.00 80.00 100.00 100.00 100.00 100.00 100.00 100.00 100.00 100.00 100.00
98.39=100.00 100.00 100.00 100.00 100.00 100.00 100.00 75.00 100.00 100.00 75.00 100.00 100.00 100.00 100.00 100.00 100.00 100.00 100.00 100.00 100.00 100.00 100.00 100.00 100.00 100.00 100.00 100.00 100.00 100.00 100.00
97.63=100.00 100.00 100.00 100.00 100.00 100.00 100.00 100.00 100.00 100.00 100.00 100.00 100.00 100.00 100.00 100.00 100.00 100.00 100.00 66.67 100.00 100.00 100.00 100.00 100.00 100.00 80.00 100.00 100.00 100.00 80.00
100.00=100.00 100.00 100.00 100.00 100.00 100.00 100.00 100.00 100.00 100.00 100.00 100.00 100.00 100.00 100.00 100.00 100.00 100.00 100.00 100.00 100.00 100.00 100.00 100.00 100.00 100.00 100.00 100.00 100.00 100.00 100.00
98.89=100.00 100.00 100.00 100.00 100.00 100.00 100.00 100.00 100.00 100.00 100.00 100.00 100.00 80.00 100.00 85.71 100.00 100.00 100.00 100.00 100.00 100.00 100.00 100.00 100.00 100.00 100.00 100.00 100.00 100.00 100.00
99.64=100.00 100.00 100.00 100.00 100.00 100.00 100.00 100.00 100.00 100.00 100.00 100.00 100.00 100.00 88.89 100.00 100.00 100.00 100.00 100.00 100.00 100.00 100.00 100.00 100.00 100.00 100.00 100.00 100.00 100.00 100.00
100.00=100.00 100.00 100.00 100.00 100.00 100.00 100.00 100.00 100.00 100.00 100.00 100.00 100.00 100.00 100.00 100.00 100.00 100.00 100.00 100.00 100.00 100.00 100.00 100.00 100.00 100.00 100.00 100.00 100.00 100.00 100.00
96.85=100.00 100.00 100.00 100.00 100.00 100.00 100.00 100.00 100.00 100.00 100.00 100.00 100.00 100.00 88.89 100.00 100.00 100.00 100.00 66.67 100.00 80.00 100.00 100.00 66.67 100.00 100.00 100.00 100.00 100.00 100.00
98.92=100.00 100.00 100.00 100.00 100.00 100.00 100.00 100.00 100.00 100.00 100.00 100.00 100.00 100.00 100.00 100.00 100.00 100.00 100.00 100.00 100.00 100.00 100.00 100.00 66.67 100.00 100.00 100.00 100.00 100.00 100.00
97.37=100.00 100.00 100.00 100.00 100.00 100.00 100.00 100.00 100.00 100.00 75.00 100.00 100.00 100.00 100.00 100.00 100.00 100.00 100.00 100.00 100.00 100.00 100.00 80.00 100.00 100.00 80.00 100.00 83.33 100.00 100.00
98.46=100.00 100.00 100.00 100.00 100.00 100.00 100.00 100.00 100.00 100.00 100.00 100.00 100.00 100.00 100.00 100.00 100.00 100.00 100.00 66.67 100.00 100.00 85.71 100.00 100.00 100.00 100.00 100.00 100.00 100.00 100.00
98.46=100.00 100.00 100.00 100.00 100.00 100.00 100.00 100.00 100.00 100.00 100.00 100.00 85.71 100.00 100.00 100.00 100.00 100.00 100.00 100.00 100.00 100.00 100.00 100.00 66.67 100.00 100.00 100.00 100.00 100.00 100.00
100.00=100.00 100.00 100.00 100.00 100.00 100.00 100.00 100.00 100.00 100.00 100.00 100.00 100.00 100.00 100.00 100.00 100.00 100.00 100.00 100.00 100.00 100.00 100.00 100.00 100.00 100.00 100.00 100.00 100.00 100.00 100.00
98.92=100.00 100.00 100.00 100.00 100.00 100.00 100.00 100.00 100.00 100.00 100.00 100.00 100.00 100.00 100.00 100.00 100.00 100.00 100.00 100.00 100.00 100.00 100.00 100.00 66.67 100.00 100.00 100.00 100.00 100.00 100.00
100.00=100.00 100.00 100.00 100.00 100.00 100.00 100.00 100.00 100.00 100.00 100.00 100.00 100.00 100.00 100.00 100.00 100.00 100.00 100.00 100.00 100.00 100.00 100.00 100.00 100.00 100.00 100.00 100.00 100.00 100.00 100.00
99.00=100.00 100.00 100.00 100.00 100.00 100.00 100.00 100.00 100.00 100.00 100.00 100.00 100.00 100.00 88.89 100.00 100.00 100.00 100.00 100.00 100.00 80.00 100.00 100.00 100.00 100.00 100.00 100.00 100.00 100.00 100.00
100.00=100.00 100.00 100.00 100.00 100.00 100.00 100.00 100.00 100.00 100.00 100.00 100.00 100.00 100.00 100.00 100.00 100.00 100.00 100.00 100.00 100.00 100.00 100.00 100.00 100.00 100.00 100.00 100.00 100.00 100.00 100.00
100.00=100.00 100.00 100.00 100.00 100.00 100.00 100.00 100.00 100.00 100.00 100.00 100.00 100.00 100.00 100.00 100.00 100.00 100.00 100.00 100.00 100.00 100.00 100.00 100.00 100.00 100.00 100.00 100.00 100.00 100.00 100.00
99.00=100.00 100.00 100.00 100.00 100.00 100.00 100.00 100.00 100.00 100.00 100.00 100.00 100.00 100.00 88.89 100.00 100.00 100.00 100.00 100.00 100.00 100.00 100.00 80.00 100.00 100.00 100.00 100.00 100.00 100.00 100.00
97.85=100.00 100.00 100.00 100.00 100.00 100.00 100.00 100.00 100.00 100.00 100.00 100.00 100.00 100.00 100.00 100.00 100.00 100.00 100.00 66.67 100.00 100.00 100.00 100.00 66.67 100.00 100.00 100.00 100.00 100.00 100.00
100.00=100.00 100.00 100.00 100.00 100.00 100.00 100.00 100.00 100.00 100.00 100.00 100.00 100.00 100.00 100.00 100.00 100.00 100.00 100.00 100.00 100.00 100.00 100.00 100.00 100.00 100.00 100.00 100.00 100.00 100.00 100.00
98.11=100.00 100.00 100.00 100.00 100.00 100.00 100.00 100.00 100.00 100.00 100.00 100.00 100.00 100.00 88.89 85.71 100.00 100.00 100.00 66.67 100.00 100.00 100.00 100.00 100.00 100.00 100.00 100.00 100.00 100.00 100.00
98.92=100.00 100.00 100.00 100.00 100.00 100.00 100.00 100.00 100.00 100.00 100.00 100.00 100.00 100.00 100.00 100.00 100.00 100.00 100.00 66.67 100.00 100.00 100.00 100.00 100.00 100.00 100.00 100.00 100.00 100.00 100.00
97.76=100.00 100.00 100.00 100.00 100.00 100.00 100.00 100.00 100.00 100.00 100.00 100.00 100.00 100.00 88.89 100.00 75.00 100.00 100.00 100.00 100.00 100.00 100.00 100.00 66.67 100.00 100.00 100.00 100.00 100.00 100.00
97.85=100.00 100.00 100.00 100.00 100.00 100.00 100.00 100.00 100.00 100.00 100.00 100.00 100.00 100.00 100.00 100.00 100.00 66.67 100.00 100.00 100.00 100.00 100.00 100.00 66.67 100.00 100.00 100.00 100.00 100.00 100.00
98.57=100.00 100.00 100.00 100.00 100.00 100.00 100.00 100.00 100.00 100.00 100.00 100.00 100.00 100.00 88.89 100.00 100.00 100.00 100.00 66.67 100.00 100.00 100.00 100.00 100.00 100.00 100.00 100.00 100.00 100.00 100.00
