58.71445492151788
57.33798363802129
56.98545110103016
58.71445492151788
57.33798363802129
56.98545110103016
58.27462543785346
60.08108712811187
58.754560611273384
54.743305071812784
54.517040912267746
58.335055336708095
56.84647410636126
88.03763440860216
88.37813620071685
90.2109807754969
94.95647721454175
90.80773169482848
80.28801843317973
81.62081645952614
83.23697807568776
88.731438812084
86.60138248847926
83.96138807429129
87.390843923102
89.9372759856631
92.46543778801843
92.13517665130568
60.94595670972756
63.14412763649339
61.64187196621044
64.66693062195736
62.35716268901017
58.39592081825003
60.191649929380006
63.60352781677126
60.21916074792549
63.15986197399898
84.79949262207327
89.44316436251921
88.38290741516548
90.21982497788949
90.97798259088583
81.93548387096776
86.45801331285202
87.46857980728949
87.33230926779316
90.66308243727597
60.02300776435604
61.17541792658262
62.29692922274177
63.893014940114156
62.29170929700157
89.12046734627381
90.07040450588836
89.17679095098451
92.10817855979147
87.81350370060046
83.68372666759763
87.54282455895361
87.1095750128008
92.42168226039195
86.69098822324628
63.36554498702114
63.115600177563756
62.015815762523
61.9413467799238
63.15820007658352
78.9730251827026
90.27486850067496
82.43087557603687
85.00000000000001
85.29150956570312
61.69721285470533
65.526408219383
62.903028817872766
62.275211230380464
64.39112887173822
84.97393287715869
86.20583717357913
80.89722105851136
88.10373318437834
85.40962621607784
87.60112647209421
89.25755248335894
90.5067960713122
86.33500907694456
88.98966624773078
61.07398870275332
61.72309202503056
61.375350866034786
61.56038748433852
61.78265011244891
83.25676115998697
87.53200204813109
87.96071312200344
84.99290136386911
88.69175627240145
84.27919750500396
87.76835171996464
82.97607410510638
87.78278173439465
84.71966205837174
63.864244218836156
63.65883102290532
63.97508641301794
63.490361105968596
62.56091382264129
63.03122364682365
65.19703193399462
65.92186689232254
65.9285221870173
64.75801609368887
62.285791178372236
63.17009936465666
60.782054387141905
61.70401171209072
63.21089175224806
84.869136240104
86.76500023274217
88.42165898617513
89.30747567844341
88.6495135688684
58.596944767672824
59.236482049429554
59.82598675644176
59.73279294887896
59.19012940410009
87.49999999999999
87.730647488712
89.82195224130707
88.97337429595497
89.952636968766
61.430647105691115
65.24955493727207
64.4189931445348
65.74566116971418
66.88418829269636
78.07783614235227
83.19205883722013
86.58090117767537
82.66308959857348
83.23860727086533
61.40937572329073
64.15965881545128
62.979035603282256
