57.632284650764674
53.85077595687111
56.95384997146725
56.683580215602866
58.912212776050104
60.005743301017745
56.60773386328643
57.60098863990379
60.214385723584925
57.65415407863269
58.36149433463838
58.2072673117184
59.52639749963872
59.3833278452836
60.44135580720824
60.31797433463436
58.32080419800029
58.954852877927706
60.39299538074918
59.60645969215264
60.687816740714425
58.58949108785988
59.69964285995834
59.81752208337783
60.76579903151566
60.167825143349724
58.297601602655966
60.48990877971646
60.02290223047527
59.346587267957844
59.62688808821441
59.65276029649457
58.66396109166417
59.99945409141013
58.34059907021199
59.97536684515289
59.35027926334565
59.69962873149698
58.622405566226476
58.02861811087155
59.13793367657805
59.29638447483043
59.73618760937701
56.79949402357958
59.95662153513322
58.433978325870484
59.07419000006762
58.931176951576
58.80158560553131
59.22970738489261
58.602173592967
54.36233973050712
57.074877936240824
57.15860126921531
59.27378751629352
62.4484386397171
62.70710441529622
59.86373975456442
58.54370714751839
59.25474832850327
60.06980916676239
60.95364071916131
60.55712063739943
61.842754471268236
59.065134104863745
60.25130925527027
58.87711425916181
60.052731765447724
61.42704412701493
61.13502090069918
61.514628330119486
61.81511441932729
60.68339625241148
61.48372535184971
60.1072414866367
60.69436282735744
62.34163433474763
60.01897602526829
60.034206476555376
61.344502678888134
60.493273885585104
61.11698940766262
61.68092296115517
60.33958483421617
60.53009048260953
62.57947084195385
61.20080230874502
60.9736262083246
61.49016343033196
60.7412399345184
59.90895661793603
61.473422170781085
61.54883702561073
60.669949405332034
61.436234034094376
61.05590526699448
61.483295518737364
60.65934116281165
61.760388320150305
61.632012408487135
94.40860215053763
98.89400921658986
99.35483870967742
95.66308243727597
96.8010752688172
97.81874039938556
99.35483870967742
97.90322580645162
95.3225806451613
