0.10462074978204011
0.10462074978204011
0.10462074978204011
0.10462074978204011
0.10462074978204011
0.10462074978204011
0.10462074978204011
0.10462074978204011
60.7365742579199
55.9948318141636
56.27917241219979
56.676051138416035
56.46322906414106
60.62494917654917
57.276383343766675
56.5054592418354
59.771305846693245
59.60197559695335
91.9047619047619
97.47311827956989
95.07168458781362
96.98924731182795
95.61827956989247
87.91858678955452
86.88940092165898
85.59139784946235
89.54941116231439
89.28315412186379
80.44930875576037
85.60675883256529
85.62980030721965
83.93241167434716
92.2273425499232
59.288932015815
59.50158833247069
60.75596037870872
59.26547402049828
58.14844254991848
56.61412205398673
56.13688588992066
57.9665593207164
56.38273104854956
56.644953178880165
77.5115207373272
83.08499743983614
82.60112647209421
81.72043010752687
83.11827956989247
86.23655913978493
86.45161290322581
78.43061955965182
88.3794162826421
86.75627240143369
59.26070626915625
55.93024552412999
57.15676193653844
58.007034605763515
58.18598534625799
82.21326164874552
81.63338453661034
80.0358422939068
79.05913978494623
86.37992831541217
77.74193548387099
84.84639016897081
84.73886328725037
81.65130568356376
84.73118279569891
59.14537074286982
57.15598834112375
58.19440632229387
58.73695363907271
57.88935509187169
73.01075268817203
79.37019969278033
83.76344086021506
79.10906298003071
77.08909370199692
58.489734036884975
58.00501726977264
59.254923801875826
59.96688522030675
60.92477949548389
75.84485407066052
75.94854070660523
78.29493087557604
82.0852534562212
77.71121351766514
76.94700460829492
86.64874551971326
78.04659498207883
78.98617511520737
81.27112135176651
57.30825524496092
58.0579452615657
57.396382990695244
55.75572007635542
58.07471399331601
81.43625192012288
80.4800307219662
82.6036866359447
85.54659498207884
83.56374807987712
80.27265745007679
74.15770609318996
74.42396313364054
80.53763440860214
78.68279569892472
55.75412937142056
58.287640562400064
58.433657258379846
57.28851765746752
57.626965240589975
57.70196860114062
58.366012334093135
60.7980021788651
62.09335773800127
58.05305381423281
58.70937836454555
60.104485392806055
58.06103093759951
58.22491839771741
58.014334286580365
77.2004608294931
80.57859703020993
77.25806451612901
75.76804915514593
78.43701996927804
57.61431020384627
62.70452686397654
59.05939742990554
60.72474703540591
57.947455490347146
79.89247311827957
86.86379928315411
84.39068100358422
84.75806451612904
83.9247311827957
57.308742284661484
60.364721874862944
59.89107949321842
57.70792780344028
60.68223523872863
81.22119815668204
84.19354838709677
84.51612903225806
86.5284178187404
88.45622119815668
55.66935692439974
58.82523285546501
58.42016996545398
59.293475918887715
58.89869095037476
59.8745701987949
60.90173806639859
57.2451548558883
59.71647231393837
57.49756234611017
79.3778801843318
79.94623655913978
82.76497695852535
77.93394777265746
84.76702508960572
58.138048216379445
60.27140536001976
59.08958231441031
58.36285940858171
59.56266954831807
57.95263291684533
58.741239685387
59.08369412649494
59.58199221185659
57.91791619239059
57.600510764917196
55.465255088108044
