59.799618502525206
54.18715077630077
54.66590791605568
57.18590970037187
58.65539417223477
53.585643320823536
52.76322704681017
54.486663448724855
55.98257350106577
56.99613568897238
87.22990271377368
89.63773681515617
92.31862223797708
91.21212121212122
90.38495554624586
78.8024251733929
84.52287855513661
85.73319153964313
83.63927291346646
83.59821182401826
78.29029393545522
83.71072475911186
83.1683728457922
86.65386584741422
85.28743657775917
62.18587921606933
59.008404524449965
59.740565724123435
60.47912539891545
62.446199346598554
59.29242704537955
58.99645068545663
59.34397440352424
59.39734540627953
59.95607715141072
85.69124423963135
83.93280554570877
86.21479774705581
84.78110599078343
85.2761485826002
84.39161197225714
81.10343061955966
80.63492063492063
77.2263489198973
81.68633337988177
59.69247694399138
59.53661744890555
61.580488892993955
60.945765687236445
59.920150913612744
81.47814551040358
85.97507331378299
83.96639203090817
84.08129504903701
85.47107014848952
81.25913513010289
82.69201228878649
86.02732393054974
81.94793557696782
87.23216747410297
59.382205013448996
59.7238099815837
61.206312564972414
60.00097365621956
60.59573228756467
81.3236047107015
82.72832006702976
80.36400875110554
82.5418935902807
81.83552110971468
61.09470184534465
62.76165919489419
65.0826108655772
60.861634625829836
61.341920680275926
79.38288414094866
83.4741423451101
83.15028161802357
86.15952148210214
84.05145929339477
80.95819950658661
83.36597094661612
81.87369082530373
83.63031233998977
83.62821766047574
59.81130005745667
59.51566361871117
60.23677686651144
61.33569725263822
58.48277506045354
82.4193548387097
80.32770097286226
83.88062654191687
86.16841939422586
83.02611367127498
84.53602848764139
80.69764464925755
79.5825769212866
81.57554810780617
83.8927291346646
60.57024747827829
60.45165421343514
62.85557450182002
61.44331801602612
62.56480217885925
66.05039989732498
62.2805874042811
63.42106950385156
60.979715758095246
61.63609152109827
61.40973608419009
59.43915429754913
58.77042431461649
60.84174569422719
59.552113860147436
81.08265390523454
82.0110087045571
84.12442396313365
79.91382273640339
80.28900311158375
59.82113690244207
57.95847741402961
60.88734578758693
61.67143120010968
60.990313149183855
82.33405483405483
82.44495647721453
85.6112346434927
83.31030976192268
86.98511166253103
63.06970231575957
63.303457477712726
63.18003877807315
65.04353037247994
64.51153886396506
81.13287250384025
78.68261666648765
82.10645089677348
82.55730828311474
75.85451287064191
63.16820978349024
64.78700479316313
65.89727339983641
63.63414854261345
63.059969339602475
60.10910234537656
61.75733610726833
58.73915614213371
60.0806244120462
59.82684334981439
75.61653400363078
83.04781240265112
81.37352790578596
84.7065658355981
82.70975440330278
62.740351629578136
64.8079370528243
64.02529320489182
65.07695832978463
62.81335081659943
59.90433717459031
60.25775111959388
61.082189035619564
58.998743430656674
60.68452099234823
62.73192749606712
63.66908811139182
60.61310550814357
63.31962190326559
60.93584873379877
76.16184890378437
80.00108314624445
79.87711213517663
77.02508960573476
86.47197784294558
59.18075419678497
59.982747241164326
60.75182981691566
59.53040744273873
61.346521951081144
79.5441744635293
75.41986687147978
77.82632242309663
80.50425381070542
79.45212493599591
64.19992517152468
62.869912688200145
59.01408373247604
62.040969778847916
61.55359689568312
80.59362680330423
77.53270027463576
77.14355536936182
81.64886189079739
78.54489596425081
78.86555201071332
80.80133128520225
83.56142065819485
81.54220331639685
78.80440348182283
64.90681699921944
65.56212543379186
64.24787299257812
63.9516778520751
65.49713407441797
79.25068658939625
76.71474582764905
80.00831605670315
83.16276913051108
80.37634408602152
76.77547363031233
79.41726732049314
80.89605734767026
82.33184378345669
79.66973886328725
78.47926267281106
81.30824372759857
82.68444816831915
73.83896569380441
78.92380021412278
60.073596730977236
61.42705517956967
61.624536166131755
59.33014048132522
60.5736994175828
