62.68=95.65 100.00 94.44 90.00 18.75 58.33 90.00 45.83 17.65 82.35 69.70 70.00 76.67 45.95 68.97 77.27 71.43 84.00 31.03 50.00 41.18 87.50 80.77 32.00 33.33 66.67 66.67 17.65 50.00 62.50 66.67
55.65=84.00 100.00 75.00 77.27 35.71 45.10 70.37 61.90 20.00 68.42 68.57 59.46 72.00 42.86 43.48 64.52 62.16 82.14 32.61 56.00 18.18 77.78 81.82 24.14 42.42 50.00 56.25 20.00 20.00 58.33 54.55
55.50=88.00 95.24 70.83 70.37 35.71 41.67 75.00 50.00 33.33 83.33 66.67 67.65 78.26 46.67 58.33 52.50 71.88 73.33 30.00 48.48 0.00 71.88 76.92 25.00 52.17 61.54 52.94 0.00 20.00 42.86 80.00
57.00=81.48 95.24 78.26 79.17 41.67 43.86 80.77 57.89 18.18 93.75 56.82 61.76 80.95 50.00 66.67 60.53 61.11 62.50 30.91 48.48 0.00 92.59 79.17 26.92 51.85 69.23 45.45 12.50 10.00 62.50 66.67
57.20=82.14 100.00 79.17 86.36 33.33 47.17 72.41 52.63 0.00 71.43 61.54 69.70 66.67 55.56 53.12 55.26 77.42 75.86 32.73 47.06 0.00 82.76 86.36 20.69 53.57 57.14 56.25 8.33 25.00 63.64 100.00
61.82=100.00 91.67 75.00 69.23 10.71 61.54 95.45 80.95 31.58 65.22 62.16 85.19 64.52 62.07 45.45 69.23 80.00 100.00 39.47 60.00 66.67 78.12 88.46 23.33 47.83 82.35 66.67 30.00 0.00 38.10 45.45
53.86=95.83 88.00 70.83 57.14 5.56 52.17 75.00 60.87 26.67 70.00 73.53 72.73 70.37 36.00 26.67 61.11 64.10 65.38 51.72 68.42 6.25 85.71 70.59 12.50 45.83 59.09 47.62 46.15 0.00 50.00 53.85
57.76=88.46 95.65 70.83 64.52 0.00 41.07 87.50 62.07 25.00 76.47 62.16 77.42 66.67 75.00 35.71 52.38 65.71 84.00 42.86 58.33 10.00 67.74 77.42 28.57 50.00 65.00 52.94 54.55 18.18 61.54 72.73
57.93=100.00 95.65 68.00 57.14 14.29 38.71 82.61 66.67 40.00 84.21 57.50 82.76 65.38 76.19 30.00 60.00 65.79 61.76 48.48 57.69 0.00 75.00 79.31 17.65 55.56 56.52 63.64 50.00 14.29 58.33 72.73
56.84=95.83 95.65 76.19 63.64 4.17 40.00 80.00 71.43 11.11 76.19 58.54 82.14 61.11 80.00 27.27 64.86 60.53 68.97 48.28 52.00 0.00 83.87 78.12 5.56 58.33 66.67 66.67 50.00 16.67 45.45 72.73
92.94=100.00 100.00 100.00 100.00 100.00 100.00 100.00 100.00 100.00 75.00 100.00 66.67 100.00 100.00 100.00 100.00 75.00 100.00 100.00 100.00 75.00 42.86 100.00 80.00 66.67 100.00 100.00 100.00 100.00 100.00 100.00
97.82=100.00 100.00 100.00 100.00 100.00 100.00 100.00 100.00 100.00 80.00 100.00 100.00 100.00 100.00 100.00 85.71 100.00 100.00 100.00 100.00 100.00 100.00 100.00 66.67 100.00 100.00 100.00 100.00 100.00 100.00 100.00
94.80=75.00 100.00 100.00 100.00 100.00 100.00 100.00 75.00 100.00 100.00 100.00 100.00 100.00 100.00 88.89 100.00 100.00 100.00 100.00 100.00 100.00 100.00 100.00 66.67 66.67 66.67 100.00 100.00 100.00 100.00 100.00
97.74=100.00 100.00 100.00 75.00 100.00 100.00 100.00 75.00 100.00 100.00 100.00 100.00 100.00 100.00 80.00 100.00 100.00 100.00 100.00 100.00 100.00 100.00 100.00 100.00 100.00 100.00 100.00 100.00 100.00 100.00 100.00
95.62=100.00 100.00 100.00 100.00 100.00 100.00 100.00 100.00 100.00 100.00 100.00 66.67 100.00 100.00 87.50 100.00 100.00 100.00 100.00 100.00 100.00 100.00 100.00 80.00 50.00 100.00 100.00 100.00 80.00 100.00 100.00
85.01=100.00 100.00 100.00 100.00 100.00 42.86 100.00 100.00 0.00 100.00 100.00 100.00 100.00 80.00 80.00 62.50 100.00 100.00 100.00 50.00 0.00 80.00 100.00 60.00 100.00 100.00 100.00 100.00 100.00 80.00 100.00
89.95=100.00 100.00 100.00 100.00 100.00 42.86 100.00 100.00 100.00 100.00 100.00 66.67 100.00 100.00 85.71 100.00 100.00 100.00 66.67 66.67 0.00 80.00 100.00 80.00 100.00 100.00 100.00 100.00 100.00 100.00 100.00
88.35=100.00 100.00 100.00 100.00 100.00 50.00 100.00 100.00 100.00 100.00 75.00 50.00 80.00 100.00 85.71 100.00 100.00 100.00 100.00 66.67 0.00 100.00 100.00 80.00 100.00 100.00 100.00 100.00 71.43 100.00 80.00
89.68=100.00 100.00 100.00 75.00 100.00 50.00 100.00 100.00 100.00 100.00 100.00 66.67 100.00 80.00 100.00 100.00 75.00 66.67 100.00 100.00 0.00 100.00 100.00 100.00 66.67 100.00 100.00 100.00 100.00 100.00 100.00
89.68=100.00 100.00 100.00 100.00 100.00 50.00 100.00 100.00 100.00 100.00 100.00 66.67 100.00 100.00 100.00 100.00 100.00 100.00 33.33 100.00 0.00 80.00 100.00 100.00 100.00 66.67 100.00 100.00 100.00 83.33 100.00
83.01=100.00 100.00 100.00 100.00 100.00 42.86 100.00 75.00 100.00 100.00 100.00 100.00 100.00 66.67 100.00 75.00 60.00 100.00 66.67 50.00 0.00 57.14 100.00 80.00 0.00 100.00 100.00 100.00 100.00 100.00 100.00
84.78=100.00 100.00 100.00 75.00 100.00 50.00 100.00 100.00 100.00 80.00 75.00 66.67 80.00 100.00 100.00 60.00 100.00 50.00 100.00 100.00 0.00 100.00 100.00 100.00 25.00 66.67 100.00 100.00 100.00 100.00 100.00
86.32=100.00 100.00 100.00 100.00 100.00 50.00 100.00 100.00 100.00 100.00 75.00 100.00 100.00 100.00 87.50 100.00 50.00 66.67 100.00 33.33 0.00 100.00 100.00 80.00 33.33 100.00 100.00 100.00 100.00 100.00 100.00
82.87=100.00 100.00 100.00 75.00 100.00 50.00 100.00 100.00 100.00 100.00 75.00 66.67 100.00 100.00 88.89 100.00 60.00 66.67 50.00 40.00 0.00 80.00 100.00 66.67 50.00 100.00 100.00 100.00 100.00 100.00 100.00
90.86=100.00 100.00 100.00 100.00 100.00 50.00 100.00 100.00 100.00 100.00 100.00 100.00 100.00 100.00 100.00 100.00 50.00 100.00 50.00 100.00 0.00 66.67 100.00 100.00 100.00 100.00 100.00 100.00 100.00 100.00 100.00
61.94=100.00 100.00 100.00 94.44 24.14 36.67 77.27 87.50 0.00 88.89 80.00 80.00 64.71 63.33 22.45 64.71 68.57 95.65 24.53 52.63 0.00 68.97 100.00 21.43 59.09 100.00 100.00 16.67 0.00 28.57 100.00
63.02=88.46 100.00 89.47 74.07 20.00 42.11 84.00 77.27 42.11 84.21 60.98 75.00 69.70 78.95 42.86 66.67 69.70 79.31 32.50 46.15 0.00 65.52 88.46 21.74 61.54 72.73 78.95 25.00 100.00 27.27 88.89
63.82=95.65 100.00 100.00 71.43 23.81 37.70 81.48 73.91 50.00 77.27 65.71 74.19 62.86 84.21 30.00 72.73 65.71 80.00 33.33 60.00 0.00 79.31 80.77 22.73 53.12 80.00 77.78 37.50 57.14 50.00 100.00
63.30=92.00 100.00 100.00 72.41 25.00 44.44 88.00 72.00 35.00 94.44 63.89 62.86 58.82 81.82 24.14 74.07 63.89 88.46 21.28 46.15 0.00 76.92 88.00 28.57 55.17 76.47 83.33 16.67 100.00 37.50 90.91
62.63=92.00 100.00 100.00 75.00 31.25 35.94 87.50 66.67 44.44 80.00 66.67 66.67 61.76 76.19 23.33 84.62 64.52 84.00 28.95 51.85 0.00 82.61 84.00 25.00 57.14 73.68 71.43 20.00 83.33 42.86 80.00
59.29=96.00 95.24 94.44 86.96 26.32 35.38 76.92 52.94 38.46 76.19 53.33 52.38 64.52 66.67 35.71 66.67 63.16 86.96 31.91 68.18 0.00 82.14 85.71 33.33 56.52 62.50 50.00 14.29 27.27 80.00 77.78
59.88=92.00 100.00 85.71 82.61 37.50 39.06 65.52 65.22 20.00 88.89 57.50 61.11 70.97 66.67 48.39 74.19 70.00 77.78 29.09 53.57 0.00 68.75 86.36 28.00 59.26 71.43 72.73 8.33 20.00 55.56 100.00
61.91=92.31 95.24 94.74 90.00 25.00 40.35 81.82 61.90 54.55 80.95 58.54 60.53 81.48 76.19 48.48 67.65 70.97 85.71 31.91 63.33 0.00 78.79 86.36 24.00 55.56 62.50 57.14 0.00 18.18 75.00 100.00
61.06=100.00 100.00 85.71 80.00 29.41 41.38 81.48 60.00 50.00 82.35 60.00 62.86 75.00 70.00 50.00 64.71 65.71 88.46 30.61 80.95 0.00 73.53 89.47 24.14 48.57 64.29 69.23 10.00 0.00 75.00 80.00
61.11=91.67 95.45 94.74 82.61 26.67 36.67 75.00 59.09 54.55 83.33 52.38 65.71 90.00 70.83 44.44 62.16 71.88 84.62 27.45 70.83 0.00 76.67 83.33 29.17 47.06 62.50 61.54 0.00 40.00 66.67 87.50
83.86=100.00 100.00 100.00 100.00 100.00 42.86 100.00 75.00 100.00 100.00 75.00 50.00 100.00 100.00 100.00 100.00 60.00 100.00 50.00 66.67 0.00 80.00 100.00 66.67 33.33 100.00 100.00 100.00 100.00 100.00 100.00
86.08=100.00 100.00 100.00 100.00 75.00 50.00 100.00 100.00 100.00 80.00 100.00 100.00 100.00 100.00 80.00 100.00 60.00 100.00 66.67 66.67 0.00 60.00 100.00 80.00 50.00 100.00 100.00 100.00 100.00 100.00 100.00
88.11=100.00 100.00 100.00 100.00 100.00 50.00 100.00 100.00 100.00 80.00 100.00 66.67 100.00 100.00 88.89 85.71 60.00 100.00 66.67 100.00 0.00 100.00 100.00 100.00 33.33 100.00 100.00 100.00 100.00 100.00 100.00
77.08=100.00 100.00 100.00 100.00 100.00 42.86 100.00 100.00 100.00 100.00 60.00 66.67 100.00 80.00 100.00 100.00 75.00 100.00 66.67 40.00 0.00 100.00 100.00 50.00 33.33 0.00 75.00 100.00 0.00 100.00 100.00
85.76=100.00 100.00 100.00 75.00 100.00 42.86 100.00 100.00 100.00 100.00 75.00 50.00 100.00 100.00 87.50 100.00 75.00 100.00 66.67 66.67 0.00 100.00 100.00 100.00 20.00 100.00 100.00 100.00 100.00 100.00 100.00
90.72=100.00 100.00 100.00 100.00 100.00 42.86 100.00 100.00 100.00 100.00 100.00 66.67 100.00 100.00 77.78 100.00 75.00 100.00 100.00 100.00 0.00 66.67 100.00 100.00 100.00 100.00 100.00 83.33 100.00 100.00 100.00
87.89=100.00 100.00 100.00 100.00 100.00 42.86 100.00 75.00 100.00 80.00 100.00 50.00 100.00 100.00 100.00 100.00 100.00 100.00 50.00 100.00 0.00 80.00 100.00 100.00 100.00 66.67 100.00 100.00 100.00 100.00 80.00
85.31=100.00 100.00 100.00 100.00 100.00 42.86 100.00 100.00 100.00 100.00 100.00 66.67 100.00 100.00 75.00 100.00 100.00 100.00 100.00 50.00 0.00 100.00 100.00 100.00 0.00 66.67 80.00 100.00 80.00 83.33 100.00
91.47=100.00 100.00 100.00 100.00 100.00 60.00 100.00 100.00 100.00 100.00 100.00 66.67 71.43 100.00 87.50 100.00 100.00 100.00 100.00 100.00 0.00 100.00 100.00 100.00 100.00 66.67 100.00 100.00 100.00 83.33 100.00
90.08=100.00 100.00 100.00 75.00 100.00 50.00 100.00 100.00 80.00 100.00 100.00 66.67 100.00 100.00 87.50 100.00 100.00 100.00 100.00 66.67 0.00 100.00 100.00 100.00 100.00 66.67 100.00 100.00 100.00 100.00 100.00
61.25=91.67 100.00 90.00 86.36 33.33 39.06 91.67 65.22 66.67 88.89 52.17 53.33 84.62 63.33 58.62 72.41 67.65 88.00 28.00 68.00 0.00 84.00 78.26 23.81 53.33 55.00 53.85 10.00 0.00 61.54 90.00
61.03=88.46 100.00 90.00 90.91 26.67 40.68 70.97 54.55 36.36 88.89 60.53 67.74 82.14 69.57 46.88 64.71 69.70 80.77 32.65 57.14 0.00 82.76 87.50 17.24 55.56 58.82 69.23 0.00 25.00 87.50 88.89
60.46=100.00 100.00 94.44 86.96 26.67 40.00 81.48 54.55 35.71 80.00 59.52 67.65 70.83 62.50 55.17 58.97 69.70 88.46 28.26 68.00 0.00 81.25 82.61 29.17 56.00 58.82 64.29 11.11 14.29 75.00 72.73
61.52=88.00 100.00 100.00 90.48 33.33 42.11 85.71 59.09 45.45 88.24 57.14 59.46 88.89 64.29 45.45 55.00 68.57 91.30 28.57 62.96 0.00 82.14 86.36 28.00 53.12 52.63 64.29 0.00 33.33 70.00 83.33
59.91=85.19 100.00 100.00 86.96 33.33 38.10 74.07 41.18 36.36 80.00 54.55 61.11 80.00 83.33 48.28 62.16 64.71 82.76 31.91 59.26 0.00 76.67 82.61 29.17 53.33 64.71 63.64 0.00 33.33 77.78 72.73
86.62=100.00 100.00 100.00 75.00 100.00 42.86 100.00 100.00 100.00 100.00 100.00 66.67 100.00 100.00 87.50 100.00 75.00 66.67 100.00 66.67 0.00 100.00 100.00 80.00 50.00 100.00 100.00 100.00 100.00 100.00 75.00
85.37=100.00 100.00 100.00 100.00 100.00 37.50 100.00 100.00 100.00 75.00 100.00 66.67 100.00 80.00 85.71 100.00 60.00 100.00 50.00 66.67 0.00 100.00 100.00 100.00 25.00 100.00 100.00 100.00 100.00 100.00 100.00
86.56=75.00 100.00 100.00 75.00 100.00 50.00 100.00 100.00 100.00 80.00 100.00 100.00 100.00 100.00 100.00 100.00 60.00 66.67 66.67 100.00 0.00 100.00 100.00 80.00 50.00 100.00 80.00 100.00 100.00 100.00 100.00
82.67=75.00 100.00 100.00 100.00 100.00 28.57 100.00 100.00 100.00 100.00 75.00 50.00 100.00 80.00 100.00 85.71 75.00 66.67 100.00 50.00 0.00 100.00 100.00 60.00 66.67 50.00 100.00 100.00 100.00 100.00 100.00
89.05=100.00 100.00 100.00 100.00 100.00 50.00 100.00 100.00 100.00 100.00 100.00 40.00 100.00 80.00 88.89 100.00 75.00 100.00 100.00 66.67 0.00 80.00 100.00 80.00 100.00 100.00 100.00 100.00 100.00 100.00 100.00
87.33=100.00 100.00 100.00 100.00 100.00 33.33 100.00 100.00 100.00 100.00 100.00 50.00 100.00 100.00 57.14 100.00 100.00 100.00 66.67 50.00 0.00 100.00 100.00 66.67 100.00 100.00 100.00 83.33 100.00 100.00 100.00
83.59=100.00 100.00 100.00 100.00 100.00 50.00 100.00 60.00 66.67 75.00 100.00 66.67 100.00 75.00 71.43 100.00 100.00 100.00 66.67 50.00 0.00 80.00 100.00 80.00 66.67 100.00 100.00 100.00 100.00 83.33 100.00
86.70=100.00 100.00 100.00 75.00 100.00 50.00 100.00 100.00 80.00 100.00 100.00 66.67 100.00 100.00 77.78 100.00 100.00 100.00 100.00 50.00 0.00 80.00 100.00 66.67 66.67 100.00 100.00 100.00 100.00 75.00 100.00
86.92=100.00 100.00 100.00 100.00 100.00 42.86 75.00 100.00 80.00 100.00 100.00 100.00 100.00 75.00 75.00 100.00 75.00 100.00 100.00 50.00 0.00 80.00 100.00 66.67 100.00 100.00 100.00 100.00 100.00 100.00 75.00
88.54=100.00 100.00 100.00 100.00 100.00 33.33 100.00 100.00 100.00 100.00 100.00 100.00 85.71 100.00 62.50 100.00 100.00 100.00 100.00 66.67 0.00 100.00 100.00 80.00 33.33 100.00 100.00 100.00 83.33 100.00 100.00
62.49=85.19 95.24 94.74 86.36 23.08 39.34 84.62 70.00 44.44 84.21 57.50 54.76 86.96 64.00 45.95 68.75 74.19 85.19 30.77 60.00 0.00 82.76 90.00 26.67 57.14 60.00 75.00 0.00 37.50 72.73 100.00
62.51=95.83 95.65 90.00 83.33 26.32 42.86 81.48 61.11 30.77 93.75 57.14 65.71 72.00 73.08 50.00 62.86 74.19 81.48 30.61 57.14 0.00 86.21 87.50 26.67 60.00 62.50 60.00 11.11 42.86 85.71 90.00
62.85=88.89 95.00 95.00 83.33 36.36 40.35 80.77 61.54 54.55 88.89 61.54 61.11 80.77 68.18 51.52 62.16 71.88 90.91 28.00 70.83 0.00 80.65 86.36 30.43 46.43 52.63 69.23 8.33 40.00 72.73 90.00
63.07=85.71 95.45 85.71 80.00 40.00 49.02 81.48 52.38 36.36 87.50 55.81 59.46 83.33 81.82 48.72 66.67 69.70 84.62 26.79 60.71 0.00 85.71 86.96 25.93 53.85 56.25 66.67 18.18 42.86 87.50 100.00
63.40=95.83 95.45 85.71 86.96 29.41 40.68 77.78 56.52 45.45 88.89 52.27 60.53 80.95 66.67 56.25 61.11 76.67 88.00 31.37 72.00 0.00 79.31 79.17 31.82 54.17 62.50 64.29 16.67 50.00 90.00 88.89
81.08=100.00 100.00 100.00 100.00 100.00 33.33 100.00 60.00 100.00 100.00 100.00 100.00 83.33 75.00 60.00 80.00 75.00 100.00 100.00 40.00 0.00 80.00 100.00 100.00 66.67 0.00 100.00 100.00 60.00 100.00 100.00
80.83=100.00 100.00 100.00 100.00 100.00 37.50 100.00 50.00 100.00 80.00 100.00 100.00 100.00 80.00 50.00 75.00 60.00 100.00 100.00 40.00 0.00 100.00 100.00 66.67 66.67 0.00 100.00 100.00 100.00 100.00 100.00
87.69=100.00 100.00 100.00 100.00 100.00 50.00 100.00 75.00 100.00 100.00 100.00 100.00 100.00 75.00 66.67 100.00 66.67 100.00 100.00 100.00 0.00 80.00 83.33 80.00 100.00 66.67 100.00 100.00 75.00 100.00 100.00
77.32=100.00 100.00 100.00 100.00 100.00 25.00 100.00 42.86 100.00 80.00 100.00 66.67 100.00 80.00 62.50 100.00 75.00 100.00 66.67 40.00 0.00 100.00 83.33 60.00 40.00 0.00 100.00 100.00 75.00 100.00 100.00
77.74=100.00 100.00 100.00 100.00 100.00 33.33 75.00 40.00 75.00 100.00 100.00 66.67 80.00 100.00 50.00 100.00 60.00 100.00 100.00 50.00 0.00 80.00 80.00 100.00 40.00 0.00 100.00 100.00 80.00 100.00 100.00
63.25=100.00 95.45 90.48 80.00 50.00 35.82 84.62 65.00 61.11 68.18 69.44 57.14 65.62 71.88 16.67 75.86 71.88 92.31 34.29 60.87 0.00 76.67 82.61 33.33 57.14 80.95 66.67 7.69 85.71 33.33 90.00
64.54=95.83 100.00 100.00 71.43 50.00 40.00 81.48 64.00 44.44 83.33 62.50 70.00 64.71 80.00 24.24 63.64 77.42 84.62 27.03 51.72 0.00 76.67 84.00 35.29 48.48 73.68 75.00 33.33 77.78 60.00 100.00
64.60=95.83 100.00 90.00 85.71 50.00 38.71 81.48 79.17 36.84 80.00 64.10 68.75 64.10 83.33 29.03 75.86 77.42 80.00 25.71 58.62 0.00 88.46 81.48 30.00 60.00 75.00 81.25 16.67 72.73 55.56 76.92
66.68=92.31 95.24 94.74 75.00 45.45 42.59 78.57 73.91 58.82 78.95 63.16 72.41 63.64 78.57 31.43 73.33 75.86 92.00 28.57 53.85 0.00 70.59 95.45 33.33 60.71 77.78 83.33 20.00 90.00 85.71 81.82
65.21=92.31 100.00 90.00 76.92 37.50 41.38 80.77 72.00 28.57 80.95 70.59 65.62 73.33 91.67 29.03 76.67 82.14 88.89 30.56 51.72 0.00 77.42 90.91 30.00 50.00 78.95 78.95 12.50 76.92 83.33 81.82
81.11=100.00 100.00 100.00 75.00 100.00 25.00 100.00 50.00 75.00 100.00 100.00 50.00 100.00 100.00 44.44 100.00 100.00 100.00 66.67 40.00 0.00 80.00 100.00 75.00 66.67 100.00 100.00 100.00 66.67 100.00 100.00
80.07=100.00 100.00 100.00 100.00 100.00 33.33 100.00 50.00 100.00 100.00 100.00 100.00 100.00 100.00 45.45 100.00 100.00 100.00 66.67 40.00 0.00 100.00 100.00 66.67 66.67 0.00 100.00 100.00 33.33 100.00 80.00
84.07=100.00 100.00 100.00 100.00 100.00 42.86 100.00 50.00 100.00 75.00 100.00 66.67 100.00 66.67 100.00 100.00 66.67 66.67 66.67 100.00 0.00 75.00 100.00 100.00 100.00 50.00 80.00 100.00 100.00 100.00 100.00
83.95=100.00 100.00 100.00 100.00 100.00 37.50 100.00 60.00 100.00 100.00 100.00 100.00 100.00 100.00 50.00 100.00 75.00 100.00 100.00 33.33 0.00 100.00 100.00 80.00 66.67 0.00 100.00 100.00 100.00 100.00 100.00
78.54=100.00 100.00 100.00 100.00 100.00 37.50 75.00 60.00 75.00 66.67 75.00 100.00 100.00 100.00 57.14 100.00 75.00 100.00 66.67 33.33 0.00 100.00 83.33 80.00 50.00 0.00 100.00 100.00 100.00 100.00 100.00
80.27=100.00 100.00 100.00 100.00 100.00 33.33 100.00 100.00 75.00 100.00 75.00 50.00 100.00 100.00 75.00 75.00 50.00 50.00 50.00 50.00 0.00 100.00 100.00 80.00 25.00 100.00 100.00 100.00 100.00 100.00 100.00
90.00=100.00 100.00 83.33 75.00 100.00 50.00 100.00 100.00 100.00 100.00 100.00 100.00 100.00 100.00 100.00 75.00 60.00 100.00 66.67 100.00 0.00 100.00 100.00 80.00 100.00 100.00 100.00 100.00 100.00 100.00 100.00
85.94=100.00 100.00 100.00 75.00 100.00 42.86 100.00 100.00 100.00 100.00 100.00 100.00 85.71 100.00 85.71 100.00 75.00 100.00 66.67 40.00 0.00 100.00 100.00 60.00 33.33 100.00 100.00 100.00 100.00 100.00 100.00
82.58=100.00 100.00 100.00 100.00 100.00 37.50 100.00 66.67 100.00 100.00 100.00 66.67 83.33 100.00 85.71 100.00 75.00 66.67 50.00 33.33 0.00 100.00 100.00 75.00 20.00 100.00 100.00 100.00 100.00 100.00 100.00
87.16=100.00 100.00 100.00 100.00 100.00 42.86 75.00 100.00 75.00 100.00 100.00 100.00 100.00 80.00 87.50 100.00 75.00 100.00 50.00 100.00 0.00 100.00 100.00 100.00 50.00 66.67 100.00 100.00 100.00 100.00 100.00
61.24=96.00 95.45 85.71 90.48 30.77 38.10 74.07 61.11 40.00 87.50 57.50 45.83 90.48 66.67 45.16 68.75 63.89 88.46 29.79 56.67 0.00 78.12 81.82 33.33 55.56 61.11 64.29 0.00 30.00 100.00 81.82
61.56=92.00 100.00 85.71 77.27 26.67 43.64 86.96 65.22 26.67 84.21 57.50 60.00 81.48 71.43 47.22 64.71 77.42 91.67 32.61 62.96 0.00 81.25 81.82 30.77 48.15 55.00 64.29 0.00 50.00 80.00 81.82
60.36=82.76 100.00 90.00 90.48 21.43 41.38 82.61 47.06 40.00 84.21 54.76 57.89 70.00 71.43 53.33 73.33 67.65 88.46 28.00 51.52 0.00 88.89 86.96 23.81 48.39 66.67 61.54 11.11 30.77 66.67 90.00
62.21=95.83 95.45 85.71 86.36 31.25 41.07 78.57 47.06 50.00 88.89 67.65 71.88 84.62 72.00 51.35 66.67 72.22 90.48 28.57 53.12 0.00 89.29 86.96 21.43 46.88 64.71 63.64 9.09 33.33 72.73 81.82
62.00=88.89 100.00 94.74 83.33 29.41 45.28 81.82 63.64 33.33 78.95 57.14 70.00 73.33 70.83 55.56 68.75 68.75 88.00 30.61 70.83 0.00 77.42 85.00 26.92 54.84 50.00 58.82 9.09 40.00 88.89 77.78
85.90=100.00 100.00 100.00 100.00 100.00 42.86 100.00 100.00 80.00 60.00 100.00 100.00 100.00 100.00 75.00 100.00 75.00 66.67 100.00 66.67 0.00 75.00 100.00 100.00 66.67 100.00 100.00 80.00 75.00 100.00 100.00
84.23=100.00 100.00 100.00 100.00 100.00 42.86 100.00 100.00 100.00 80.00 75.00 40.00 100.00 100.00 66.67 100.00 66.67 100.00 100.00 66.67 0.00 80.00 100.00 80.00 66.67 66.67 100.00 100.00 100.00 80.00 100.00
81.45=75.00 100.00 100.00 100.00 100.00 42.86 100.00 75.00 100.00 100.00 75.00 50.00 100.00 100.00 75.00 100.00 100.00 100.00 66.67 66.67 0.00 66.67 100.00 57.14 33.33 66.67 100.00 100.00 100.00 100.00 75.00
86.85=100.00 100.00 100.00 100.00 100.00 37.50 100.00 100.00 100.00 100.00 100.00 40.00 100.00 100.00 71.43 100.00 100.00 66.67 100.00 100.00 0.00 80.00 100.00 100.00 66.67 66.67 100.00 100.00 80.00 83.33 100.00
89.04=100.00 100.00 100.00 100.00 100.00 42.86 100.00 100.00 100.00 100.00 75.00 66.67 100.00 100.00 87.50 100.00 75.00 66.67 100.00 100.00 0.00 100.00 100.00 80.00 66.67 100.00 100.00 100.00 100.00 100.00 100.00
83.10=100.00 100.00 100.00 100.00 100.00 14.29 100.00 60.00 100.00 100.00 100.00 50.00 100.00 66.67 50.00 80.00 75.00 100.00 100.00 100.00 0.00 100.00 75.00 80.00 50.00 100.00 100.00 100.00 75.00 100.00 100.00
78.86=60.00 100.00 100.00 75.00 100.00 22.22 100.00 60.00 66.67 80.00 100.00 50.00 83.33 100.00 62.50 100.00 75.00 100.00 66.67 66.67 0.00 75.00 75.00 80.00 66.67 100.00 100.00 80.00 100.00 100.00 100.00
78.26=75.00 100.00 100.00 100.00 100.00 33.33 75.00 66.67 100.00 80.00 100.00 66.67 100.00 100.00 42.86 100.00 50.00 100.00 66.67 40.00 0.00 100.00 100.00 80.00 50.00 0.00 100.00 100.00 100.00 100.00 100.00
79.35=100.00 100.00 100.00 75.00 100.00 42.86 100.00 50.00 100.00 80.00 100.00 100.00 71.43 100.00 57.14 80.00 60.00 100.00 100.00 66.67 0.00 60.00 50.00 66.67 33.33 100.00 100.00 100.00 66.67 100.00 100.00
81.80=100.00 100.00 100.00 75.00 100.00 42.86 100.00 42.86 100.00 80.00 100.00 100.00 100.00 100.00 58.33 100.00 75.00 100.00 100.00 40.00 0.00 75.00 100.00 80.00 66.67 0.00 100.00 100.00 100.00 100.00 100.00
61.64=92.31 100.00 94.12 90.91 30.77 40.00 76.92 65.00 40.00 88.89 57.50 47.92 81.82 60.00 40.62 59.46 70.59 79.31 29.17 66.67 0.00 85.71 86.36 31.82 48.00 84.62 50.00 0.00 50.00 87.50 75.00
63.12=85.19 90.48 94.74 95.00 25.00 34.48 76.67 58.33 54.55 94.12 61.54 57.89 82.61 76.00 50.00 69.70 69.70 87.50 29.63 77.27 0.00 74.29 79.17 25.00 44.83 61.11 83.33 0.00 28.57 90.00 100.00
60.58=91.67 100.00 89.47 87.50 25.00 41.82 84.62 57.89 25.00 80.00 64.86 61.76 71.88 67.86 50.00 75.00 70.59 88.46 30.00 69.57 0.00 80.00 82.61 25.00 53.57 47.62 72.73 9.09 14.29 60.00 100.00
62.19=95.65 95.45 90.00 82.61 22.22 39.34 86.96 56.52 31.25 94.12 54.55 66.67 75.00 68.18 45.16 65.71 79.31 95.65 29.17 61.54 0.00 78.12 86.36 25.00 55.17 52.63 64.29 12.50 50.00 80.00 88.89
63.82=85.19 100.00 90.00 90.91 33.33 45.10 84.62 60.00 44.44 94.12 54.55 60.00 80.00 69.57 55.88 63.89 80.00 88.00 32.61 80.95 0.00 75.76 86.36 25.00 51.52 62.50 57.14 7.69 37.50 100.00 81.82
63.49=91.30 95.24 86.36 86.96 53.85 38.10 75.86 69.57 35.29 75.00 66.67 65.71 57.89 74.19 36.00 83.33 67.65 88.46 27.91 75.00 0.00 69.70 86.36 40.00 46.67 83.33 78.95 28.57 60.00 33.33 90.91
66.04=95.65 100.00 100.00 75.00 46.67 39.66 82.14 81.82 56.25 85.00 65.00 70.00 64.71 84.62 29.63 65.71 71.88 95.83 32.43 71.43 0.00 82.76 90.00 28.00 48.39 77.27 66.67 12.50 66.67 72.73 88.89
64.80=95.83 100.00 94.74 80.77 30.77 35.38 78.57 68.00 46.67 76.19 63.89 75.86 60.53 75.86 25.00 77.78 75.00 85.19 30.77 59.26 0.00 74.19 90.48 31.58 48.39 72.22 88.24 25.00 80.00 62.50 100.00
65.56=92.31 95.65 90.48 80.00 28.57 41.07 84.62 74.07 39.13 70.00 64.86 68.75 66.67 87.50 27.59 88.00 86.21 88.46 32.43 64.00 0.00 80.00 87.50 35.00 51.72 76.19 78.95 22.22 77.78 62.50 90.00
64.14=91.30 100.00 95.00 87.50 21.43 37.93 84.00 73.08 33.33 83.33 71.43 62.86 67.65 78.57 32.14 84.62 69.70 92.00 28.95 69.23 0.00 80.00 84.62 27.78 46.15 73.91 83.33 28.57 100.00 37.50 62.50
62.32=92.00 100.00 81.82 90.91 38.46 37.10 87.50 61.90 50.00 88.89 59.52 46.81 75.00 64.00 50.00 58.33 71.43 84.62 31.25 61.54 0.00 78.12 86.36 31.58 70.00 58.82 69.23 0.00 25.00 100.00 81.82
61.98=91.67 100.00 94.74 79.17 30.77 40.98 88.00 61.90 45.45 85.00 55.81 63.89 75.00 78.26 61.29 68.57 70.59 95.83 20.45 65.38 0.00 80.00 82.61 25.93 62.07 58.82 64.29 0.00 12.50 87.50 75.00
62.11=95.65 100.00 78.26 86.96 29.41 46.15 75.86 68.42 33.33 87.50 61.54 64.71 75.00 70.00 48.48 65.71 71.88 84.00 28.00 62.96 0.00 80.00 86.96 24.14 53.33 68.75 64.29 10.00 33.33 83.33 87.50
63.16=91.67 91.67 94.74 83.33 35.71 39.29 84.62 60.00 45.45 84.21 58.54 64.71 76.92 71.43 46.15 66.67 70.59 92.31 28.26 62.96 0.00 86.21 86.36 25.00 51.61 52.94 64.29 9.09 33.33 100.00 100.00
62.81=91.67 95.24 94.44 86.36 23.53 47.06 86.96 65.38 50.00 78.95 56.10 65.71 83.33 71.43 53.85 63.16 72.73 92.00 31.11 70.83 0.00 70.59 81.82 33.33 55.17 66.67 69.23 0.00 42.86 75.00 72.73
80.62=100.00 100.00 100.00 100.00 66.67 25.00 100.00 20.00 100.00 80.00 100.00 100.00 100.00 80.00 62.50 100.00 60.00 66.67 100.00 66.67 0.00 75.00 100.00 80.00 100.00 50.00 100.00 100.00 66.67 100.00 100.00
84.56=100.00 100.00 100.00 100.00 100.00 33.33 100.00 66.67 75.00 80.00 100.00 66.67 100.00 80.00 71.43 83.33 100.00 100.00 100.00 50.00 0.00 60.00 80.00 75.00 100.00 100.00 100.00 100.00 100.00 100.00 100.00
85.08=100.00 100.00 100.00 100.00 100.00 28.57 100.00 60.00 75.00 80.00 100.00 66.67 100.00 60.00 71.43 100.00 66.67 100.00 100.00 100.00 0.00 100.00 85.71 80.00 100.00 100.00 100.00 83.33 80.00 100.00 100.00
78.42=75.00 100.00 100.00 75.00 100.00 28.57 100.00 60.00 75.00 80.00 60.00 50.00 100.00 100.00 62.50 80.00 100.00 100.00 100.00 66.67 0.00 66.67 100.00 66.67 100.00 50.00 100.00 100.00 60.00 100.00 75.00
82.76=75.00 100.00 100.00 100.00 100.00 33.33 100.00 50.00 100.00 80.00 100.00 100.00 100.00 80.00 57.14 100.00 60.00 100.00 100.00 50.00 0.00 75.00 75.00 80.00 50.00 100.00 100.00 100.00 100.00 100.00 100.00
61.02=95.83 100.00 94.44 85.71 26.67 32.86 78.57 85.00 33.33 72.22 64.86 67.65 51.43 73.91 43.33 64.71 75.00 88.46 35.29 88.89 0.00 72.73 88.46 6.25 46.67 51.85 45.00 0.00 60.00 75.00 87.50
61.60=96.00 100.00 94.12 74.07 16.67 42.11 87.50 94.12 50.00 84.21 59.52 74.19 66.67 70.37 36.67 59.46 79.31 83.33 33.33 53.57 0.00 86.21 86.21 11.76 52.00 62.50 66.67 0.00 23.08 75.00 90.91
61.00=92.00 100.00 80.95 74.07 18.18 41.38 87.50 85.71 28.57 86.67 58.54 75.00 59.38 68.97 50.00 58.97 80.65 95.45 33.33 60.71 0.00 75.76 86.21 16.67 60.71 58.33 55.56 20.00 0.00 81.82 100.00
60.72=100.00 100.00 89.47 67.86 13.33 38.10 81.48 85.71 50.00 87.50 57.14 92.00 68.75 69.23 33.33 58.97 82.76 95.45 32.26 60.71 0.00 83.33 82.14 8.33 57.14 52.00 52.63 10.00 33.33 66.67 72.73
62.27=88.46 100.00 89.47 61.29 9.09 40.68 91.30 84.00 55.56 83.33 61.90 82.14 68.97 78.26 47.83 56.10 79.31 90.48 31.71 48.39 0.00 86.21 86.21 5.56 58.62 59.09 64.29 0.00 54.55 80.00 87.50
82.85=75.00 100.00 100.00 100.00 100.00 50.00 100.00 100.00 100.00 80.00 100.00 50.00 100.00 100.00 100.00 100.00 50.00 100.00 100.00 25.00 0.00 75.00 100.00 80.00 33.33 50.00 100.00 100.00 100.00 100.00 100.00
85.60=100.00 100.00 100.00 100.00 100.00 42.86 100.00 100.00 100.00 100.00 100.00 66.67 100.00 100.00 87.50 100.00 60.00 66.67 50.00 50.00 0.00 100.00 100.00 80.00 50.00 100.00 100.00 100.00 100.00 100.00 100.00
85.66=100.00 100.00 100.00 100.00 100.00 42.86 100.00 100.00 100.00 80.00 100.00 100.00 100.00 100.00 87.50 100.00 75.00 100.00 50.00 40.00 0.00 100.00 100.00 80.00 0.00 100.00 100.00 100.00 100.00 100.00 100.00
86.58=100.00 100.00 100.00 75.00 100.00 50.00 100.00 100.00 100.00 100.00 60.00 66.67 100.00 80.00 100.00 85.71 60.00 100.00 66.67 40.00 0.00 100.00 100.00 100.00 100.00 100.00 100.00 100.00 100.00 100.00 100.00
83.17=100.00 100.00 100.00 100.00 100.00 42.86 100.00 100.00 100.00 100.00 100.00 100.00 80.00 80.00 71.43 75.00 60.00 100.00 50.00 66.67 0.00 66.67 85.71 66.67 33.33 100.00 100.00 100.00 100.00 100.00 100.00
64.49=95.65 100.00 79.17 86.36 35.71 37.10 88.00 66.67 44.44 75.00 73.53 63.89 58.54 68.75 21.43 95.45 71.88 91.30 32.43 85.00 0.00 69.70 86.96 35.29 50.00 72.73 75.00 9.09 83.33 80.00 66.67
67.79=88.46 95.45 100.00 83.33 50.00 44.23 84.62 72.41 52.63 80.00 62.86 68.75 66.67 76.92 35.48 76.67 80.00 91.67 31.25 60.00 0.00 79.31 90.91 28.00 54.84 75.00 70.59 28.57 81.82 100.00 90.91
66.23=92.31 100.00 89.47 86.96 40.00 37.50 84.62 67.86 41.18 85.00 69.44 67.74 62.86 82.61 29.03 75.00 73.33 95.83 34.29 55.56 0.00 78.12 88.46 40.00 58.62 80.00 87.50 25.00 71.43 70.00 83.33
64.27=84.62 100.00 89.47 82.61 42.86 40.35 86.96 60.71 36.84 80.95 62.50 58.82 60.53 80.77 29.63 75.00 75.00 95.65 30.56 56.25 0.00 75.86 88.46 38.89 53.57 73.68 81.25 25.00 90.00 55.56 80.00
67.91=88.89 100.00 95.00 76.92 41.18 37.70 82.14 76.00 40.00 89.47 68.42 73.33 68.57 84.00 26.67 80.77 88.89 91.67 28.95 65.38 0.00 75.00 84.62 35.29 50.00 80.00 93.33 25.00 69.23 88.89 100.00
89.27=100.00 100.00 100.00 100.00 100.00 37.50 100.00 100.00 100.00 100.00 100.00 66.67 100.00 100.00 100.00 100.00 100.00 66.67 100.00 66.67 0.00 80.00 100.00 100.00 66.67 100.00 100.00 100.00 100.00 83.33 100.00
85.99=100.00 100.00 100.00 75.00 100.00 37.50 100.00 100.00 100.00 100.00 75.00 66.67 100.00 75.00 71.43 100.00 75.00 100.00 100.00 100.00 0.00 100.00 100.00 80.00 50.00 100.00 100.00 100.00 100.00 80.00 80.00
89.46=100.00 100.00 100.00 100.00 100.00 37.50 100.00 100.00 100.00 100.00 100.00 100.00 100.00 100.00 62.50 100.00 75.00 100.00 100.00 100.00 0.00 80.00 100.00 80.00 100.00 100.00 100.00 100.00 75.00 83.33 80.00
87.83=100.00 100.00 100.00 100.00 100.00 42.86 100.00 100.00 100.00 100.00 100.00 50.00 100.00 100.00 75.00 100.00 75.00 100.00 66.67 66.67 0.00 100.00 100.00 66.67 100.00 100.00 100.00 100.00 100.00 80.00 100.00
89.92=75.00 100.00 100.00 100.00 100.00 50.00 75.00 100.00 100.00 100.00 100.00 50.00 100.00 100.00 87.50 100.00 100.00 100.00 100.00 100.00 0.00 66.67 100.00 100.00 100.00 100.00 100.00 100.00 100.00 83.33 100.00
64.34=95.65 100.00 94.74 80.00 53.33 41.07 88.00 68.18 42.11 84.21 66.67 58.97 61.11 75.86 23.08 73.08 71.88 88.46 26.32 62.96 0.00 82.14 86.36 26.32 50.00 77.27 76.47 8.33 81.82 71.43 78.57
66.63=91.67 100.00 95.00 71.43 29.41 35.59 84.62 76.00 47.37 78.95 69.44 66.67 58.33 91.67 19.35 62.86 78.12 95.83 26.32 70.83 0.00 75.86 83.33 36.84 53.85 88.24 78.95 22.22 76.92 100.00 100.00
65.35=96.00 100.00 94.74 80.77 29.41 39.34 77.78 77.78 40.00 94.44 64.86 67.65 60.00 86.96 26.92 68.97 75.00 90.91 22.22 58.62 0.00 79.31 85.19 27.78 51.72 82.35 87.50 25.00 75.00 77.78 81.82
66.57=100.00 100.00 95.00 86.36 31.25 38.10 88.46 70.37 47.06 66.67 64.86 75.86 55.81 76.92 22.22 82.14 75.86 88.00 33.33 58.62 0.00 80.77 83.33 27.27 51.72 84.21 88.24 33.33 90.00 77.78 90.00
67.25=100.00 100.00 100.00 79.17 33.33 36.67 85.19 66.67 58.82 100.00 61.54 70.97 61.11 80.00 19.23 65.52 79.31 88.00 25.00 62.96 0.00 82.76 86.96 27.27 51.52 84.21 83.33 33.33 100.00 80.00 81.82
60.50=92.31 95.65 89.47 70.37 18.75 33.33 84.00 70.00 60.00 83.33 63.89 70.97 58.82 70.37 32.26 68.75 70.97 86.36 34.38 66.67 0.00 89.66 80.00 22.73 60.00 41.94 55.00 0.00 57.14 66.67 81.82
61.37=88.89 100.00 89.47 65.52 18.18 42.11 87.50 84.00 37.50 81.25 60.00 84.62 63.64 73.08 48.39 61.76 83.33 81.82 36.36 59.38 0.00 81.25 81.48 9.09 58.62 60.87 68.75 11.11 57.14 54.55 72.73
61.02=92.31 95.65 89.47 54.84 11.11 41.38 87.50 85.71 52.94 86.67 60.98 88.00 64.29 69.57 28.12 61.11 85.71 95.65 35.48 54.55 0.00 76.47 88.00 11.76 54.84 66.67 50.00 9.09 35.71 69.23 88.89
60.18=92.31 100.00 94.44 74.07 16.67 39.62 81.48 80.00 43.75 83.33 59.46 79.31 55.56 72.00 32.35 73.33 71.43 84.62 34.29 62.96 0.00 83.87 84.62 11.11 57.69 57.69 64.29 0.00 33.33 72.73 69.23
59.95=92.31 91.67 90.00 66.67 40.00 40.00 86.36 89.47 22.22 80.00 65.79 76.67 61.11 75.00 37.04 63.64 82.76 88.00 25.64 63.33 0.00 86.67 85.19 8.70 60.87 61.90 62.50 0.00 27.27 58.33 69.23
83.18=100.00 100.00 100.00 100.00 100.00 42.86 100.00 100.00 100.00 80.00 75.00 50.00 100.00 80.00 75.00 100.00 50.00 100.00 66.67 40.00 0.00 75.00 85.71 100.00 100.00 100.00 75.00 83.33 100.00 100.00 100.00
87.90=100.00 100.00 100.00 100.00 100.00 42.86 100.00 100.00 100.00 100.00 100.00 100.00 85.71 100.00 100.00 100.00 75.00 100.00 50.00 66.67 0.00 100.00 100.00 100.00 33.33 100.00 100.00 100.00 71.43 100.00 100.00
85.29=100.00 100.00 100.00 100.00 100.00 37.50 100.00 100.00 100.00 80.00 75.00 66.67 100.00 66.67 75.00 100.00 75.00 100.00 66.67 50.00 0.00 100.00 71.43 80.00 100.00 100.00 100.00 100.00 100.00 100.00 100.00
80.49=100.00 100.00 100.00 100.00 75.00 42.86 100.00 100.00 75.00 80.00 75.00 66.67 75.00 100.00 85.71 83.33 50.00 100.00 66.67 100.00 0.00 60.00 100.00 60.00 50.00 50.00 100.00 100.00 100.00 100.00 100.00
86.71=100.00 100.00 100.00 100.00 100.00 42.86 100.00 100.00 100.00 80.00 75.00 100.00 100.00 100.00 75.00 100.00 60.00 100.00 33.33 66.67 0.00 75.00 100.00 100.00 100.00 100.00 100.00 100.00 100.00 80.00 100.00
64.78=95.83 100.00 100.00 76.92 46.67 37.10 92.00 80.95 33.33 89.47 67.65 65.71 62.50 72.41 25.00 80.00 77.42 92.00 28.57 66.67 0.00 72.73 76.92 20.00 50.00 68.18 75.00 14.29 50.00 100.00 90.91
66.41=91.67 100.00 95.00 84.00 42.86 36.92 84.62 69.23 40.00 94.44 63.89 73.33 54.55 86.96 13.04 91.30 75.00 84.62 31.58 62.50 0.00 82.76 82.14 35.29 56.67 80.00 93.75 25.00 72.73 80.00 75.00
66.75=96.00 100.00 100.00 87.50 45.00 38.71 91.67 68.97 33.33 82.35 59.46 76.67 54.35 80.00 28.00 91.30 70.97 88.46 20.59 72.00 0.00 82.14 91.67 43.75 53.12 80.95 81.25 11.11 75.00 75.00 90.00
65.71=92.00 100.00 100.00 80.77 44.44 39.34 85.19 61.29 25.00 89.47 70.97 72.73 57.14 81.48 21.43 78.57 82.76 88.00 28.57 66.67 0.00 77.42 82.14 33.33 53.33 76.19 80.00 22.22 90.00 66.67 90.00
68.11=88.00 100.00 100.00 74.07 53.33 36.92 91.67 67.86 44.00 100.00 66.67 71.88 57.14 84.00 18.52 91.67 81.48 92.00 22.22 69.57 0.00 80.00 91.30 36.84 48.39 84.21 87.50 25.00 76.92 85.71 84.62
60.73=100.00 87.50 89.47 64.52 15.38 40.68 87.50 77.78 60.00 77.78 57.50 69.70 55.26 76.00 33.33 81.48 85.71 95.45 33.33 60.71 0.00 83.87 85.71 5.26 55.00 53.33 58.82 0.00 50.00 70.00 71.43
59.80=100.00 95.24 94.74 63.33 15.79 35.59 91.67 80.00 50.00 65.22 63.16 82.14 56.25 76.00 32.14 61.11 88.89 91.30 36.36 56.67 0.00 78.79 78.57 9.52 54.55 58.33 53.33 10.00 25.00 66.67 83.33
61.91=92.00 95.65 100.00 68.97 14.29 43.64 84.62 85.71 30.00 88.89 71.43 76.67 66.67 76.00 32.14 62.16 80.65 91.67 33.33 60.00 0.00 81.25 85.71 9.52 66.67 66.67 68.75 8.33 28.57 77.78 71.43
61.40=100.00 91.67 100.00 63.33 20.00 38.33 84.00 88.89 38.46 83.33 57.14 92.00 63.64 75.00 32.14 63.89 86.21 85.19 34.38 56.25 0.00 74.29 88.46 10.00 68.18 52.00 62.50 9.09 33.33 70.00 81.82
61.81=100.00 100.00 76.19 60.61 30.77 37.93 80.77 89.47 38.89 84.21 55.81 82.14 60.53 77.78 35.71 73.33 80.00 92.00 34.48 66.67 0.00 85.71 86.67 19.05 64.00 53.85 58.82 7.14 40.00 63.64 80.00
58.99=100.00 95.65 94.74 90.91 28.57 36.36 84.00 56.52 46.15 84.21 56.10 57.50 73.33 71.43 34.48 66.67 70.97 87.50 27.50 61.29 0.00 75.76 80.00 33.33 52.17 52.63 66.67 0.00 0.00 75.00 69.23
