59.46=100.00 100.00 76.00 82.61 42.86 47.22 86.36 50.00 8.70 78.95 63.64 91.67 70.37 40.00 60.00 70.37 81.48 70.97 27.78 73.68 44.44 92.00 66.67 28.57 35.29 43.24 31.82 30.77 37.50 66.67 43.75
52.39=72.73 75.00 60.71 64.52 16.67 42.22 83.33 50.00 13.04 71.43 57.14 82.14 57.69 26.32 68.00 58.33 78.57 73.08 26.32 68.18 0.00 73.33 70.97 33.33 25.00 48.00 50.00 50.00 42.86 37.50 47.62
54.15=82.14 91.30 67.86 57.14 16.67 46.15 87.50 58.33 21.43 83.33 65.71 82.14 60.00 38.89 67.65 53.33 66.67 67.65 33.33 70.00 0.00 73.53 59.38 42.86 45.45 41.18 63.64 25.00 17.65 42.86 50.00
54.62=85.19 95.24 72.00 62.50 22.22 44.00 72.00 66.67 13.33 66.67 69.70 82.76 60.00 33.33 53.85 61.54 68.75 79.31 23.53 63.16 0.00 71.43 54.55 40.00 22.22 44.44 58.33 30.00 43.75 60.00 72.73
58.75=88.46 100.00 70.37 70.37 38.46 45.10 86.96 59.09 6.25 78.95 58.33 75.86 59.26 58.82 70.00 52.08 75.86 75.00 20.83 63.16 0.00 73.53 63.64 56.25 36.36 43.75 54.55 45.45 56.25 71.43 66.67
53.83=86.96 100.00 90.00 66.67 8.33 63.89 75.00 60.71 16.67 50.00 66.67 84.62 78.12 36.67 50.00 73.91 71.88 84.00 18.75 45.83 57.14 86.96 72.00 5.00 33.33 48.15 41.38 21.74 14.29 40.00 20.00
53.47=83.33 84.00 69.23 55.88 4.00 56.82 86.96 61.54 11.76 64.00 64.10 70.00 67.86 61.11 58.33 62.07 68.75 80.77 26.32 61.11 23.08 84.62 65.38 0.00 34.78 65.22 81.25 27.78 10.53 38.46 28.57
51.99=87.50 87.50 78.26 67.86 3.57 50.00 75.00 58.33 17.86 65.00 65.79 62.16 67.65 61.54 51.85 69.23 60.53 77.78 17.65 38.10 0.00 76.00 77.27 5.88 37.50 45.45 86.67 26.67 20.00 50.00 23.08
54.36=82.14 95.65 100.00 51.52 8.33 51.02 90.91 70.83 20.00 63.64 51.02 64.86 71.88 56.25 57.14 85.71 69.70 73.33 25.00 66.67 0.00 80.77 64.52 0.00 32.14 48.48 85.71 41.67 20.00 36.36 20.00
58.78=85.71 95.65 94.44 60.61 3.12 52.17 95.00 64.00 19.23 77.78 58.14 60.53 68.75 76.47 60.00 70.37 77.42 78.57 22.22 63.16 0.00 85.19 65.62 5.26 43.48 53.57 78.95 66.67 18.75 71.43 50.00
91.43=100.00 100.00 87.50 100.00 100.00 100.00 100.00 100.00 80.00 83.33 77.78 100.00 70.00 100.00 100.00 83.33 87.50 100.00 100.00 100.00 100.00 100.00 100.00 100.00 85.71 75.00 75.00 77.78 71.43 100.00 80.00
91.20=100.00 100.00 100.00 100.00 57.14 88.89 100.00 66.67 100.00 83.33 85.71 100.00 85.71 100.00 100.00 88.89 88.89 100.00 100.00 88.89 100.00 66.67 87.50 83.33 88.89 100.00 100.00 100.00 83.33 100.00 83.33
90.97=100.00 100.00 87.50 100.00 66.67 80.00 100.00 66.67 100.00 100.00 77.78 100.00 100.00 100.00 100.00 81.82 100.00 100.00 100.00 77.78 100.00 71.43 88.89 100.00 100.00 75.00 75.00 100.00 71.43 100.00 100.00
92.01=100.00 100.00 100.00 75.00 80.00 88.89 100.00 66.67 71.43 100.00 100.00 100.00 83.33 100.00 100.00 75.00 88.89 87.50 100.00 100.00 100.00 100.00 100.00 83.33 100.00 100.00 100.00 100.00 85.71 100.00 66.67
93.04=100.00 100.00 87.50 100.00 80.00 100.00 100.00 66.67 71.43 100.00 100.00 100.00 100.00 100.00 88.89 81.82 100.00 100.00 100.00 88.89 100.00 83.33 100.00 85.71 100.00 100.00 100.00 100.00 83.33 83.33 83.33
75.49=70.00 100.00 100.00 75.00 66.67 63.64 100.00 60.00 100.00 100.00 87.50 87.50 100.00 100.00 75.00 69.23 100.00 87.50 0.00 80.00 0.00 80.00 100.00 83.33 40.00 0.00 66.67 85.71 62.50 100.00 100.00
84.31=87.50 100.00 100.00 75.00 60.00 58.33 83.33 50.00 83.33 100.00 100.00 100.00 100.00 100.00 100.00 100.00 88.89 100.00 83.33 88.89 0.00 100.00 87.50 100.00 80.00 25.00 100.00 100.00 62.50 100.00 100.00
83.64=100.00 100.00 100.00 60.00 100.00 61.54 100.00 80.00 66.67 83.33 100.00 100.00 87.50 100.00 85.71 90.00 100.00 100.00 100.00 70.00 0.00 83.33 100.00 83.33 77.78 20.00 100.00 88.89 71.43 100.00 83.33
83.99=87.50 80.00 100.00 50.00 100.00 61.54 100.00 50.00 100.00 100.00 100.00 100.00 100.00 100.00 66.67 100.00 100.00 77.78 100.00 77.78 0.00 100.00 83.33 100.00 77.78 20.00 100.00 100.00 71.43 100.00 100.00
79.82=77.78 83.33 100.00 60.00 100.00 53.85 100.00 50.00 83.33 83.33 87.50 87.50 100.00 100.00 62.50 77.78 100.00 87.50 100.00 80.00 0.00 80.00 85.71 100.00 87.50 20.00 100.00 100.00 60.00 100.00 66.67
80.71=77.78 100.00 100.00 100.00 66.67 63.64 100.00 100.00 100.00 100.00 100.00 87.50 100.00 83.33 100.00 78.57 87.50 100.00 0.00 100.00 0.00 83.33 85.71 66.67 38.46 100.00 75.00 77.78 50.00 100.00 80.00
85.27=70.00 100.00 100.00 100.00 80.00 66.67 83.33 100.00 100.00 100.00 87.50 100.00 87.50 60.00 100.00 91.67 88.89 100.00 100.00 100.00 0.00 83.33 100.00 80.00 53.85 75.00 100.00 100.00 55.56 80.00 100.00
84.79=77.78 83.33 100.00 60.00 80.00 63.64 100.00 100.00 83.33 100.00 100.00 87.50 100.00 83.33 100.00 83.33 88.89 85.71 100.00 100.00 0.00 71.43 100.00 100.00 70.00 75.00 100.00 88.89 71.43 100.00 75.00
88.12=77.78 100.00 87.50 100.00 100.00 72.73 88.89 100.00 100.00 71.43 87.50 100.00 100.00 80.00 100.00 71.43 100.00 100.00 100.00 100.00 0.00 80.00 87.50 100.00 71.43 100.00 100.00 100.00 55.56 100.00 100.00
85.97=77.78 100.00 100.00 75.00 80.00 63.64 100.00 100.00 100.00 83.33 87.50 100.00 100.00 100.00 88.89 100.00 100.00 85.71 100.00 80.00 0.00 100.00 100.00 100.00 71.43 75.00 83.33 100.00 66.67 80.00 66.67
63.26=92.31 100.00 89.47 90.48 9.30 48.98 90.48 68.42 35.29 94.12 61.11 87.50 73.91 66.67 60.61 64.86 76.47 68.75 30.30 94.12 0.00 86.21 72.41 23.08 61.11 72.22 47.83 44.00 50.00 38.46 62.50
60.80=87.50 100.00 85.00 83.33 13.33 46.15 91.67 59.09 15.79 77.27 64.10 79.17 57.14 69.57 64.71 57.14 71.43 81.48 34.62 75.00 0.00 89.66 72.73 23.53 31.58 65.00 50.00 57.14 42.86 57.14 81.82
59.60=92.31 90.91 85.71 90.91 11.11 50.00 80.00 65.38 25.00 77.27 64.10 77.78 66.67 68.00 64.71 55.26 80.00 68.97 25.93 73.68 0.00 80.00 69.70 12.50 56.25 48.00 42.86 36.36 46.15 77.78 64.29
63.45=82.14 95.00 81.82 76.00 13.64 48.94 92.00 58.62 25.00 73.91 60.47 63.33 69.57 73.33 78.57 63.16 81.25 78.57 35.48 90.48 0.00 83.87 75.86 27.78 57.89 75.00 53.33 60.00 26.67 83.33 81.82
66.32=95.83 91.30 94.74 86.96 12.90 50.00 95.65 64.29 45.00 89.47 67.57 77.78 75.00 76.92 75.00 59.46 80.65 84.00 41.94 77.78 0.00 69.44 70.59 18.75 51.85 70.59 61.11 66.67 42.86 80.00 81.82
59.35=85.19 100.00 86.36 68.97 16.13 42.59 83.33 83.33 5.56 70.59 58.33 61.11 60.71 55.56 56.76 61.76 68.75 70.00 25.93 69.23 0.00 75.86 63.33 43.75 52.94 62.50 56.25 72.73 42.11 62.50 77.78
60.24=80.77 91.30 81.82 68.97 18.52 48.89 72.00 58.33 27.78 71.43 56.76 73.33 67.86 60.87 71.88 64.10 63.89 85.19 31.82 66.67 0.00 75.76 62.50 41.67 50.00 60.87 66.67 80.00 31.25 70.00 66.67
62.29=85.71 95.45 90.00 80.00 14.29 43.40 83.33 63.64 6.25 86.67 61.54 68.97 54.05 55.56 64.71 70.97 59.46 71.88 41.67 75.00 0.00 82.76 75.00 46.15 52.38 56.52 70.00 80.00 40.00 100.00 55.56
60.79=85.19 100.00 64.29 71.43 15.38 45.83 75.00 75.00 7.14 68.42 61.54 76.67 51.28 61.90 65.62 64.71 67.65 79.31 40.00 73.33 0.00 75.76 70.97 35.71 35.71 60.87 72.73 72.73 43.75 100.00 66.67
63.38=88.00 95.45 89.47 74.07 11.11 41.51 86.96 65.38 14.29 75.00 56.10 71.88 57.14 64.00 75.86 72.73 71.88 76.67 35.29 76.92 0.00 71.88 72.41 37.50 40.00 48.28 72.73 92.31 50.00 100.00 80.00
84.65=77.78 83.33 100.00 100.00 66.67 63.64 100.00 100.00 100.00 83.33 100.00 87.50 100.00 62.50 72.73 100.00 77.78 87.50 85.71 87.50 0.00 100.00 100.00 66.67 85.71 75.00 100.00 100.00 75.00 85.71 100.00
84.17=70.00 100.00 100.00 100.00 100.00 50.00 90.91 100.00 100.00 100.00 77.78 87.50 100.00 71.43 100.00 90.91 88.89 100.00 75.00 100.00 0.00 100.00 100.00 75.00 55.56 100.00 85.71 100.00 50.00 83.33 57.14
87.75=77.78 100.00 100.00 66.67 100.00 66.67 100.00 100.00 100.00 100.00 100.00 100.00 100.00 100.00 100.00 91.67 85.71 100.00 100.00 87.50 0.00 100.00 100.00 80.00 87.50 42.86 85.71 100.00 62.50 85.71 100.00
83.92=87.50 100.00 100.00 60.00 80.00 72.73 100.00 75.00 100.00 100.00 87.50 85.71 100.00 80.00 100.00 100.00 88.89 100.00 100.00 88.89 0.00 71.43 87.50 100.00 87.50 50.00 83.33 100.00 57.14 75.00 83.33
84.39=70.00 100.00 100.00 75.00 80.00 66.67 100.00 100.00 100.00 100.00 87.50 100.00 87.50 66.67 100.00 90.91 75.00 100.00 100.00 100.00 0.00 100.00 100.00 80.00 77.78 75.00 71.43 100.00 55.56 57.14 100.00
82.70=63.64 100.00 100.00 60.00 100.00 72.73 100.00 50.00 100.00 100.00 70.00 70.00 83.33 100.00 100.00 80.00 87.50 87.50 100.00 80.00 0.00 100.00 85.71 83.33 87.50 16.67 100.00 100.00 85.71 100.00 100.00
81.15=71.43 100.00 100.00 75.00 100.00 58.33 100.00 44.44 83.33 100.00 87.50 87.50 100.00 100.00 100.00 77.78 88.89 100.00 85.71 72.73 0.00 100.00 75.00 100.00 70.00 0.00 100.00 71.43 66.67 100.00 100.00
83.37=87.50 100.00 100.00 75.00 100.00 60.00 100.00 57.14 100.00 83.33 100.00 100.00 100.00 83.33 77.78 87.50 100.00 87.50 100.00 80.00 0.00 100.00 71.43 83.33 66.67 50.00 85.71 87.50 85.71 100.00 75.00
81.65=87.50 100.00 100.00 60.00 100.00 57.14 100.00 50.00 71.43 83.33 100.00 71.43 83.33 100.00 72.73 77.78 87.50 100.00 100.00 72.73 0.00 100.00 83.33 71.43 71.43 50.00 100.00 100.00 80.00 100.00 100.00
85.82=87.50 100.00 100.00 75.00 100.00 61.54 90.00 44.44 100.00 62.50 100.00 100.00 88.89 100.00 85.71 100.00 100.00 100.00 100.00 80.00 0.00 100.00 100.00 100.00 88.89 50.00 100.00 88.89 57.14 100.00 100.00
63.30=80.00 100.00 80.95 73.08 17.86 48.00 79.17 68.00 46.15 87.50 51.22 80.00 52.50 60.00 79.31 76.67 63.16 74.19 45.00 66.67 0.00 82.14 70.37 60.00 42.86 62.50 37.50 75.00 38.89 85.71 77.78
62.42=85.71 95.45 94.12 71.43 13.51 43.64 79.17 71.43 23.08 76.47 59.38 79.31 56.25 57.69 64.71 70.97 56.41 70.97 34.78 58.82 0.00 83.33 73.33 23.08 37.04 64.00 72.73 85.71 45.00 100.00 87.50
63.33=75.00 100.00 75.00 70.37 13.51 47.92 72.00 84.21 11.76 82.35 62.86 69.70 55.88 58.33 80.00 75.76 70.59 78.57 47.37 75.00 0.00 83.33 64.29 61.54 45.45 46.67 63.64 78.57 50.00 85.71 77.78
62.68=88.89 100.00 85.71 70.37 14.71 48.94 83.33 68.18 5.88 77.78 61.76 72.73 59.38 66.67 62.86 69.70 70.59 77.42 50.00 50.00 0.00 85.71 76.67 42.86 52.17 54.17 72.73 81.25 43.48 71.43 77.78
61.46=77.42 100.00 85.00 73.08 14.71 46.00 80.00 61.90 10.00 68.42 60.53 81.48 54.29 50.00 68.75 66.67 68.75 78.57 47.37 81.25 0.00 75.00 71.43 41.18 42.11 51.85 54.55 71.43 37.93 100.00 85.71
83.83=63.64 100.00 100.00 60.00 100.00 61.54 100.00 80.00 100.00 100.00 87.50 85.71 83.33 66.67 85.71 90.91 80.00 85.71 100.00 100.00 0.00 75.00 100.00 100.00 87.50 75.00 100.00 75.00 55.56 100.00 100.00
86.74=77.78 100.00 83.33 100.00 100.00 66.67 100.00 100.00 80.00 71.43 100.00 100.00 100.00 100.00 77.78 100.00 80.00 100.00 100.00 100.00 0.00 100.00 100.00 60.00 87.50 60.00 100.00 100.00 44.44 100.00 100.00
86.26=70.00 100.00 100.00 100.00 75.00 63.64 90.91 66.67 100.00 83.33 87.50 100.00 87.50 100.00 88.89 90.00 100.00 100.00 100.00 100.00 0.00 100.00 100.00 80.00 80.00 75.00 100.00 87.50 62.50 85.71 100.00
85.59=70.00 100.00 100.00 66.67 66.67 70.00 100.00 100.00 83.33 83.33 87.50 87.50 100.00 100.00 72.73 100.00 88.89 100.00 100.00 100.00 0.00 100.00 100.00 80.00 75.00 75.00 100.00 100.00 66.67 100.00 80.00
86.20=77.78 100.00 100.00 100.00 66.67 66.67 100.00 80.00 100.00 100.00 100.00 83.33 77.78 100.00 100.00 91.67 87.50 100.00 85.71 100.00 0.00 83.33 100.00 80.00 77.78 75.00 100.00 100.00 55.56 83.33 100.00
81.50=70.00 100.00 100.00 66.67 66.67 63.64 100.00 50.00 100.00 83.33 100.00 100.00 80.00 80.00 53.85 100.00 100.00 100.00 85.71 80.00 0.00 100.00 100.00 100.00 100.00 0.00 66.67 100.00 80.00 100.00 100.00
82.92=75.00 100.00 100.00 75.00 100.00 53.33 100.00 50.00 80.00 100.00 100.00 85.71 100.00 80.00 85.71 100.00 88.89 87.50 100.00 77.78 0.00 100.00 83.33 100.00 75.00 25.00 85.71 100.00 62.50 100.00 100.00
84.51=70.00 100.00 100.00 75.00 100.00 57.14 100.00 57.14 100.00 71.43 87.50 100.00 100.00 100.00 54.55 88.89 100.00 87.50 100.00 80.00 0.00 100.00 85.71 100.00 100.00 50.00 100.00 100.00 80.00 100.00 75.00
79.23=70.00 100.00 100.00 75.00 100.00 66.67 100.00 57.14 71.43 100.00 100.00 100.00 88.89 100.00 77.78 85.71 87.50 87.50 100.00 61.54 0.00 100.00 85.71 83.33 80.00 0.00 100.00 87.50 57.14 83.33 50.00
86.70=87.50 100.00 100.00 60.00 100.00 66.67 100.00 80.00 100.00 100.00 87.50 87.50 100.00 100.00 70.00 100.00 100.00 87.50 100.00 77.78 0.00 100.00 100.00 83.33 100.00 33.33 100.00 100.00 66.67 100.00 100.00
60.04=85.71 95.45 81.82 76.92 12.12 50.00 83.33 77.78 9.09 78.95 57.50 57.50 48.48 53.85 76.67 69.70 65.62 75.00 40.91 63.16 0.00 82.76 71.43 31.25 50.00 65.00 50.00 76.47 31.82 71.43 71.43
61.97=80.00 100.00 94.74 67.86 13.89 46.94 76.00 61.90 5.88 87.50 62.86 75.00 61.76 65.22 61.54 71.43 70.97 78.57 38.89 61.11 0.00 74.29 73.33 47.06 47.62 54.17 57.14 78.57 42.86 75.00 88.89
62.95=88.46 95.65 89.47 80.00 8.33 48.98 90.91 66.67 6.25 83.33 50.00 82.76 61.11 68.00 67.65 69.44 70.97 80.00 45.83 69.23 0.00 67.65 64.52 33.33 55.00 59.09 70.00 75.00 45.00 71.43 87.50
62.20=75.86 100.00 90.48 67.86 8.82 43.14 83.33 70.83 16.67 80.00 52.38 70.97 59.38 58.33 75.00 68.57 79.31 76.67 47.37 66.67 0.00 80.65 71.88 37.50 47.37 53.85 61.54 77.78 45.00 83.33 77.78
63.34=92.31 95.45 85.71 71.43 11.11 43.64 80.00 58.33 23.53 85.00 53.66 79.31 51.43 68.42 64.52 74.19 74.19 76.67 50.00 86.67 0.00 72.73 73.08 37.50 45.83 60.87 72.73 82.35 23.81 83.33 85.71
80.06=77.78 100.00 100.00 75.00 80.00 61.54 100.00 66.67 66.67 100.00 100.00 87.50 57.14 75.00 87.50 53.85 100.00 100.00 100.00 80.00 0.00 57.14 100.00 83.33 57.14 100.00 100.00 88.89 66.67 100.00 60.00
81.07=87.50 100.00 87.50 60.00 100.00 63.64 100.00 57.14 75.00 83.33 70.00 77.78 100.00 100.00 80.00 100.00 87.50 100.00 100.00 100.00 0.00 60.00 71.43 66.67 100.00 66.67 85.71 100.00 83.33 100.00 50.00
84.32=87.50 100.00 85.71 100.00 80.00 63.64 100.00 66.67 83.33 100.00 100.00 100.00 77.78 75.00 87.50 88.89 100.00 100.00 100.00 88.89 0.00 71.43 71.43 71.43 100.00 100.00 100.00 100.00 62.50 85.71 66.67
79.60=100.00 100.00 85.71 66.67 66.67 50.00 90.91 50.00 50.00 83.33 87.50 100.00 87.50 75.00 83.33 100.00 100.00 100.00 100.00 100.00 0.00 57.14 83.33 55.56 100.00 40.00 100.00 100.00 80.00 100.00 75.00
85.45=100.00 100.00 85.71 100.00 100.00 61.54 100.00 80.00 100.00 100.00 87.50 100.00 70.00 83.33 80.00 88.89 88.89 87.50 85.71 100.00 0.00 83.33 83.33 100.00 100.00 75.00 100.00 83.33 75.00 100.00 50.00
63.62=85.19 95.45 85.71 82.61 14.71 48.98 88.46 66.67 25.00 72.73 57.78 63.64 61.29 86.96 75.00 63.64 72.41 81.48 33.33 88.89 0.00 79.31 72.73 26.67 55.56 58.33 73.33 64.71 33.33 66.67 91.67
65.03=92.31 90.91 95.00 74.07 12.50 45.83 87.50 70.00 38.89 85.71 66.67 71.88 73.08 76.00 78.57 61.76 80.00 82.61 42.86 81.82 0.00 85.19 70.59 29.41 61.90 56.52 50.00 63.16 40.00 66.67 84.62
66.35=88.46 100.00 94.74 86.36 14.29 48.98 80.00 64.00 46.67 80.00 61.11 78.57 65.38 80.00 75.00 64.10 72.73 91.30 44.00 80.00 0.00 92.59 70.59 28.57 51.85 54.55 55.56 65.00 53.85 90.00 78.57
66.19=88.89 95.24 94.74 83.33 13.33 46.94 88.00 73.91 31.25 78.95 69.44 84.00 63.64 77.78 82.14 62.16 85.19 88.00 37.50 80.95 0.00 78.12 74.19 17.65 54.55 63.16 62.50 66.67 43.75 88.89 76.92
64.05=88.89 95.65 94.44 83.33 8.33 46.15 95.83 68.00 31.58 90.00 69.44 72.41 62.96 82.14 76.00 59.46 71.88 84.62 25.00 85.71 0.00 80.65 75.76 18.75 55.00 46.43 62.50 68.42 38.46 75.00 72.73
82.65=100.00 100.00 100.00 100.00 80.00 61.54 76.92 50.00 62.50 71.43 87.50 100.00 100.00 100.00 80.00 88.89 66.67 87.50 100.00 100.00 0.00 57.14 100.00 71.43 85.71 100.00 75.00 100.00 80.00 100.00 80.00
85.01=77.78 100.00 100.00 60.00 100.00 57.14 90.91 80.00 66.67 100.00 100.00 100.00 87.50 100.00 100.00 90.00 80.00 100.00 100.00 100.00 0.00 71.43 100.00 66.67 100.00 100.00 85.71 100.00 71.43 100.00 50.00
83.08=77.78 100.00 85.71 100.00 80.00 66.67 100.00 57.14 71.43 100.00 70.00 87.50 85.71 100.00 100.00 100.00 85.71 87.50 85.71 87.50 0.00 50.00 85.71 100.00 88.89 100.00 100.00 87.50 75.00 100.00 60.00
86.56=100.00 100.00 85.71 100.00 100.00 66.67 100.00 80.00 71.43 100.00 100.00 100.00 100.00 100.00 100.00 75.00 88.89 100.00 83.33 70.00 0.00 83.33 100.00 100.00 100.00 40.00 85.71 87.50 100.00 85.71 80.00
86.00=87.50 100.00 100.00 100.00 80.00 61.54 100.00 66.67 80.00 100.00 87.50 85.71 75.00 100.00 88.89 88.89 88.89 100.00 100.00 100.00 0.00 83.33 87.50 85.71 87.50 100.00 85.71 100.00 85.71 100.00 60.00
78.57=87.50 100.00 100.00 75.00 80.00 60.00 100.00 80.00 80.00 100.00 100.00 75.00 88.89 80.00 87.50 100.00 72.73 71.43 71.43 100.00 0.00 71.43 100.00 50.00 66.67 60.00 100.00 87.50 57.14 83.33 50.00
86.73=77.78 83.33 100.00 100.00 100.00 61.54 100.00 100.00 80.00 100.00 100.00 100.00 100.00 80.00 100.00 100.00 80.00 100.00 100.00 100.00 0.00 71.43 100.00 66.67 77.78 60.00 83.33 100.00 66.67 100.00 100.00
78.86=77.78 100.00 100.00 66.67 66.67 46.67 100.00 100.00 100.00 80.00 100.00 71.43 83.33 71.43 80.00 100.00 100.00 100.00 100.00 100.00 0.00 80.00 100.00 50.00 71.43 50.00 85.71 66.67 44.44 85.71 66.67
84.65=77.78 100.00 100.00 60.00 100.00 66.67 88.89 80.00 100.00 100.00 100.00 100.00 87.50 100.00 100.00 100.00 80.00 100.00 100.00 88.89 0.00 71.43 80.00 100.00 75.00 60.00 100.00 88.89 50.00 85.71 83.33
84.40=77.78 100.00 100.00 100.00 100.00 58.33 100.00 80.00 83.33 83.33 77.78 100.00 77.78 100.00 100.00 90.00 80.00 100.00 85.71 100.00 0.00 71.43 85.71 100.00 71.43 100.00 85.71 100.00 55.56 85.71 66.67
63.72=85.71 95.45 85.71 76.92 17.24 44.23 79.17 68.75 27.27 76.47 50.00 73.33 63.33 65.38 69.70 65.71 77.42 79.31 38.46 76.47 0.00 85.19 73.08 35.71 48.00 57.14 61.54 78.95 40.91 88.89 90.00
61.35=82.76 100.00 89.47 71.43 13.89 47.83 86.96 64.00 11.11 63.64 59.46 67.74 56.76 55.56 74.19 71.88 64.71 78.57 34.78 68.75 0.00 82.14 73.33 35.71 36.84 58.33 66.67 84.62 30.77 100.00 70.00
62.16=88.89 100.00 80.95 71.43 5.71 46.15 86.96 70.00 6.25 93.33 61.54 77.78 55.88 56.67 68.75 72.73 74.19 63.89 58.82 47.37 0.00 83.33 74.07 42.86 41.67 59.09 72.73 81.25 34.78 87.50 62.50
63.51=85.19 95.45 81.82 73.08 12.82 44.90 83.33 50.00 15.38 94.12 56.41 76.67 58.97 65.22 72.73 72.73 74.19 88.89 52.38 68.75 0.00 76.67 76.92 40.00 52.38 52.00 63.64 76.47 42.86 75.00 90.00
63.45=85.71 100.00 85.71 74.07 11.76 44.90 83.33 65.22 16.67 81.25 55.56 70.59 52.78 64.00 68.57 79.31 70.00 81.48 50.00 66.67 0.00 77.42 68.75 46.15 60.00 51.85 75.00 82.35 37.50 83.33 76.92
85.66=77.78 100.00 100.00 37.50 80.00 57.14 90.91 57.14 100.00 100.00 100.00 100.00 100.00 100.00 87.50 100.00 100.00 100.00 100.00 85.71 0.00 80.00 100.00 100.00 81.82 40.00 100.00 100.00 80.00 100.00 100.00
81.86=63.64 100.00 100.00 100.00 100.00 66.67 100.00 42.86 100.00 100.00 87.50 100.00 87.50 83.33 75.00 77.78 100.00 100.00 100.00 66.67 0.00 83.33 80.00 83.33 80.00 0.00 100.00 100.00 60.00 100.00 100.00
83.06=87.50 100.00 100.00 60.00 100.00 46.67 90.00 50.00 100.00 83.33 100.00 100.00 88.89 100.00 57.14 100.00 100.00 100.00 100.00 80.00 0.00 100.00 100.00 83.33 90.00 33.33 100.00 88.89 50.00 85.71 100.00
85.78=70.00 100.00 100.00 75.00 100.00 61.54 100.00 80.00 83.33 100.00 87.50 100.00 100.00 83.33 75.00 100.00 100.00 100.00 100.00 80.00 0.00 83.33 87.50 100.00 100.00 25.00 100.00 87.50 80.00 100.00 100.00
83.11=77.78 100.00 100.00 75.00 66.67 61.54 100.00 57.14 100.00 100.00 87.50 87.50 87.50 80.00 66.67 100.00 100.00 100.00 100.00 80.00 0.00 100.00 100.00 85.71 100.00 33.33 100.00 100.00 50.00 100.00 80.00
85.53=100.00 100.00 85.71 100.00 66.67 66.67 100.00 80.00 80.00 66.67 100.00 100.00 87.50 100.00 100.00 90.91 88.89 100.00 100.00 100.00 0.00 80.00 100.00 75.00 100.00 60.00 100.00 80.00 83.33 100.00 60.00
82.99=100.00 100.00 100.00 66.67 80.00 66.67 90.00 50.00 80.00 100.00 77.78 100.00 87.50 66.67 100.00 100.00 100.00 100.00 100.00 77.78 0.00 71.43 75.00 83.33 100.00 66.67 100.00 100.00 83.33 100.00 50.00
80.66=77.78 100.00 100.00 100.00 100.00 58.33 100.00 37.50 40.00 83.33 87.50 100.00 85.71 100.00 75.00 100.00 100.00 100.00 85.71 70.00 0.00 57.14 85.71 85.71 100.00 50.00 85.71 88.89 71.43 100.00 75.00
84.76=87.50 100.00 100.00 100.00 100.00 61.54 90.00 57.14 71.43 100.00 87.50 100.00 77.78 100.00 100.00 100.00 85.71 87.50 100.00 80.00 0.00 62.50 80.00 85.71 100.00 75.00 100.00 100.00 71.43 100.00 66.67
86.53=100.00 100.00 87.50 75.00 100.00 66.67 100.00 66.67 83.33 100.00 87.50 87.50 85.71 100.00 100.00 100.00 88.89 100.00 100.00 100.00 0.00 71.43 70.00 100.00 100.00 75.00 100.00 100.00 71.43 85.71 80.00
64.92=82.76 95.45 94.44 83.33 14.29 48.00 84.00 68.42 15.38 87.50 57.14 64.71 62.50 57.58 77.42 75.86 71.88 76.67 44.00 78.57 0.00 85.19 78.57 46.67 52.38 65.00 53.33 80.00 47.83 63.64 100.00
64.36=73.33 100.00 85.00 76.00 12.20 48.98 86.96 72.22 13.33 81.25 56.76 69.70 58.82 67.86 65.71 77.42 68.57 76.67 44.44 68.75 0.00 78.12 73.33 53.85 55.56 53.85 70.00 86.67 52.17 87.50 80.00
63.81=80.00 100.00 84.21 71.43 10.53 48.94 79.17 68.42 20.00 77.78 52.38 79.31 58.54 57.69 75.86 75.00 65.71 79.31 50.00 60.00 0.00 82.76 70.00 46.67 50.00 59.09 72.73 100.00 45.00 66.67 90.91
64.25=91.67 100.00 77.27 74.07 7.89 53.49 90.91 69.23 12.50 70.00 56.10 80.00 56.76 61.54 65.79 82.76 70.00 76.92 50.00 66.67 0.00 85.71 74.07 43.75 50.00 64.00 80.00 85.71 36.36 85.71 72.73
65.39=85.71 100.00 90.00 68.97 8.82 44.44 79.17 58.33 6.25 88.24 57.89 78.57 64.10 56.52 70.00 73.53 76.67 75.76 45.00 72.22 0.00 88.89 76.67 53.85 68.42 58.33 63.64 87.50 46.15 83.33 100.00
65.31=88.46 91.30 90.00 80.00 12.12 47.92 84.00 85.71 42.86 89.47 64.86 67.86 68.97 76.92 57.50 81.48 70.27 79.31 30.00 75.00 0.00 85.71 74.19 15.38 57.89 54.17 62.50 70.59 41.67 87.50 90.91
64.68=85.71 100.00 90.00 73.08 8.82 44.00 79.31 59.09 33.33 77.27 67.57 86.96 57.58 77.78 66.67 57.14 66.67 91.30 44.83 88.89 0.00 83.33 78.12 21.43 50.00 54.55 56.25 65.38 60.00 80.00 100.00
65.86=85.71 95.45 85.71 86.96 16.67 48.00 95.45 70.00 50.00 69.57 66.67 77.78 62.07 80.95 65.71 65.62 76.47 88.00 36.67 73.91 0.00 79.31 75.00 14.29 60.00 66.67 64.71 75.00 40.00 87.50 81.82
65.26=88.89 100.00 94.74 85.71 13.79 46.15 88.00 75.00 36.84 80.95 62.50 80.00 62.96 69.23 78.57 62.16 76.47 88.00 40.00 82.35 0.00 83.87 71.88 14.29 47.06 59.09 55.00 66.67 40.00 72.73 100.00
65.76=92.31 95.45 95.00 86.36 13.79 45.28 88.00 70.00 41.18 80.95 61.90 74.07 65.38 70.37 79.31 54.76 76.47 95.24 36.67 88.24 0.00 96.15 77.42 18.75 53.33 52.00 52.94 65.22 41.18 87.50 83.33
65.08=92.31 95.45 89.47 82.61 10.53 47.83 76.00 72.73 23.08 86.67 53.85 68.57 58.82 51.52 75.00 70.97 72.73 67.74 42.31 78.57 0.00 80.00 78.26 50.00 44.00 57.69 58.33 82.35 50.00 100.00 100.00
62.43=96.00 100.00 100.00 74.07 12.82 44.00 80.00 52.00 14.29 68.18 55.81 63.64 54.29 68.18 75.00 76.67 64.71 70.00 47.62 60.00 0.00 77.42 77.78 35.71 52.63 54.17 77.78 86.67 45.83 62.50 87.50
64.09=79.31 95.45 90.48 82.61 11.63 48.94 90.48 64.00 7.69 77.78 58.33 79.31 53.85 65.38 58.82 73.53 74.19 75.00 47.37 64.71 0.00 78.12 70.37 53.33 44.44 55.56 70.00 88.24 50.00 100.00 77.78
65.58=82.76 100.00 89.47 68.97 11.36 45.10 91.30 80.00 11.76 72.22 57.89 74.07 54.29 59.26 71.88 68.75 74.19 79.31 47.62 72.22 0.00 82.14 80.00 50.00 41.18 59.09 100.00 81.82 40.74 85.71 100.00
64.71=92.00 100.00 94.74 76.00 13.95 41.82 81.82 65.22 6.25 78.95 60.00 78.57 56.76 66.67 70.37 80.00 76.67 77.42 44.44 56.52 0.00 78.12 75.00 53.85 44.44 53.57 66.67 88.89 44.00 83.33 100.00
82.05=100.00 100.00 100.00 60.00 66.67 61.54 100.00 80.00 83.33 100.00 87.50 100.00 85.71 75.00 88.89 100.00 77.78 87.50 77.78 88.89 0.00 66.67 100.00 57.14 88.89 100.00 100.00 77.78 66.67 85.71 80.00
82.44=87.50 100.00 87.50 100.00 66.67 66.67 90.91 80.00 80.00 83.33 87.50 100.00 100.00 100.00 87.50 85.71 88.89 100.00 100.00 88.89 0.00 71.43 85.71 50.00 100.00 40.00 100.00 100.00 75.00 85.71 66.67
86.63=87.50 100.00 100.00 100.00 80.00 66.67 100.00 80.00 62.50 83.33 77.78 87.50 85.71 80.00 100.00 100.00 100.00 100.00 100.00 100.00 0.00 66.67 100.00 75.00 100.00 100.00 100.00 77.78 75.00 100.00 100.00
80.26=87.50 100.00 100.00 60.00 100.00 53.33 100.00 50.00 83.33 100.00 87.50 100.00 100.00 100.00 85.71 77.78 88.89 100.00 85.71 88.89 0.00 62.50 71.43 62.50 100.00 50.00 100.00 100.00 57.14 85.71 50.00
84.22=77.78 100.00 100.00 100.00 80.00 61.54 100.00 100.00 62.50 83.33 87.50 100.00 87.50 100.00 77.78 100.00 100.00 100.00 83.33 100.00 0.00 57.14 100.00 62.50 100.00 60.00 100.00 100.00 50.00 100.00 80.00
61.27=81.48 100.00 94.74 64.00 13.33 52.17 77.78 72.22 31.58 76.47 57.50 52.27 63.64 66.67 54.05 80.77 77.42 71.88 45.45 69.23 0.00 84.62 78.26 7.14 57.89 53.33 68.42 71.43 30.00 60.00 85.71
60.61=82.14 100.00 94.74 59.26 10.00 44.00 91.67 65.22 21.74 57.14 56.82 63.89 57.14 72.00 61.29 79.17 78.57 74.07 36.00 50.00 0.00 76.67 79.17 9.09 62.50 53.57 76.47 83.33 47.62 80.00 55.56
60.79=79.31 100.00 89.47 66.67 6.25 57.14 91.30 75.00 30.00 68.42 60.98 58.97 54.29 78.95 64.71 65.52 75.00 80.00 38.10 71.43 0.00 82.76 74.07 6.67 50.00 51.72 77.78 70.59 47.62 57.14 54.55
64.18=88.89 95.65 95.00 72.00 9.09 47.06 85.19 73.91 31.82 66.67 62.50 63.89 66.67 90.48 68.97 67.74 83.33 77.78 38.10 59.09 0.00 88.89 83.33 9.09 54.55 55.56 87.50 88.24 50.00 57.14 71.43
62.34=82.14 100.00 95.00 62.50 6.90 52.17 88.00 66.67 26.92 68.42 64.10 68.57 66.67 76.19 68.75 72.41 83.33 81.48 32.00 59.09 0.00 84.00 75.00 7.14 57.89 65.22 75.00 80.00 50.00 45.45 71.43
84.32=70.00 100.00 100.00 100.00 100.00 61.54 100.00 100.00 71.43 100.00 87.50 100.00 85.71 60.00 77.78 90.91 87.50 87.50 85.71 87.50 0.00 71.43 100.00 75.00 100.00 60.00 100.00 100.00 54.55 100.00 100.00
82.54=77.78 100.00 100.00 60.00 80.00 66.67 100.00 100.00 100.00 71.43 87.50 85.71 85.71 100.00 100.00 100.00 75.00 100.00 83.33 88.89 0.00 50.00 100.00 75.00 87.50 42.86 100.00 100.00 55.56 85.71 100.00
84.61=77.78 100.00 100.00 75.00 100.00 66.67 100.00 100.00 100.00 100.00 85.71 85.71 85.71 100.00 87.50 90.91 80.00 87.50 100.00 88.89 0.00 83.33 87.50 100.00 83.33 75.00 100.00 80.00 50.00 85.71 66.67
84.53=77.78 100.00 100.00 100.00 100.00 61.54 90.91 80.00 100.00 83.33 100.00 100.00 85.71 75.00 100.00 90.00 77.78 87.50 100.00 87.50 0.00 83.33 100.00 100.00 71.43 75.00 85.71 88.89 55.56 83.33 80.00
85.28=70.00 100.00 100.00 75.00 100.00 61.54 90.00 100.00 100.00 100.00 77.78 87.50 100.00 83.33 87.50 81.82 77.78 100.00 100.00 100.00 0.00 83.33 100.00 80.00 87.50 60.00 100.00 100.00 57.14 83.33 100.00
62.70=77.42 95.45 78.26 86.36 14.71 51.06 88.00 75.00 25.00 77.27 60.47 71.88 60.71 68.75 75.86 57.89 83.33 79.17 33.33 86.36 0.00 78.12 82.14 16.67 47.37 65.00 56.25 65.00 26.67 83.33 76.92
67.75=88.46 100.00 95.00 91.30 16.13 47.06 90.91 77.27 42.86 88.89 58.54 76.92 57.14 75.86 76.67 61.11 78.12 84.62 45.16 78.26 0.00 78.12 86.21 12.50 71.43 61.90 57.89 81.82 40.00 90.00 90.00
66.48=85.71 100.00 94.74 80.00 16.13 44.68 90.91 70.00 40.00 78.26 63.41 75.86 62.07 75.86 74.19 64.86 78.79 83.33 40.00 85.71 0.00 81.25 83.33 20.00 59.09 60.00 66.67 66.67 50.00 87.50 81.82
67.66=85.19 100.00 89.47 86.96 13.16 47.06 84.62 68.18 33.33 81.82 64.10 70.97 74.07 79.31 76.67 70.97 80.65 90.91 40.74 85.00 0.00 92.59 75.00 30.77 50.00 50.00 58.82 80.00 53.85 100.00 83.33
67.56=82.14 100.00 86.36 90.91 16.00 46.00 95.24 75.00 60.00 81.82 68.57 73.33 65.52 77.78 81.48 61.11 63.89 90.91 37.14 78.26 0.00 86.21 74.19 22.22 61.90 54.55 64.71 75.00 45.45 85.71 92.86
80.78=63.64 100.00 100.00 75.00 100.00 61.54 100.00 57.14 100.00 100.00 100.00 100.00 85.71 66.67 66.67 70.00 100.00 87.50 71.43 87.50 0.00 100.00 100.00 80.00 71.43 33.33 100.00 100.00 60.00 100.00 66.67
79.48=70.00 100.00 87.50 75.00 100.00 61.54 81.82 80.00 100.00 57.14 70.00 85.71 100.00 100.00 62.50 85.71 87.50 100.00 100.00 72.73 0.00 100.00 85.71 80.00 75.00 33.33 100.00 77.78 60.00 100.00 75.00
80.79=77.78 71.43 100.00 50.00 100.00 53.85 100.00 42.86 100.00 100.00 77.78 100.00 88.89 100.00 70.00 85.71 100.00 100.00 100.00 77.78 0.00 83.33 100.00 100.00 80.00 20.00 100.00 70.00 75.00 100.00 80.00
82.89=87.50 100.00 100.00 100.00 100.00 61.54 100.00 57.14 100.00 83.33 87.50 87.50 100.00 100.00 71.43 88.89 88.89 87.50 100.00 72.73 0.00 83.33 100.00 100.00 83.33 0.00 100.00 88.89 80.00 100.00 60.00
82.48=87.50 100.00 100.00 60.00 100.00 60.00 100.00 42.86 75.00 80.00 87.50 100.00 100.00 100.00 50.00 87.50 88.89 100.00 87.50 80.00 0.00 80.00 100.00 83.33 81.82 100.00 100.00 100.00 50.00 100.00 75.00
65.27=85.71 90.91 94.44 83.33 17.86 46.15 85.19 75.00 25.00 77.27 58.54 58.33 55.88 85.71 82.14 72.41 75.00 88.00 34.48 94.74 0.00 81.25 86.67 7.14 62.50 50.00 71.43 76.19 33.33 77.78 90.91
67.30=92.31 100.00 95.00 79.17 15.15 46.15 88.00 76.00 47.06 94.44 68.57 86.96 62.50 81.48 66.67 63.16 76.47 86.36 37.50 80.95 0.00 88.89 78.57 14.29 44.44 56.52 58.82 75.00 38.46 87.50 100.00
67.34=85.71 100.00 100.00 84.00 14.29 46.00 85.19 67.86 40.00 85.00 71.43 70.37 58.06 82.14 79.31 60.61 81.25 84.00 41.18 85.00 0.00 92.59 82.14 20.00 63.16 52.00 68.75 69.57 50.00 76.92 90.91
68.28=95.65 95.45 94.74 83.33 12.90 48.98 95.65 66.67 44.44 85.00 74.29 68.97 62.07 95.45 79.31 66.67 76.47 90.48 36.67 93.75 0.00 79.31 80.65 22.22 50.00 51.85 64.71 72.00 46.67 90.00 92.31
67.17=91.67 95.24 95.00 75.00 17.39 45.10 81.48 66.67 30.00 78.26 69.44 82.61 64.00 80.00 82.14 52.27 78.12 91.67 46.67 85.71 0.00 82.14 86.21 28.57 65.22 48.15 61.54 72.00 50.00 80.00 100.00
61.36=82.14 91.67 90.48 74.07 6.45 51.02 87.50 71.43 27.78 68.42 60.53 60.53 70.37 64.29 71.43 68.00 82.76 76.00 34.48 42.31 0.00 89.29 89.47 9.09 57.89 45.45 65.00 88.89 47.06 72.73 55.56
61.66=91.67 95.45 90.00 60.71 6.25 51.02 82.14 65.38 19.23 68.42 58.54 64.71 62.50 72.00 73.33 70.00 74.19 80.00 33.33 62.50 0.00 76.67 76.00 11.11 59.09 60.00 87.50 88.24 44.44 55.56 71.43
61.82=88.46 95.65 100.00 71.43 6.45 46.30 100.00 75.00 26.32 77.78 56.82 62.86 60.61 86.36 69.57 66.67 74.19 84.00 26.92 47.62 0.00 81.48 77.27 8.33 50.00 50.00 73.68 82.35 43.48 60.00 66.67
61.83=85.19 91.67 94.74 69.23 3.03 46.94 87.50 72.73 20.83 66.67 53.33 62.86 69.70 81.82 72.41 80.77 86.21 83.33 29.17 55.56 0.00 82.76 83.33 8.33 56.52 51.85 75.00 85.71 42.86 66.67 50.00
61.51=92.00 95.24 85.00 62.07 6.90 50.00 85.19 59.26 29.41 75.00 62.16 71.88 65.71 83.33 65.52 71.43 76.67 81.48 32.14 50.00 0.00 80.65 83.33 8.33 58.82 50.00 76.47 85.00 47.06 50.00 66.67
75.71=66.67 100.00 100.00 50.00 57.14 66.67 100.00 80.00 83.33 83.33 77.78 87.50 71.43 60.00 83.33 100.00 88.89 100.00 100.00 100.00 0.00 71.43 83.33 50.00 71.43 60.00 100.00 100.00 33.33 71.43 50.00
81.34=77.78 100.00 100.00 75.00 100.00 66.67 83.33 100.00 42.86 62.50 77.78 100.00 100.00 75.00 75.00 100.00 63.64 100.00 87.50 88.89 0.00 66.67 100.00 100.00 83.33 60.00 100.00 100.00 50.00 85.71 100.00
81.54=63.64 100.00 100.00 100.00 100.00 58.33 100.00 57.14 62.50 100.00 87.50 85.71 100.00 100.00 77.78 100.00 77.78 100.00 100.00 87.50 0.00 80.00 100.00 50.00 100.00 42.86 85.71 87.50 57.14 100.00 66.67
83.89=85.71 100.00 100.00 100.00 100.00 57.14 100.00 80.00 80.00 71.43 70.00 100.00 87.50 100.00 85.71 100.00 80.00 85.71 85.71 100.00 0.00 66.67 100.00 100.00 77.78 60.00 100.00 70.00 57.14 100.00 100.00
81.89=77.78 100.00 100.00 75.00 100.00 57.14 90.91 80.00 83.33 100.00 70.00 87.50 100.00 80.00 72.73 80.00 80.00 100.00 100.00 88.89 0.00 75.00 100.00 50.00 100.00 75.00 100.00 87.50 44.44 83.33 100.00
65.54=91.67 95.24 94.74 86.96 15.62 51.06 87.50 61.54 42.86 71.43 60.00 57.89 67.86 76.67 67.74 71.88 71.88 91.30 40.00 78.95 0.00 82.76 82.76 25.00 75.00 43.33 61.11 66.67 60.00 66.67 85.71
67.25=88.89 95.65 100.00 91.30 9.09 48.98 90.91 68.00 50.00 85.71 68.57 70.00 66.67 84.00 75.86 63.16 68.42 86.96 46.15 80.00 0.00 73.33 86.21 26.67 57.14 60.00 64.71 79.17 50.00 77.78 71.43
66.07=82.76 95.45 94.74 77.78 10.00 51.06 88.00 69.23 29.41 85.71 69.44 84.00 62.07 91.30 64.71 66.67 75.00 91.30 34.62 78.95 0.00 83.33 83.33 15.38 52.17 54.55 55.56 74.07 40.00 87.50 100.00
69.05=88.46 100.00 100.00 83.33 16.13 46.81 84.62 75.00 43.75 90.00 67.65 78.57 60.00 74.07 81.48 62.16 81.25 88.46 42.86 94.44 0.00 86.67 83.33 17.65 61.11 50.00 58.82 74.07 58.33 100.00 91.67
68.43=78.57 95.65 100.00 78.26 16.13 44.44 95.83 68.00 53.33 90.00 70.27 74.07 66.67 78.57 80.77 66.67 82.76 100.00 37.04 90.00 0.00 86.67 86.67 23.08 54.17 52.00 61.11 70.37 44.44 83.33 92.31
61.77=85.19 100.00 100.00 69.23 3.57 49.02 85.19 66.67 28.57 59.09 64.86 60.53 74.19 65.22 61.76 76.92 79.31 81.48 34.62 68.75 0.00 92.00 79.17 6.67 55.00 53.57 71.43 82.35 36.84 63.64 60.00
61.21=88.46 100.00 80.00 70.37 7.41 53.19 92.00 65.38 15.38 82.35 56.10 67.65 69.70 87.50 70.00 66.67 71.88 88.00 36.36 52.63 0.00 74.19 81.82 0.00 45.00 55.56 88.24 77.78 36.84 57.14 60.00
61.88=82.14 91.67 95.00 70.37 7.69 56.82 100.00 72.73 20.69 68.42 60.00 60.53 59.38 77.27 76.67 61.29 75.76 80.77 40.00 65.00 0.00 79.31 85.71 6.25 66.67 57.14 81.25 68.42 38.89 50.00 62.50
63.13=92.00 100.00 90.00 67.86 3.70 50.00 91.67 62.07 21.43 60.87 60.00 62.86 63.64 85.00 63.64 72.00 77.42 88.46 34.62 65.00 0.00 84.62 83.33 6.67 57.89 76.19 76.47 81.25 42.11 72.73 63.64
62.99=85.71 100.00 94.44 66.67 7.14 50.00 91.67 60.71 25.00 82.35 57.14 67.65 66.67 80.77 66.67 70.00 80.65 79.17 34.62 63.16 0.00 84.62 73.08 7.14 68.75 57.69 82.35 88.89 44.44 55.56 60.00
65.49=85.19 95.24 85.71 69.23 12.82 42.86 76.92 75.00 17.65 80.00 60.53 62.16 51.35 58.06 70.59 88.00 82.14 86.21 43.48 85.71 0.00 89.29 84.00 44.44 66.67 59.09 58.33 95.00 50.00 63.64 90.91
65.14=79.31 95.65 100.00 71.43 13.89 52.17 91.30 69.23 16.67 75.00 61.76 70.97 56.76 66.67 74.19 69.70 67.65 92.31 50.00 70.59 0.00 80.65 75.86 54.55 58.82 48.15 60.00 84.21 50.00 80.00 81.82
64.36=88.46 100.00 94.12 70.37 13.89 47.92 84.00 62.50 11.11 80.95 63.89 63.89 62.86 66.67 76.67 75.86 74.19 81.48 36.36 73.33 0.00 72.73 72.41 41.67 44.44 56.00 81.82 79.17 52.38 75.00 90.91
66.53=85.71 95.45 85.00 68.97 11.90 45.10 90.91 62.50 13.33 78.95 53.49 74.19 52.94 64.29 73.33 72.41 81.48 84.00 39.13 78.57 0.00 89.66 75.86 41.18 52.38 65.00 88.89 85.71 52.17 100.00 100.00
64.55=82.76 95.24 94.74 67.86 11.43 48.94 77.78 70.83 5.88 83.33 55.00 65.71 48.65 71.43 63.16 78.12 75.86 82.76 47.37 78.57 0.00 82.76 82.61 38.89 55.56 63.64 61.54 90.00 42.86 77.78 100.00
75.84=58.33 100.00 100.00 66.67 80.00 63.64 100.00 100.00 71.43 71.43 87.50 83.33 77.78 60.00 75.00 100.00 77.78 100.00 100.00 100.00 0.00 66.67 100.00 40.00 62.50 42.86 85.71 87.50 42.86 100.00 50.00
81.01=70.00 100.00 100.00 60.00 100.00 61.54 100.00 80.00 80.00 71.43 100.00 85.71 100.00 66.67 80.00 100.00 77.78 100.00 87.50 88.89 0.00 80.00 100.00 50.00 100.00 75.00 100.00 100.00 33.33 83.33 80.00
79.62=77.78 100.00 100.00 75.00 66.67 57.14 90.91 100.00 66.67 100.00 85.71 87.50 100.00 80.00 83.33 100.00 80.00 100.00 71.43 100.00 0.00 60.00 100.00 50.00 62.50 60.00 100.00 100.00 44.44 85.71 83.33
79.47=83.33 100.00 83.33 75.00 100.00 58.33 100.00 75.00 75.00 71.43 77.78 77.78 100.00 80.00 77.78 100.00 70.00 100.00 100.00 100.00 0.00 50.00 80.00 66.67 77.78 60.00 100.00 80.00 44.44 100.00 100.00
83.60=63.64 100.00 100.00 100.00 100.00 61.54 90.91 100.00 83.33 100.00 85.71 100.00 77.78 100.00 87.50 100.00 88.89 100.00 85.71 100.00 0.00 83.33 100.00 50.00 66.67 75.00 100.00 100.00 50.00 66.67 75.00
61.00=80.00 95.65 90.00 64.29 3.57 52.17 91.67 65.22 31.58 72.22 63.16 53.49 70.27 72.00 73.33 78.26 72.73 78.57 35.71 68.75 0.00 82.14 75.00 0.00 61.11 53.57 93.33 75.00 38.10 50.00 50.00
60.40=82.76 95.65 81.82 64.52 6.90 51.06 91.30 65.22 20.83 76.47 53.66 68.57 56.25 82.61 65.52 68.97 75.76 76.00 38.46 63.16 0.00 81.48 79.17 8.33 52.63 62.50 68.18 88.24 35.29 55.56 55.56
62.45=92.31 100.00 85.71 61.29 8.00 45.45 85.19 75.00 24.00 83.33 61.54 65.71 56.25 78.26 71.43 74.07 77.42 84.62 33.33 66.67 0.00 75.00 76.00 8.33 55.00 64.00 78.95 86.67 37.50 50.00 75.00
62.57=80.00 100.00 100.00 72.00 5.71 48.08 91.67 65.38 25.00 61.90 61.54 67.65 59.46 81.82 73.91 73.08 74.19 81.48 33.33 63.16 0.00 81.48 80.95 7.69 64.71 60.00 83.33 86.67 42.86 62.50 50.00
62.43=81.48 95.65 94.74 66.67 10.00 45.45 92.00 65.38 19.23 70.00 60.00 70.97 75.00 75.00 73.08 70.00 78.12 83.33 25.00 58.82 0.00 85.19 80.00 8.33 60.00 57.69 82.35 72.73 50.00 62.50 66.67
77.29=70.00 83.33 100.00 37.50 80.00 57.14 90.91 33.33 75.00 100.00 100.00 83.33 75.00 75.00 70.00 80.00 100.00 100.00 100.00 88.89 0.00 80.00 100.00 100.00 83.33 66.67 75.00 75.00 66.67 100.00 50.00
77.45=58.33 100.00 100.00 75.00 80.00 58.33 90.00 30.00 75.00 100.00 87.50 100.00 100.00 80.00 87.50 83.33 88.89 100.00 100.00 66.67 0.00 80.00 100.00 75.00 85.71 0.00 100.00 85.71 55.56 83.33 75.00
80.41=63.64 100.00 100.00 75.00 100.00 57.14 100.00 66.67 100.00 83.33 100.00 100.00 88.89 100.00 75.00 85.71 100.00 87.50 100.00 80.00 0.00 100.00 85.71 60.00 77.78 0.00 83.33 100.00 42.86 100.00 80.00
79.90=87.50 100.00 100.00 75.00 80.00 53.85 100.00 44.44 50.00 100.00 77.78 77.78 87.50 100.00 83.33 80.00 100.00 100.00 83.33 80.00 0.00 100.00 100.00 80.00 85.71 25.00 85.71 87.50 66.67 85.71 100.00
78.60=63.64 100.00 100.00 66.67 100.00 57.14 100.00 66.67 57.14 83.33 70.00 85.71 87.50 80.00 87.50 100.00 75.00 100.00 100.00 80.00 0.00 100.00 85.71 75.00 85.71 33.33 100.00 66.67 50.00 80.00 100.00
66.39=79.31 100.00 100.00 80.00 11.11 46.94 74.07 66.67 22.22 83.33 57.50 56.41 52.38 56.67 74.19 74.19 73.33 85.19 41.67 71.43 0.00 92.00 80.00 50.00 81.25 61.90 81.82 86.96 54.55 71.43 91.67
65.75=92.00 100.00 90.00 71.43 14.29 52.27 87.50 68.18 11.76 75.00 52.63 60.53 60.00 66.67 80.65 83.33 68.75 86.21 48.00 62.50 0.00 81.25 82.14 50.00 64.29 50.00 70.00 82.61 46.15 80.00 100.00
62.17=88.00 95.45 100.00 80.00 12.20 52.17 83.33 65.22 6.67 72.73 60.00 69.70 57.14 69.57 76.67 68.57 72.73 85.19 43.48 72.22 0.00 79.31 75.86 33.33 47.37 58.33 53.85 80.00 47.37 37.50 83.33
65.46=79.31 95.45 85.71 72.00 12.20 47.92 77.78 65.38 10.00 75.00 58.33 69.70 51.35 68.18 73.33 76.67 76.67 88.89 47.62 80.00 0.00 78.12 96.00 57.14 56.25 52.00 70.00 95.00 55.00 66.67 91.67
65.59=76.67 95.45 89.47 76.00 15.79 52.08 84.00 66.67 7.14 76.19 55.00 75.00 56.41 72.00 76.67 75.76 70.97 82.76 55.00 92.31 0.00 86.67 77.78 31.25 58.82 56.52 75.00 77.27 45.45 83.33 90.00
80.29=66.67 100.00 100.00 75.00 66.67 63.64 100.00 100.00 80.00 83.33 85.71 85.71 80.00 80.00 75.00 100.00 88.89 100.00 87.50 100.00 0.00 62.50 100.00 33.33 100.00 100.00 66.67 87.50 37.50 83.33 100.00
76.33=62.50 100.00 100.00 100.00 75.00 55.56 100.00 75.00 66.67 83.33 87.50 70.00 87.50 80.00 75.00 90.00 63.64 87.50 77.78 88.89 0.00 83.33 100.00 50.00 71.43 42.86 100.00 57.14 50.00 85.71 100.00
81.87=70.00 100.00 100.00 100.00 66.67 57.14 100.00 75.00 83.33 71.43 77.78 100.00 100.00 83.33 70.00 100.00 88.89 100.00 66.67 100.00 0.00 100.00 100.00 50.00 80.00 75.00 85.71 100.00 57.14 100.00 80.00
83.78=77.78 100.00 100.00 100.00 66.67 57.14 100.00 100.00 71.43 100.00 100.00 100.00 100.00 100.00 100.00 100.00 63.64 100.00 83.33 100.00 0.00 62.50 85.71 100.00 83.33 75.00 85.71 75.00 50.00 80.00 80.00
79.77=70.00 100.00 100.00 75.00 100.00 53.85 90.91 66.67 62.50 71.43 85.71 87.50 100.00 75.00 87.50 100.00 77.78 100.00 75.00 88.89 0.00 75.00 100.00 66.67 83.33 75.00 83.33 100.00 66.67 75.00 80.00
79.58=70.00 100.00 100.00 60.00 100.00 57.14 83.33 33.33 66.67 83.33 77.78 100.00 77.78 100.00 62.50 71.43 87.50 100.00 100.00 72.73 0.00 100.00 83.33 100.00 66.67 33.33 100.00 100.00 100.00 100.00 80.00
79.42=75.00 100.00 87.50 100.00 100.00 53.33 100.00 40.00 83.33 83.33 70.00 100.00 77.78 75.00 57.14 100.00 100.00 100.00 71.43 88.89 0.00 100.00 87.50 75.00 71.43 50.00 100.00 100.00 57.14 83.33 75.00
81.13=70.00 100.00 100.00 60.00 100.00 61.54 100.00 44.44 55.56 100.00 100.00 87.50 100.00 80.00 75.00 85.71 100.00 100.00 100.00 80.00 0.00 100.00 100.00 83.33 77.78 33.33 100.00 87.50 66.67 100.00 66.67
79.93=63.64 100.00 100.00 75.00 100.00 61.54 100.00 37.50 71.43 83.33 87.50 100.00 88.89 100.00 87.50 85.71 87.50 100.00 100.00 72.73 0.00 100.00 100.00 75.00 87.50 0.00 85.71 87.50 60.00 100.00 80.00
77.49=75.00 100.00 87.50 75.00 100.00 53.85 100.00 42.86 71.43 100.00 100.00 100.00 72.73 66.67 87.50 100.00 100.00 77.78 100.00 72.73 0.00 100.00 100.00 75.00 62.50 0.00 85.71 88.89 57.14 83.33 66.67
67.25=85.71 95.65 94.44 83.33 13.33 48.00 95.83 77.78 31.25 81.82 65.00 58.33 60.61 79.17 85.19 61.76 92.86 95.83 40.74 70.83 0.00 86.67 88.46 14.29 64.29 43.33 58.82 76.00 45.45 90.00 100.00
67.29=85.71 100.00 100.00 87.50 14.29 45.28 84.62 72.73 22.22 76.19 60.98 78.57 60.00 91.67 85.19 64.86 81.25 95.65 32.14 81.82 0.00 89.66 87.50 14.29 45.45 54.17 60.00 79.17 46.15 88.89 100.00
67.29=82.76 100.00 100.00 91.30 15.15 47.06 88.46 75.00 37.50 81.82 68.42 73.33 63.33 84.00 80.77 63.89 78.12 91.30 48.00 84.21 0.00 92.86 85.19 7.14 61.11 48.15 62.50 69.23 43.75 70.00 91.67
67.76=80.00 100.00 100.00 82.61 10.53 50.00 84.00 57.14 40.00 77.27 68.57 83.33 67.86 80.00 82.76 58.97 78.79 90.91 48.15 94.44 0.00 86.67 92.31 21.43 50.00 52.00 61.11 80.77 46.67 87.50 86.67
68.34=85.71 95.45 100.00 87.50 12.90 47.83 91.67 72.00 25.00 85.00 68.42 68.75 68.97 80.77 77.42 66.67 80.65 91.30 37.93 82.61 0.00 85.71 82.14 26.67 50.00 65.00 66.67 75.86 58.33 90.00 91.67
80.78=70.00 100.00 83.33 75.00 100.00 58.33 100.00 100.00 83.33 83.33 77.78 75.00 83.33 50.00 77.78 100.00 70.00 100.00 100.00 100.00 0.00 57.14 100.00 100.00 57.14 75.00 100.00 100.00 44.44 83.33 100.00
80.40=70.00 100.00 83.33 75.00 100.00 50.00 81.82 100.00 71.43 83.33 70.00 80.00 70.00 66.67 100.00 100.00 72.73 100.00 100.00 100.00 0.00 50.00 100.00 100.00 75.00 100.00 100.00 87.50 55.56 100.00 50.00
82.03=70.00 100.00 100.00 75.00 100.00 61.54 100.00 100.00 71.43 100.00 87.50 75.00 77.78 75.00 100.00 90.00 80.00 100.00 100.00 100.00 0.00 71.43 100.00 42.86 80.00 75.00 100.00 88.89 50.00 71.43 100.00
82.52=63.64 100.00 100.00 100.00 100.00 53.85 90.91 100.00 66.67 83.33 87.50 85.71 80.00 71.43 85.71 100.00 80.00 100.00 100.00 88.89 0.00 100.00 100.00 60.00 85.71 60.00 100.00 77.78 57.14 100.00 80.00
81.66=77.78 100.00 100.00 75.00 100.00 61.54 90.00 80.00 83.33 71.43 77.78 100.00 87.50 100.00 87.50 100.00 85.71 100.00 83.33 100.00 0.00 80.00 87.50 75.00 85.71 42.86 75.00 88.89 50.00 85.71 100.00
74.13=83.33 100.00 87.50 60.00 40.00 66.67 100.00 57.14 40.00 83.33 77.78 87.50 75.00 50.00 77.78 100.00 100.00 83.33 80.00 88.89 0.00 50.00 75.00 83.33 100.00 50.00 85.71 85.71 80.00 75.00 75.00
79.21=87.50 100.00 100.00 100.00 100.00 61.54 100.00 57.14 71.43 83.33 87.50 85.71 100.00 66.67 71.43 80.00 88.89 87.50 100.00 88.89 0.00 33.33 60.00 75.00 87.50 100.00 100.00 100.00 75.00 57.14 50.00
79.25=77.78 100.00 100.00 100.00 57.14 66.67 100.00 80.00 83.33 83.33 100.00 85.71 66.67 80.00 87.50 88.89 80.00 85.71 100.00 100.00 0.00 50.00 100.00 83.33 87.50 50.00 83.33 75.00 83.33 71.43 50.00
82.63=87.50 100.00 85.71 75.00 80.00 57.14 100.00 100.00 50.00 100.00 100.00 85.71 85.71 100.00 100.00 88.89 88.89 85.71 100.00 77.78 0.00 75.00 100.00 71.43 100.00 66.67 85.71 100.00 71.43 83.33 60.00
76.66=70.00 83.33 100.00 100.00 100.00 66.67 100.00 57.14 66.67 66.67 87.50 100.00 100.00 83.33 87.50 77.78 77.78 77.78 85.71 83.33 0.00 60.00 83.33 57.14 100.00 40.00 85.71 62.50 66.67 100.00 50.00
79.45=77.78 100.00 100.00 75.00 100.00 53.85 100.00 100.00 80.00 83.33 100.00 85.71 77.78 75.00 83.33 90.00 87.50 87.50 83.33 100.00 0.00 83.33 100.00 40.00 85.71 60.00 75.00 70.00 37.50 71.43 100.00
82.36=63.64 100.00 100.00 100.00 100.00 53.33 90.00 100.00 80.00 100.00 100.00 85.71 100.00 80.00 80.00 90.91 80.00 100.00 71.43 100.00 0.00 83.33 100.00 100.00 55.56 42.86 100.00 75.00 55.56 85.71 80.00
84.00=66.67 100.00 71.43 100.00 100.00 61.54 100.00 100.00 71.43 71.43 87.50 100.00 100.00 50.00 85.71 83.33 80.00 100.00 87.50 100.00 0.00 66.67 100.00 75.00 83.33 100.00 100.00 100.00 62.50 100.00 100.00
75.22=70.00 100.00 100.00 60.00 100.00 53.85 90.91 80.00 80.00 66.67 70.00 85.71 80.00 80.00 85.71 88.89 75.00 100.00 100.00 100.00 0.00 60.00 100.00 40.00 55.56 60.00 75.00 77.78 50.00 80.00 66.67
79.63=60.00 100.00 100.00 75.00 80.00 61.54 100.00 66.67 100.00 100.00 87.50 100.00 87.50 57.14 83.33 75.00 70.00 100.00 100.00 88.89 0.00 80.00 100.00 66.67 80.00 60.00 85.71 75.00 57.14 71.43 100.00
60.86=88.89 100.00 100.00 73.91 3.23 51.02 92.00 69.57 21.74 73.68 57.14 55.81 65.62 73.08 68.75 75.86 78.57 76.00 18.18 50.00 0.00 84.62 80.00 7.69 61.11 46.88 77.78 83.33 42.11 55.56 54.55
63.26=88.89 95.65 86.36 66.67 5.88 57.14 87.50 72.00 24.00 75.00 65.71 71.88 73.53 80.77 64.71 73.08 83.87 81.82 38.10 56.25 0.00 73.33 79.17 13.33 66.67 53.57 65.22 86.67 42.86 60.00 71.43
61.60=79.31 95.65 90.00 75.00 3.57 55.81 88.46 70.83 17.39 65.22 67.65 57.14 63.64 89.47 66.67 71.43 75.76 82.14 33.33 68.75 0.00 88.46 74.07 6.67 50.00 57.14 70.00 88.24 46.67 53.85 57.14
63.03=77.42 100.00 90.00 67.86 9.68 51.02 84.00 76.19 23.08 81.25 56.82 62.86 72.73 85.71 66.67 75.00 80.65 81.48 23.81 68.75 0.00 78.57 80.95 14.29 59.09 59.26 78.95 82.35 36.36 66.67 62.50
63.48=85.19 90.91 89.47 66.67 3.57 53.49 88.00 72.00 34.62 60.00 66.67 67.65 72.41 90.91 62.16 70.37 81.25 76.92 34.62 63.16 0.00 85.19 76.92 6.67 65.00 65.22 83.33 88.89 52.63 58.33 55.56
61.23=88.89 100.00 100.00 65.52 2.86 50.00 95.24 76.00 23.81 72.22 58.14 54.76 67.65 68.00 60.61 83.33 80.00 75.00 29.17 57.14 0.00 88.89 78.26 7.69 52.38 45.71 81.25 88.24 47.37 57.14 42.86
63.73=80.00 95.65 94.74 71.43 7.14 46.30 91.67 68.00 22.22 73.68 59.09 67.65 64.86 86.36 68.97 82.61 82.76 79.17 25.93 70.59 0.00 82.14 76.00 8.33 61.11 65.22 82.35 88.24 52.63 57.14 63.64
63.00=88.89 95.65 100.00 71.43 7.69 52.08 91.67 72.00 20.00 65.00 60.98 70.59 58.97 86.96 70.00 83.33 80.65 80.77 34.62 52.94 0.00 77.78 76.00 7.14 56.52 60.00 81.25 82.35 45.45 66.67 55.56
61.27=82.76 100.00 85.71 71.43 6.45 51.02 88.46 65.38 22.73 71.43 60.00 64.86 78.12 76.19 70.00 82.61 80.65 80.00 25.93 47.06 0.00 79.31 72.00 8.33 52.38 53.57 80.00 88.24 42.11 50.00 62.50
64.34=79.31 100.00 94.74 71.43 3.33 53.19 92.00 65.38 18.52 75.00 58.14 67.65 72.73 95.00 76.67 67.86 80.65 84.62 38.10 64.71 0.00 81.48 74.07 10.00 70.59 55.56 86.67 89.47 52.17 55.56 60.00
79.40=87.50 100.00 100.00 75.00 60.00 44.44 100.00 50.00 66.67 100.00 87.50 75.00 87.50 80.00 85.71 90.00 88.89 100.00 75.00 100.00 0.00 66.67 85.71 80.00 85.71 60.00 100.00 100.00 50.00 80.00 100.00
80.69=70.00 100.00 83.33 100.00 100.00 57.14 81.82 75.00 100.00 83.33 100.00 100.00 83.33 83.33 100.00 90.91 70.00 100.00 85.71 100.00 0.00 100.00 83.33 33.33 87.50 50.00 100.00 83.33 33.33 100.00 66.67
82.40=77.78 100.00 100.00 100.00 80.00 70.00 100.00 80.00 80.00 100.00 87.50 85.71 80.00 100.00 85.71 100.00 80.00 100.00 100.00 88.89 0.00 83.33 87.50 50.00 85.71 50.00 100.00 100.00 33.33 85.71 83.33
83.57=77.78 100.00 100.00 100.00 100.00 72.73 100.00 100.00 66.67 80.00 100.00 100.00 100.00 83.33 77.78 90.91 87.50 100.00 100.00 100.00 0.00 75.00 100.00 50.00 66.67 100.00 75.00 88.89 40.00 75.00 83.33
80.88=58.33 100.00 100.00 60.00 100.00 50.00 100.00 75.00 71.43 83.33 75.00 83.33 87.50 50.00 100.00 100.00 88.89 100.00 87.50 100.00 0.00 75.00 100.00 50.00 71.43 100.00 85.71 100.00 71.43 83.33 100.00
64.93=85.71 95.45 94.74 76.00 9.76 50.00 75.00 72.22 15.38 73.91 52.50 56.10 55.26 60.71 77.42 70.97 75.00 92.00 57.14 73.33 0.00 92.59 82.61 37.50 62.50 51.85 63.64 82.61 50.00 87.50 83.33
64.17=82.76 100.00 100.00 71.43 10.81 45.10 80.00 83.33 14.29 81.82 52.38 75.86 57.14 73.91 68.75 67.65 65.62 92.00 44.00 76.47 0.00 75.86 84.00 45.45 60.00 56.00 45.45 90.00 54.55 50.00 84.62
66.44=85.71 95.45 80.95 74.07 11.63 51.06 90.91 75.00 12.50 83.33 56.76 65.71 57.89 69.57 82.76 79.31 68.57 88.00 55.00 68.75 0.00 83.33 74.19 38.46 64.71 48.15 61.54 84.21 52.00 100.00 100.00
66.54=85.71 100.00 94.74 71.43 9.76 51.16 87.50 72.73 12.50 85.71 62.86 66.67 58.33 78.26 75.76 70.97 74.19 77.42 56.00 78.57 0.00 88.89 80.00 43.75 63.64 54.17 64.29 85.00 52.63 60.00 100.00
64.92=82.14 100.00 85.71 76.92 11.63 45.65 80.00 67.86 5.88 80.95 62.50 65.71 60.98 72.73 72.73 72.73 76.67 79.31 55.00 61.11 0.00 81.48 71.43 33.33 64.29 54.17 70.00 94.12 54.17 83.33 90.00
64.85=91.67 100.00 89.47 81.82 13.33 44.44 86.96 64.00 6.67 77.27 51.16 58.54 44.74 66.67 69.44 77.42 67.74 80.77 43.48 92.31 0.00 85.19 85.19 33.33 64.71 54.55 56.25 90.00 50.00 100.00 83.33
65.66=85.19 95.65 89.47 72.00 8.57 48.98 80.00 60.00 13.33 68.18 64.71 68.75 51.22 64.29 80.65 77.42 68.57 74.19 48.00 86.67 0.00 100.00 79.31 46.15 57.89 66.67 61.54 85.00 56.00 100.00 76.92
66.16=80.00 100.00 85.71 73.08 13.95 48.00 75.00 72.73 5.56 75.00 58.97 69.70 59.46 65.38 80.00 75.00 75.00 88.00 40.91 81.25 0.00 72.73 85.71 45.45 47.37 54.17 72.73 100.00 50.00 100.00 100.00
66.46=85.71 95.45 94.12 74.07 8.70 46.81 80.00 73.91 8.33 72.00 61.11 78.57 54.05 73.68 67.74 74.19 74.19 95.83 45.45 60.00 0.00 89.29 72.73 41.67 73.68 52.00 75.00 78.26 53.57 100.00 100.00
68.02=74.19 95.45 90.00 80.00 9.76 48.94 80.77 70.37 12.50 88.89 65.71 71.88 51.16 66.67 78.12 88.89 73.33 90.91 48.00 80.00 0.00 84.00 79.31 50.00 62.50 56.52 81.82 90.91 48.15 100.00 90.00
74.92=75.00 100.00 100.00 60.00 100.00 57.14 90.91 50.00 71.43 100.00 85.71 85.71 54.55 100.00 50.00 100.00 71.43 100.00 83.33 70.00 0.00 83.33 83.33 75.00 85.71 0.00 75.00 75.00 60.00 100.00 80.00
82.12=77.78 83.33 100.00 75.00 100.00 61.54 100.00 42.86 66.67 100.00 87.50 100.00 100.00 80.00 62.50 100.00 87.50 100.00 100.00 80.00 0.00 83.33 87.50 100.00 87.50 50.00 100.00 77.78 75.00 100.00 80.00
80.43=63.64 100.00 100.00 75.00 80.00 61.54 100.00 57.14 80.00 83.33 87.50 100.00 85.71 80.00 85.71 100.00 88.89 100.00 87.50 70.00 0.00 100.00 100.00 83.33 70.00 0.00 100.00 87.50 66.67 100.00 100.00
82.13=77.78 83.33 100.00 75.00 66.67 57.14 100.00 57.14 100.00 62.50 87.50 87.50 75.00 100.00 66.67 54.55 77.78 100.00 100.00 88.89 0.00 100.00 100.00 100.00 100.00 100.00 100.00 71.43 57.14 100.00 100.00
81.34=63.64 83.33 100.00 60.00 100.00 53.85 83.33 33.33 80.00 83.33 77.78 100.00 100.00 80.00 62.50 100.00 100.00 100.00 100.00 100.00 0.00 100.00 100.00 80.00 75.00 50.00 100.00 88.89 66.67 100.00 100.00
63.71=82.14 91.67 95.00 73.08 9.09 50.00 92.00 66.67 20.83 66.67 60.47 60.53 54.55 79.17 71.88 83.33 74.19 87.50 36.36 61.11 0.00 79.31 80.95 7.69 73.33 61.54 88.24 80.00 41.18 75.00 71.43
62.27=82.14 91.67 90.00 64.52 3.03 52.27 95.65 69.23 25.00 73.68 58.54 67.65 60.00 85.00 67.74 72.41 78.12 80.77 36.00 58.82 0.00 82.76 72.00 7.14 72.73 55.56 82.35 82.35 47.83 55.56 60.00
63.91=88.89 100.00 82.61 69.23 10.00 53.19 91.67 64.00 22.73 66.67 54.35 66.67 69.70 90.91 70.97 82.14 82.76 80.00 38.10 52.38 0.00 82.76 81.82 16.67 60.00 51.72 82.35 86.67 55.56 60.00 66.67
63.41=84.62 91.30 94.44 66.67 6.25 50.00 84.62 63.64 22.73 68.18 65.79 63.16 65.00 90.91 65.62 83.33 78.12 81.48 32.00 58.82 0.00 82.76 76.92 10.00 75.00 60.00 71.43 85.71 55.00 57.14 75.00
61.72=76.67 95.24 94.74 63.33 6.45 52.27 85.19 72.00 25.00 62.50 62.16 61.54 60.00 90.00 70.00 72.00 80.65 84.00 24.00 70.59 0.00 76.67 75.00 7.69 50.00 57.69 82.35 88.89 52.38 57.14 57.14
80.47=70.00 100.00 100.00 100.00 75.00 61.54 100.00 80.00 71.43 100.00 87.50 100.00 71.43 80.00 77.78 90.00 80.00 100.00 100.00 77.78 0.00 80.00 77.78 66.67 66.67 75.00 85.71 88.89 80.00 71.43 80.00
80.27=77.78 100.00 100.00 75.00 100.00 66.67 100.00 80.00 80.00 100.00 75.00 77.78 75.00 100.00 77.78 100.00 70.00 87.50 66.67 87.50 0.00 55.56 100.00 66.67 83.33 60.00 100.00 100.00 42.86 83.33 100.00
78.73=77.78 100.00 100.00 100.00 80.00 57.14 100.00 75.00 62.50 100.00 77.78 85.71 66.67 100.00 85.71 88.89 80.00 100.00 100.00 100.00 0.00 57.14 100.00 25.00 71.43 50.00 100.00 100.00 33.33 100.00 66.67
81.46=77.78 100.00 100.00 100.00 100.00 58.33 100.00 80.00 71.43 100.00 87.50 87.50 100.00 83.33 85.71 100.00 72.73 100.00 77.78 100.00 0.00 100.00 83.33 20.00 62.50 75.00 100.00 88.89 33.33 80.00 100.00
79.88=77.78 100.00 100.00 100.00 100.00 60.00 100.00 66.67 50.00 100.00 77.78 75.00 85.71 100.00 87.50 90.00 88.89 100.00 85.71 88.89 0.00 71.43 100.00 33.33 66.67 75.00 100.00 87.50 28.57 80.00 100.00
66.66=82.76 95.45 94.44 86.96 7.89 46.00 90.48 64.00 20.00 80.00 55.00 58.97 55.81 62.50 73.53 75.00 77.78 96.00 42.86 78.57 0.00 88.00 75.00 38.46 73.68 40.74 75.00 90.00 65.00 85.71 90.91
68.02=88.89 95.65 90.00 68.97 8.57 53.33 91.30 77.27 10.53 68.00 51.16 60.00 56.10 82.35 76.67 75.00 75.86 85.71 52.17 76.47 0.00 86.67 84.62 54.55 66.67 59.09 70.00 95.24 57.69 100.00 90.00
67.45=75.00 100.00 100.00 68.97 7.32 48.00 73.08 66.67 7.14 81.82 57.89 79.31 52.38 78.26 73.33 76.67 74.19 84.62 50.00 76.47 0.00 92.86 76.67 46.15 68.75 61.90 70.00 94.74 57.89 100.00 90.91
66.67=82.76 95.45 90.00 80.00 11.36 45.83 83.33 65.22 6.67 72.00 58.33 70.97 55.81 77.78 74.19 84.62 62.16 77.78 41.67 81.25 0.00 96.00 74.07 50.00 61.54 48.28 90.00 88.89 50.00 100.00 90.91
66.65=77.42 95.24 100.00 74.07 9.76 50.00 80.77 80.00 6.25 69.57 62.86 64.71 51.35 71.43 66.67 80.00 74.19 88.00 42.31 87.50 0.00 88.46 77.42 50.00 58.33 59.09 61.54 85.00 54.17 100.00 100.00
61.11=82.14 91.30 90.00 70.37 9.09 50.00 87.50 70.00 21.74 57.69 60.00 57.89 67.65 86.36 73.08 68.97 72.22 84.00 22.73 68.75 0.00 83.33 79.17 8.33 56.25 57.69 70.59 83.33 42.11 55.56 66.67
63.09=72.73 91.67 90.00 70.37 6.45 52.08 86.96 79.17 25.00 76.47 61.54 69.70 63.89 89.47 77.78 75.00 79.31 72.41 29.17 70.59 0.00 80.00 81.82 7.69 57.89 53.33 76.47 88.89 47.62 55.56 66.67
63.48=79.31 100.00 95.00 70.37 10.71 50.00 88.46 75.00 12.90 57.14 63.41 65.71 64.71 81.82 71.43 76.92 80.65 79.17 33.33 63.16 0.00 85.19 74.07 7.14 66.67 71.43 76.47 88.24 52.94 60.00 66.67
62.88=78.57 95.65 94.74 57.58 6.67 50.00 84.62 72.00 25.00 78.95 57.14 74.19 75.00 90.48 66.67 59.38 75.00 84.00 33.33 70.59 0.00 92.31 79.17 0.00 60.00 51.72 68.42 85.71 47.37 63.64 71.43
63.49=82.14 88.00 94.74 61.29 10.34 53.19 88.00 68.00 16.67 65.22 59.52 61.11 69.44 84.21 78.57 68.97 78.12 84.62 30.77 70.59 0.00 76.67 78.26 0.00 62.50 60.00 88.24 82.35 47.62 88.89 70.00
77.56=70.00 100.00 100.00 75.00 80.00 61.54 100.00 80.00 60.00 71.43 85.71 87.50 62.50 100.00 85.71 80.00 88.89 77.78 100.00 77.78 0.00 80.00 57.14 57.14 100.00 40.00 85.71 100.00 83.33 100.00 57.14
80.89=77.78 100.00 85.71 100.00 100.00 66.67 90.91 57.14 80.00 83.33 100.00 85.71 60.00 100.00 70.00 100.00 80.00 100.00 100.00 100.00 0.00 66.67 80.00 57.14 100.00 60.00 100.00 80.00 83.33 83.33 60.00
76.39=85.71 100.00 100.00 75.00 75.00 66.67 90.91 60.00 50.00 83.33 63.64 87.50 100.00 80.00 100.00 88.89 77.78 77.78 100.00 88.89 0.00 66.67 85.71 42.86 100.00 40.00 100.00 66.67 60.00 80.00 75.00
79.30=87.50 100.00 100.00 75.00 80.00 66.67 100.00 60.00 60.00 80.00 87.50 87.50 71.43 50.00 100.00 88.89 88.89 100.00 100.00 88.89 0.00 66.67 57.14 62.50 100.00 66.67 100.00 87.50 85.71 100.00 60.00
74.47=87.50 100.00 85.71 75.00 80.00 63.64 71.43 60.00 80.00 83.33 75.00 77.78 75.00 66.67 87.50 72.73 80.00 75.00 100.00 100.00 0.00 33.33 60.00 40.00 85.71 100.00 83.33 100.00 66.67 83.33 60.00
65.23=65.71 100.00 100.00 84.00 16.13 45.28 87.50 80.95 18.75 81.82 60.98 57.50 70.00 90.48 71.88 72.41 81.25 86.21 36.36 83.33 0.00 86.21 80.00 25.00 61.54 42.86 60.00 82.61 36.36 57.14 100.00
66.96=79.31 100.00 100.00 83.33 14.71 45.28 88.00 69.57 17.65 81.82 63.41 81.48 57.69 83.33 83.33 58.54 83.87 86.96 39.13 90.48 0.00 75.00 80.65 20.00 61.54 65.00 64.71 73.08 50.00 77.78 100.00
67.70=70.59 100.00 100.00 87.50 14.71 48.98 86.96 69.23 28.57 77.27 65.79 75.86 62.96 84.62 79.31 68.75 78.79 86.96 44.44 89.47 0.00 89.29 89.29 23.53 58.82 40.74 61.11 69.23 62.50 83.33 100.00
66.94=77.42 95.45 100.00 80.77 16.13 46.15 88.00 76.00 22.22 73.91 66.67 76.92 67.86 83.33 79.31 64.71 81.25 84.62 45.83 94.74 0.00 80.00 83.33 18.18 60.00 54.17 52.94 78.57 50.00 85.71 90.91
66.44=81.48 90.91 94.74 80.00 10.81 51.06 85.19 71.43 30.00 75.00 67.57 77.78 70.37 84.62 77.42 59.46 80.00 91.30 40.00 86.36 0.00 88.89 82.76 16.67 66.67 56.52 58.82 79.17 46.15 80.00 78.57
73.37=58.33 83.33 100.00 33.33 100.00 58.33 100.00 50.00 50.00 60.00 70.00 77.78 87.50 60.00 55.56 100.00 75.00 100.00 100.00 88.89 0.00 83.33 100.00 60.00 75.00 50.00 85.71 87.50 50.00 100.00 75.00
75.57=70.00 100.00 100.00 50.00 100.00 61.54 100.00 50.00 80.00 80.00 70.00 100.00 87.50 80.00 66.67 100.00 77.78 85.71 83.33 72.73 0.00 83.33 85.71 66.67 100.00 0.00 100.00 66.67 50.00 100.00 75.00
78.24=77.78 100.00 100.00 66.67 100.00 61.54 100.00 57.14 62.50 57.14 87.50 75.00 83.33 100.00 57.14 100.00 88.89 100.00 85.71 87.50 0.00 100.00 80.00 66.67 75.00 12.50 100.00 100.00 60.00 83.33 100.00
76.21=70.00 100.00 87.50 75.00 100.00 50.00 90.91 50.00 100.00 83.33 70.00 75.00 100.00 100.00 57.14 71.43 100.00 85.71 75.00 75.00 0.00 100.00 100.00 75.00 71.43 14.29 100.00 85.71 60.00 100.00 40.00
74.07=60.00 83.33 87.50 60.00 100.00 58.33 88.89 60.00 71.43 83.33 87.50 100.00 100.00 66.67 66.67 100.00 80.00 85.71 100.00 72.73 0.00 66.67 75.00 83.33 77.78 0.00 100.00 71.43 50.00 100.00 60.00
74.21=70.00 100.00 85.71 50.00 80.00 53.85 90.91 60.00 83.33 83.33 70.00 85.71 87.50 80.00 50.00 100.00 77.78 100.00 87.50 80.00 0.00 75.00 100.00 25.00 66.67 75.00 83.33 83.33 50.00 100.00 66.67
83.01=77.78 100.00 100.00 100.00 100.00 57.14 100.00 80.00 66.67 83.33 87.50 100.00 87.50 75.00 85.71 100.00 88.89 100.00 87.50 100.00 0.00 66.67 83.33 60.00 66.67 100.00 100.00 100.00 62.50 85.71 71.43
81.19=63.64 100.00 100.00 100.00 100.00 66.67 90.91 100.00 62.50 100.00 77.78 100.00 85.71 83.33 87.50 100.00 70.00 100.00 66.67 88.89 0.00 66.67 100.00 50.00 80.00 60.00 100.00 83.33 50.00 83.33 100.00
81.72=70.00 100.00 100.00 100.00 100.00 61.54 90.91 66.67 66.67 100.00 100.00 100.00 77.78 100.00 85.71 100.00 72.73 100.00 100.00 100.00 0.00 80.00 100.00 40.00 71.43 50.00 100.00 100.00 42.86 100.00 57.14
82.46=63.64 100.00 100.00 100.00 100.00 50.00 100.00 80.00 71.43 100.00 87.50 66.67 85.71 100.00 87.50 100.00 88.89 87.50 71.43 100.00 0.00 71.43 100.00 50.00 100.00 50.00 100.00 100.00 44.44 100.00 100.00
76.33=75.00 83.33 100.00 50.00 100.00 61.54 100.00 42.86 83.33 55.56 87.50 100.00 88.89 100.00 57.14 75.00 88.89 100.00 83.33 80.00 0.00 80.00 66.67 57.14 100.00 40.00 100.00 60.00 50.00 100.00 100.00
79.78=77.78 100.00 100.00 60.00 100.00 61.54 100.00 57.14 100.00 50.00 77.78 85.71 100.00 100.00 62.50 100.00 88.89 100.00 100.00 72.73 0.00 83.33 87.50 100.00 83.33 0.00 100.00 75.00 50.00 100.00 100.00
77.07=87.50 100.00 100.00 75.00 100.00 53.33 90.91 44.44 83.33 57.14 100.00 100.00 100.00 100.00 62.50 75.00 77.78 85.71 75.00 66.67 0.00 66.67 85.71 75.00 85.71 0.00 100.00 75.00 66.67 100.00 100.00
79.66=66.67 83.33 100.00 66.67 100.00 50.00 100.00 50.00 57.14 100.00 77.78 100.00 100.00 66.67 70.00 88.89 100.00 77.78 100.00 80.00 0.00 100.00 100.00 100.00 71.43 16.67 100.00 100.00 71.43 100.00 75.00
78.16=58.33 100.00 100.00 60.00 100.00 57.14 90.91 44.44 83.33 100.00 87.50 87.50 87.50 100.00 66.67 80.00 88.89 85.71 100.00 72.73 0.00 100.00 83.33 83.33 70.00 0.00 100.00 85.71 50.00 100.00 100.00
76.27=87.50 100.00 85.71 75.00 80.00 61.54 100.00 80.00 50.00 62.50 100.00 75.00 57.14 66.67 87.50 100.00 80.00 87.50 100.00 100.00 0.00 60.00 60.00 62.50 100.00 33.33 85.71 100.00 80.00 80.00 66.67
75.38=70.00 100.00 100.00 100.00 100.00 63.64 100.00 60.00 42.86 83.33 87.50 87.50 60.00 66.67 100.00 100.00 70.00 100.00 83.33 80.00 0.00 50.00 42.86 42.86 100.00 50.00 100.00 77.78 75.00 83.33 60.00
77.51=50.00 100.00 85.71 100.00 80.00 66.67 90.91 80.00 75.00 71.43 87.50 100.00 66.67 66.67 100.00 100.00 88.89 100.00 100.00 88.89 0.00 57.14 66.67 66.67 71.43 66.67 85.71 88.89 80.00 71.43 50.00
79.50=77.78 100.00 100.00 75.00 100.00 66.67 90.91 100.00 42.86 62.50 77.78 100.00 85.71 75.00 85.71 100.00 80.00 100.00 100.00 100.00 0.00 50.00 50.00 57.14 100.00 60.00 100.00 100.00 75.00 85.71 66.67
80.50=87.50 100.00 83.33 75.00 100.00 61.54 100.00 100.00 50.00 83.33 87.50 85.71 75.00 75.00 100.00 100.00 72.73 100.00 100.00 100.00 0.00 66.67 75.00 66.67 100.00 60.00 83.33 100.00 66.67 83.33 57.14
80.86=70.00 100.00 100.00 60.00 100.00 58.33 100.00 50.00 100.00 83.33 77.78 100.00 88.89 75.00 77.78 100.00 100.00 75.00 75.00 77.78 0.00 100.00 85.71 83.33 100.00 40.00 100.00 71.43 57.14 100.00 100.00
75.80=70.00 100.00 100.00 75.00 100.00 53.85 100.00 40.00 66.67 71.43 77.78 87.50 100.00 100.00 75.00 62.50 87.50 87.50 83.33 70.00 0.00 100.00 57.14 71.43 71.43 0.00 100.00 66.67 75.00 100.00 100.00
78.94=70.00 100.00 100.00 75.00 100.00 53.85 100.00 57.14 66.67 71.43 87.50 77.78 100.00 75.00 57.14 77.78 100.00 100.00 100.00 80.00 0.00 100.00 80.00 80.00 60.00 40.00 100.00 77.78 60.00 100.00 100.00
80.52=63.64 100.00 100.00 75.00 100.00 61.54 100.00 44.44 71.43 83.33 77.78 100.00 100.00 100.00 66.67 75.00 88.89 100.00 100.00 80.00 0.00 100.00 80.00 71.43 71.43 50.00 100.00 88.89 80.00 100.00 66.67
80.69=77.78 100.00 100.00 75.00 100.00 58.33 90.91 50.00 60.00 71.43 100.00 87.50 100.00 100.00 62.50 100.00 77.78 100.00 100.00 100.00 0.00 83.33 71.43 83.33 77.78 42.86 100.00 71.43 80.00 100.00 80.00
80.57=75.00 100.00 100.00 100.00 80.00 61.54 100.00 66.67 71.43 83.33 70.00 85.71 87.50 100.00 88.89 88.89 77.78 85.71 100.00 100.00 0.00 60.00 100.00 62.50 83.33 42.86 100.00 100.00 66.67 100.00 60.00
78.32=70.00 100.00 100.00 75.00 80.00 66.67 83.33 66.67 83.33 83.33 87.50 77.78 71.43 75.00 85.71 100.00 77.78 100.00 100.00 88.89 0.00 80.00 75.00 37.50 100.00 66.67 85.71 75.00 100.00 85.71 50.00
76.63=100.00 100.00 85.71 75.00 100.00 72.73 100.00 57.14 57.14 71.43 77.78 87.50 87.50 75.00 100.00 85.71 87.50 100.00 100.00 70.00 0.00 57.14 71.43 42.86 100.00 50.00 80.00 87.50 50.00 71.43 75.00
78.82=87.50 100.00 100.00 100.00 80.00 66.67 83.33 66.67 80.00 71.43 77.78 100.00 62.50 80.00 88.89 87.50 72.73 100.00 100.00 88.89 0.00 80.00 57.14 60.00 85.71 50.00 100.00 100.00 83.33 100.00 33.33
77.71=100.00 100.00 100.00 75.00 80.00 53.33 90.00 37.50 66.67 83.33 87.50 100.00 85.71 80.00 100.00 66.67 85.71 100.00 100.00 100.00 0.00 50.00 80.00 55.56 100.00 60.00 100.00 100.00 42.86 62.50 66.67
68.20=92.31 91.67 100.00 87.50 12.90 44.44 82.61 75.00 23.81 77.27 59.52 61.76 62.07 86.36 68.97 60.00 81.25 86.96 37.93 94.74 0.00 86.21 88.46 25.00 64.29 63.64 61.11 80.77 66.67 100.00 90.91
68.11=88.89 95.45 100.00 80.77 14.71 50.00 90.91 77.27 35.29 77.27 61.90 82.14 59.38 80.77 76.67 69.70 83.33 90.91 48.00 86.36 0.00 78.57 92.59 18.75 52.94 54.17 62.50 76.00 33.33 100.00 92.86
65.20=67.65 95.45 100.00 80.77 15.38 48.00 81.48 72.00 25.00 73.91 73.53 66.67 66.67 90.91 82.14 62.86 74.29 88.46 52.17 82.61 0.00 80.00 84.00 14.29 40.00 46.15 57.89 67.86 45.45 85.71 100.00
66.47=75.00 95.45 90.00 77.78 16.67 45.65 87.50 75.00 17.65 77.27 66.67 68.75 71.43 83.33 71.88 70.97 83.33 91.67 45.83 85.71 0.00 78.12 85.19 12.50 52.63 56.52 64.29 75.00 50.00 88.89 100.00
67.88=82.76 100.00 100.00 80.00 15.62 50.00 91.67 79.17 28.57 75.00 65.00 67.74 67.86 77.78 69.70 65.62 70.59 87.50 44.00 94.74 0.00 88.89 92.00 29.41 66.67 56.52 64.71 70.83 42.86 87.50 91.67
76.48=70.00 100.00 100.00 75.00 100.00 57.14 100.00 42.86 100.00 71.43 100.00 83.33 87.50 75.00 66.67 83.33 100.00 100.00 77.78 63.64 0.00 83.33 71.43 83.33 83.33 0.00 85.71 50.00 60.00 100.00 100.00
78.37=70.00 83.33 100.00 75.00 100.00 53.85 100.00 50.00 62.50 100.00 77.78 100.00 72.73 100.00 77.78 100.00 87.50 87.50 100.00 61.54 0.00 100.00 100.00 100.00 85.71 0.00 100.00 87.50 50.00 80.00 66.67
78.62=70.00 100.00 100.00 66.67 80.00 46.67 100.00 57.14 55.56 71.43 87.50 100.00 100.00 80.00 55.56 100.00 87.50 100.00 100.00 66.67 0.00 100.00 100.00 100.00 83.33 0.00 100.00 62.50 66.67 100.00 100.00
80.02=70.00 100.00 100.00 60.00 80.00 57.14 100.00 37.50 71.43 83.33 87.50 100.00 87.50 100.00 62.50 100.00 100.00 85.71 75.00 88.89 0.00 100.00 100.00 80.00 87.50 25.00 100.00 75.00 66.67 100.00 100.00
75.88=63.64 100.00 100.00 60.00 100.00 57.14 83.33 50.00 66.67 83.33 77.78 100.00 77.78 100.00 55.56 83.33 75.00 100.00 83.33 63.64 0.00 100.00 80.00 75.00 66.67 0.00 100.00 100.00 50.00 100.00 100.00
67.70=82.14 91.67 100.00 87.50 14.71 50.00 88.46 88.89 30.00 80.95 57.78 63.64 68.97 82.61 67.65 74.19 83.87 88.00 40.74 88.89 0.00 89.66 79.31 16.67 61.54 46.43 57.89 70.83 58.33 87.50 100.00
68.44=88.46 95.45 100.00 72.41 20.00 47.06 88.00 72.00 27.78 81.82 67.57 81.82 65.52 95.65 75.00 63.89 80.65 88.46 39.29 86.96 0.00 80.65 89.29 26.67 50.00 59.09 73.33 68.97 58.33 90.91 86.67
66.28=85.19 95.45 85.71 77.78 17.86 48.00 92.00 73.91 18.75 69.57 67.57 78.57 62.96 91.30 81.48 60.00 73.53 91.30 45.83 90.00 0.00 85.19 88.89 22.22 56.25 48.15 52.94 69.23 47.06 85.71 92.31
68.25=80.00 95.45 95.00 80.00 16.13 46.81 91.30 68.00 45.00 78.26 73.53 73.33 66.67 88.00 72.41 76.67 80.65 90.91 37.04 89.47 0.00 81.48 78.12 26.67 50.00 56.52 61.11 75.00 50.00 100.00 92.31
67.56=85.19 90.91 94.74 84.00 18.52 51.11 85.19 80.00 37.50 78.26 62.50 73.33 72.00 77.78 66.67 63.64 71.43 88.00 42.31 90.48 0.00 83.87 92.31 23.08 57.89 50.00 68.75 76.92 46.15 88.89 92.86
79.29=70.00 100.00 100.00 100.00 75.00 60.00 90.91 75.00 50.00 100.00 100.00 77.78 88.89 100.00 87.50 100.00 80.00 100.00 85.71 88.89 0.00 71.43 80.00 20.00 66.67 100.00 100.00 87.50 44.44 83.33 75.00
81.89=63.64 100.00 100.00 100.00 80.00 53.85 90.91 100.00 71.43 83.33 100.00 75.00 100.00 100.00 77.78 100.00 77.78 100.00 100.00 100.00 0.00 80.00 100.00 50.00 83.33 42.86 85.71 100.00 42.86 100.00 80.00
81.51=77.78 100.00 100.00 100.00 80.00 61.54 100.00 80.00 83.33 80.00 87.50 85.71 87.50 100.00 100.00 100.00 70.00 87.50 87.50 100.00 0.00 66.67 85.71 75.00 85.71 75.00 83.33 71.43 50.00 85.71 80.00
79.31=87.50 100.00 100.00 50.00 100.00 50.00 100.00 66.67 66.67 100.00 87.50 85.71 88.89 75.00 83.33 100.00 72.73 75.00 87.50 88.89 0.00 80.00 85.71 66.67 71.43 75.00 100.00 100.00 42.86 100.00 71.43
82.41=77.78 100.00 100.00 100.00 80.00 61.54 100.00 80.00 66.67 66.67 66.67 100.00 88.89 100.00 100.00 100.00 72.73 100.00 85.71 88.89 0.00 71.43 100.00 66.67 66.67 100.00 85.71 100.00 42.86 85.71 100.00
66.22=88.89 100.00 94.74 81.82 16.67 45.28 91.30 84.21 29.41 80.95 59.52 58.33 67.86 81.82 69.70 60.61 75.76 79.17 30.00 85.00 0.00 95.83 82.76 20.00 62.50 54.17 61.11 62.96 41.67 90.91 100.00
65.57=82.76 100.00 100.00 80.77 13.33 46.00 75.00 64.00 21.05 68.00 59.09 73.33 64.29 86.36 75.86 65.71 71.43 90.48 37.04 85.00 0.00 92.31 82.14 23.08 56.25 61.90 64.71 73.91 54.55 72.73 91.67
67.52=88.00 95.45 100.00 72.41 17.24 47.92 84.62 76.00 35.71 73.91 66.67 80.77 59.38 85.00 80.00 66.67 74.29 90.91 35.71 90.00 0.00 85.71 85.19 21.43 60.00 50.00 55.56 77.78 50.00 100.00 86.67
67.18=82.76 95.65 95.00 82.61 17.86 52.17 75.86 75.00 27.27 78.26 62.16 75.86 66.67 73.08 73.53 67.65 79.31 87.50 40.74 90.48 0.00 69.44 85.71 12.50 50.00 59.09 68.75 73.91 63.64 100.00 100.00
66.75=82.76 100.00 100.00 83.33 14.29 46.15 77.78 62.96 31.25 75.00 72.22 72.41 66.67 95.45 82.14 60.53 72.73 87.50 33.33 72.73 0.00 83.87 86.67 21.43 71.43 50.00 64.71 73.91 50.00 85.71 92.31
62.78=85.19 91.67 100.00 67.86 5.71 51.02 88.46 66.67 25.93 68.75 62.50 56.41 67.65 84.00 66.67 76.92 75.00 82.61 33.33 50.00 0.00 85.19 82.61 11.11 66.67 53.57 83.33 82.35 55.00 70.00 50.00
61.99=81.48 95.45 95.00 64.52 6.67 50.00 85.19 66.67 25.00 80.00 58.97 66.67 62.50 85.71 76.92 65.62 75.76 82.61 29.17 72.22 0.00 77.78 74.07 7.69 50.00 55.56 76.47 85.71 47.06 54.55 66.67
61.91=80.00 95.45 90.00 66.67 9.09 46.15 88.00 75.00 15.00 65.00 60.47 66.67 59.46 86.96 69.23 82.61 82.14 80.00 34.78 55.56 0.00 80.00 74.07 0.00 71.43 53.57 70.59 83.33 47.06 58.33 72.73
60.91=77.78 95.45 90.48 63.33 6.90 48.08 87.50 68.00 21.74 65.22 59.52 66.67 58.33 88.89 75.86 70.37 65.71 80.00 34.48 66.67 0.00 73.08 75.00 7.14 66.67 65.22 75.00 70.59 42.11 62.50 60.00
64.08=69.70 91.67 86.36 64.52 7.41 52.17 92.00 73.91 27.27 70.00 59.52 70.59 69.70 86.36 75.00 77.78 76.67 78.57 33.33 70.59 0.00 75.86 80.00 18.18 57.14 65.38 93.75 88.24 52.63 55.56 66.67
79.39=70.00 100.00 100.00 100.00 100.00 63.64 100.00 57.14 55.56 71.43 87.50 75.00 80.00 75.00 100.00 100.00 70.00 100.00 100.00 100.00 0.00 66.67 100.00 66.67 80.00 42.86 100.00 100.00 36.36 83.33 80.00
80.75=66.67 100.00 100.00 100.00 75.00 70.00 90.91 100.00 83.33 83.33 77.78 100.00 100.00 100.00 87.50 100.00 63.64 100.00 87.50 100.00 0.00 60.00 100.00 42.86 85.71 60.00 85.71 100.00 25.00 83.33 75.00
82.38=70.00 100.00 100.00 100.00 100.00 50.00 100.00 100.00 71.43 100.00 75.00 63.64 100.00 100.00 83.33 90.91 80.00 100.00 75.00 100.00 0.00 80.00 87.50 75.00 100.00 75.00 100.00 80.00 44.44 85.71 66.67
80.53=63.64 100.00 100.00 100.00 80.00 61.54 100.00 100.00 62.50 83.33 77.78 100.00 100.00 66.67 83.33 100.00 80.00 100.00 100.00 100.00 0.00 80.00 80.00 66.67 83.33 50.00 100.00 100.00 37.50 80.00 60.00
80.28=87.50 100.00 83.33 75.00 100.00 58.33 100.00 75.00 80.00 100.00 87.50 100.00 100.00 100.00 71.43 87.50 72.73 100.00 83.33 88.89 0.00 83.33 100.00 40.00 85.71 50.00 83.33 80.00 50.00 85.71 80.00
77.60=63.64 83.33 100.00 50.00 100.00 57.14 100.00 57.14 62.50 83.33 70.00 100.00 100.00 100.00 71.43 75.00 100.00 100.00 100.00 70.00 0.00 100.00 71.43 80.00 83.33 0.00 100.00 85.71 66.67 100.00 75.00
79.75=70.00 100.00 100.00 60.00 100.00 61.54 90.91 44.44 62.50 71.43 87.50 77.78 100.00 100.00 71.43 85.71 87.50 100.00 100.00 80.00 0.00 100.00 100.00 50.00 71.43 33.33 100.00 100.00 66.67 100.00 100.00
78.60=77.78 83.33 100.00 75.00 100.00 57.14 90.91 50.00 44.44 62.50 87.50 100.00 100.00 100.00 55.56 100.00 87.50 87.50 100.00 87.50 0.00 80.00 80.00 50.00 80.00 40.00 100.00 100.00 60.00 100.00 100.00
77.82=63.64 100.00 100.00 75.00 100.00 61.54 90.00 50.00 50.00 100.00 100.00 100.00 72.73 100.00 50.00 85.71 100.00 87.50 100.00 80.00 0.00 83.33 100.00 75.00 80.00 25.00 80.00 85.71 57.14 100.00 60.00
80.65=63.64 100.00 100.00 75.00 100.00 61.54 100.00 36.36 62.50 71.43 100.00 87.50 100.00 80.00 85.71 83.33 88.89 100.00 100.00 77.78 0.00 100.00 100.00 75.00 71.43 20.00 100.00 100.00 60.00 100.00 100.00
66.40=80.00 95.45 94.74 74.07 8.82 43.14 83.33 73.91 5.88 75.00 53.66 63.89 50.00 66.67 60.53 96.00 71.88 84.62 54.55 80.00 0.00 92.31 76.67 46.15 61.11 61.90 70.00 76.19 57.89 100.00 100.00
67.92=82.76 100.00 100.00 79.17 9.76 48.94 72.41 72.73 7.69 73.91 65.71 62.50 47.83 69.23 69.70 85.19 69.70 85.19 45.83 76.47 0.00 82.76 85.19 45.45 61.11 61.90 88.89 94.74 60.87 100.00 100.00
64.94=82.76 95.65 87.50 64.52 11.11 47.83 86.96 78.95 7.14 80.95 63.64 67.65 53.66 73.91 77.42 75.86 68.57 92.59 53.85 77.78 0.00 72.73 72.41 40.00 60.00 46.15 64.29 79.17 50.00 80.00 100.00
67.76=85.71 95.24 85.71 74.07 10.87 52.17 84.00 76.19 21.43 81.82 53.85 74.19 51.28 69.57 71.43 77.42 68.75 84.00 47.83 81.25 0.00 88.46 76.67 46.15 66.67 56.52 100.00 90.00 45.83 83.33 100.00
66.50=71.88 95.65 89.47 83.33 11.43 50.00 76.92 62.50 5.00 72.73 61.11 70.97 57.50 70.00 61.11 73.53 82.14 82.76 52.38 85.71 0.00 77.42 85.19 42.86 60.00 59.09 77.78 89.47 53.57 100.00 100.00
65.75=80.00 95.45 100.00 73.91 13.79 48.00 88.00 75.00 18.18 70.83 65.00 66.67 59.38 90.48 76.67 63.64 81.25 84.00 32.14 94.74 0.00 82.14 78.57 16.67 57.14 52.00 61.11 76.00 50.00 87.50 100.00
67.42=82.76 95.24 100.00 84.00 20.83 46.00 80.77 73.91 28.57 77.27 66.67 73.08 58.06 80.00 79.31 65.62 83.33 91.67 43.33 95.24 0.00 71.88 83.33 13.33 46.67 50.00 68.75 72.00 58.33 100.00 100.00
66.96=84.62 95.24 100.00 80.77 20.00 50.00 81.48 74.07 35.00 69.23 68.42 76.67 80.00 81.82 70.59 68.57 81.25 91.67 38.71 95.00 0.00 78.12 80.00 9.09 47.06 70.59 58.82 74.07 53.85 77.78 83.33
67.65=82.76 95.24 94.74 76.92 18.52 48.00 88.46 79.17 31.58 78.26 60.98 72.41 68.97 83.33 80.00 70.59 80.00 88.00 42.31 90.48 0.00 83.33 92.59 14.29 62.50 50.00 64.29 77.78 41.67 80.00 100.00
65.60=79.31 95.65 100.00 77.78 17.24 46.81 92.00 72.73 22.22 69.23 63.41 78.57 62.96 91.30 68.75 63.89 70.27 91.30 36.36 85.00 0.00 86.96 82.76 16.67 58.82 50.00 60.00 73.08 45.45 75.00 100.00
66.44=79.31 100.00 81.82 69.23 15.79 41.51 86.96 80.95 23.53 72.22 58.82 64.86 59.46 73.08 67.74 85.71 70.00 88.00 56.00 76.47 0.00 82.14 72.73 50.00 53.33 56.52 80.00 85.71 52.00 85.71 90.00
66.33=80.00 95.65 100.00 76.00 10.53 47.06 82.61 58.62 11.11 65.38 61.11 74.19 55.26 71.43 76.67 72.73 70.97 92.00 40.74 92.31 0.00 82.76 75.00 35.71 63.64 66.67 61.54 90.48 56.00 100.00 90.00
67.71=75.00 95.65 95.00 74.07 9.52 48.00 86.96 78.95 7.14 76.19 65.71 67.65 51.22 66.67 85.71 75.86 86.21 85.19 46.15 81.25 0.00 88.46 79.31 46.67 71.43 65.00 81.82 82.61 56.52 85.71 83.33
67.11=80.00 100.00 94.74 79.17 12.82 52.27 80.77 80.95 10.00 77.27 61.11 65.71 53.85 76.00 69.44 80.00 76.67 88.46 47.83 86.67 0.00 86.21 78.57 54.55 43.75 59.09 53.33 88.24 52.17 100.00 90.91
64.16=75.00 95.24 94.74 76.00 10.00 45.10 82.61 61.90 5.26 80.00 62.86 61.76 56.76 71.43 75.76 80.65 76.67 85.19 45.45 66.67 0.00 71.88 82.14 40.00 57.14 52.17 66.67 88.24 55.00 66.67 100.00
76.15=54.55 100.00 83.33 100.00 100.00 63.64 100.00 80.00 50.00 83.33 87.50 77.78 100.00 80.00 75.00 90.00 80.00 100.00 63.64 70.00 0.00 62.50 66.67 50.00 75.00 60.00 80.00 77.78 50.00 100.00 100.00
75.89=70.00 100.00 100.00 100.00 66.67 66.67 100.00 75.00 83.33 83.33 70.00 100.00 87.50 66.67 80.00 88.89 72.73 100.00 85.71 88.89 0.00 66.67 83.33 20.00 71.43 50.00 100.00 87.50 33.33 80.00 75.00
80.79=63.64 100.00 100.00 75.00 100.00 63.64 90.00 75.00 71.43 83.33 70.00 77.78 85.71 100.00 87.50 72.73 100.00 87.50 85.71 100.00 0.00 71.43 100.00 50.00 83.33 75.00 100.00 100.00 50.00 85.71 100.00
81.61=77.78 100.00 100.00 100.00 100.00 66.67 90.91 100.00 62.50 100.00 100.00 100.00 87.50 100.00 70.00 100.00 80.00 100.00 100.00 77.78 0.00 66.67 100.00 50.00 80.00 60.00 75.00 72.73 50.00 100.00 62.50
81.41=70.00 100.00 100.00 100.00 100.00 66.67 90.00 80.00 60.00 71.43 77.78 77.78 87.50 75.00 85.71 100.00 66.67 100.00 77.78 100.00 0.00 66.67 100.00 75.00 100.00 75.00 100.00 87.50 50.00 83.33 100.00
79.69=87.50 100.00 100.00 75.00 66.67 66.67 76.92 57.14 60.00 100.00 77.78 87.50 71.43 75.00 100.00 88.89 100.00 87.50 83.33 88.89 0.00 50.00 100.00 75.00 100.00 66.67 100.00 100.00 71.43 100.00 57.14
79.39=85.71 100.00 100.00 75.00 80.00 58.33 100.00 40.00 75.00 100.00 100.00 87.50 75.00 60.00 70.00 88.89 75.00 100.00 100.00 100.00 0.00 62.50 60.00 71.43 100.00 50.00 100.00 100.00 66.67 100.00 80.00
79.86=87.50 100.00 85.71 100.00 80.00 72.73 100.00 50.00 42.86 83.33 87.50 87.50 75.00 75.00 100.00 100.00 77.78 85.71 100.00 87.50 0.00 66.67 66.67 83.33 100.00 50.00 100.00 87.50 83.33 100.00 60.00
80.82=77.78 83.33 85.71 100.00 100.00 61.54 81.82 66.67 66.67 83.33 87.50 87.50 80.00 80.00 100.00 100.00 80.00 100.00 77.78 88.89 0.00 66.67 80.00 57.14 85.71 100.00 100.00 100.00 75.00 85.71 66.67
76.83=77.78 100.00 100.00 75.00 100.00 70.00 100.00 80.00 80.00 66.67 77.78 83.33 75.00 66.67 77.78 87.50 80.00 87.50 71.43 88.89 0.00 57.14 60.00 66.67 87.50 50.00 100.00 100.00 60.00 75.00 80.00
