88.86=77.78 100.00 100.00 66.67 100.00 100.00 100.00 80.00 100.00 80.00 100.00 100.00 87.50 83.33 77.78 100.00 88.89 100.00 85.71 100.00 80.00 100.00 88.89 100.00 87.50 50.00 83.33 80.00 85.71 100.00 71.43
90.26=87.50 83.33 100.00 100.00 80.00 87.50 100.00 66.67 80.00 100.00 87.50 100.00 77.78 71.43 77.78 100.00 100.00 87.50 100.00 88.89 100.00 100.00 100.00 85.71 90.00 75.00 100.00 100.00 71.43 100.00 100.00
92.47=87.50 100.00 100.00 100.00 80.00 100.00 100.00 66.67 83.33 100.00 100.00 100.00 100.00 83.33 77.78 100.00 75.00 87.50 100.00 88.89 100.00 83.33 100.00 85.71 87.50 100.00 100.00 100.00 80.00 100.00 100.00
96.36=87.50 100.00 100.00 100.00 100.00 100.00 100.00 80.00 100.00 100.00 100.00 87.50 100.00 100.00 100.00 71.43 100.00 100.00 100.00 100.00 100.00 100.00 100.00 85.71 100.00 100.00 100.00 100.00 75.00 100.00 100.00
91.83=100.00 100.00 100.00 100.00 100.00 87.50 100.00 80.00 100.00 100.00 87.50 100.00 85.71 80.00 70.00 80.00 88.89 100.00 100.00 87.50 100.00 100.00 100.00 100.00 87.50 40.00 100.00 88.89 100.00 100.00 83.33
90.33=77.78 83.33 100.00 60.00 100.00 83.33 100.00 100.00 83.33 71.43 87.50 85.71 87.50 100.00 100.00 80.00 87.50 100.00 100.00 100.00 100.00 100.00 100.00 100.00 77.78 60.00 100.00 100.00 75.00 100.00 100.00
89.89=100.00 100.00 100.00 75.00 100.00 72.73 100.00 80.00 83.33 83.33 100.00 100.00 88.89 100.00 75.00 100.00 88.89 100.00 100.00 85.71 100.00 100.00 100.00 100.00 88.89 50.00 85.71 100.00 83.33 62.50 83.33
90.27=100.00 100.00 100.00 100.00 80.00 80.00 100.00 57.14 100.00 83.33 100.00 85.71 88.89 100.00 85.71 88.89 100.00 100.00 100.00 100.00 100.00 100.00 100.00 66.67 100.00 75.00 85.71 100.00 75.00 75.00 71.43
92.50=87.50 100.00 100.00 100.00 80.00 80.00 100.00 57.14 100.00 71.43 100.00 100.00 100.00 100.00 100.00 87.50 100.00 100.00 100.00 100.00 100.00 83.33 100.00 100.00 100.00 75.00 100.00 100.00 85.71 100.00 60.00
93.05=87.50 100.00 100.00 100.00 100.00 77.78 100.00 100.00 83.33 83.33 100.00 100.00 80.00 83.33 85.71 81.82 100.00 100.00 100.00 100.00 100.00 80.00 100.00 100.00 100.00 75.00 100.00 100.00 66.67 100.00 100.00
54.37=100.00 95.45 68.00 76.47 25.00 58.82 76.92 50.00 24.14 82.35 67.57 70.37 74.19 52.00 65.38 74.07 78.12 81.48 19.23 55.00 7.69 91.67 70.97 0.00 40.62 30.00 48.28 10.00 36.36 28.57 26.67
55.21=95.83 95.65 70.37 57.14 18.18 50.00 76.92 60.00 40.00 62.50 68.57 64.00 67.74 57.14 66.67 71.43 71.43 82.14 17.24 66.67 13.33 75.76 63.33 15.00 52.38 28.95 66.67 44.44 30.00 28.57 33.33
57.06=92.31 87.50 61.54 70.83 33.33 47.83 86.96 65.22 50.00 82.35 59.52 75.00 60.53 52.38 72.41 68.97 65.79 82.76 14.81 70.59 0.00 70.97 70.27 14.29 34.38 41.38 68.42 44.44 21.43 45.45 57.14
56.79=88.46 86.96 67.86 52.00 54.55 42.11 86.96 61.54 58.33 80.00 61.11 72.00 60.00 41.67 66.67 71.88 75.76 78.12 11.11 54.55 0.00 75.00 63.89 6.67 44.44 36.67 72.22 36.36 18.75 60.00 75.00
58.01=88.89 95.45 77.27 68.18 35.29 47.06 84.62 54.17 76.92 75.00 71.43 60.71 68.75 52.17 68.75 64.52 70.27 80.65 12.50 64.71 0.00 71.88 72.73 6.25 46.67 38.71 76.47 55.56 28.57 28.57 55.56
58.28=95.45 100.00 85.71 68.97 42.86 56.76 100.00 70.59 17.39 76.92 60.53 65.79 78.95 65.52 57.58 65.79 70.59 73.33 22.00 63.16 0.00 91.67 65.38 19.05 36.36 68.18 36.00 56.52 25.00 70.59 0.00
60.00=91.67 100.00 75.00 67.74 50.00 50.00 86.36 61.11 15.38 78.57 54.76 56.41 68.00 66.67 80.00 63.16 60.00 84.62 25.00 71.43 0.00 80.00 70.37 11.11 36.00 57.69 47.37 81.25 28.57 83.33 58.33
62.90=81.48 100.00 78.26 68.75 50.00 53.66 81.48 66.67 31.25 81.25 60.00 65.79 74.07 72.00 84.00 67.65 69.70 73.33 22.45 72.22 0.00 82.76 61.54 8.33 54.17 50.00 64.71 81.25 29.41 100.00 63.64
63.43=88.46 100.00 80.00 75.00 66.67 48.98 87.50 73.68 13.33 93.33 57.50 71.88 65.52 62.07 75.86 78.12 72.73 72.73 32.65 68.18 0.00 85.19 62.50 10.53 40.00 55.17 66.67 84.21 28.57 80.00 69.23
64.65=88.00 100.00 85.71 68.97 62.50 53.85 84.00 78.95 22.22 80.00 57.50 53.85 73.08 76.92 78.57 72.73 67.65 80.00 26.00 66.67 0.00 86.21 76.00 17.65 50.00 50.00 53.33 90.91 29.41 83.33 90.00
63.98=100.00 100.00 93.75 68.97 19.23 51.16 87.50 75.00 38.10 87.50 50.00 84.00 72.22 80.00 59.46 56.10 76.67 80.95 35.14 75.00 6.67 87.50 84.62 23.53 43.48 93.75 57.14 41.67 42.86 40.00 71.43
62.98=82.14 84.00 78.26 63.64 21.05 50.00 88.00 66.67 45.45 78.95 62.86 74.19 69.57 83.33 66.67 58.33 57.14 80.77 38.24 76.19 40.00 85.19 75.00 21.43 53.57 50.00 71.43 61.54 43.75 50.00 75.00
61.28=96.00 91.67 89.47 68.97 26.67 52.08 84.62 61.11 28.57 84.21 56.82 72.73 63.33 70.00 68.97 67.86 58.54 75.00 32.35 65.38 0.00 80.00 75.00 25.00 42.86 50.00 83.33 64.29 66.67 40.00 58.33
62.04=92.31 95.24 81.82 61.76 26.32 52.17 90.91 61.11 27.27 80.00 61.54 70.97 62.07 90.00 64.52 63.64 66.67 80.00 31.71 69.57 0.00 77.42 73.08 25.00 50.00 50.00 64.29 62.50 47.06 66.67 77.78
63.31=88.89 91.30 89.47 57.58 26.67 44.00 88.46 68.18 35.71 76.19 63.16 82.76 64.29 77.27 65.62 63.89 77.42 80.77 32.43 72.22 0.00 86.21 71.43 30.77 46.15 50.00 64.29 57.14 52.63 66.67 90.91
83.75=87.50 100.00 100.00 100.00 100.00 80.00 90.00 66.67 100.00 83.33 100.00 100.00 85.71 100.00 71.43 61.54 87.50 100.00 100.00 87.50 0.00 100.00 85.71 75.00 90.00 40.00 85.71 72.73 62.50 83.33 100.00
85.88=100.00 100.00 100.00 100.00 80.00 72.73 90.91 80.00 83.33 100.00 87.50 100.00 100.00 71.43 88.89 100.00 85.71 100.00 87.50 70.00 0.00 66.67 83.33 100.00 87.50 66.67 100.00 100.00 60.00 100.00 100.00
86.27=77.78 100.00 100.00 100.00 100.00 61.54 90.91 50.00 100.00 100.00 87.50 87.50 85.71 100.00 100.00 80.00 100.00 100.00 100.00 80.00 0.00 100.00 83.33 75.00 81.82 66.67 100.00 100.00 66.67 100.00 100.00
90.64=100.00 100.00 100.00 100.00 100.00 72.73 100.00 80.00 100.00 100.00 85.71 100.00 100.00 100.00 100.00 90.91 77.78 100.00 100.00 88.89 66.67 83.33 85.71 100.00 90.00 40.00 85.71 100.00 62.50 100.00 100.00
89.53=100.00 100.00 100.00 60.00 100.00 66.67 100.00 80.00 100.00 100.00 100.00 87.50 87.50 100.00 100.00 90.91 88.89 100.00 87.50 100.00 0.00 100.00 87.50 100.00 100.00 100.00 100.00 100.00 55.56 83.33 100.00
78.98=58.33 100.00 100.00 75.00 66.67 57.14 100.00 100.00 100.00 100.00 87.50 100.00 87.50 57.14 100.00 78.57 88.89 83.33 85.71 100.00 0.00 83.33 100.00 71.43 80.00 100.00 85.71 70.00 57.14 75.00 0.00
83.54=77.78 100.00 100.00 100.00 80.00 66.67 90.00 100.00 83.33 83.33 70.00 100.00 100.00 83.33 100.00 90.00 100.00 83.33 85.71 88.89 0.00 100.00 100.00 60.00 87.50 50.00 100.00 80.00 66.67 83.33 80.00
88.00=70.00 100.00 100.00 75.00 100.00 57.14 90.91 100.00 100.00 100.00 70.00 100.00 100.00 80.00 87.50 90.91 100.00 100.00 100.00 100.00 0.00 83.33 100.00 85.71 100.00 75.00 100.00 100.00 62.50 100.00 100.00
85.64=70.00 100.00 100.00 75.00 100.00 66.67 100.00 75.00 100.00 100.00 100.00 100.00 100.00 75.00 100.00 90.00 88.89 100.00 100.00 100.00 0.00 71.43 100.00 85.71 66.67 75.00 100.00 80.00 55.56 100.00 80.00
87.08=70.00 100.00 100.00 75.00 100.00 61.54 100.00 100.00 100.00 100.00 100.00 100.00 100.00 57.14 100.00 84.62 100.00 100.00 100.00 100.00 0.00 83.33 100.00 85.71 100.00 60.00 100.00 88.89 83.33 75.00 75.00
65.01=92.31 91.30 80.95 68.97 29.41 50.00 74.07 83.33 50.00 88.24 53.33 60.53 76.92 72.73 71.88 59.46 70.97 76.92 33.33 62.50 0.00 78.57 74.07 26.67 67.86 61.54 83.33 60.00 38.46 77.78 100.00
64.24=85.71 91.67 90.00 68.97 11.76 48.00 83.33 68.18 42.86 85.00 53.66 70.59 61.54 90.00 74.07 61.76 73.33 72.00 35.00 65.22 0.00 82.76 78.26 41.67 53.33 50.00 71.43 63.16 45.00 87.50 85.71
63.03=88.46 95.45 85.71 66.67 30.00 44.64 91.67 80.00 40.00 71.43 62.16 79.31 70.37 80.95 80.77 61.76 66.67 80.00 37.84 70.83 0.00 76.67 76.67 36.36 58.33 43.75 84.62 56.25 42.11 44.44 50.00
65.55=88.89 95.24 77.27 71.43 26.32 48.08 84.62 65.00 64.29 89.47 60.00 77.42 70.83 69.57 65.62 69.70 75.00 83.33 34.88 69.57 0.00 74.07 72.41 25.00 44.44 55.56 84.62 72.22 42.11 75.00 100.00
65.63=88.46 95.45 90.00 68.97 42.86 55.81 82.14 71.43 36.36 84.21 56.41 88.46 60.00 90.00 71.43 69.70 72.41 85.19 34.88 72.00 0.00 79.31 75.00 29.41 61.54 57.14 69.23 63.64 37.50 45.45 100.00
67.42=82.14 100.00 81.82 78.57 50.00 50.00 87.50 88.24 36.36 85.71 62.50 61.54 67.65 70.83 88.00 73.33 69.70 80.77 26.42 72.73 0.00 86.67 80.00 15.38 63.64 73.91 71.43 82.61 35.00 85.71 81.82
66.31=82.14 100.00 94.74 63.64 45.45 50.00 84.62 76.00 33.33 76.47 68.57 72.41 67.74 80.77 79.31 66.67 67.65 85.71 26.19 69.23 0.00 77.78 81.82 20.00 54.55 61.54 71.43 85.00 29.41 100.00 83.33
63.68=85.71 100.00 80.95 68.75 30.77 52.27 78.26 76.19 16.67 92.31 64.86 61.54 65.62 72.00 84.62 68.57 69.70 84.62 28.89 69.57 0.00 95.65 73.08 14.29 45.83 55.56 71.43 84.21 40.00 77.78 64.29
66.50=82.76 100.00 90.00 65.62 45.45 53.66 88.00 76.19 33.33 91.67 59.52 71.88 70.00 72.41 82.14 80.65 75.00 84.62 32.56 68.00 0.00 80.65 70.37 13.33 62.50 53.33 75.00 73.68 40.00 100.00 69.23
63.85=88.46 100.00 81.82 71.43 37.50 50.00 100.00 71.43 10.00 81.25 60.00 65.71 81.48 65.62 82.14 70.59 72.73 82.14 29.79 69.23 0.00 88.89 67.86 7.69 60.00 57.69 70.59 75.00 35.29 83.33 61.54
82.70=70.00 100.00 100.00 100.00 80.00 57.14 100.00 80.00 83.33 83.33 77.78 100.00 100.00 100.00 100.00 83.33 100.00 85.71 85.71 77.78 0.00 80.00 100.00 100.00 88.89 66.67 100.00 88.89 75.00 100.00 0.00
80.23=70.00 100.00 77.78 75.00 80.00 72.73 100.00 66.67 80.00 100.00 87.50 85.71 75.00 75.00 60.00 81.82 100.00 100.00 85.71 88.89 0.00 80.00 100.00 83.33 87.50 50.00 100.00 87.50 57.14 100.00 80.00
87.23=77.78 83.33 100.00 100.00 100.00 61.54 90.00 100.00 100.00 83.33 100.00 100.00 100.00 100.00 100.00 90.91 88.89 87.50 100.00 88.89 0.00 100.00 100.00 71.43 88.89 50.00 100.00 100.00 75.00 100.00 66.67
83.16=70.00 100.00 100.00 100.00 100.00 53.33 100.00 80.00 100.00 83.33 87.50 100.00 100.00 80.00 85.71 90.91 87.50 85.71 100.00 77.78 0.00 80.00 100.00 100.00 66.67 33.33 100.00 87.50 57.14 71.43 100.00
85.12=70.00 100.00 100.00 75.00 100.00 61.54 90.91 66.67 100.00 100.00 87.50 85.71 85.71 80.00 100.00 100.00 100.00 75.00 100.00 100.00 0.00 71.43 100.00 85.71 87.50 42.86 100.00 87.50 85.71 100.00 100.00
63.85=85.19 90.91 94.74 71.43 31.58 47.17 88.00 80.00 50.00 78.95 53.33 63.16 55.17 78.95 71.43 55.56 77.78 84.00 32.50 70.83 0.00 84.00 77.27 35.71 53.85 55.56 64.71 64.71 45.45 50.00 87.50
66.26=88.89 91.30 85.00 71.43 27.78 43.40 83.33 70.00 58.33 85.00 58.14 70.97 75.00 81.82 70.37 69.70 68.75 72.41 43.24 82.61 0.00 82.14 73.08 35.71 58.33 51.72 66.67 64.71 40.91 83.33 100.00
64.91=88.89 95.65 81.82 63.33 27.78 49.02 92.00 77.27 53.85 83.33 60.00 84.62 60.00 76.19 78.57 57.89 72.41 95.65 41.18 73.91 0.00 78.57 69.23 22.22 57.69 46.88 68.75 62.50 42.86 66.67 83.33
63.05=88.89 84.00 100.00 66.67 25.00 48.98 84.62 61.11 33.33 77.78 54.35 75.00 56.25 66.67 64.52 63.33 71.43 91.30 29.41 72.00 0.00 87.50 74.07 33.33 50.00 51.72 90.91 68.75 35.00 66.67 81.82
65.91=85.71 86.96 94.74 62.50 40.00 48.00 75.86 75.00 50.00 89.47 58.54 72.73 80.00 80.00 74.07 67.74 80.00 92.00 34.21 73.91 0.00 79.31 73.08 22.22 54.17 51.72 73.33 66.67 37.50 75.00 88.89
68.01=92.00 100.00 88.89 77.78 75.00 57.50 90.91 83.33 37.50 88.24 60.98 59.52 73.08 73.08 73.53 70.00 72.73 82.14 27.45 78.26 0.00 88.46 75.00 6.67 56.00 59.26 64.71 76.92 40.91 87.50 90.91
67.25=92.00 100.00 81.82 75.86 42.86 51.06 85.71 83.33 50.00 76.47 58.14 70.59 75.00 80.77 76.92 71.88 74.19 87.50 34.15 78.26 0.00 88.89 73.08 11.76 51.85 60.71 69.23 82.61 37.50 87.50 75.00
65.82=88.89 100.00 94.74 64.71 50.00 51.11 95.24 90.48 28.57 90.91 54.35 62.86 71.43 68.00 88.00 69.44 67.65 85.19 28.89 72.00 0.00 89.29 77.27 15.38 60.87 50.00 71.43 81.82 30.00 60.00 81.82
65.23=92.31 100.00 90.00 75.86 27.27 53.33 88.00 76.92 40.00 87.50 60.53 70.97 66.67 69.23 81.48 66.67 74.19 77.42 31.82 70.37 0.00 88.89 81.82 11.11 50.00 57.14 81.82 83.33 30.43 83.33 53.85
67.69=100.00 100.00 94.74 78.57 57.14 54.55 90.91 76.00 16.67 81.25 64.10 69.44 65.52 68.97 95.65 70.59 77.42 84.00 29.55 66.67 0.00 92.59 73.91 20.00 45.83 57.69 75.00 85.00 40.00 100.00 66.67
84.48=77.78 83.33 87.50 100.00 100.00 61.54 100.00 80.00 80.00 100.00 87.50 87.50 100.00 80.00 75.00 100.00 100.00 100.00 77.78 100.00 0.00 71.43 100.00 71.43 100.00 50.00 100.00 87.50 75.00 85.71 100.00
80.87=75.00 100.00 87.50 75.00 100.00 66.67 100.00 75.00 100.00 83.33 70.00 100.00 100.00 75.00 87.50 78.57 88.89 100.00 75.00 88.89 0.00 66.67 83.33 60.00 71.43 66.67 83.33 77.78 71.43 100.00 100.00
87.99=77.78 100.00 100.00 100.00 66.67 66.67 90.91 75.00 80.00 83.33 100.00 100.00 100.00 80.00 87.50 100.00 100.00 100.00 100.00 72.73 100.00 80.00 100.00 85.71 81.82 25.00 100.00 88.89 85.71 100.00 100.00
82.90=66.67 100.00 87.50 100.00 100.00 61.54 100.00 80.00 100.00 100.00 70.00 100.00 87.50 100.00 100.00 90.91 80.00 83.33 100.00 66.67 0.00 80.00 100.00 83.33 83.33 50.00 85.71 75.00 75.00 83.33 80.00
83.18=75.00 100.00 100.00 75.00 100.00 66.67 90.91 75.00 83.33 100.00 70.00 87.50 100.00 80.00 100.00 90.00 88.89 100.00 85.71 71.43 0.00 83.33 100.00 100.00 85.71 20.00 100.00 100.00 66.67 100.00 83.33
63.49=96.00 91.67 82.61 78.95 31.25 46.94 81.48 68.42 64.29 93.33 67.57 55.88 64.71 63.33 71.88 69.70 86.21 88.00 17.07 70.00 0.00 76.67 82.76 11.11 58.62 50.00 77.78 80.00 50.00 37.50 54.55
63.64=100.00 95.45 94.44 79.17 25.00 44.44 78.57 63.16 57.14 87.50 69.44 62.07 70.97 60.00 76.00 61.54 76.67 82.76 14.29 51.85 0.00 95.65 80.00 13.64 56.25 54.55 80.00 77.78 35.29 66.67 62.50
65.32=95.83 100.00 100.00 76.00 31.25 48.98 80.77 68.18 57.14 93.75 66.67 72.00 70.97 75.00 74.19 69.70 78.79 92.59 11.36 72.22 0.00 88.89 81.25 17.65 62.96 40.74 68.75 84.21 35.00 40.00 70.00
64.14=88.00 95.65 100.00 85.71 37.50 43.64 80.00 71.43 66.67 80.00 59.52 67.86 78.57 75.00 71.43 66.67 88.89 85.19 9.76 66.67 0.00 78.12 83.33 14.29 50.00 44.00 68.75 76.47 47.37 36.36 71.43
63.30=100.00 100.00 85.71 81.82 25.00 47.06 80.77 61.90 66.67 87.50 64.10 70.83 66.67 63.64 69.70 57.14 68.57 89.29 14.71 70.00 0.00 86.21 78.79 11.11 58.06 48.00 70.59 70.59 40.00 50.00 77.78
82.30=87.50 100.00 100.00 60.00 100.00 66.67 100.00 57.14 100.00 100.00 85.71 87.50 100.00 60.00 77.78 100.00 100.00 100.00 87.50 88.89 0.00 71.43 83.33 75.00 100.00 100.00 66.67 75.00 55.56 85.71 80.00
80.98=70.00 100.00 100.00 75.00 66.67 58.33 83.33 66.67 100.00 80.00 100.00 87.50 87.50 66.67 85.71 88.89 87.50 100.00 100.00 80.00 0.00 60.00 83.33 100.00 75.00 100.00 100.00 85.71 62.50 100.00 60.00
84.77=87.50 100.00 100.00 50.00 100.00 61.54 100.00 57.14 100.00 100.00 77.78 100.00 88.89 40.00 88.89 100.00 100.00 100.00 100.00 100.00 0.00 100.00 100.00 75.00 100.00 60.00 100.00 100.00 55.56 85.71 100.00
83.59=100.00 100.00 100.00 100.00 80.00 60.00 100.00 66.67 100.00 83.33 85.71 87.50 75.00 100.00 87.50 88.89 85.71 100.00 100.00 72.73 0.00 83.33 87.50 75.00 90.91 50.00 83.33 85.71 62.50 100.00 100.00
80.93=100.00 100.00 100.00 42.86 80.00 66.67 90.91 57.14 100.00 100.00 100.00 87.50 85.71 50.00 100.00 87.50 88.89 100.00 75.00 100.00 0.00 66.67 83.33 100.00 66.67 50.00 100.00 100.00 50.00 100.00 80.00
63.97=80.00 91.30 100.00 78.26 22.22 45.28 95.24 60.00 76.92 92.86 63.41 59.38 70.00 67.86 69.70 60.61 82.76 92.00 15.91 70.00 0.00 77.42 88.46 15.38 57.69 50.00 76.92 84.21 42.31 33.33 63.64
64.68=92.00 100.00 100.00 81.82 29.41 46.00 84.00 72.22 53.85 88.89 70.27 64.00 65.71 64.29 78.57 64.86 86.67 91.67 14.63 56.52 0.00 88.89 74.19 15.79 66.67 46.15 72.22 78.95 37.50 50.00 69.23
65.78=95.65 95.65 90.00 85.71 23.53 46.15 91.67 78.95 66.67 100.00 65.79 72.00 67.65 62.96 71.88 58.33 78.79 92.31 12.50 57.89 0.00 80.65 83.33 12.50 58.62 40.74 72.22 86.67 38.89 62.50 88.89
62.70=80.00 100.00 95.00 70.37 23.53 48.89 77.78 77.78 66.67 93.33 62.50 69.23 68.97 65.38 61.54 64.52 72.22 88.89 15.00 61.90 0.00 77.78 82.76 7.14 62.96 44.44 80.00 91.67 44.44 33.33 55.56
64.60=91.67 100.00 95.00 85.71 25.00 50.00 80.77 58.82 68.75 93.75 69.44 69.57 66.67 58.33 74.19 61.11 82.76 85.19 13.04 71.43 0.00 71.88 85.19 16.67 60.00 42.31 76.47 81.25 30.00 62.50 75.00
63.92=88.89 95.00 78.26 67.86 27.78 42.59 82.14 61.11 42.86 75.00 60.00 63.89 69.23 73.91 61.76 60.00 76.67 86.96 29.73 69.23 0.00 81.48 81.48 28.57 68.97 57.69 75.00 77.78 42.11 66.67 88.89
65.37=92.31 95.45 85.71 71.43 27.78 46.15 84.62 73.91 57.14 76.19 65.79 85.71 65.38 72.00 77.27 73.08 77.78 88.00 33.33 73.08 0.00 77.78 74.07 22.73 58.62 55.56 73.33 61.90 26.32 87.50 66.67
65.01=85.71 95.45 94.12 67.86 33.33 51.02 84.62 77.78 53.85 85.00 57.14 75.86 55.17 72.73 74.07 61.76 69.70 84.62 27.91 72.73 0.00 75.00 74.07 25.00 50.00 51.85 71.43 68.42 39.13 80.00 100.00
67.51=92.31 100.00 81.82 71.43 23.81 55.56 87.50 75.00 57.14 73.91 60.53 79.31 61.29 86.96 85.19 62.86 80.00 82.61 36.73 69.57 0.00 77.78 81.48 33.33 72.00 48.39 76.92 73.68 43.48 71.43 90.91
66.22=88.89 90.91 81.82 65.62 31.58 54.35 88.46 61.90 60.00 89.47 59.46 76.67 75.00 80.00 81.48 62.50 67.74 87.50 39.02 81.82 0.00 75.86 80.00 23.53 72.00 53.57 71.43 73.33 34.78 71.43 72.73
86.58=63.64 100.00 100.00 75.00 100.00 66.67 100.00 80.00 80.00 100.00 87.50 87.50 100.00 100.00 88.89 90.00 77.78 100.00 100.00 88.89 0.00 100.00 100.00 75.00 100.00 100.00 100.00 85.71 62.50 100.00 75.00
84.40=77.78 100.00 87.50 100.00 100.00 61.54 90.91 50.00 83.33 100.00 87.50 100.00 100.00 71.43 85.71 90.00 100.00 85.71 100.00 88.89 0.00 100.00 100.00 71.43 100.00 66.67 85.71 85.71 71.43 100.00 75.00
84.63=70.00 100.00 87.50 100.00 100.00 61.54 100.00 75.00 80.00 83.33 70.00 100.00 100.00 55.56 100.00 100.00 100.00 100.00 85.71 87.50 0.00 80.00 100.00 100.00 75.00 66.67 83.33 87.50 75.00 100.00 100.00
82.22=70.00 100.00 100.00 100.00 100.00 50.00 100.00 100.00 62.50 100.00 87.50 83.33 100.00 66.67 100.00 83.33 100.00 85.71 100.00 72.73 0.00 66.67 100.00 83.33 80.00 25.00 100.00 100.00 57.14 100.00 75.00
86.39=58.33 100.00 100.00 100.00 80.00 66.67 100.00 75.00 100.00 100.00 77.78 87.50 100.00 75.00 100.00 100.00 100.00 100.00 100.00 88.89 0.00 71.43 87.50 83.33 100.00 66.67 100.00 100.00 60.00 100.00 100.00
66.66=95.65 100.00 94.74 88.00 50.00 55.81 79.17 82.35 25.00 76.47 55.81 67.57 62.50 65.52 85.71 71.88 65.71 85.71 32.61 76.00 0.00 88.89 79.17 8.33 56.67 61.54 61.11 80.95 27.78 85.71 100.00
65.12=95.65 95.65 94.44 73.33 50.00 51.11 86.36 71.43 42.86 75.00 69.44 72.73 64.29 69.57 77.78 60.61 69.44 88.46 28.57 79.17 0.00 85.71 62.07 18.75 41.94 57.14 73.33 81.82 31.58 77.78 72.73
66.11=92.31 100.00 94.74 71.43 40.00 51.06 95.24 75.00 62.50 81.25 54.76 66.67 69.23 72.41 88.00 64.71 64.52 87.50 32.56 74.07 0.00 82.76 82.61 0.00 50.00 53.33 73.33 76.92 25.00 85.71 81.82
65.62=92.00 100.00 85.71 70.00 40.00 47.83 87.50 70.00 22.22 92.31 58.97 64.86 62.50 78.26 82.76 78.12 75.00 88.00 31.71 74.07 0.00 77.42 77.27 20.00 53.33 55.17 62.50 84.21 33.33 83.33 85.71
65.97=91.67 100.00 89.47 70.97 46.15 52.27 84.00 66.67 40.00 81.25 55.00 69.44 70.97 77.78 77.42 75.00 74.19 90.91 28.57 70.97 0.00 80.00 77.27 16.67 48.15 46.43 70.59 85.71 40.00 87.50 80.00
62.44=92.00 84.62 90.00 80.95 31.25 48.00 100.00 71.43 63.64 75.00 57.78 55.88 68.57 65.38 72.73 71.43 78.12 88.46 16.67 66.67 0.00 74.19 73.33 0.00 54.84 60.00 70.59 75.00 33.33 44.44 71.43
64.04=85.71 95.45 90.00 76.00 30.00 44.23 84.62 82.35 50.00 88.89 62.50 66.67 74.19 73.91 63.64 65.62 86.67 88.00 18.42 57.14 0.00 77.42 78.57 20.00 65.38 52.38 84.62 76.19 36.36 37.50 72.73
64.23=82.76 95.65 100.00 76.19 23.08 46.94 77.78 81.25 50.00 100.00 59.09 62.07 68.97 60.71 68.75 73.33 78.12 92.00 13.64 68.42 0.00 83.87 86.21 13.33 57.14 50.00 81.25 82.35 41.18 55.56 61.54
65.55=95.83 100.00 94.12 80.00 31.58 46.00 95.45 68.18 75.00 78.95 67.57 64.29 66.67 68.00 70.59 69.44 75.00 88.89 14.29 54.17 0.00 85.71 83.33 16.67 61.54 44.00 85.71 83.33 42.86 50.00 75.00
63.50=96.00 95.45 95.00 81.82 28.57 50.00 81.48 76.19 53.85 100.00 67.57 66.67 65.62 71.43 66.67 63.64 80.65 82.76 12.20 68.42 0.00 83.87 78.57 0.00 58.06 40.74 81.25 76.19 31.25 44.44 70.00
79.70=63.64 100.00 100.00 100.00 100.00 66.67 90.00 80.00 71.43 100.00 63.64 100.00 100.00 100.00 88.89 100.00 100.00 75.00 66.67 72.73 0.00 71.43 100.00 83.33 75.00 50.00 100.00 100.00 66.67 85.71 0.00
81.81=70.00 100.00 100.00 75.00 100.00 46.15 100.00 80.00 80.00 80.00 77.78 100.00 87.50 80.00 75.00 100.00 100.00 85.71 83.33 88.89 0.00 75.00 77.78 83.33 87.50 50.00 100.00 87.50 80.00 85.71 100.00
80.44=58.33 100.00 100.00 75.00 100.00 72.73 90.00 66.67 71.43 80.00 77.78 100.00 77.78 75.00 87.50 100.00 100.00 100.00 100.00 80.00 0.00 66.67 100.00 66.67 100.00 33.33 85.71 100.00 62.50 100.00 66.67
83.74=70.00 100.00 100.00 100.00 100.00 66.67 100.00 80.00 71.43 80.00 100.00 85.71 85.71 66.67 100.00 91.67 100.00 100.00 100.00 80.00 0.00 66.67 85.71 80.00 85.71 33.33 100.00 100.00 66.67 100.00 100.00
83.67=70.00 100.00 87.50 100.00 100.00 53.85 90.91 80.00 83.33 100.00 85.71 100.00 100.00 80.00 80.00 77.78 87.50 100.00 100.00 80.00 0.00 83.33 100.00 100.00 88.89 25.00 100.00 100.00 60.00 100.00 80.00
79.41=85.71 100.00 100.00 60.00 66.67 66.67 90.00 42.86 83.33 100.00 87.50 100.00 88.89 50.00 100.00 100.00 100.00 87.50 100.00 80.00 0.00 80.00 100.00 80.00 83.33 50.00 83.33 87.50 50.00 83.33 75.00
81.27=100.00 100.00 100.00 75.00 100.00 57.14 100.00 50.00 83.33 100.00 77.78 85.71 100.00 50.00 80.00 80.00 87.50 100.00 83.33 87.50 0.00 71.43 100.00 80.00 75.00 40.00 100.00 100.00 55.56 100.00 100.00
84.06=75.00 100.00 100.00 75.00 100.00 63.64 100.00 57.14 100.00 100.00 75.00 87.50 87.50 100.00 75.00 100.00 100.00 100.00 100.00 80.00 0.00 83.33 100.00 100.00 81.82 33.33 83.33 100.00 62.50 85.71 100.00
84.82=85.71 100.00 100.00 75.00 100.00 66.67 100.00 66.67 100.00 80.00 100.00 100.00 88.89 100.00 100.00 90.00 100.00 100.00 100.00 88.89 0.00 66.67 83.33 100.00 88.89 28.57 100.00 77.78 62.50 100.00 80.00
83.06=100.00 100.00 100.00 60.00 80.00 58.33 90.91 50.00 100.00 80.00 100.00 100.00 87.50 75.00 88.89 100.00 100.00 87.50 100.00 88.89 0.00 80.00 100.00 100.00 88.89 40.00 100.00 87.50 62.50 85.71 83.33
81.39=70.00 83.33 100.00 100.00 100.00 61.54 100.00 60.00 100.00 83.33 77.78 100.00 85.71 100.00 71.43 90.91 87.50 100.00 83.33 77.78 0.00 57.14 100.00 66.67 77.78 50.00 100.00 100.00 55.56 83.33 100.00
81.28=63.64 100.00 100.00 60.00 100.00 57.14 100.00 66.67 66.67 57.14 87.50 100.00 100.00 80.00 75.00 100.00 100.00 100.00 85.71 88.89 0.00 80.00 100.00 66.67 88.89 100.00 83.33 100.00 60.00 85.71 66.67
77.15=63.64 100.00 100.00 66.67 66.67 61.54 100.00 75.00 66.67 83.33 77.78 100.00 100.00 60.00 75.00 83.33 88.89 100.00 71.43 80.00 0.00 100.00 100.00 66.67 62.50 50.00 100.00 100.00 62.50 80.00 50.00
84.45=77.78 83.33 100.00 75.00 100.00 66.67 90.91 66.67 100.00 100.00 87.50 100.00 100.00 80.00 88.89 83.33 100.00 100.00 85.71 87.50 0.00 83.33 100.00 83.33 100.00 40.00 66.67 100.00 71.43 100.00 100.00
84.24=77.78 100.00 100.00 100.00 100.00 53.33 100.00 75.00 100.00 83.33 77.78 85.71 100.00 100.00 100.00 100.00 88.89 100.00 100.00 87.50 0.00 75.00 100.00 80.00 80.00 40.00 83.33 100.00 66.67 100.00 57.14
64.43=92.31 95.45 76.00 85.71 35.29 45.83 91.30 73.33 71.43 83.33 59.09 61.29 75.76 59.38 74.19 72.41 74.29 88.46 14.29 77.78 0.00 81.25 82.14 13.33 54.55 40.74 81.25 76.47 42.86 42.86 75.00
64.12=88.89 100.00 94.44 69.57 25.00 52.17 87.50 75.00 57.14 100.00 67.57 71.43 62.50 59.38 71.88 73.33 86.67 92.31 10.53 52.38 0.00 78.12 85.19 11.76 58.62 46.43 72.22 82.35 43.75 41.67 70.00
64.26=96.00 95.45 89.47 78.26 21.43 48.00 83.33 71.43 60.00 88.24 65.79 72.00 65.71 64.00 62.86 74.19 72.73 88.46 14.71 60.87 0.00 78.12 86.21 25.00 59.38 52.17 66.67 85.00 50.00 50.00 66.67
63.87=92.31 100.00 90.00 94.74 27.78 46.81 91.67 68.18 60.00 100.00 61.90 67.86 55.88 70.37 68.75 62.50 73.53 92.59 17.07 68.42 0.00 71.88 88.89 12.50 51.52 55.00 81.25 83.33 37.50 33.33 54.55
64.84=96.00 95.45 85.71 85.00 35.29 46.94 87.50 66.67 55.56 93.33 64.86 69.23 78.57 70.00 70.00 63.89 80.00 89.29 15.79 63.16 0.00 68.42 83.33 14.29 58.82 48.00 76.47 83.33 29.41 50.00 85.71
71.88=71.43 83.33 85.71 100.00 57.14 53.33 100.00 50.00 80.00 55.56 70.00 63.64 57.14 33.33 54.55 87.50 87.50 100.00 100.00 66.67 0.00 71.43 100.00 0.00 100.00 100.00 80.00 100.00 40.00 80.00 100.00
84.46=87.50 100.00 100.00 100.00 80.00 57.14 100.00 50.00 100.00 83.33 100.00 85.71 87.50 66.67 77.78 100.00 100.00 87.50 87.50 88.89 0.00 62.50 85.71 100.00 88.89 100.00 75.00 100.00 66.67 100.00 100.00
86.52=100.00 100.00 100.00 75.00 100.00 53.33 100.00 80.00 100.00 100.00 100.00 100.00 88.89 83.33 77.78 90.00 87.50 100.00 85.71 80.00 0.00 100.00 100.00 83.33 88.89 75.00 100.00 100.00 50.00 83.33 100.00
84.45=87.50 100.00 100.00 75.00 100.00 57.14 100.00 60.00 100.00 100.00 77.78 100.00 88.89 100.00 83.33 85.71 88.89 100.00 87.50 88.89 0.00 80.00 83.33 75.00 100.00 66.67 100.00 80.00 66.67 85.71 100.00
85.13=100.00 100.00 100.00 75.00 100.00 57.14 100.00 57.14 100.00 100.00 77.78 100.00 88.89 71.43 66.67 100.00 87.50 100.00 70.00 87.50 0.00 83.33 100.00 100.00 100.00 66.67 100.00 100.00 50.00 100.00 100.00
64.97=88.46 95.45 90.00 76.00 23.81 49.02 90.48 73.68 64.29 84.21 60.53 57.50 54.84 75.00 61.76 79.31 78.57 90.91 30.56 78.26 0.00 92.31 84.00 28.57 65.22 51.72 45.83 70.59 43.75 54.55 75.00
67.67=92.31 95.65 80.95 62.50 40.00 44.44 88.46 72.73 72.73 88.89 62.50 77.42 80.77 85.71 81.48 64.71 75.86 95.83 28.57 81.82 0.00 78.57 78.57 18.75 66.67 53.57 73.33 70.00 35.00 66.67 83.33
66.50=92.31 95.65 90.00 67.86 29.41 45.10 91.67 70.00 70.00 66.67 62.16 67.65 62.07 100.00 67.74 63.64 73.33 76.92 27.78 73.91 0.00 85.19 84.00 33.33 50.00 51.72 61.11 72.73 54.55 75.00 100.00
66.83=88.46 95.45 81.82 67.86 31.58 47.92 92.00 65.22 71.43 80.95 61.11 73.33 71.43 72.00 67.74 67.65 76.67 95.45 30.00 77.27 0.00 80.00 85.00 21.05 60.00 62.50 64.29 73.68 40.00 70.00 100.00
68.42=96.00 95.45 100.00 71.43 26.32 48.00 82.14 66.67 71.43 85.71 57.14 71.88 70.83 82.61 80.00 58.82 84.00 90.91 32.56 78.26 0.00 82.76 87.50 30.77 58.62 51.72 58.82 77.27 40.00 100.00 83.33
82.83=100.00 100.00 100.00 75.00 66.67 66.67 100.00 44.44 62.50 83.33 87.50 87.50 88.89 40.00 100.00 100.00 100.00 87.50 100.00 88.89 0.00 66.67 100.00 100.00 100.00 100.00 100.00 83.33 55.56 83.33 100.00
83.41=100.00 100.00 100.00 75.00 100.00 63.64 100.00 50.00 83.33 100.00 100.00 100.00 100.00 50.00 100.00 100.00 88.89 100.00 83.33 87.50 0.00 57.14 85.71 80.00 100.00 40.00 85.71 100.00 55.56 100.00 100.00
83.11=100.00 100.00 100.00 75.00 100.00 63.64 90.91 66.67 83.33 100.00 87.50 87.50 100.00 100.00 88.89 100.00 77.78 100.00 100.00 100.00 0.00 71.43 85.71 100.00 88.89 33.33 71.43 88.89 55.56 80.00 80.00
82.94=87.50 100.00 100.00 75.00 100.00 66.67 100.00 57.14 100.00 83.33 85.71 100.00 88.89 50.00 100.00 87.50 100.00 100.00 100.00 80.00 0.00 57.14 100.00 75.00 80.00 100.00 100.00 100.00 55.56 66.67 75.00
84.11=100.00 100.00 100.00 75.00 100.00 53.85 100.00 50.00 100.00 100.00 100.00 100.00 77.78 100.00 100.00 100.00 77.78 100.00 85.71 100.00 0.00 83.33 83.33 80.00 100.00 60.00 100.00 77.78 57.14 85.71 60.00
67.32=91.30 100.00 94.44 78.57 66.67 44.00 88.00 80.95 45.45 81.25 67.57 50.00 66.67 67.74 72.41 68.97 66.67 84.62 21.74 73.08 0.00 100.00 86.36 7.69 52.00 62.50 68.75 86.96 37.50 100.00 75.00
67.64=92.00 95.45 100.00 73.33 46.67 51.06 90.91 70.83 57.14 76.47 64.10 66.67 78.26 70.00 87.50 75.00 71.88 91.67 30.00 72.41 0.00 89.29 74.07 8.33 48.28 55.17 66.67 84.00 33.33 88.89 87.50
67.89=92.00 100.00 100.00 73.33 54.55 53.49 87.50 76.92 50.00 77.78 57.89 67.57 74.19 80.00 75.86 82.76 77.42 88.00 28.57 77.78 0.00 82.14 79.17 13.33 52.00 51.85 73.33 90.00 40.00 77.78 69.23
67.66=92.00 100.00 90.00 78.57 53.85 47.73 95.45 78.26 50.00 76.47 64.10 64.10 66.67 72.00 75.86 80.00 74.19 92.00 31.82 67.74 0.00 92.59 74.07 14.29 50.00 57.69 57.14 86.96 38.89 100.00 75.00
69.56=88.89 100.00 100.00 73.33 50.00 51.16 87.50 79.17 53.85 100.00 61.11 67.57 71.88 71.43 85.71 73.53 77.42 91.67 32.56 74.07 0.00 89.66 83.33 17.65 46.43 64.00 64.29 81.82 42.11 87.50 88.89
80.96=87.50 100.00 100.00 60.00 100.00 70.00 90.91 60.00 83.33 100.00 77.78 77.78 100.00 75.00 63.64 100.00 100.00 87.50 87.50 87.50 0.00 83.33 83.33 100.00 88.89 50.00 100.00 66.67 62.50 66.67 100.00
84.04=100.00 100.00 85.71 75.00 66.67 58.33 90.91 57.14 100.00 100.00 87.50 100.00 100.00 50.00 100.00 87.50 100.00 100.00 100.00 88.89 0.00 83.33 85.71 100.00 72.73 100.00 100.00 70.00 62.50 83.33 100.00
82.93=87.50 100.00 100.00 60.00 100.00 66.67 90.91 57.14 83.33 83.33 87.50 87.50 87.50 75.00 88.89 100.00 80.00 100.00 100.00 100.00 0.00 80.00 100.00 100.00 90.00 75.00 100.00 100.00 57.14 83.33 50.00
83.16=100.00 100.00 100.00 100.00 80.00 63.64 100.00 50.00 100.00 83.33 77.78 100.00 85.71 100.00 80.00 80.00 100.00 100.00 83.33 88.89 0.00 57.14 100.00 66.67 88.89 50.00 100.00 100.00 62.50 100.00 80.00
86.43=87.50 100.00 100.00 60.00 80.00 61.54 100.00 66.67 100.00 83.33 100.00 100.00 87.50 100.00 87.50 100.00 100.00 100.00 100.00 88.89 0.00 71.43 100.00 100.00 75.00 100.00 100.00 80.00 50.00 100.00 100.00
78.60=70.00 100.00 100.00 75.00 66.67 57.14 100.00 40.00 83.33 100.00 77.78 85.71 71.43 100.00 75.00 85.71 88.89 66.67 100.00 87.50 0.00 100.00 100.00 60.00 81.82 40.00 85.71 85.71 66.67 85.71 100.00
81.83=87.50 100.00 100.00 75.00 80.00 57.14 100.00 66.67 80.00 80.00 87.50 87.50 75.00 80.00 85.71 100.00 100.00 100.00 62.50 88.89 0.00 100.00 100.00 75.00 85.71 40.00 100.00 100.00 62.50 100.00 80.00
81.34=100.00 100.00 100.00 75.00 80.00 57.14 90.00 40.00 100.00 100.00 100.00 100.00 87.50 66.67 70.00 100.00 87.50 100.00 83.33 88.89 0.00 83.33 80.00 83.33 85.71 50.00 100.00 100.00 71.43 75.00 66.67
83.01=100.00 100.00 100.00 100.00 100.00 50.00 100.00 66.67 83.33 83.33 87.50 100.00 100.00 66.67 62.50 100.00 88.89 77.78 100.00 87.50 0.00 71.43 100.00 80.00 85.71 50.00 100.00 100.00 75.00 85.71 71.43
83.67=87.50 100.00 100.00 100.00 75.00 53.33 100.00 66.67 100.00 100.00 87.50 83.33 100.00 83.33 77.78 100.00 100.00 100.00 83.33 88.89 0.00 80.00 80.00 75.00 100.00 33.33 100.00 100.00 55.56 83.33 100.00
66.97=96.00 90.91 75.00 70.37 27.78 44.23 83.33 66.67 64.29 80.00 58.54 68.57 65.62 77.27 75.00 77.78 82.14 80.77 34.38 67.86 0.00 81.48 88.46 20.00 72.73 50.00 66.67 80.95 36.84 100.00 92.31
68.64=92.31 91.30 90.00 70.00 26.32 50.00 81.48 70.59 81.82 85.71 58.97 78.57 76.92 89.47 75.00 65.62 77.78 95.83 34.15 76.00 0.00 79.31 86.96 26.32 57.14 66.67 64.71 73.91 35.00 80.00 90.00
68.73=88.89 100.00 78.26 66.67 25.00 48.98 85.19 72.73 81.82 88.24 60.00 76.67 74.19 81.82 73.33 70.97 85.71 91.67 35.90 76.00 0.00 75.00 88.46 33.33 55.56 60.00 70.59 76.19 41.67 77.78 90.00
69.81=82.14 95.45 90.00 68.97 30.00 50.00 87.50 73.68 84.62 83.33 60.00 68.57 76.92 85.71 77.78 68.57 88.00 86.36 36.84 69.23 0.00 91.67 88.00 22.73 66.67 62.50 54.55 80.00 45.45 88.89 100.00
69.55=100.00 100.00 90.00 73.08 26.09 49.02 85.19 72.22 78.57 85.00 62.16 72.73 72.00 80.00 74.19 66.67 79.31 91.30 33.33 87.50 0.00 76.67 87.50 33.33 65.38 60.00 63.16 80.95 42.86 77.78 90.00
80.97=100.00 100.00 100.00 60.00 66.67 72.73 100.00 66.67 71.43 83.33 100.00 87.50 85.71 33.33 100.00 90.00 100.00 100.00 100.00 88.89 0.00 57.14 100.00 80.00 100.00 66.67 100.00 100.00 57.14 85.71 57.14
82.67=100.00 100.00 100.00 60.00 100.00 63.64 90.00 50.00 83.33 100.00 70.00 100.00 100.00 100.00 100.00 100.00 100.00 100.00 100.00 88.89 0.00 80.00 85.71 66.67 75.00 25.00 100.00 88.89 50.00 85.71 100.00
84.24=71.43 100.00 100.00 60.00 66.67 72.73 100.00 42.86 100.00 100.00 58.33 87.50 87.50 100.00 80.00 100.00 100.00 100.00 85.71 100.00 0.00 100.00 100.00 100.00 69.23 100.00 83.33 88.89 57.14 100.00 100.00
80.67=87.50 100.00 100.00 75.00 80.00 66.67 90.00 57.14 83.33 83.33 87.50 100.00 100.00 75.00 80.00 88.89 70.00 100.00 77.78 87.50 0.00 80.00 100.00 75.00 90.00 66.67 83.33 85.71 55.56 75.00 100.00
82.75=100.00 100.00 100.00 75.00 100.00 61.54 100.00 57.14 100.00 100.00 87.50 100.00 87.50 100.00 100.00 100.00 87.50 87.50 87.50 77.78 0.00 66.67 71.43 100.00 71.43 66.67 100.00 66.67 50.00 83.33 80.00
80.69=87.50 100.00 100.00 100.00 100.00 61.54 100.00 50.00 100.00 80.00 87.50 77.78 75.00 83.33 87.50 83.33 100.00 75.00 83.33 88.89 0.00 66.67 100.00 62.50 100.00 50.00 83.33 88.89 62.50 100.00 66.67
83.29=77.78 100.00 100.00 100.00 80.00 53.85 100.00 66.67 83.33 83.33 87.50 100.00 100.00 80.00 100.00 100.00 88.89 100.00 85.71 87.50 0.00 83.33 100.00 80.00 87.50 40.00 100.00 100.00 50.00 100.00 66.67
80.54=100.00 100.00 100.00 75.00 100.00 61.54 100.00 60.00 80.00 100.00 75.00 70.00 83.33 60.00 70.00 77.78 77.78 87.50 85.71 80.00 0.00 80.00 100.00 100.00 100.00 60.00 75.00 100.00 66.67 100.00 71.43
85.49=87.50 100.00 100.00 100.00 100.00 57.14 100.00 57.14 71.43 100.00 100.00 100.00 100.00 100.00 85.71 100.00 77.78 100.00 85.71 100.00 0.00 80.00 87.50 85.71 100.00 37.50 100.00 100.00 57.14 100.00 80.00
82.34=100.00 100.00 100.00 100.00 80.00 53.85 100.00 50.00 83.33 100.00 100.00 100.00 100.00 83.33 71.43 100.00 80.00 75.00 100.00 80.00 0.00 71.43 83.33 75.00 77.78 66.67 85.71 88.89 80.00 100.00 66.67
75.76=63.64 100.00 100.00 60.00 80.00 58.33 100.00 40.00 83.33 83.33 87.50 100.00 100.00 33.33 100.00 90.00 100.00 83.33 62.50 80.00 0.00 80.00 100.00 80.00 88.89 50.00 100.00 88.89 55.56 100.00 0.00
81.38=75.00 100.00 87.50 42.86 100.00 72.73 100.00 75.00 83.33 100.00 85.71 100.00 100.00 100.00 88.89 100.00 88.89 100.00 66.67 80.00 0.00 80.00 71.43 66.67 100.00 25.00 85.71 87.50 60.00 100.00 100.00
80.70=70.00 100.00 100.00 50.00 100.00 66.67 100.00 75.00 100.00 100.00 70.00 100.00 100.00 66.67 88.89 83.33 88.89 100.00 100.00 77.78 0.00 100.00 83.33 60.00 100.00 12.50 100.00 100.00 42.86 85.71 80.00
81.81=70.00 100.00 100.00 100.00 80.00 66.67 100.00 66.67 83.33 71.43 77.78 100.00 100.00 80.00 85.71 100.00 100.00 75.00 100.00 80.00 0.00 66.67 100.00 75.00 88.89 50.00 100.00 80.00 55.56 83.33 100.00
78.40=77.78 100.00 87.50 37.50 100.00 66.67 100.00 75.00 62.50 83.33 87.50 100.00 100.00 50.00 85.71 100.00 85.71 85.71 80.00 77.78 0.00 100.00 100.00 66.67 85.71 20.00 100.00 85.71 54.55 100.00 75.00
68.05=88.89 95.24 90.00 73.08 30.00 48.08 76.67 77.78 70.59 85.00 61.54 66.67 66.67 79.17 70.97 73.08 75.86 91.67 31.25 81.82 0.00 84.62 87.50 21.43 58.33 46.88 60.00 80.00 45.00 100.00 91.67
68.83=92.31 95.24 77.27 63.33 30.00 52.17 84.62 77.78 70.00 80.95 57.50 77.42 70.37 90.48 79.31 62.86 77.78 95.83 39.47 75.00 0.00 82.14 82.61 30.00 75.00 51.61 70.59 66.67 55.56 90.00 80.00
68.50=92.00 95.65 78.26 60.61 31.58 52.17 91.67 70.00 85.71 88.89 60.00 78.57 73.33 80.00 79.31 66.67 80.00 88.00 34.21 82.61 0.00 88.46 84.62 26.67 64.29 50.00 66.67 72.73 40.91 60.00 100.00
70.06=92.31 95.24 94.12 68.97 27.78 55.56 88.00 64.71 84.62 89.47 53.33 85.19 77.78 82.61 78.12 66.67 85.19 92.31 39.47 79.17 0.00 85.71 87.50 25.00 69.57 50.00 61.11 69.57 50.00 81.82 90.91
69.69=88.89 91.30 89.47 66.67 31.58 46.15 87.50 68.18 84.62 85.00 60.53 85.71 69.23 100.00 76.00 62.50 81.48 92.00 30.95 81.82 0.00 83.33 84.00 29.41 67.86 50.00 68.75 71.43 47.62 87.50 90.91
82.42=100.00 83.33 85.71 100.00 100.00 57.14 100.00 57.14 83.33 100.00 63.64 85.71 85.71 100.00 75.00 100.00 80.00 100.00 70.00 88.89 0.00 80.00 100.00 75.00 100.00 66.67 85.71 87.50 44.44 100.00 100.00
78.83=87.50 100.00 100.00 75.00 100.00 58.33 100.00 50.00 100.00 71.43 70.00 100.00 80.00 100.00 70.00 83.33 100.00 85.71 80.00 87.50 0.00 66.67 85.71 75.00 85.71 22.22 100.00 100.00 42.86 100.00 66.67
81.56=77.78 100.00 100.00 60.00 80.00 61.54 90.00 57.14 100.00 100.00 85.71 100.00 100.00 100.00 75.00 80.00 80.00 100.00 85.71 87.50 0.00 83.33 100.00 100.00 77.78 40.00 85.71 88.89 57.14 100.00 75.00
82.52=100.00 100.00 100.00 60.00 100.00 61.54 100.00 42.86 100.00 100.00 75.00 100.00 77.78 100.00 88.89 85.71 87.50 100.00 100.00 80.00 0.00 75.00 100.00 71.43 100.00 28.57 83.33 100.00 57.14 83.33 100.00
79.16=85.71 83.33 100.00 75.00 100.00 66.67 88.89 57.14 71.43 83.33 70.00 77.78 77.78 83.33 55.56 100.00 85.71 100.00 83.33 88.89 0.00 100.00 100.00 80.00 75.00 40.00 75.00 100.00 50.00 100.00 100.00
67.11=81.48 100.00 93.75 76.00 40.00 53.49 100.00 80.00 55.56 92.86 59.52 58.14 63.89 68.97 80.00 77.42 66.67 88.46 25.49 72.00 0.00 100.00 75.00 8.33 57.89 61.54 66.67 86.36 33.33 87.50 70.00
69.54=92.31 100.00 100.00 73.33 45.45 50.00 78.57 75.00 70.00 93.33 63.89 70.59 73.33 81.82 74.19 77.42 74.19 88.00 30.23 76.92 0.00 89.29 73.08 10.00 55.56 59.26 66.67 85.19 39.13 88.89 100.00
69.11=92.31 100.00 90.00 78.57 40.00 52.27 91.67 79.17 58.33 83.33 63.16 69.70 74.19 76.00 79.31 72.73 79.31 91.30 33.33 75.00 0.00 81.25 77.27 6.25 57.69 46.88 66.67 90.48 36.36 100.00 100.00
67.70=96.00 100.00 94.74 78.57 50.00 51.11 91.30 84.00 40.00 85.71 64.86 63.89 70.00 78.57 80.00 71.43 68.75 88.00 31.58 70.00 0.00 96.15 90.00 6.25 51.85 50.00 66.67 82.61 38.10 85.71 72.73
69.53=95.83 100.00 100.00 75.86 44.44 47.92 88.00 68.00 100.00 87.50 57.50 77.42 81.48 69.23 70.59 69.44 72.73 88.00 30.23 74.07 0.00 92.31 79.17 5.56 53.33 61.54 72.73 79.17 33.33 100.00 80.00
84.67=77.78 83.33 87.50 75.00 100.00 57.14 100.00 100.00 83.33 100.00 87.50 100.00 100.00 100.00 85.71 90.91 100.00 100.00 77.78 77.78 0.00 80.00 100.00 83.33 88.89 50.00 100.00 100.00 55.56 83.33 100.00
78.97=58.33 100.00 100.00 60.00 80.00 61.54 90.91 75.00 100.00 100.00 77.78 100.00 100.00 80.00 100.00 88.89 80.00 100.00 83.33 77.78 0.00 83.33 87.50 85.71 85.71 20.00 100.00 75.00 57.14 100.00 40.00
82.40=77.78 100.00 100.00 100.00 100.00 58.33 90.91 66.67 75.00 100.00 87.50 100.00 87.50 100.00 75.00 100.00 88.89 100.00 83.33 77.78 0.00 100.00 85.71 57.14 90.00 33.33 85.71 85.71 62.50 85.71 100.00
83.75=70.00 100.00 100.00 75.00 100.00 57.14 90.91 80.00 100.00 100.00 87.50 100.00 100.00 66.67 88.89 81.82 88.89 100.00 100.00 80.00 0.00 100.00 83.33 71.43 100.00 66.67 100.00 87.50 57.14 83.33 80.00
81.36=63.64 100.00 100.00 75.00 100.00 66.67 100.00 80.00 60.00 75.00 87.50 87.50 100.00 60.00 100.00 100.00 100.00 100.00 85.71 88.89 0.00 66.67 85.71 66.67 87.50 66.67 85.71 100.00 50.00 83.33 100.00
64.86=85.19 87.50 85.71 71.43 29.41 44.64 80.00 76.47 78.57 80.00 62.86 67.65 60.00 76.19 70.00 70.37 75.00 80.77 25.00 69.23 0.00 90.91 85.19 26.67 70.83 48.39 64.29 70.00 42.86 55.56 80.00
69.78=100.00 91.67 100.00 67.74 27.78 46.30 95.83 68.00 84.62 88.89 57.50 75.86 75.00 87.50 76.67 64.71 85.19 95.45 32.50 78.26 0.00 80.77 91.30 35.71 65.38 57.69 61.11 68.18 40.91 72.73 90.00
68.52=92.31 90.91 94.74 63.33 28.57 46.00 80.77 66.67 91.67 94.44 60.53 76.67 69.57 85.00 74.07 61.11 73.33 91.30 42.86 80.95 0.00 88.46 84.62 17.65 65.38 50.00 61.90 75.00 37.50 88.89 90.00
68.53=92.31 95.45 81.82 64.29 25.00 44.90 91.67 68.42 85.71 85.71 58.97 79.31 76.92 90.00 74.07 63.64 82.14 83.33 35.42 78.26 0.00 88.89 78.57 22.22 71.43 53.57 66.67 73.91 47.62 85.71 78.57
68.73=96.00 95.24 78.26 74.07 31.58 52.08 77.78 78.95 90.91 90.00 56.41 69.70 74.07 82.61 72.41 68.97 70.97 91.30 33.33 73.91 0.00 86.96 88.00 38.46 65.52 53.57 52.94 72.00 47.83 77.78 88.89
69.51=100.00 100.00 100.00 75.86 66.67 48.94 90.91 80.95 50.00 87.50 58.54 53.66 63.33 70.37 80.00 77.42 74.19 84.62 26.92 72.41 0.00 88.46 83.33 7.69 68.18 51.85 83.33 82.61 50.00 100.00 76.92
69.38=95.83 100.00 100.00 75.00 50.00 53.33 80.00 86.36 81.82 76.47 73.53 67.57 66.67 77.27 72.41 82.76 67.65 88.46 29.27 68.97 0.00 81.25 79.17 29.41 53.85 57.14 73.33 85.00 38.10 87.50 72.73
67.86=88.00 95.65 94.12 77.78 40.00 55.81 95.45 73.08 55.56 85.71 67.65 64.10 77.78 84.62 73.33 73.08 67.65 84.00 30.61 74.07 0.00 96.15 75.00 21.43 61.54 53.57 69.23 80.00 36.00 72.73 80.00
69.27=92.31 95.65 94.74 74.07 40.00 56.10 100.00 80.00 80.00 82.35 63.89 70.59 67.86 76.92 73.53 68.57 74.19 86.96 34.21 80.00 0.00 86.67 76.00 15.38 55.56 55.56 68.75 76.92 41.67 88.89 90.00
70.85=96.00 100.00 94.74 75.86 40.00 52.17 88.00 82.61 81.82 100.00 62.50 72.73 74.07 76.00 82.76 72.73 74.19 88.00 30.00 71.43 0.00 89.66 80.00 20.00 45.71 53.85 78.57 83.33 42.11 100.00 87.50
83.34=100.00 100.00 100.00 50.00 100.00 61.54 100.00 57.14 100.00 100.00 100.00 100.00 85.71 75.00 87.50 87.50 66.67 100.00 75.00 88.89 0.00 100.00 83.33 100.00 87.50 50.00 100.00 77.78 50.00 100.00 100.00
82.94=100.00 100.00 100.00 75.00 66.67 63.64 100.00 60.00 83.33 100.00 100.00 87.50 85.71 100.00 100.00 100.00 100.00 100.00 85.71 75.00 0.00 71.43 100.00 100.00 75.00 14.29 83.33 100.00 44.44 100.00 100.00
83.66=87.50 100.00 100.00 60.00 100.00 66.67 90.00 50.00 100.00 100.00 87.50 87.50 77.78 100.00 77.78 88.89 100.00 100.00 100.00 80.00 0.00 83.33 100.00 80.00 100.00 66.67 100.00 88.89 62.50 83.33 75.00
82.00=87.50 100.00 100.00 100.00 100.00 66.67 100.00 57.14 80.00 83.33 87.50 85.71 100.00 66.67 100.00 100.00 88.89 87.50 100.00 100.00 0.00 66.67 100.00 100.00 88.89 33.33 83.33 87.50 55.56 85.71 50.00
84.10=100.00 100.00 85.71 75.00 100.00 66.67 100.00 57.14 100.00 83.33 87.50 87.50 66.67 100.00 88.89 100.00 100.00 87.50 80.00 88.89 0.00 83.33 100.00 100.00 100.00 33.33 100.00 87.50 62.50 85.71 100.00
68.05=92.31 100.00 81.82 67.86 25.00 47.17 87.50 73.68 80.00 88.89 58.97 71.88 74.07 78.26 70.00 71.88 79.31 92.00 35.14 76.00 0.00 86.96 86.96 23.08 68.00 46.88 60.00 71.43 52.17 71.43 90.91
68.12=92.00 100.00 85.00 66.67 31.58 48.98 82.14 80.00 76.92 80.95 65.71 72.41 65.52 77.27 79.31 63.64 82.14 95.65 32.61 78.26 0.00 88.89 83.33 33.33 59.26 53.85 57.89 75.00 40.91 62.50 100.00
69.19=95.83 95.00 90.48 58.82 33.33 48.00 91.30 71.43 92.31 77.27 57.89 85.19 72.41 86.36 80.00 70.97 79.31 80.00 24.39 75.00 0.00 92.00 91.30 29.41 62.50 62.50 50.00 77.27 52.38 71.43 90.91
70.47=85.71 95.45 90.00 64.52 28.57 50.00 88.00 72.73 87.50 84.21 59.46 85.19 76.67 85.00 75.86 73.33 78.57 88.00 40.00 73.08 0.00 86.21 84.00 23.53 76.00 57.69 68.75 76.19 42.86 87.50 100.00
70.50=82.76 100.00 85.00 62.50 28.57 53.19 87.50 68.42 87.50 85.00 56.10 82.76 68.75 85.71 78.57 63.64 78.57 91.67 37.50 81.82 0.00 88.46 91.67 33.33 67.86 51.72 70.59 76.19 50.00 100.00 90.00
66.69=95.83 100.00 94.74 77.27 35.00 46.15 73.33 61.11 70.59 100.00 61.54 65.52 69.44 72.00 80.00 75.86 79.31 88.00 16.67 71.43 0.00 83.87 83.87 18.18 50.00 45.83 76.92 75.00 38.89 83.33 77.78
66.61=92.00 95.65 100.00 82.61 28.57 51.11 95.45 61.90 81.25 88.89 71.43 68.97 73.53 69.23 67.65 81.48 74.29 85.71 12.20 66.67 0.00 86.21 83.33 16.67 54.55 50.00 72.22 84.21 47.06 55.56 66.67
65.89=92.00 95.65 95.00 85.71 29.41 47.06 84.62 60.00 81.25 93.75 70.59 71.43 72.73 69.23 70.97 75.00 83.33 89.29 13.89 56.52 0.00 78.12 80.00 11.11 48.57 50.00 86.67 75.00 35.29 62.50 77.78
64.13=85.71 90.91 100.00 76.00 40.00 46.15 86.96 72.22 63.64 93.33 71.43 65.52 80.00 64.00 77.42 60.00 70.59 88.89 15.00 53.85 0.00 78.79 80.65 6.25 55.56 40.74 85.71 84.21 33.33 46.15 75.00
67.51=96.00 91.30 90.48 86.36 37.50 46.15 91.67 62.50 68.75 100.00 76.67 76.92 64.71 70.83 70.97 67.74 76.47 89.29 16.67 68.18 0.00 78.12 92.31 4.76 60.00 44.00 75.00 85.00 42.11 75.00 87.50
68.72=92.00 91.30 73.91 68.97 31.58 44.64 80.00 68.42 71.43 88.89 58.97 63.16 70.97 77.27 75.00 75.00 75.86 90.91 27.50 78.26 0.00 100.00 84.00 29.41 62.07 62.50 75.00 85.71 52.63 75.00 100.00
69.47=92.31 95.45 100.00 70.37 31.58 47.92 84.62 65.22 80.00 85.00 63.16 75.00 80.00 78.26 71.88 69.23 79.31 92.00 37.21 75.00 0.00 88.46 84.00 25.00 59.26 50.00 68.75 77.27 41.67 85.71 100.00
69.54=92.31 95.65 80.95 64.52 25.00 46.15 85.19 73.68 81.82 94.44 63.16 63.89 62.96 90.91 72.41 64.52 73.33 95.45 41.03 75.00 0.00 85.71 86.96 29.41 73.91 55.56 73.33 80.00 50.00 87.50 90.91
68.93=92.31 95.45 89.47 66.67 23.81 45.28 84.00 65.00 75.00 80.95 63.89 75.86 65.62 95.24 81.48 67.65 85.71 86.36 36.59 79.17 0.00 85.71 90.48 30.77 70.37 55.56 54.55 77.27 38.89 77.78 100.00
68.70=92.00 95.45 90.00 64.52 29.41 48.08 87.50 68.42 90.91 88.24 57.50 76.67 72.00 94.44 82.14 64.71 69.70 90.91 39.13 63.33 0.00 82.14 80.00 26.67 71.43 57.69 56.25 73.68 40.00 100.00 76.92
83.26=100.00 100.00 100.00 75.00 80.00 50.00 100.00 66.67 100.00 100.00 85.71 87.50 87.50 71.43 50.00 100.00 70.00 100.00 100.00 88.89 0.00 83.33 100.00 66.67 83.33 100.00 100.00 100.00 75.00 100.00 60.00
78.91=70.00 100.00 100.00 75.00 80.00 53.33 90.91 66.67 100.00 100.00 77.78 75.00 85.71 100.00 85.71 75.00 88.89 85.71 71.43 88.89 0.00 66.67 100.00 57.14 75.00 75.00 85.71 100.00 50.00 100.00 66.67
81.09=87.50 100.00 100.00 50.00 100.00 50.00 90.91 50.00 100.00 100.00 77.78 83.33 87.50 100.00 66.67 100.00 80.00 100.00 85.71 88.89 0.00 83.33 100.00 55.56 100.00 60.00 83.33 100.00 33.33 100.00 100.00
81.45=87.50 100.00 100.00 100.00 100.00 53.33 100.00 66.67 80.00 83.33 77.78 71.43 75.00 83.33 66.67 100.00 85.71 100.00 75.00 87.50 0.00 83.33 100.00 80.00 88.89 50.00 85.71 88.89 80.00 75.00 100.00
81.56=87.50 100.00 100.00 75.00 100.00 50.00 100.00 66.67 71.43 83.33 77.78 87.50 88.89 100.00 66.67 100.00 72.73 100.00 100.00 80.00 0.00 83.33 100.00 100.00 100.00 33.33 100.00 87.50 33.33 83.33 100.00
80.55=87.50 100.00 87.50 60.00 80.00 53.85 100.00 66.67 71.43 83.33 87.50 77.78 87.50 71.43 100.00 100.00 100.00 83.33 100.00 88.89 0.00 100.00 100.00 60.00 87.50 50.00 100.00 100.00 54.55 83.33 75.00
81.50=87.50 100.00 100.00 100.00 100.00 50.00 81.82 80.00 100.00 100.00 77.78 62.50 50.00 100.00 70.00 100.00 88.89 100.00 83.33 72.73 0.00 83.33 100.00 75.00 81.82 50.00 100.00 88.89 42.86 100.00 100.00
81.73=100.00 100.00 100.00 100.00 100.00 61.54 100.00 57.14 83.33 100.00 77.78 75.00 100.00 100.00 58.33 83.33 87.50 100.00 100.00 100.00 0.00 83.33 100.00 42.86 80.00 50.00 83.33 100.00 50.00 100.00 60.00
84.91=87.50 100.00 100.00 100.00 100.00 61.54 100.00 50.00 62.50 100.00 87.50 77.78 83.33 100.00 100.00 85.71 88.89 100.00 100.00 88.89 0.00 71.43 100.00 80.00 100.00 50.00 85.71 100.00 71.43 100.00 100.00
80.26=85.71 100.00 100.00 75.00 100.00 53.33 100.00 57.14 66.67 100.00 70.00 75.00 75.00 80.00 57.14 75.00 100.00 100.00 100.00 100.00 0.00 83.33 100.00 80.00 88.89 42.86 100.00 100.00 42.86 100.00 80.00
68.98=88.89 95.45 90.00 77.78 33.33 48.00 79.31 75.00 72.22 94.44 60.53 61.11 62.96 75.00 75.00 70.37 85.19 88.89 30.95 77.27 0.00 92.59 82.61 28.57 75.00 53.57 70.59 72.22 50.00 71.43 100.00
69.05=96.00 95.24 90.00 70.37 28.57 46.15 79.31 73.68 83.33 72.73 58.54 75.00 76.00 85.71 75.00 61.76 82.14 95.65 32.50 82.61 0.00 83.33 86.36 25.00 61.54 45.45 66.67 81.82 40.00 90.00 100.00
