62.67581482417306
55.646648773282216
55.50212792566971
56.99640921078596
57.203531439665355
61.82022276882411
53.861556065620285
57.75771751900905
57.93092715238246
56.83779639161024
92.94162826420889
97.81874039938556
94.80286738351253
97.74193548387096
95.61827956989247
85.0115207373272
89.95391705069125
88.34869431643625
89.67741935483869
89.6774193548387
83.01075268817203
84.78494623655914
86.31720430107528
82.86738351254479
90.86021505376344
61.94230039535001
63.01937496292938
63.81823605517182
63.297738637349056
62.62600015198543
59.28688164683079
59.8771907071388
61.90913073652728
61.060393476026555
61.113234676094805
83.85560675883255
86.07526881720429
88.10547875064005
77.08141321044546
85.7642089093702
90.71940604198669
87.88786482334869
85.30721966205836
91.47081413210445
90.0806451612903
61.25134186743793
61.02577593398154
60.456061642056156
61.52473896498131
59.90990421500857
86.62442396313365
85.37250384024578
86.55913978494623
82.66513056835637
89.05017921146954
87.32718894009217
83.59447004608298
86.70250896057347
86.92012288786482
88.54454685099846
62.48622753724997
62.512291608835305
62.850620547458256
63.0693292799924
63.397190825791114
81.07526881720429
80.83333333333333
87.68817204301074
77.32334869431642
77.74193548387096
63.249176824055695
64.53653848713064
64.60484711195274
66.6819403939885
65.20724174441199
81.11111111111111
80.06842619745845
84.07066052227343
83.95161290322581
78.53686635944699
80.26881720430107
90.0
85.9447004608295
82.57680491551459
87.1620583717358
61.239792337908774
61.56214334713431
60.35775919032132
62.21336850213386
61.99877417145619
85.89861751152073
84.23195084485405
81.45161290322581
86.84715821812595
89.04377880184332
83.09523809523809
78.86200716845877
78.2642089093702
79.34715821812594
81.7972350230415
61.644462476375374
63.118648661154644
60.57575570486232
62.19458716518486
63.82051049751733
63.489205463886286
66.04153261765136
64.79502963667309
65.55578695897394
64.14225510318528
62.3231410144078
61.983269144467606
62.111717390979884
63.16299753226798
62.81397149931807
80.61827956989247
84.56221198156682
85.0768049155146
78.42165898617512
82.75729646697388
61.02056406868304
61.59845048742919
61.002943460544635
60.72203978628915
62.267044397872
82.84946236559139
85.60291858678956
85.65668202764978
86.58218125960062
83.17204301075267
64.48613619434572
67.78548760971822
66.22736910344555
64.26939368500346
67.91360131726671
89.2741935483871
85.98694316436251
89.46236559139786
87.83410138248847
89.91935483870968
64.33522070928937
66.63463126256825
65.3489512499335
66.56670225479576
67.24771215913776
60.50315684504717
61.36699555775669
61.02286359637096
60.17883128684841
59.946221329727784
83.17972350230416
87.90322580645162
85.28801843317973
80.4915514592934
86.70506912442397
64.78189710831958
66.41430245769563
66.75232153033967
65.71391749766316
68.11257249599956
60.72687704620157
59.796726472422066
61.90815978499504
61.40376250762792
61.81208245910092
58.98967987041047
