99.17=100.00 100.00 100.00 100.00 100.00 91.67 100.00 100.00 100.00 100.00
94.79=100.00 100.00 100.00 100.00 100.00 100.00 84.62 83.33 80.00 100.00
97.35=100.00 100.00 100.00 91.67 100.00 90.91 90.91 100.00 100.00 100.00
98.33=100.00 100.00 100.00 100.00 100.00 100.00 100.00 83.33 100.00 100.00
100.00=100.00 100.00 100.00 100.00 100.00 100.00 100.00 100.00 100.00 100.00
95.45=100.00 100.00 86.67 100.00 100.00 94.12 73.68 100.00 100.00 100.00
95.10=93.75 100.00 92.86 93.75 100.00 100.00 77.78 92.86 100.00 100.00
96.56=100.00 100.00 100.00 92.86 93.75 100.00 78.95 100.00 100.00 100.00
98.20=100.00 100.00 100.00 88.24 93.75 100.00 100.00 100.00 100.00 100.00
97.17=100.00 93.33 100.00 87.50 100.00 90.91 100.00 100.00 100.00 100.00
95.49=97.96 100.00 89.09 92.00 93.62 92.00 90.20 100.00 100.00 100.00
95.13=97.96 100.00 92.45 92.16 93.75 89.80 89.80 100.00 97.83 97.56
95.54=100.00 100.00 94.23 91.84 93.75 86.54 93.62 97.83 100.00 97.62
87.48=98.00 100.00 96.08 97.87 97.83 89.58 85.19 97.73 100.00 100.00 0.00
86.84=97.96 95.83 92.31 92.00 97.87 89.80 91.84 97.67 100.00 100.00 0.00
88.22=96.15 100.00 100.00 95.45 95.83 93.88 93.62 95.45 100.00 100.00 0.00
89.05=94.23 97.83 100.00 100.00 97.83 95.74 93.88 100.00 100.00 100.00 0.00
89.18=97.92 97.78 100.00 100.00 97.78 91.67 95.83 100.00 100.00 100.00 0.00
88.41=98.00 100.00 97.92 95.56 95.74 91.49 93.75 100.00 100.00 100.00 0.00
89.24=97.92 100.00 97.87 100.00 93.88 97.83 94.12 100.00 100.00 100.00 0.00
97.14=100.00 100.00 100.00 83.33 100.00 95.24 100.00 100.00 92.86 100.00
97.49=100.00 100.00 92.86 100.00 93.75 95.45 100.00 92.86 100.00 100.00
97.23=100.00 100.00 100.00 100.00 100.00 95.24 93.33 100.00 92.86 90.91
97.61=100.00 100.00 100.00 88.24 100.00 95.00 92.86 100.00 100.00 100.00
97.20=100.00 100.00 100.00 88.24 100.00 90.91 92.86 100.00 100.00 100.00
94.17=100.00 100.00 66.67 100.00 100.00 100.00 91.67 83.33 100.00 100.00
94.29=85.71 85.71 100.00 100.00 100.00 100.00 100.00 71.43 100.00 100.00
97.14=100.00 100.00 100.00 100.00 100.00 100.00 100.00 71.43 100.00 100.00
96.07=100.00 100.00 85.71 100.00 100.00 100.00 91.67 83.33 100.00 100.00
100.00=100.00 100.00 100.00 100.00 100.00 100.00 100.00 100.00 100.00 100.00
100.00=100.00 100.00 100.00 100.00 100.00 100.00 100.00 100.00 100.00 100.00
90.91=100.00 100.00 100.00 100.00 100.00 100.00 100.00 100.00 100.00 100.00 0.00
97.74=100.00 100.00 85.71 91.67 100.00 100.00 100.00 100.00 100.00 100.00
96.67=100.00 100.00 100.00 91.67 100.00 91.67 100.00 83.33 100.00 100.00
90.91=100.00 100.00 100.00 100.00 100.00 100.00 100.00 100.00 100.00 100.00 0.00
87.39=100.00 100.00 100.00 100.00 100.00 100.00 68.42 92.86 100.00 100.00 0.00
85.60=100.00 92.31 100.00 93.75 100.00 100.00 55.56 100.00 100.00 100.00 0.00
88.56=100.00 100.00 100.00 87.50 100.00 100.00 86.67 100.00 100.00 100.00 0.00
88.44=100.00 100.00 100.00 100.00 100.00 100.00 80.00 92.86 100.00 100.00 0.00
90.30=100.00 100.00 100.00 93.33 100.00 100.00 100.00 100.00 100.00 100.00 0.00
88.46=97.96 100.00 97.87 100.00 93.88 93.62 92.00 97.73 100.00 100.00 0.00
81.60=98.00 100.00 97.87 100.00 95.83 97.83 92.00 97.67 100.00 100.00 0.00 0.00
89.41=98.00 100.00 100.00 100.00 95.83 97.78 94.12 97.78 100.00 100.00 0.00
89.05=98.00 100.00 100.00 100.00 95.74 90.20 95.56 100.00 100.00 100.00 0.00
89.21=96.08 100.00 100.00 100.00 93.88 95.74 97.83 100.00 97.83 100.00 0.00
90.91=100.00 100.00 100.00 100.00 100.00 100.00 100.00 100.00 100.00 100.00 0.00
98.33=100.00 100.00 100.00 100.00 100.00 91.67 91.67 100.00 100.00 100.00
100.00=100.00 100.00 100.00 100.00 100.00 100.00 100.00 100.00 100.00 100.00
97.50=100.00 100.00 100.00 100.00 100.00 100.00 91.67 83.33 100.00 100.00
88.26=100.00 100.00 100.00 100.00 100.00 90.91 100.00 100.00 80.00 100.00 0.00
85.88=100.00 100.00 92.86 86.67 100.00 100.00 92.31 80.00 92.86 100.00 0.00
88.18=100.00 100.00 92.86 100.00 100.00 93.33 90.91 92.86 100.00 100.00 0.00
88.34=100.00 100.00 100.00 93.75 93.33 100.00 92.31 92.31 100.00 100.00 0.00
85.09=92.86 100.00 92.86 100.00 100.00 93.33 76.92 80.00 100.00 100.00 0.00
89.09=100.00 100.00 100.00 100.00 100.00 100.00 80.00 100.00 100.00 100.00 0.00
89.75=98.00 100.00 100.00 100.00 95.83 97.78 97.87 100.00 97.78 100.00 0.00
87.49=98.00 97.83 97.87 93.33 95.92 95.35 86.27 97.78 100.00 100.00 0.00
88.28=95.92 100.00 93.88 100.00 95.83 95.65 92.16 97.62 100.00 100.00 0.00
81.76=98.04 97.83 100.00 100.00 95.74 95.74 95.92 97.83 100.00 100.00 0.00 0.00
81.72=98.04 100.00 100.00 100.00 95.83 93.48 95.65 100.00 100.00 97.62 0.00 0.00
90.91=100.00 100.00 100.00 100.00 100.00 100.00 100.00 100.00 100.00 100.00 0.00
100.00=100.00 100.00 100.00 100.00 100.00 100.00 100.00 100.00 100.00 100.00
97.80=85.71 100.00 100.00 100.00 100.00 100.00 92.31 100.00 100.00 100.00
100.00=100.00 100.00 100.00 100.00 100.00 100.00 100.00 100.00 100.00 100.00
100.00=100.00 100.00 100.00 100.00 100.00 100.00 100.00 100.00 100.00 100.00
89.03=100.00 100.00 96.00 100.00 97.87 93.88 93.75 100.00 97.87 100.00 0.00
89.38=100.00 100.00 100.00 100.00 97.83 93.88 91.49 100.00 100.00 100.00 0.00
88.63=100.00 100.00 97.92 97.78 97.87 90.00 93.62 97.78 100.00 100.00 0.00
89.20=100.00 100.00 97.83 100.00 100.00 89.80 93.62 100.00 100.00 100.00 0.00
88.80=97.87 100.00 100.00 97.83 97.87 92.00 93.62 100.00 100.00 97.62 0.00
89.39=100.00 100.00 100.00 100.00 100.00 100.00 100.00 83.33 100.00 100.00 0.00
89.61=100.00 100.00 85.71 100.00 100.00 100.00 100.00 100.00 100.00 100.00 0.00
89.39=100.00 100.00 100.00 100.00 100.00 100.00 100.00 83.33 100.00 100.00 0.00
89.39=100.00 100.00 100.00 100.00 100.00 100.00 100.00 83.33 100.00 100.00 0.00
88.31=100.00 100.00 100.00 100.00 100.00 100.00 100.00 71.43 100.00 100.00 0.00
89.19=100.00 100.00 100.00 95.56 97.87 93.88 93.75 100.00 100.00 100.00 0.00
88.39=100.00 100.00 100.00 93.48 97.87 91.67 91.67 100.00 100.00 97.62 0.00
88.66=100.00 100.00 97.92 93.62 97.83 95.74 90.20 100.00 100.00 100.00 0.00
75.46=100.00 100.00 100.00 95.56 97.83 97.78 92.00 97.83 100.00 100.00 0.00 0.00 0.00
88.83=100.00 100.00 100.00 97.78 97.87 90.00 91.49 100.00 100.00 100.00 0.00
87.69=100.00 100.00 100.00 100.00 100.00 93.33 84.62 86.67 100.00 100.00 0.00
89.65=100.00 100.00 100.00 100.00 100.00 100.00 93.33 92.86 100.00 100.00 0.00
89.61=100.00 100.00 100.00 100.00 100.00 100.00 92.86 92.86 100.00 100.00 0.00
88.02=100.00 93.33 100.00 100.00 100.00 100.00 88.24 100.00 86.67 100.00 0.00
89.50=100.00 100.00 100.00 100.00 100.00 100.00 91.67 92.86 100.00 100.00 0.00
100.00=100.00 100.00 100.00 100.00 100.00 100.00 100.00 100.00 100.00 100.00
100.00=100.00 100.00 100.00 100.00 100.00 100.00 100.00 100.00 100.00 100.00
99.17=100.00 100.00 100.00 91.67 100.00 100.00 100.00 100.00 100.00 100.00
100.00=100.00 100.00 100.00 100.00 100.00 100.00 100.00 100.00 100.00 100.00
97.50=100.00 100.00 100.00 100.00 100.00 91.67 100.00 83.33 100.00 100.00
81.76=97.96 97.83 100.00 100.00 95.83 95.65 93.88 100.00 100.00 100.00 0.00 0.00
82.30=98.04 100.00 100.00 100.00 95.65 97.78 96.08 100.00 100.00 100.00 0.00 0.00
88.62=96.15 100.00 100.00 97.67 95.83 95.65 93.75 95.74 100.00 100.00 0.00
88.98=96.08 100.00 100.00 97.78 97.87 97.73 93.88 97.83 100.00 97.62 0.00
89.76=98.04 100.00 100.00 100.00 97.78 95.65 95.92 100.00 100.00 100.00 0.00
81.97=100.00 100.00 100.00 97.78 97.87 95.65 92.31 100.00 100.00 100.00 0.00 0.00
89.36=100.00 100.00 100.00 95.65 97.87 95.92 95.74 97.73 100.00 100.00 0.00
88.85=97.96 100.00 100.00 100.00 97.78 91.67 90.00 100.00 100.00 100.00 0.00
88.86=98.00 100.00 100.00 97.83 97.78 91.84 92.00 100.00 100.00 100.00 0.00
81.59=98.04 100.00 97.87 97.67 97.87 97.83 89.80 100.00 100.00 100.00 0.00 0.00
90.91=100.00 100.00 100.00 100.00 100.00 100.00 100.00 100.00 100.00 100.00 0.00
100.00=100.00 100.00 100.00 100.00 100.00 100.00 100.00 100.00 100.00 100.00
100.00=100.00 100.00 100.00 100.00 100.00 100.00 100.00 100.00 100.00 100.00
88.26=100.00 100.00 100.00 100.00 100.00 90.91 100.00 100.00 80.00 100.00 0.00
89.39=100.00 100.00 100.00 100.00 100.00 100.00 100.00 83.33 100.00 100.00 0.00
90.91=100.00 100.00 100.00 100.00 100.00 100.00 100.00 100.00 100.00 100.00 0.00
89.39=100.00 100.00 100.00 100.00 100.00 100.00 100.00 83.33 100.00 100.00 0.00
89.39=100.00 100.00 100.00 100.00 100.00 100.00 100.00 83.33 100.00 100.00 0.00
90.91=100.00 100.00 100.00 100.00 100.00 100.00 100.00 100.00 100.00 100.00 0.00
89.39=100.00 100.00 100.00 100.00 100.00 100.00 100.00 83.33 100.00 100.00 0.00
96.90=100.00 85.71 100.00 100.00 100.00 100.00 100.00 83.33 100.00 100.00
100.00=100.00 100.00 100.00 100.00 100.00 100.00 100.00 100.00 100.00 100.00
100.00=100.00 100.00 100.00 100.00 100.00 100.00 100.00 100.00 100.00 100.00
99.17=100.00 100.00 100.00 100.00 100.00 91.67 100.00 100.00 100.00 100.00
100.00=100.00 100.00 100.00 100.00 100.00 100.00 100.00 100.00 100.00 100.00
81.61=98.00 100.00 100.00 97.78 97.87 92.00 95.74 97.87 100.00 100.00 0.00 0.00
81.56=100.00 100.00 100.00 97.78 97.87 93.88 93.75 97.83 100.00 97.62 0.00 0.00
81.59=100.00 100.00 100.00 100.00 97.87 91.84 93.88 100.00 97.87 97.62 0.00 0.00
81.95=100.00 100.00 100.00 97.83 97.87 95.83 94.00 100.00 97.92 100.00 0.00 0.00
88.87=100.00 100.00 97.92 97.78 97.87 92.00 92.00 100.00 100.00 100.00 0.00
90.34=100.00 100.00 100.00 100.00 100.00 100.00 93.75 100.00 100.00 100.00 0.00
89.61=100.00 100.00 100.00 100.00 100.00 100.00 92.86 92.86 100.00 100.00 0.00
89.39=100.00 100.00 100.00 100.00 100.00 100.00 83.33 100.00 100.00 100.00 0.00
90.30=100.00 100.00 100.00 100.00 100.00 100.00 93.33 100.00 100.00 100.00 0.00
87.98=93.33 93.33 92.86 100.00 100.00 100.00 88.24 100.00 100.00 100.00 0.00
89.04=93.75 100.00 100.00 100.00 100.00 100.00 93.33 92.31 100.00 100.00 0.00
89.09=100.00 100.00 100.00 93.33 100.00 100.00 100.00 86.67 100.00 100.00 0.00
89.00=100.00 100.00 100.00 93.33 100.00 100.00 92.86 92.86 100.00 100.00 0.00
87.98=100.00 100.00 100.00 88.24 100.00 100.00 92.86 86.67 100.00 100.00 0.00
80.58=100.00 100.00 100.00 100.00 100.00 100.00 81.25 85.71 100.00 100.00 0.00 0.00
89.39=100.00 100.00 100.00 100.00 100.00 100.00 100.00 83.33 100.00 100.00 0.00
80.75=85.71 100.00 100.00 100.00 100.00 100.00 100.00 83.33 100.00 100.00 0.00 0.00
89.39=100.00 100.00 100.00 100.00 100.00 100.00 100.00 83.33 100.00 100.00 0.00
81.94=100.00 100.00 100.00 100.00 100.00 100.00 100.00 83.33 100.00 100.00 0.00 0.00
87.58=100.00 100.00 100.00 100.00 100.00 100.00 100.00 83.33 80.00 100.00 0.00
89.43=98.04 100.00 97.96 100.00 95.83 97.78 94.12 100.00 100.00 100.00 0.00
81.95=98.04 100.00 100.00 100.00 95.74 95.56 94.12 100.00 100.00 100.00 0.00 0.00
89.20=96.15 100.00 100.00 100.00 95.83 97.83 95.83 97.73 97.83 100.00 0.00
81.74=97.92 100.00 97.96 100.00 95.65 93.62 97.92 100.00 97.83 100.00 0.00 0.00
89.02=96.00 100.00 100.00 97.78 95.83 95.65 94.00 100.00 100.00 100.00 0.00
85.97=100.00 100.00 85.71 100.00 100.00 100.00 100.00 80.00 80.00 100.00 0.00
89.39=100.00 100.00 100.00 100.00 100.00 100.00 100.00 83.33 100.00 100.00 0.00
90.91=100.00 100.00 100.00 100.00 100.00 100.00 100.00 100.00 100.00 100.00 0.00
89.39=100.00 100.00 100.00 100.00 100.00 100.00 100.00 83.33 100.00 100.00 0.00
90.91=100.00 100.00 100.00 100.00 100.00 100.00 100.00 100.00 100.00 100.00 0.00
89.61=100.00 100.00 100.00 100.00 100.00 100.00 92.86 100.00 92.86 100.00 0.00
88.58=93.33 100.00 100.00 88.24 100.00 100.00 100.00 92.86 100.00 100.00 0.00
89.73=100.00 93.33 100.00 100.00 100.00 100.00 93.75 100.00 100.00 100.00 0.00
88.89=100.00 100.00 100.00 100.00 100.00 100.00 77.78 100.00 100.00 100.00 0.00
81.67=100.00 100.00 86.67 100.00 100.00 100.00 93.33 100.00 100.00 100.00 0.00 0.00
90.21=100.00 100.00 100.00 100.00 100.00 100.00 100.00 92.31 100.00 100.00 0.00
88.87=100.00 100.00 100.00 100.00 100.00 100.00 90.91 86.67 100.00 100.00 0.00
86.45=93.33 100.00 100.00 93.33 100.00 92.86 78.57 100.00 92.86 100.00 0.00
87.69=93.75 100.00 100.00 100.00 100.00 100.00 85.71 92.31 92.86 100.00 0.00
89.61=100.00 100.00 100.00 100.00 100.00 100.00 100.00 85.71 100.00 100.00 0.00
89.39=100.00 100.00 100.00 100.00 100.00 100.00 100.00 83.33 100.00 100.00 0.00
89.39=100.00 100.00 100.00 100.00 100.00 100.00 100.00 83.33 100.00 100.00 0.00
89.39=100.00 100.00 100.00 100.00 100.00 100.00 100.00 83.33 100.00 100.00 0.00
89.39=100.00 100.00 100.00 100.00 100.00 100.00 100.00 83.33 100.00 100.00 0.00
89.39=100.00 100.00 100.00 100.00 100.00 100.00 100.00 83.33 100.00 100.00 0.00
89.23=100.00 93.33 100.00 100.00 100.00 94.44 93.75 100.00 100.00 100.00 0.00
90.26=100.00 100.00 92.86 100.00 100.00 100.00 100.00 100.00 100.00 100.00 0.00
90.34=100.00 100.00 100.00 100.00 100.00 100.00 93.75 100.00 100.00 100.00 0.00
89.69=93.75 100.00 100.00 100.00 100.00 100.00 100.00 92.86 100.00 100.00 0.00
88.52=100.00 100.00 100.00 100.00 100.00 93.33 87.50 92.86 100.00 100.00 0.00
100.00=100.00 100.00 100.00 100.00 100.00 100.00 100.00 100.00 100.00 100.00
96.33=83.33 100.00 100.00 100.00 100.00 100.00 100.00 100.00 80.00 100.00
100.00=100.00 100.00 100.00 100.00 100.00 100.00 100.00 100.00 100.00 100.00
100.00=100.00 100.00 100.00 100.00 100.00 100.00 100.00 100.00 100.00 100.00
100.00=100.00 100.00 100.00 100.00 100.00 100.00 100.00 100.00 100.00 100.00
90.34=93.75 100.00 100.00 100.00 100.00 100.00 100.00 100.00 100.00 100.00 0.00
88.34=93.75 100.00 100.00 100.00 100.00 100.00 92.31 85.71 100.00 100.00 0.00
89.04=93.75 100.00 100.00 100.00 100.00 100.00 92.86 92.86 100.00 100.00 0.00
88.44=100.00 100.00 92.86 100.00 100.00 93.33 86.67 100.00 100.00 100.00 0.00
88.99=100.00 100.00 100.00 93.75 100.00 100.00 92.86 92.31 100.00 100.00 0.00
86.04=93.75 93.33 100.00 92.86 93.33 93.33 87.50 100.00 92.31 100.00 0.00
89.23=100.00 93.33 100.00 100.00 100.00 100.00 88.24 100.00 100.00 100.00 0.00
90.30=100.00 100.00 100.00 100.00 100.00 100.00 93.33 100.00 100.00 100.00 0.00
90.34=100.00 100.00 100.00 93.75 100.00 100.00 100.00 100.00 100.00 100.00 0.00
90.34=93.75 100.00 100.00 100.00 100.00 100.00 100.00 100.00 100.00 100.00 0.00
88.66=96.08 100.00 100.00 97.62 95.83 90.00 95.74 100.00 100.00 100.00 0.00
89.64=94.34 100.00 100.00 100.00 95.92 97.83 97.96 100.00 100.00 100.00 0.00
89.43=96.15 100.00 100.00 100.00 95.92 93.75 97.96 100.00 100.00 100.00 0.00
88.86=94.12 97.78 97.92 100.00 95.92 95.74 96.00 100.00 100.00 100.00 0.00
70.53=98.04 100.00 100.00 100.00 95.92 95.56 97.92 100.00 100.00 100.00 0.00 0.00 0.00 0.00
97.17=100.00 100.00 100.00 100.00 100.00 91.67 100.00 80.00 100.00 100.00
97.14=100.00 100.00 100.00 100.00 100.00 100.00 100.00 71.43 100.00 100.00
90.91=100.00 100.00 100.00 100.00 100.00 100.00 100.00 100.00 100.00 100.00 0.00
89.51=100.00 100.00 100.00 100.00 100.00 84.62 100.00 100.00 100.00 100.00 0.00
98.33=100.00 100.00 100.00 100.00 100.00 91.67 91.67 100.00 100.00 100.00
88.31=100.00 100.00 92.86 100.00 100.00 100.00 78.57 100.00 100.00 100.00 0.00
89.69=93.75 100.00 100.00 100.00 100.00 100.00 100.00 92.86 100.00 100.00 0.00
90.26=100.00 100.00 100.00 100.00 100.00 100.00 92.86 100.00 100.00 100.00 0.00
88.47=93.75 100.00 92.31 93.33 100.00 93.75 100.00 100.00 100.00 100.00 0.00
90.26=100.00 100.00 100.00 100.00 100.00 100.00 100.00 100.00 92.86 100.00 0.00
75.95=98.00 100.00 97.78 100.00 95.83 97.83 97.96 100.00 100.00 100.00 0.00 0.00 0.00
82.10=98.04 95.56 100.00 100.00 95.83 97.78 97.96 100.00 100.00 100.00 0.00 0.00
75.93=100.00 97.83 100.00 100.00 95.74 95.65 97.87 100.00 100.00 100.00 0.00 0.00 0.00
89.00=97.96 100.00 100.00 100.00 95.92 91.67 95.65 97.78 100.00 100.00 0.00
81.97=96.15 97.83 100.00 100.00 93.88 97.83 97.96 100.00 100.00 100.00 0.00 0.00
81.67=100.00 100.00 100.00 100.00 100.00 100.00 100.00 80.00 100.00 100.00 0.00 0.00
89.39=100.00 100.00 100.00 100.00 100.00 100.00 100.00 83.33 100.00 100.00 0.00
90.21=100.00 100.00 100.00 100.00 100.00 100.00 92.31 100.00 100.00 100.00 0.00
89.39=100.00 100.00 100.00 100.00 100.00 100.00 100.00 83.33 100.00 100.00 0.00
90.91=100.00 100.00 100.00 100.00 100.00 100.00 100.00 100.00 100.00 100.00 0.00
89.20=100.00 100.00 100.00 100.00 100.00 100.00 81.25 100.00 100.00 100.00 0.00
89.69=100.00 100.00 100.00 92.86 93.75 100.00 100.00 100.00 100.00 100.00 0.00
90.91=100.00 100.00 100.00 100.00 100.00 100.00 100.00 100.00 100.00 100.00 0.00
90.34=100.00 100.00 100.00 93.75 100.00 100.00 100.00 100.00 100.00 100.00 0.00
89.15=100.00 100.00 100.00 93.33 100.00 94.44 100.00 92.86 100.00 100.00 0.00
81.27=100.00 100.00 100.00 97.83 97.87 88.00 91.49 100.00 100.00 100.00 0.00 0.00
81.96=100.00 100.00 100.00 97.83 97.87 93.88 94.00 100.00 100.00 100.00 0.00 0.00
81.24=100.00 100.00 100.00 95.45 97.83 91.84 92.00 97.73 100.00 100.00 0.00 0.00
81.78=100.00 100.00 100.00 100.00 97.87 93.75 92.00 97.73 100.00 100.00 0.00 0.00
81.06=98.00 100.00 100.00 95.65 97.83 91.84 93.75 97.83 97.87 100.00 0.00 0.00
89.20=100.00 100.00 100.00 100.00 100.00 100.00 81.25 100.00 100.00 100.00 0.00
89.05=100.00 100.00 86.67 100.00 100.00 100.00 100.00 92.86 100.00 100.00 0.00
88.28=100.00 100.00 92.86 93.75 100.00 100.00 91.67 100.00 92.86 100.00 0.00
88.70=93.75 100.00 100.00 93.75 100.00 88.24 100.00 100.00 100.00 100.00 0.00
89.56=100.00 100.00 100.00 100.00 100.00 100.00 92.31 100.00 92.86 100.00 0.00
88.39=100.00 93.33 100.00 100.00 93.33 100.00 93.33 92.31 100.00 100.00 0.00
87.30=100.00 100.00 86.67 100.00 100.00 100.00 73.68 100.00 100.00 100.00 0.00
89.73=100.00 100.00 100.00 100.00 100.00 93.75 93.33 100.00 100.00 100.00 0.00
89.08=100.00 100.00 100.00 100.00 100.00 94.12 92.86 92.86 100.00 100.00 0.00
89.60=100.00 100.00 100.00 92.31 93.33 100.00 100.00 100.00 100.00 100.00 0.00
82.74=100.00 100.00 92.86 100.00 100.00 100.00 100.00 100.00 100.00 100.00 0.00 0.00
90.91=100.00 100.00 100.00 100.00 100.00 100.00 100.00 100.00 100.00 100.00 0.00
90.26=100.00 100.00 100.00 100.00 100.00 100.00 100.00 92.86 100.00 100.00 0.00
90.26=100.00 100.00 100.00 100.00 100.00 100.00 100.00 92.86 100.00 100.00 0.00
83.33=100.00 100.00 100.00 100.00 100.00 100.00 100.00 100.00 100.00 100.00 0.00 0.00
85.96=100.00 100.00 92.86 100.00 100.00 100.00 85.71 85.71 81.25 100.00 0.00
89.33=93.75 100.00 100.00 100.00 100.00 88.89 100.00 100.00 100.00 100.00 0.00
88.39=100.00 100.00 100.00 93.75 100.00 100.00 85.71 92.86 100.00 100.00 0.00
82.78=100.00 100.00 100.00 93.33 100.00 100.00 100.00 100.00 100.00 100.00 0.00 0.00
90.91=100.00 100.00 100.00 100.00 100.00 100.00 100.00 100.00 100.00 100.00 0.00
100.00=100.00 100.00 100.00 100.00 100.00 100.00 100.00 100.00 100.00 100.00
100.00=100.00 100.00 100.00 100.00 100.00 100.00 100.00 100.00 100.00 100.00
100.00=100.00 100.00 100.00 100.00 100.00 100.00 100.00 100.00 100.00 100.00
90.91=100.00 100.00 100.00 100.00 100.00 100.00 100.00 100.00 100.00 100.00 0.00
99.23=100.00 100.00 100.00 100.00 100.00 100.00 92.31 100.00 100.00 100.00
90.15=100.00 100.00 100.00 100.00 100.00 91.67 100.00 100.00 100.00 100.00 0.00
99.17=100.00 100.00 100.00 100.00 100.00 91.67 100.00 100.00 100.00 100.00
99.17=100.00 100.00 100.00 100.00 100.00 91.67 100.00 100.00 100.00 100.00
97.50=100.00 100.00 100.00 100.00 100.00 91.67 100.00 83.33 100.00 100.00
96.43=85.71 100.00 100.00 100.00 100.00 78.57 100.00 100.00 100.00 100.00
81.90=98.04 97.78 100.00 97.62 95.65 97.83 95.92 100.00 100.00 100.00 0.00 0.00
75.27=100.00 97.83 100.00 97.67 95.74 95.45 93.88 100.00 97.87 100.00 0.00 0.00 0.00
81.40=96.08 100.00 100.00 97.67 95.65 95.65 94.00 97.78 100.00 100.00 0.00 0.00
81.79=96.08 97.83 100.00 100.00 93.75 97.78 96.00 100.00 100.00 100.00 0.00 0.00
81.77=96.15 97.83 100.00 100.00 95.83 97.78 95.92 100.00 97.78 100.00 0.00 0.00
88.99=93.75 100.00 100.00 100.00 100.00 92.86 100.00 92.31 100.00 100.00 0.00
82.81=93.75 100.00 100.00 100.00 100.00 100.00 100.00 100.00 100.00 100.00 0.00 0.00
90.26=100.00 100.00 92.86 100.00 100.00 100.00 100.00 100.00 100.00 100.00 0.00
89.69=100.00 100.00 92.86 93.75 100.00 100.00 100.00 100.00 100.00 100.00 0.00
81.44=100.00 100.00 100.00 100.00 100.00 93.33 92.31 91.67 100.00 100.00 0.00 0.00
90.30=100.00 100.00 100.00 93.33 100.00 100.00 100.00 100.00 100.00 100.00 0.00
90.91=100.00 100.00 100.00 100.00 100.00 100.00 100.00 100.00 100.00 100.00 0.00
88.01=100.00 100.00 100.00 82.35 100.00 100.00 92.86 92.86 100.00 100.00 0.00
87.25=93.33 100.00 100.00 92.31 100.00 93.75 87.50 100.00 92.86 100.00 0.00
90.34=100.00 100.00 100.00 93.75 100.00 100.00 100.00 100.00 100.00 100.00 0.00
100.00=100.00 100.00 100.00 100.00 100.00 100.00 100.00 100.00 100.00 100.00
90.15=100.00 100.00 100.00 100.00 100.00 91.67 100.00 100.00 100.00 100.00 0.00
100.00=100.00 100.00 100.00 100.00 100.00 100.00 100.00 100.00 100.00 100.00
88.57=100.00 100.00 100.00 90.91 100.00 100.00 100.00 83.33 100.00 100.00 0.00
99.17=100.00 100.00 100.00 100.00 100.00 91.67 100.00 100.00 100.00 100.00
83.33=100.00 100.00 100.00 100.00 100.00 100.00 100.00 100.00 100.00 100.00 0.00 0.00
89.70=100.00 93.33 100.00 93.33 100.00 100.00 100.00 100.00 100.00 100.00 0.00
90.26=100.00 100.00 92.86 100.00 100.00 100.00 100.00 100.00 100.00 100.00 0.00
90.91=100.00 100.00 100.00 100.00 100.00 100.00 100.00 100.00 100.00 100.00 0.00
90.34=100.00 100.00 100.00 100.00 100.00 100.00 93.75 100.00 100.00 100.00 0.00
81.55=100.00 97.87 100.00 97.73 97.83 95.74 94.12 97.73 100.00 97.56 0.00 0.00
81.48=100.00 100.00 100.00 97.73 97.87 88.46 93.75 100.00 100.00 100.00 0.00 0.00
81.60=100.00 100.00 100.00 97.83 97.87 93.88 91.84 97.78 100.00 100.00 0.00 0.00
75.26=100.00 100.00 100.00 97.78 97.87 93.75 93.48 95.56 100.00 100.00 0.00 0.00 0.00
81.81=96.00 100.00 100.00 100.00 97.87 93.88 94.00 100.00 100.00 100.00 0.00 0.00
90.15=100.00 100.00 100.00 91.67 100.00 100.00 100.00 100.00 100.00 100.00 0.00
88.89=100.00 100.00 100.00 100.00 100.00 77.78 100.00 100.00 100.00 100.00 0.00
89.39=100.00 100.00 100.00 100.00 100.00 100.00 100.00 83.33 100.00 100.00 0.00
89.39=100.00 100.00 100.00 100.00 100.00 100.00 100.00 83.33 100.00 100.00 0.00
87.95=100.00 100.00 100.00 100.00 100.00 87.50 100.00 80.00 100.00 100.00 0.00
81.93=97.96 97.78 100.00 100.00 95.83 93.75 97.87 100.00 100.00 100.00 0.00 0.00
81.39=96.08 95.74 100.00 97.67 95.83 97.78 97.92 97.78 97.83 100.00 0.00 0.00
82.12=98.00 100.00 100.00 100.00 95.83 95.65 95.92 100.00 100.00 100.00 0.00 0.00
81.77=98.00 100.00 100.00 100.00 95.83 91.67 95.74 100.00 100.00 100.00 0.00 0.00
82.28=98.00 100.00 100.00 97.78 95.83 97.78 97.96 100.00 100.00 100.00 0.00 0.00
81.86=100.00 100.00 100.00 88.24 100.00 94.12 100.00 100.00 100.00 100.00 0.00 0.00
82.35=100.00 100.00 100.00 88.24 100.00 100.00 100.00 100.00 100.00 100.00 0.00 0.00
89.84=100.00 100.00 100.00 88.24 100.00 100.00 100.00 100.00 100.00 100.00 0.00
81.76=100.00 100.00 92.86 88.24 100.00 100.00 100.00 100.00 100.00 100.00 0.00 0.00
88.95=100.00 100.00 100.00 93.75 100.00 93.75 100.00 100.00 100.00 90.91 0.00
81.91=98.00 100.00 100.00 97.73 95.65 97.78 95.92 97.83 100.00 100.00 0.00 0.00
82.28=98.00 100.00 100.00 100.00 95.74 95.74 97.87 100.00 100.00 100.00 0.00 0.00
81.58=98.00 100.00 100.00 97.83 95.74 93.75 97.78 95.83 100.00 100.00 0.00 0.00
82.09=97.96 100.00 100.00 97.62 95.83 95.74 97.87 100.00 100.00 100.00 0.00 0.00
82.46=97.96 100.00 100.00 100.00 95.83 97.83 97.96 100.00 100.00 100.00 0.00 0.00
81.62=98.00 100.00 100.00 100.00 97.87 95.65 92.16 100.00 95.74 100.00 0.00 0.00
81.45=100.00 100.00 100.00 97.73 97.87 90.20 93.75 97.83 100.00 100.00 0.00 0.00
81.45=100.00 100.00 100.00 100.00 97.78 88.46 93.33 97.78 100.00 100.00 0.00 0.00
81.79=100.00 100.00 100.00 100.00 97.83 93.62 92.16 97.83 100.00 100.00 0.00 0.00
81.08=100.00 100.00 100.00 93.75 97.78 93.75 92.00 95.65 100.00 100.00 0.00 0.00
81.56=98.00 100.00 100.00 95.56 95.83 93.62 95.74 100.00 100.00 100.00 0.00 0.00
81.93=100.00 97.83 100.00 100.00 95.83 93.75 95.74 100.00 100.00 100.00 0.00 0.00
81.45=98.00 100.00 100.00 100.00 95.83 89.80 93.75 100.00 100.00 100.00 0.00 0.00
81.58=98.00 97.83 100.00 100.00 95.83 93.75 97.87 97.87 97.78 100.00 0.00 0.00
82.28=98.00 100.00 100.00 100.00 95.83 97.78 97.96 100.00 97.83 100.00 0.00 0.00
82.15=100.00 100.00 100.00 100.00 97.87 93.88 94.00 100.00 100.00 100.00 0.00 0.00
81.60=100.00 100.00 100.00 100.00 97.87 92.00 93.62 97.83 97.87 100.00 0.00 0.00
81.81=98.04 100.00 100.00 100.00 97.87 93.62 92.16 100.00 100.00 100.00 0.00 0.00
81.65=96.08 100.00 100.00 100.00 97.78 92.00 94.00 100.00 100.00 100.00 0.00 0.00
81.26=100.00 100.00 100.00 91.49 97.83 92.00 93.75 100.00 100.00 100.00 0.00 0.00
89.61=100.00 100.00 85.71 100.00 100.00 100.00 100.00 100.00 100.00 100.00 0.00
83.33=100.00 100.00 100.00 100.00 100.00 100.00 100.00 100.00 100.00 100.00 0.00 0.00
90.91=100.00 100.00 100.00 100.00 100.00 100.00 100.00 100.00 100.00 100.00 0.00
80.62=100.00 100.00 100.00 100.00 100.00 87.50 100.00 80.00 100.00 100.00 0.00 0.00
89.09=100.00 100.00 100.00 100.00 100.00 100.00 100.00 100.00 80.00 100.00 0.00
81.59=98.00 100.00 97.67 100.00 93.88 93.75 95.83 100.00 100.00 100.00 0.00 0.00
81.92=97.92 97.83 100.00 100.00 95.83 97.83 95.92 100.00 97.67 100.00 0.00 0.00
75.97=98.00 100.00 100.00 100.00 95.83 97.78 96.00 100.00 100.00 100.00 0.00 0.00 0.00
82.30=98.00 100.00 100.00 100.00 95.83 97.78 96.00 100.00 100.00 100.00 0.00 0.00
81.96=98.00 100.00 100.00 100.00 95.83 95.56 94.12 100.00 100.00 100.00 0.00 0.00
90.91=100.00 100.00 100.00 100.00 100.00 100.00 100.00 100.00 100.00 100.00 0.00
88.64=100.00 100.00 100.00 91.67 100.00 100.00 100.00 83.33 100.00 100.00 0.00
90.91=100.00 100.00 100.00 100.00 100.00 100.00 100.00 100.00 100.00 100.00 0.00
89.61=85.71 100.00 100.00 100.00 100.00 100.00 100.00 100.00 100.00 100.00 0.00
90.91=100.00 100.00 100.00 100.00 100.00 100.00 100.00 100.00 100.00 100.00 0.00
90.91=100.00 100.00 100.00 100.00 100.00 100.00 100.00 100.00 100.00 100.00 0.00
89.69=100.00 100.00 100.00 93.75 100.00 100.00 100.00 100.00 92.86 100.00 0.00
89.77=100.00 100.00 100.00 87.50 100.00 100.00 100.00 100.00 100.00 100.00 0.00
89.65=100.00 100.00 100.00 100.00 100.00 100.00 93.33 92.86 100.00 100.00 0.00
82.29=100.00 100.00 100.00 93.33 100.00 94.12 100.00 100.00 100.00 100.00 0.00 0.00
89.39=100.00 100.00 100.00 100.00 100.00 100.00 100.00 83.33 100.00 100.00 0.00
90.15=100.00 100.00 100.00 91.67 100.00 100.00 100.00 100.00 100.00 100.00 0.00
87.18=100.00 100.00 100.00 100.00 100.00 87.50 100.00 71.43 100.00 100.00 0.00
83.33=100.00 100.00 100.00 100.00 100.00 100.00 100.00 100.00 100.00 100.00 0.00 0.00
81.94=100.00 100.00 100.00 100.00 100.00 100.00 100.00 83.33 100.00 100.00 0.00 0.00
90.91=100.00 100.00 100.00 100.00 100.00 100.00 100.00 100.00 100.00 100.00 0.00
90.34=100.00 100.00 100.00 100.00 100.00 100.00 93.75 100.00 100.00 100.00 0.00
90.91=100.00 100.00 100.00 100.00 100.00 100.00 100.00 100.00 100.00 100.00 0.00
82.35=100.00 100.00 100.00 100.00 100.00 100.00 88.24 100.00 100.00 100.00 0.00 0.00
90.91=100.00 100.00 100.00 100.00 100.00 100.00 100.00 100.00 100.00 100.00 0.00
89.69=100.00 100.00 100.00 93.75 100.00 100.00 92.86 100.00 100.00 100.00 0.00
89.00=100.00 100.00 100.00 100.00 100.00 93.33 92.86 92.86 100.00 100.00 0.00
90.91=100.00 100.00 100.00 100.00 100.00 100.00 100.00 100.00 100.00 100.00 0.00
89.72=100.00 100.00 100.00 100.00 100.00 94.12 100.00 92.86 100.00 100.00 0.00
82.81=100.00 100.00 100.00 93.75 100.00 100.00 100.00 100.00 100.00 100.00 0.00 0.00
81.77=96.15 100.00 100.00 100.00 95.83 95.56 95.92 97.78 100.00 100.00 0.00 0.00
82.12=98.00 100.00 100.00 100.00 95.83 95.65 95.92 100.00 100.00 100.00 0.00 0.00
81.77=98.04 100.00 100.00 100.00 95.83 93.48 93.88 100.00 100.00 100.00 0.00 0.00
81.92=97.96 100.00 100.00 100.00 95.74 93.62 97.92 97.83 100.00 100.00 0.00 0.00
75.95=98.00 100.00 100.00 100.00 95.83 97.78 97.96 100.00 97.83 100.00 0.00 0.00 0.00
96.55=100.00 100.00 100.00 90.00 100.00 84.62 90.91 100.00 100.00 100.00
90.91=100.00 100.00 100.00 100.00 100.00 100.00 100.00 100.00 100.00 100.00 0.00
90.91=100.00 100.00 100.00 100.00 100.00 100.00 100.00 100.00 100.00 100.00 0.00
100.00=100.00 100.00 100.00 100.00 100.00 100.00 100.00 100.00 100.00 100.00
99.23=100.00 100.00 100.00 100.00 100.00 100.00 92.31 100.00 100.00 100.00
90.91=100.00 100.00 100.00 100.00 100.00 100.00 100.00 100.00 100.00 100.00 0.00
90.91=100.00 100.00 100.00 100.00 100.00 100.00 100.00 100.00 100.00 100.00 0.00
83.33=100.00 100.00 100.00 100.00 100.00 100.00 100.00 100.00 100.00 100.00 0.00 0.00
90.91=100.00 100.00 100.00 100.00 100.00 100.00 100.00 100.00 100.00 100.00 0.00
90.91=100.00 100.00 100.00 100.00 100.00 100.00 100.00 100.00 100.00 100.00 0.00
90.91=100.00 100.00 100.00 100.00 100.00 100.00 100.00 100.00 100.00 100.00 0.00
100.00=100.00 100.00 100.00 100.00 100.00 100.00 100.00 100.00 100.00 100.00
89.09=100.00 100.00 100.00 100.00 100.00 100.00 100.00 100.00 80.00 100.00 0.00
90.08=100.00 100.00 100.00 100.00 100.00 90.91 100.00 100.00 100.00 100.00 0.00
100.00=100.00 100.00 100.00 100.00 100.00 100.00 100.00 100.00 100.00 100.00
88.51=100.00 100.00 100.00 100.00 93.75 94.12 92.86 100.00 92.86 100.00 0.00
82.81=100.00 100.00 100.00 100.00 93.75 100.00 100.00 100.00 100.00 100.00 0.00 0.00
87.97=93.75 100.00 100.00 88.24 100.00 93.33 92.31 100.00 100.00 100.00 0.00
89.65=100.00 100.00 100.00 100.00 100.00 100.00 93.33 100.00 92.86 100.00 0.00
90.91=100.00 100.00 100.00 100.00 100.00 100.00 100.00 100.00 100.00 100.00 0.00
75.78=100.00 100.00 97.87 100.00 100.00 95.74 93.62 97.87 100.00 100.00 0.00 0.00 0.00
81.44=100.00 100.00 100.00 95.65 97.83 95.65 90.20 100.00 97.92 100.00 0.00 0.00
81.96=100.00 100.00 100.00 100.00 97.83 93.75 92.00 100.00 100.00 100.00 0.00 0.00
75.64=100.00 100.00 100.00 97.78 95.83 95.74 94.00 100.00 100.00 100.00 0.00 0.00 0.00
81.80=100.00 100.00 100.00 100.00 97.87 91.84 91.84 100.00 100.00 100.00 0.00 0.00
90.91=100.00 100.00 100.00 100.00 100.00 100.00 100.00 100.00 100.00 100.00 0.00
89.19=100.00 100.00 92.86 100.00 100.00 100.00 88.24 100.00 100.00 100.00 0.00
89.17=100.00 87.50 100.00 100.00 100.00 93.33 100.00 100.00 100.00 100.00 0.00
90.34=100.00 100.00 100.00 100.00 100.00 100.00 93.75 100.00 100.00 100.00 0.00
89.04=93.75 100.00 92.86 100.00 100.00 100.00 100.00 100.00 92.86 100.00 0.00
90.91=100.00 100.00 100.00 100.00 100.00 100.00 100.00 100.00 100.00 100.00 0.00
89.61=100.00 85.71 100.00 100.00 100.00 100.00 100.00 100.00 100.00 100.00 0.00
99.17=100.00 100.00 100.00 100.00 100.00 91.67 100.00 100.00 100.00 100.00
90.91=100.00 100.00 100.00 100.00 100.00 100.00 100.00 100.00 100.00 100.00 0.00
100.00=100.00 100.00 100.00 100.00 100.00 100.00 100.00 100.00 100.00 100.00
90.91=100.00 100.00 100.00 100.00 100.00 100.00 100.00 100.00 100.00 100.00 0.00
89.61=100.00 100.00 85.71 100.00 100.00 100.00 100.00 100.00 100.00 100.00 0.00
89.61=100.00 100.00 100.00 100.00 100.00 85.71 100.00 100.00 100.00 100.00 0.00
89.61=100.00 100.00 100.00 100.00 100.00 85.71 100.00 100.00 100.00 100.00 0.00
90.91=100.00 100.00 100.00 100.00 100.00 100.00 100.00 100.00 100.00 100.00 0.00
89.09=100.00 100.00 100.00 93.75 100.00 93.33 92.86 100.00 100.00 100.00 0.00
89.69=100.00 100.00 100.00 93.75 100.00 100.00 100.00 92.86 100.00 100.00 0.00
89.73=93.75 100.00 100.00 100.00 100.00 93.33 100.00 100.00 100.00 100.00 0.00
83.33=100.00 100.00 100.00 100.00 100.00 100.00 100.00 100.00 100.00 100.00 0.00 0.00
90.91=100.00 100.00 100.00 100.00 100.00 100.00 100.00 100.00 100.00 100.00 0.00
90.30=100.00 93.33 100.00 100.00 100.00 100.00 100.00 100.00 100.00 100.00 0.00
90.91=100.00 100.00 100.00 100.00 100.00 100.00 100.00 100.00 100.00 100.00 0.00
90.34=100.00 100.00 100.00 100.00 100.00 100.00 93.75 100.00 100.00 100.00 0.00
88.91=100.00 100.00 100.00 100.00 100.00 85.71 92.31 100.00 100.00 100.00 0.00
90.91=100.00 100.00 100.00 100.00 100.00 100.00 100.00 100.00 100.00 100.00 0.00
81.92=98.00 100.00 100.00 97.67 95.83 95.65 95.83 100.00 100.00 100.00 0.00 0.00
82.28=98.04 97.83 100.00 100.00 97.87 97.83 97.92 97.87 100.00 100.00 0.00 0.00
81.25=97.96 100.00 100.00 95.65 95.83 90.00 97.73 100.00 97.83 100.00 0.00 0.00
82.13=97.96 100.00 100.00 100.00 95.92 95.74 95.92 100.00 100.00 100.00 0.00 0.00
82.10=97.96 100.00 100.00 100.00 95.83 95.74 97.83 100.00 97.83 100.00 0.00 0.00
89.39=100.00 100.00 100.00 100.00 100.00 100.00 100.00 83.33 100.00 100.00 0.00
82.29=100.00 100.00 100.00 100.00 100.00 87.50 100.00 100.00 100.00 100.00 0.00 0.00
87.27=100.00 100.00 100.00 100.00 100.00 100.00 100.00 80.00 80.00 100.00 0.00
81.94=100.00 100.00 100.00 100.00 100.00 100.00 100.00 83.33 100.00 100.00 0.00 0.00
90.91=100.00 100.00 100.00 100.00 100.00 100.00 100.00 100.00 100.00 100.00 0.00
82.12=96.08 100.00 100.00 100.00 95.83 95.65 97.92 100.00 100.00 100.00 0.00 0.00
81.92=98.04 97.83 100.00 100.00 95.74 93.62 97.87 100.00 100.00 100.00 0.00 0.00
81.93=97.96 97.83 100.00 100.00 95.83 95.74 97.92 97.83 100.00 100.00 0.00 0.00
82.29=98.00 100.00 100.00 100.00 95.83 97.83 97.96 97.83 100.00 100.00 0.00 0.00
82.25=98.00 100.00 100.00 97.73 97.78 97.83 97.87 97.83 100.00 100.00 0.00 0.00
99.17=100.00 100.00 100.00 100.00 100.00 91.67 100.00 100.00 100.00 100.00
99.17=100.00 100.00 100.00 100.00 100.00 91.67 100.00 100.00 100.00 100.00
100.00=100.00 100.00 100.00 100.00 100.00 100.00 100.00 100.00 100.00 100.00
100.00=100.00 100.00 100.00 100.00 100.00 100.00 100.00 100.00 100.00 100.00
90.91=100.00 100.00 100.00 100.00 100.00 100.00 100.00 100.00 100.00 100.00 0.00
82.28=97.96 100.00 100.00 100.00 95.83 97.83 97.92 97.83 100.00 100.00 0.00 0.00
82.12=98.00 100.00 100.00 100.00 95.83 97.78 96.00 97.87 100.00 100.00 0.00 0.00
75.62=98.00 100.00 100.00 100.00 95.83 95.56 95.83 97.83 100.00 100.00 0.00 0.00 0.00
75.96=97.96 100.00 100.00 100.00 95.83 97.78 95.92 100.00 100.00 100.00 0.00 0.00 0.00
75.96=98.04 100.00 100.00 100.00 95.83 100.00 95.83 100.00 97.78 100.00 0.00 0.00 0.00
81.95=100.00 100.00 100.00 100.00 97.83 93.88 93.88 97.83 100.00 100.00 0.00 0.00
81.99=100.00 100.00 97.87 100.00 100.00 93.88 92.16 100.00 100.00 100.00 0.00 0.00
81.39=97.92 100.00 100.00 97.78 97.87 93.88 93.62 97.78 97.87 100.00 0.00 0.00
75.46=100.00 100.00 100.00 100.00 97.87 93.88 93.75 97.73 97.73 100.00 0.00 0.00 0.00
81.80=100.00 100.00 100.00 100.00 97.83 92.00 93.88 100.00 97.92 100.00 0.00 0.00
99.23=100.00 100.00 100.00 100.00 100.00 100.00 92.31 100.00 100.00 100.00
100.00=100.00 100.00 100.00 100.00 100.00 100.00 100.00 100.00 100.00 100.00
100.00=100.00 100.00 100.00 100.00 100.00 100.00 100.00 100.00 100.00 100.00
99.17=100.00 100.00 100.00 100.00 100.00 91.67 100.00 100.00 100.00 100.00
97.50=100.00 100.00 100.00 100.00 100.00 91.67 100.00 83.33 100.00 100.00
100.00=100.00 100.00 100.00 100.00 100.00 100.00 100.00 100.00 100.00 100.00
96.90=85.71 100.00 100.00 100.00 100.00 100.00 100.00 83.33 100.00 100.00
96.67=100.00 100.00 100.00 100.00 100.00 83.33 100.00 83.33 100.00 100.00
99.17=100.00 100.00 100.00 100.00 100.00 91.67 100.00 100.00 100.00 100.00
96.79=100.00 100.00 100.00 84.62 100.00 100.00 100.00 83.33 100.00 100.00
82.18=100.00 100.00 100.00 100.00 100.00 100.00 93.33 100.00 92.86 100.00 0.00 0.00
90.34=100.00 100.00 100.00 100.00 100.00 100.00 93.75 100.00 100.00 100.00 0.00
83.33=100.00 100.00 100.00 100.00 100.00 100.00 100.00 100.00 100.00 100.00 0.00 0.00
82.74=100.00 100.00 92.86 100.00 100.00 100.00 100.00 100.00 100.00 100.00 0.00 0.00
82.10=100.00 100.00 100.00 100.00 100.00 100.00 92.86 92.31 100.00 100.00 0.00 0.00
80.95=100.00 100.00 100.00 100.00 100.00 100.00 100.00 71.43 100.00 100.00 0.00 0.00
90.91=100.00 100.00 100.00 100.00 100.00 100.00 100.00 100.00 100.00 100.00 0.00
83.33=100.00 100.00 100.00 100.00 100.00 100.00 100.00 100.00 100.00 100.00 0.00 0.00
88.64=75.00 100.00 100.00 100.00 100.00 100.00 100.00 100.00 100.00 100.00 0.00
90.91=100.00 100.00 100.00 100.00 100.00 100.00 100.00 100.00 100.00 100.00 0.00
76.44=100.00 100.00 100.00 100.00 93.75 100.00 100.00 100.00 100.00 100.00 0.00 0.00 0.00
90.21=100.00 100.00 100.00 100.00 100.00 92.31 100.00 100.00 100.00 100.00 0.00
82.29=100.00 100.00 100.00 100.00 100.00 100.00 87.50 100.00 100.00 100.00 0.00 0.00
89.65=100.00 100.00 100.00 100.00 100.00 100.00 93.33 92.86 100.00 100.00 0.00
90.91=100.00 100.00 100.00 100.00 100.00 100.00 100.00 100.00 100.00 100.00 0.00
82.14=100.00 100.00 85.71 100.00 100.00 100.00 100.00 100.00 100.00 100.00 0.00 0.00
90.91=100.00 100.00 100.00 100.00 100.00 100.00 100.00 100.00 100.00 100.00 0.00
90.91=100.00 100.00 100.00 100.00 100.00 100.00 100.00 100.00 100.00 100.00 0.00
89.77=100.00 100.00 100.00 100.00 100.00 87.50 100.00 100.00 100.00 100.00 0.00
83.33=100.00 100.00 100.00 100.00 100.00 100.00 100.00 100.00 100.00 100.00 0.00 0.00
90.91=100.00 100.00 100.00 100.00 100.00 100.00 100.00 100.00 100.00 100.00 0.00
90.15=100.00 100.00 100.00 91.67 100.00 100.00 100.00 100.00 100.00 100.00 0.00
97.03=100.00 85.71 100.00 84.62 100.00 100.00 100.00 100.00 100.00 100.00
100.00=100.00 100.00 100.00 100.00 100.00 100.00 100.00 100.00 100.00 100.00
96.33=100.00 100.00 100.00 91.67 100.00 91.67 100.00 100.00 80.00 100.00
82.11=98.00 100.00 100.00 97.78 95.83 97.83 95.92 100.00 100.00 100.00 0.00 0.00
75.95=98.00 100.00 100.00 100.00 95.74 95.74 97.92 100.00 100.00 100.00 0.00 0.00 0.00
81.78=97.96 100.00 100.00 100.00 95.83 91.84 97.83 97.87 100.00 100.00 0.00 0.00
82.30=97.96 100.00 100.00 100.00 97.78 97.78 94.12 100.00 100.00 100.00 0.00 0.00
82.12=97.96 100.00 100.00 100.00 95.83 93.75 97.87 100.00 100.00 100.00 0.00 0.00
96.57=100.00 85.71 100.00 100.00 100.00 100.00 100.00 100.00 80.00 100.00
90.91=100.00 100.00 100.00 100.00 100.00 100.00 100.00 100.00 100.00 100.00 0.00
90.91=100.00 100.00 100.00 100.00 100.00 100.00 100.00 100.00 100.00 100.00 0.00
99.17=100.00 100.00 100.00 100.00 100.00 91.67 100.00 100.00 100.00 100.00
99.17=100.00 100.00 100.00 100.00 100.00 91.67 100.00 100.00 100.00 100.00
90.26=100.00 100.00 100.00 100.00 100.00 100.00 100.00 100.00 92.86 100.00 0.00
90.26=100.00 100.00 100.00 100.00 100.00 100.00 100.00 92.86 100.00 100.00 0.00
90.26=100.00 100.00 92.86 100.00 100.00 100.00 100.00 100.00 100.00 100.00 0.00
89.69=100.00 100.00 100.00 100.00 100.00 100.00 93.75 100.00 92.86 100.00 0.00
89.60=100.00 100.00 100.00 100.00 100.00 92.31 93.33 100.00 100.00 100.00 0.00
90.26=100.00 100.00 100.00 100.00 100.00 100.00 100.00 92.86 100.00 100.00 0.00
81.62=100.00 100.00 100.00 100.00 100.00 93.75 100.00 92.86 92.86 100.00 0.00 0.00
89.09=100.00 100.00 100.00 93.33 100.00 93.75 100.00 92.86 100.00 100.00 0.00
90.91=100.00 100.00 100.00 100.00 100.00 100.00 100.00 100.00 100.00 100.00 0.00
88.47=100.00 93.33 100.00 93.75 100.00 93.75 92.31 100.00 100.00 100.00 0.00
75.65=96.08 100.00 100.00 100.00 95.92 95.56 95.92 100.00 100.00 100.00 0.00 0.00 0.00
75.62=98.00 100.00 100.00 100.00 97.87 95.74 95.83 95.56 100.00 100.00 0.00 0.00 0.00
75.96=98.00 100.00 100.00 100.00 93.75 97.83 97.96 100.00 100.00 100.00 0.00 0.00 0.00
75.47=97.92 100.00 100.00 97.73 93.88 97.83 95.92 100.00 97.83 100.00 0.00 0.00 0.00
75.80=98.04 100.00 100.00 100.00 95.83 95.65 95.92 100.00 100.00 100.00 0.00 0.00 0.00
88.31=100.00 100.00 85.71 100.00 100.00 85.71 100.00 100.00 100.00 100.00 0.00
90.91=100.00 100.00 100.00 100.00 100.00 100.00 100.00 100.00 100.00 100.00 0.00
90.91=100.00 100.00 100.00 100.00 100.00 100.00 100.00 100.00 100.00 100.00 0.00
90.91=100.00 100.00 100.00 100.00 100.00 100.00 100.00 100.00 100.00 100.00 0.00
89.02=100.00 100.00 100.00 100.00 100.00 87.50 91.67 100.00 100.00 100.00 0.00
90.91=100.00 100.00 100.00 100.00 100.00 100.00 100.00 100.00 100.00 100.00 0.00
97.74=100.00 85.71 100.00 100.00 100.00 91.67 100.00 100.00 100.00 100.00
100.00=100.00 100.00 100.00 100.00 100.00 100.00 100.00 100.00 100.00 100.00
99.17=100.00 100.00 100.00 100.00 100.00 91.67 100.00 100.00 100.00 100.00
100.00=100.00 100.00 100.00 100.00 100.00 100.00 100.00 100.00 100.00 100.00
80.75=100.00 100.00 100.00 100.00 100.00 85.71 100.00 83.33 100.00 100.00 0.00 0.00
81.19=100.00 100.00 100.00 100.00 100.00 100.00 100.00 83.33 100.00 90.91 0.00 0.00
89.77=100.00 100.00 100.00 100.00 100.00 87.50 100.00 100.00 100.00 100.00 0.00
90.91=100.00 100.00 100.00 100.00 100.00 100.00 100.00 100.00 100.00 100.00 0.00
90.91=100.00 100.00 100.00 100.00 100.00 100.00 100.00 100.00 100.00 100.00 0.00
89.05=100.00 100.00 86.67 100.00 100.00 92.86 100.00 100.00 100.00 100.00 0.00
90.91=100.00 100.00 100.00 100.00 100.00 100.00 100.00 100.00 100.00 100.00 0.00
83.33=100.00 100.00 100.00 100.00 100.00 100.00 100.00 100.00 100.00 100.00 0.00 0.00
90.91=100.00 100.00 100.00 100.00 100.00 100.00 100.00 100.00 100.00 100.00 0.00
82.74=100.00 100.00 100.00 100.00 100.00 100.00 92.86 100.00 100.00 100.00 0.00 0.00
75.63=98.00 100.00 100.00 100.00 95.83 93.62 95.74 100.00 100.00 100.00 0.00 0.00 0.00
70.05=96.08 100.00 100.00 97.62 95.74 95.56 97.92 97.83 100.00 100.00 0.00 0.00 0.00 0.00
75.78=97.96 100.00 100.00 100.00 95.83 97.73 96.00 100.00 100.00 97.62 0.00 0.00 0.00
75.28=96.00 100.00 100.00 95.45 95.83 95.74 97.78 97.78 100.00 100.00 0.00 0.00 0.00
75.80=98.04 100.00 100.00 100.00 95.83 95.74 97.87 97.87 100.00 100.00 0.00 0.00 0.00
76.92=100.00 100.00 100.00 100.00 100.00 100.00 100.00 100.00 100.00 100.00 0.00 0.00 0.00
90.91=100.00 100.00 100.00 100.00 100.00 100.00 100.00 100.00 100.00 100.00 0.00
90.30=100.00 100.00 100.00 100.00 100.00 93.33 100.00 100.00 100.00 100.00 0.00
83.33=100.00 100.00 100.00 100.00 100.00 100.00 100.00 100.00 100.00 100.00 0.00 0.00
90.34=100.00 100.00 100.00 100.00 100.00 100.00 93.75 100.00 100.00 100.00 0.00
97.14=85.71 100.00 100.00 100.00 85.71 100.00 100.00 100.00 100.00 100.00
100.00=100.00 100.00 100.00 100.00 100.00 100.00 100.00 100.00 100.00 100.00
97.17=100.00 100.00 100.00 100.00 100.00 91.67 100.00 100.00 80.00 100.00
90.91=100.00 100.00 100.00 100.00 100.00 100.00 100.00 100.00 100.00 100.00 0.00
100.00=100.00 100.00 100.00 100.00 100.00 100.00 100.00 100.00 100.00 100.00
90.91=100.00 100.00 100.00 100.00 100.00 100.00 100.00 100.00 100.00 100.00 0.00
83.33=100.00 100.00 100.00 100.00 100.00 100.00 100.00 100.00 100.00 100.00 0.00 0.00
88.94=93.75 100.00 100.00 100.00 100.00 92.31 100.00 100.00 92.31 100.00 0.00
90.34=100.00 100.00 100.00 100.00 100.00 100.00 93.75 100.00 100.00 100.00 0.00
82.22=100.00 100.00 100.00 93.75 100.00 92.86 100.00 100.00 100.00 100.00 0.00 0.00
90.91=100.00 100.00 100.00 100.00 100.00 100.00 100.00 100.00 100.00 100.00 0.00
89.61=100.00 100.00 85.71 100.00 100.00 100.00 100.00 100.00 100.00 100.00 0.00
83.33=100.00 100.00 100.00 100.00 100.00 100.00 100.00 100.00 100.00 100.00 0.00 0.00
90.91=100.00 100.00 100.00 100.00 100.00 100.00 100.00 100.00 100.00 100.00 0.00
90.91=100.00 100.00 100.00 100.00 100.00 100.00 100.00 100.00 100.00 100.00 0.00
81.70=93.75 100.00 100.00 100.00 100.00 100.00 100.00 100.00 86.67 100.00 0.00 0.00
82.78=100.00 100.00 100.00 93.33 100.00 100.00 100.00 100.00 100.00 100.00 0.00 0.00
83.33=100.00 100.00 100.00 100.00 100.00 100.00 100.00 100.00 100.00 100.00 0.00 0.00
76.92=100.00 100.00 100.00 100.00 100.00 100.00 100.00 100.00 100.00 100.00 0.00 0.00 0.00
75.93=93.33 100.00 100.00 100.00 100.00 93.75 100.00 100.00 100.00 100.00 0.00 0.00 0.00
75.29=100.00 100.00 100.00 97.83 97.73 93.88 93.88 97.83 100.00 97.62 0.00 0.00 0.00
75.32=100.00 100.00 100.00 100.00 97.87 91.49 89.80 100.00 100.00 100.00 0.00 0.00 0.00
75.67=100.00 100.00 100.00 100.00 97.87 90.20 95.65 100.00 100.00 100.00 0.00 0.00 0.00
75.40=100.00 100.00 100.00 96.55 97.87 92.00 93.75 100.00 100.00 100.00 0.00 0.00 0.00
75.20=100.00 100.00 100.00 100.00 97.87 88.24 91.49 100.00 100.00 100.00 0.00 0.00 0.00
100.00=100.00 100.00 100.00 100.00 100.00 100.00 100.00 100.00 100.00 100.00
90.91=100.00 100.00 100.00 100.00 100.00 100.00 100.00 100.00 100.00 100.00 0.00
98.46=100.00 100.00 100.00 100.00 100.00 84.62 100.00 100.00 100.00 100.00
100.00=100.00 100.00 100.00 100.00 100.00 100.00 100.00 100.00 100.00 100.00
90.91=100.00 100.00 100.00 100.00 100.00 100.00 100.00 100.00 100.00 100.00 0.00
89.77=100.00 100.00 100.00 100.00 100.00 87.50 100.00 100.00 100.00 100.00 0.00
83.33=100.00 100.00 100.00 100.00 100.00 100.00 100.00 100.00 100.00 100.00 0.00 0.00
89.39=100.00 100.00 100.00 100.00 100.00 100.00 100.00 83.33 100.00 100.00 0.00
89.39=100.00 100.00 100.00 100.00 100.00 100.00 100.00 83.33 100.00 100.00 0.00
90.91=100.00 100.00 100.00 100.00 100.00 100.00 100.00 100.00 100.00 100.00 0.00
90.91=100.00 100.00 100.00 100.00 100.00 100.00 100.00 100.00 100.00 100.00 0.00
82.64=100.00 100.00 100.00 100.00 100.00 100.00 91.67 100.00 100.00 100.00 0.00 0.00
90.91=100.00 100.00 100.00 100.00 100.00 100.00 100.00 100.00 100.00 100.00 0.00
90.91=100.00 100.00 100.00 100.00 100.00 100.00 100.00 100.00 100.00 100.00 0.00
90.91=100.00 100.00 100.00 100.00 100.00 100.00 100.00 100.00 100.00 100.00 0.00
100.00=100.00 100.00 100.00 100.00 100.00 100.00 100.00 100.00 100.00 100.00
98.57=100.00 100.00 100.00 100.00 85.71 100.00 100.00 100.00 100.00 100.00
83.33=100.00 100.00 100.00 100.00 100.00 100.00 100.00 100.00 100.00 100.00 0.00 0.00
90.91=100.00 100.00 100.00 100.00 100.00 100.00 100.00 100.00 100.00 100.00 0.00
90.91=100.00 100.00 100.00 100.00 100.00 100.00 100.00 100.00 100.00 100.00 0.00
82.81=100.00 100.00 100.00 100.00 100.00 93.75 100.00 100.00 100.00 100.00 0.00 0.00
82.78=100.00 100.00 100.00 100.00 100.00 100.00 93.33 100.00 100.00 100.00 0.00 0.00
76.92=100.00 100.00 100.00 100.00 100.00 100.00 100.00 100.00 100.00 100.00 0.00 0.00 0.00
76.92=100.00 100.00 100.00 100.00 100.00 100.00 100.00 100.00 100.00 100.00 0.00 0.00 0.00
82.74=100.00 100.00 100.00 100.00 100.00 100.00 100.00 100.00 92.86 100.00 0.00 0.00
75.95=98.04 100.00 100.00 100.00 95.74 95.74 97.87 100.00 100.00 100.00 0.00 0.00 0.00
75.80=98.04 100.00 100.00 100.00 95.83 95.65 95.92 100.00 100.00 100.00 0.00 0.00 0.00
75.29=98.00 97.83 100.00 100.00 95.74 93.62 95.74 97.78 100.00 100.00 0.00 0.00 0.00
65.85=98.04 100.00 100.00 100.00 93.75 100.00 96.00 100.00 100.00 100.00 0.00 0.00 0.00 0.00 0.00
75.47=97.92 100.00 100.00 100.00 95.74 91.84 97.83 97.83 100.00 100.00 0.00 0.00 0.00
90.91=100.00 100.00 100.00 100.00 100.00 100.00 100.00 100.00 100.00 100.00 0.00
100.00=100.00 100.00 100.00 100.00 100.00 100.00 100.00 100.00 100.00 100.00
90.91=100.00 100.00 100.00 100.00 100.00 100.00 100.00 100.00 100.00 100.00 0.00
99.17=100.00 100.00 100.00 100.00 100.00 91.67 100.00 100.00 100.00 100.00
89.61=100.00 100.00 85.71 100.00 100.00 100.00 100.00 100.00 100.00 100.00 0.00
90.15=100.00 100.00 100.00 91.67 100.00 100.00 100.00 100.00 100.00 100.00 0.00
83.33=100.00 100.00 100.00 100.00 100.00 100.00 100.00 100.00 100.00 100.00 0.00 0.00
83.33=100.00 100.00 100.00 100.00 100.00 100.00 100.00 100.00 100.00 100.00 0.00 0.00
86.74=100.00 100.00 100.00 100.00 100.00 87.50 100.00 100.00 66.67 100.00 0.00
90.91=100.00 100.00 100.00 100.00 100.00 100.00 100.00 100.00 100.00 100.00 0.00
90.91=100.00 100.00 100.00 100.00 100.00 100.00 100.00 100.00 100.00 100.00 0.00
82.14=100.00 100.00 100.00 100.00 100.00 85.71 100.00 100.00 100.00 100.00 0.00 0.00
90.91=100.00 100.00 100.00 100.00 100.00 100.00 100.00 100.00 100.00 100.00 0.00
90.15=100.00 100.00 100.00 91.67 100.00 100.00 100.00 100.00 100.00 100.00 0.00
90.91=100.00 100.00 100.00 100.00 100.00 100.00 100.00 100.00 100.00 100.00 0.00
82.78=93.33 100.00 100.00 100.00 100.00 100.00 100.00 100.00 100.00 100.00 0.00 0.00
76.92=100.00 100.00 100.00 100.00 100.00 100.00 100.00 100.00 100.00 100.00 0.00 0.00 0.00
76.92=100.00 100.00 100.00 100.00 100.00 100.00 100.00 100.00 100.00 100.00 0.00 0.00 0.00
82.74=100.00 100.00 92.86 100.00 100.00 100.00 100.00 100.00 100.00 100.00 0.00 0.00
83.33=100.00 100.00 100.00 100.00 100.00 100.00 100.00 100.00 100.00 100.00 0.00 0.00
74.95=100.00 95.83 100.00 100.00 97.83 92.00 90.91 97.83 100.00 100.00 0.00 0.00 0.00
75.82=100.00 100.00 100.00 100.00 97.87 93.75 94.00 100.00 100.00 100.00 0.00 0.00 0.00
75.35=100.00 100.00 100.00 100.00 97.83 90.00 91.67 100.00 100.00 100.00 0.00 0.00 0.00
75.69=100.00 100.00 100.00 100.00 100.00 92.00 92.00 100.00 100.00 100.00 0.00 0.00 0.00
75.17=98.00 100.00 100.00 100.00 97.83 92.00 91.67 97.73 100.00 100.00 0.00 0.00 0.00
76.44=100.00 100.00 100.00 100.00 100.00 100.00 93.75 100.00 100.00 100.00 0.00 0.00 0.00
90.91=100.00 100.00 100.00 100.00 100.00 100.00 100.00 100.00 100.00 100.00 0.00
90.91=100.00 100.00 100.00 100.00 100.00 100.00 100.00 100.00 100.00 100.00 0.00
70.88=100.00 100.00 100.00 100.00 100.00 100.00 100.00 92.31 100.00 100.00 0.00 0.00 0.00 0.00
76.37=100.00 100.00 100.00 100.00 100.00 92.86 100.00 100.00 100.00 100.00 0.00 0.00 0.00
76.13=96.08 100.00 100.00 100.00 97.83 97.83 97.96 100.00 100.00 100.00 0.00 0.00 0.00
76.14=96.08 100.00 100.00 100.00 95.83 100.00 97.96 100.00 100.00 100.00 0.00 0.00 0.00
70.54=98.00 100.00 100.00 100.00 95.83 95.74 97.92 100.00 100.00 100.00 0.00 0.00 0.00 0.00
70.38=98.00 100.00 100.00 100.00 95.74 95.74 95.83 100.00 100.00 100.00 0.00 0.00 0.00 0.00
70.37=100.00 97.83 100.00 100.00 95.83 95.65 95.92 100.00 100.00 100.00 0.00 0.00 0.00 0.00
100.00=100.00 100.00 100.00 100.00 100.00 100.00 100.00 100.00 100.00 100.00
100.00=100.00 100.00 100.00 100.00 100.00 100.00 100.00 100.00 100.00 100.00
100.00=100.00 100.00 100.00 100.00 100.00 100.00 100.00 100.00 100.00 100.00
88.39=100.00 100.00 100.00 100.00 100.00 100.00 92.31 100.00 80.00 100.00 0.00
100.00=100.00 100.00 100.00 100.00 100.00 100.00 100.00 100.00 100.00 100.00
76.37=100.00 100.00 100.00 100.00 100.00 92.86 100.00 100.00 100.00 100.00 0.00 0.00 0.00
82.74=100.00 100.00 100.00 100.00 100.00 92.86 100.00 100.00 100.00 100.00 0.00 0.00
76.41=100.00 100.00 100.00 100.00 93.33 100.00 100.00 100.00 100.00 100.00 0.00 0.00 0.00
75.89=100.00 100.00 100.00 100.00 100.00 100.00 93.75 100.00 92.86 100.00 0.00 0.00 0.00
83.33=100.00 100.00 100.00 100.00 100.00 100.00 100.00 100.00 100.00 100.00 0.00 0.00
76.41=100.00 100.00 100.00 100.00 93.33 100.00 100.00 100.00 100.00 100.00 0.00 0.00 0.00
76.37=100.00 100.00 100.00 100.00 100.00 100.00 100.00 100.00 92.86 100.00 0.00 0.00 0.00
76.92=100.00 100.00 100.00 100.00 100.00 100.00 100.00 100.00 100.00 100.00 0.00 0.00 0.00
82.29=100.00 100.00 100.00 87.50 100.00 100.00 100.00 100.00 100.00 100.00 0.00 0.00
76.41=100.00 93.33 100.00 100.00 100.00 100.00 100.00 100.00 100.00 100.00 0.00 0.00 0.00
100.00=100.00 100.00 100.00 100.00 100.00 100.00 100.00 100.00 100.00 100.00
88.78=85.71 100.00 100.00 100.00 100.00 100.00 90.91 100.00 100.00 100.00 0.00
90.08=100.00 100.00 100.00 100.00 100.00 90.91 100.00 100.00 100.00 100.00 0.00
90.91=100.00 100.00 100.00 100.00 100.00 100.00 100.00 100.00 100.00 100.00 0.00
98.57=85.71 100.00 100.00 100.00 100.00 100.00 100.00 100.00 100.00 100.00
