59.80=91.67 100.00 81.82 82.61 2.50 55.26 76.92 73.68 29.63 81.25 52.63 88.46 57.58 39.13 73.91 80.77 73.33 70.00 56.25 76.47 30.77 79.31 80.77 31.25 33.33 53.12 41.18 40.00 33.33 50.00 36.84
54.67=85.71 91.30 68.00 86.96 3.45 41.67 75.00 50.00 16.00 68.18 60.00 78.57 47.37 21.74 82.35 100.00 70.97 64.52 35.00 70.00 0.00 81.48 70.97 29.41 26.67 61.90 47.06 42.86 13.33 60.00 44.44
57.57=95.65 95.45 76.00 62.50 0.00 45.28 83.33 44.44 25.00 83.33 48.89 84.62 47.22 33.33 91.30 72.73 68.57 62.16 40.00 80.00 0.00 85.71 70.37 40.00 45.45 60.87 53.33 54.55 30.00 62.50 42.11
58.64=91.67 91.30 85.71 80.00 2.08 45.10 76.19 76.92 23.08 84.21 55.00 84.62 52.50 40.00 70.97 92.00 68.75 64.71 60.00 64.71 0.00 74.19 67.86 31.25 39.13 59.26 55.56 57.14 23.81 41.67 58.33
60.01=95.83 100.00 85.71 76.00 0.00 43.14 87.50 70.59 41.67 100.00 56.76 74.19 50.00 34.78 80.77 89.29 73.33 57.14 57.14 45.45 0.00 75.76 75.00 43.75 37.50 66.67 38.89 80.00 23.53 41.67 58.33
53.59=95.24 100.00 78.26 75.00 3.33 56.10 76.92 50.00 16.67 43.33 73.33 87.50 78.12 57.14 25.00 79.17 74.19 66.67 15.00 55.00 15.38 86.36 78.26 9.09 29.63 45.45 61.90 22.22 23.53 50.00 33.33
57.06=90.48 100.00 80.95 61.76 0.00 50.00 100.00 48.28 15.79 69.57 60.00 79.17 59.38 66.67 52.94 76.00 64.10 75.86 46.67 63.16 6.25 85.71 62.07 0.00 36.36 66.67 65.22 70.00 15.79 50.00 50.00
56.57=100.00 100.00 85.71 71.43 0.00 47.17 86.96 44.83 14.29 66.67 73.53 67.65 71.88 73.33 40.00 80.00 56.10 70.97 33.33 50.00 6.67 74.07 80.95 11.76 46.15 57.69 63.64 64.29 31.25 50.00 33.33
59.36=100.00 100.00 100.00 72.00 0.00 43.10 90.00 59.26 16.67 60.87 55.81 76.67 65.79 64.71 75.00 81.82 72.73 69.70 37.50 66.67 13.33 72.41 90.00 6.25 36.00 64.00 68.42 64.71 25.00 41.67 50.00
60.57=91.67 100.00 100.00 62.50 2.86 46.15 90.48 64.00 18.75 78.95 55.56 67.65 64.71 62.50 63.16 75.00 77.42 73.33 40.00 63.16 0.00 82.76 80.77 6.67 40.91 65.22 71.43 81.25 22.22 57.14 71.43
87.23=100.00 100.00 87.50 100.00 100.00 100.00 100.00 80.00 57.14 83.33 77.78 100.00 66.67 71.43 88.89 80.00 88.89 100.00 100.00 100.00 100.00 100.00 100.00 100.00 66.67 60.00 100.00 75.00 62.50 75.00 83.33
90.09=100.00 100.00 100.00 100.00 57.14 88.89 100.00 57.14 100.00 83.33 100.00 87.50 100.00 71.43 87.50 88.89 100.00 100.00 100.00 100.00 100.00 60.00 77.78 83.33 100.00 100.00 100.00 100.00 83.33 83.33 83.33
93.07=100.00 100.00 87.50 100.00 80.00 88.89 100.00 66.67 83.33 100.00 87.50 100.00 100.00 100.00 100.00 100.00 88.89 100.00 100.00 100.00 100.00 83.33 100.00 66.67 100.00 100.00 85.71 100.00 66.67 100.00 100.00
92.25=100.00 100.00 85.71 75.00 100.00 88.89 100.00 57.14 71.43 100.00 100.00 100.00 83.33 100.00 100.00 81.82 80.00 100.00 100.00 87.50 100.00 100.00 100.00 83.33 100.00 100.00 100.00 100.00 85.71 100.00 80.00
91.15=100.00 100.00 87.50 100.00 100.00 100.00 100.00 66.67 80.00 100.00 100.00 100.00 100.00 83.33 87.50 100.00 100.00 100.00 100.00 88.89 100.00 83.33 100.00 75.00 100.00 60.00 100.00 87.50 62.50 83.33 80.00
79.97=77.78 100.00 100.00 100.00 100.00 85.71 100.00 75.00 71.43 50.00 77.78 87.50 80.00 75.00 80.00 76.92 87.50 70.00 100.00 80.00 100.00 75.00 83.33 83.33 57.14 16.67 80.00 85.71 83.33 80.00 60.00
83.75=87.50 100.00 100.00 75.00 60.00 58.33 100.00 40.00 80.00 100.00 100.00 100.00 100.00 100.00 85.71 100.00 88.89 100.00 100.00 88.89 0.00 100.00 87.50 83.33 81.82 33.33 83.33 100.00 62.50 100.00 100.00
88.07=100.00 100.00 100.00 100.00 100.00 88.89 100.00 80.00 80.00 100.00 87.50 87.50 85.71 100.00 62.50 90.00 87.50 85.71 100.00 77.78 80.00 100.00 100.00 83.33 75.00 40.00 100.00 88.89 66.67 83.33 100.00
84.88=100.00 80.00 100.00 100.00 100.00 61.54 100.00 75.00 100.00 100.00 100.00 100.00 100.00 83.33 66.67 100.00 100.00 77.78 83.33 77.78 0.00 100.00 83.33 85.71 77.78 20.00 100.00 87.50 71.43 100.00 100.00
84.48=77.78 83.33 100.00 75.00 100.00 77.78 100.00 42.86 83.33 100.00 100.00 87.50 100.00 100.00 62.50 75.00 80.00 100.00 100.00 88.89 100.00 100.00 83.33 71.43 80.00 40.00 100.00 100.00 50.00 100.00 60.00
77.45=75.00 100.00 100.00 100.00 100.00 77.78 100.00 60.00 66.67 71.43 85.71 77.78 100.00 100.00 100.00 88.89 50.00 77.78 100.00 100.00 66.67 60.00 100.00 33.33 55.56 75.00 75.00 60.00 44.44 100.00 0.00
83.14=70.00 100.00 100.00 100.00 80.00 66.67 90.91 75.00 75.00 83.33 87.50 100.00 88.89 60.00 100.00 100.00 80.00 100.00 100.00 100.00 0.00 83.33 100.00 57.14 80.00 75.00 100.00 88.89 55.56 80.00 100.00
84.17=70.00 83.33 100.00 75.00 80.00 88.89 87.50 100.00 83.33 83.33 87.50 100.00 83.33 100.00 100.00 90.00 80.00 85.71 100.00 100.00 100.00 71.43 100.00 60.00 55.56 75.00 100.00 88.89 55.56 100.00 25.00
90.61=87.50 100.00 100.00 100.00 100.00 87.50 100.00 80.00 80.00 100.00 100.00 87.50 100.00 80.00 100.00 66.67 80.00 87.50 100.00 100.00 100.00 80.00 100.00 80.00 75.00 100.00 100.00 88.89 62.50 85.71 100.00
88.16=87.50 100.00 100.00 75.00 66.67 87.50 100.00 100.00 83.33 71.43 87.50 77.78 100.00 100.00 88.89 100.00 80.00 85.71 100.00 80.00 100.00 83.33 100.00 100.00 85.71 75.00 83.33 87.50 66.67 100.00 80.00
60.93=95.45 100.00 83.33 90.48 0.00 45.65 95.24 65.22 34.62 93.33 68.97 83.33 75.00 50.00 65.62 66.67 73.53 58.33 45.83 94.12 0.00 77.27 76.67 18.18 31.82 68.42 45.45 47.62 61.54 63.64 13.51
60.95=91.30 100.00 89.47 83.33 3.23 46.15 91.67 57.14 20.83 94.12 61.54 86.96 54.55 63.64 66.67 72.73 70.27 47.62 57.14 78.95 0.00 100.00 76.67 23.53 27.27 76.47 42.86 76.47 25.00 50.00 53.85
60.15=95.65 100.00 90.00 79.17 0.00 56.10 83.33 66.67 29.17 88.89 66.67 75.86 63.64 52.00 63.64 75.86 74.29 55.26 39.13 71.43 0.00 85.71 68.97 11.11 50.00 63.16 52.38 61.11 36.36 62.50 46.67
63.43=88.00 95.00 85.71 76.00 0.00 51.11 92.00 57.69 38.89 78.95 68.57 60.61 65.52 64.29 75.86 82.76 81.25 64.71 44.00 76.19 0.00 89.66 72.41 25.00 48.00 73.33 55.00 59.09 33.33 83.33 80.00
64.63=95.83 100.00 81.82 80.00 3.33 50.00 91.67 69.23 42.86 88.24 65.79 75.86 69.70 60.87 72.41 81.48 86.21 61.11 43.48 77.78 0.00 78.12 80.00 20.00 42.42 70.59 63.16 63.16 25.00 83.33 80.00
60.91=85.19 100.00 69.23 80.00 2.94 48.89 80.00 86.67 27.78 82.35 61.76 64.71 56.76 50.00 67.74 79.17 66.67 66.67 42.86 66.67 0.00 77.42 66.67 41.18 43.48 68.18 50.00 57.89 43.75 63.64 90.00
59.32=84.00 95.45 81.82 68.97 0.00 50.00 67.86 55.56 29.41 77.27 50.00 73.33 60.53 47.37 88.00 88.89 57.50 67.65 44.44 66.67 0.00 72.73 73.08 50.00 38.89 61.90 50.00 78.57 27.78 85.71 45.45
62.00=92.00 95.45 79.17 80.00 0.00 46.00 95.24 73.68 12.50 78.95 53.49 75.86 44.44 50.00 66.67 95.45 61.11 61.54 52.38 86.67 0.00 79.31 80.77 42.86 43.48 63.64 61.54 76.47 33.33 80.00 60.00
60.82=84.00 95.65 69.23 74.07 2.63 41.30 77.27 81.25 10.00 78.95 61.11 72.73 52.63 66.67 72.41 76.67 60.53 58.97 41.18 75.00 0.00 83.33 77.78 40.00 31.25 76.47 50.00 75.00 35.29 88.89 75.00
59.32=91.67 95.45 78.26 83.33 0.00 42.22 86.36 57.89 13.04 78.95 55.00 65.71 53.85 52.38 65.62 88.00 71.88 60.00 42.86 73.33 0.00 71.88 68.97 38.46 28.57 60.87 56.25 81.25 35.29 71.43 70.00
84.15=77.78 83.33 100.00 100.00 66.67 63.64 100.00 80.00 100.00 83.33 100.00 87.50 62.50 83.33 70.00 100.00 77.78 100.00 77.78 100.00 0.00 100.00 100.00 80.00 75.00 100.00 85.71 87.50 66.67 100.00 100.00
83.60=70.00 100.00 100.00 100.00 100.00 60.00 100.00 100.00 100.00 100.00 87.50 100.00 100.00 71.43 87.50 76.92 66.67 80.00 85.71 100.00 0.00 100.00 100.00 60.00 55.56 100.00 85.71 88.89 55.56 100.00 60.00
85.86=77.78 100.00 100.00 66.67 100.00 66.67 100.00 100.00 100.00 83.33 100.00 87.50 100.00 100.00 87.50 90.91 72.73 100.00 100.00 77.78 0.00 100.00 87.50 80.00 87.50 50.00 100.00 100.00 62.50 100.00 83.33
84.41=87.50 100.00 100.00 42.86 100.00 70.00 100.00 100.00 100.00 80.00 87.50 75.00 100.00 80.00 100.00 100.00 88.89 100.00 100.00 88.89 0.00 71.43 87.50 100.00 87.50 60.00 100.00 87.50 55.56 83.33 83.33
84.25=77.78 100.00 100.00 100.00 80.00 66.67 100.00 80.00 100.00 71.43 87.50 100.00 87.50 100.00 100.00 100.00 75.00 100.00 100.00 100.00 0.00 83.33 87.50 66.67 72.73 75.00 71.43 100.00 62.50 66.67 100.00
83.44=70.00 100.00 100.00 100.00 75.00 72.73 100.00 60.00 100.00 100.00 87.50 70.00 71.43 100.00 80.00 100.00 100.00 87.50 100.00 77.78 0.00 100.00 85.71 85.71 80.00 20.00 100.00 100.00 80.00 83.33 100.00
77.60=62.50 100.00 87.50 75.00 100.00 58.33 90.91 37.50 83.33 83.33 87.50 87.50 100.00 100.00 55.56 87.50 88.89 100.00 83.33 80.00 0.00 100.00 80.00 80.00 87.50 33.33 100.00 66.67 42.86 100.00 66.67
79.40=87.50 100.00 100.00 75.00 100.00 60.00 100.00 57.14 100.00 83.33 100.00 87.50 87.50 100.00 63.64 100.00 100.00 100.00 100.00 80.00 0.00 100.00 80.00 66.67 66.67 0.00 85.71 87.50 50.00 83.33 60.00
84.48=87.50 100.00 100.00 100.00 100.00 57.14 100.00 50.00 80.00 83.33 100.00 75.00 83.33 100.00 88.89 85.71 100.00 87.50 85.71 72.73 0.00 100.00 75.00 71.43 70.00 100.00 100.00 100.00 80.00 85.71 100.00
84.20=100.00 100.00 100.00 75.00 100.00 61.54 100.00 44.44 100.00 71.43 87.50 100.00 88.89 83.33 75.00 85.71 100.00 87.50 100.00 88.89 0.00 100.00 100.00 83.33 88.89 50.00 100.00 88.89 50.00 100.00 100.00
61.18=79.31 95.24 80.95 76.00 0.00 43.14 76.00 72.22 50.00 88.24 51.28 82.14 52.17 62.96 74.19 95.65 65.71 61.11 40.00 50.00 0.00 78.57 79.17 35.71 38.71 60.87 46.15 84.62 35.00 71.43 70.00
59.79=88.46 100.00 80.95 83.33 0.00 45.28 66.67 60.00 33.33 66.67 59.38 74.19 50.00 39.29 72.41 85.71 58.97 59.46 50.00 50.00 0.00 72.73 83.33 36.36 29.63 61.90 50.00 80.00 38.89 87.50 88.89
60.83=76.67 95.24 78.26 76.00 0.00 51.11 73.08 75.00 14.29 84.21 60.00 69.70 52.78 50.00 77.42 78.12 69.44 69.70 47.37 55.56 0.00 78.12 73.08 66.67 39.29 56.52 53.85 81.25 41.67 77.78 63.64
61.13=95.83 100.00 72.00 76.00 0.00 44.90 71.43 73.33 18.75 88.24 63.64 80.00 50.00 57.89 58.82 84.62 70.59 62.16 38.46 43.48 0.00 80.65 84.62 37.50 40.00 76.47 56.25 83.33 33.33 80.00 72.73
59.92=92.31 95.45 75.00 70.37 0.00 41.30 77.78 83.33 22.73 80.00 56.41 70.00 57.58 43.48 69.70 82.14 65.71 64.10 55.56 47.62 0.00 77.42 79.17 38.46 38.46 58.33 66.67 66.67 26.09 70.00 85.71
83.36=70.00 100.00 100.00 75.00 66.67 61.54 100.00 80.00 62.50 83.33 77.78 87.50 100.00 83.33 100.00 100.00 72.73 100.00 100.00 100.00 0.00 75.00 100.00 75.00 88.89 75.00 100.00 100.00 50.00 100.00 100.00
86.88=100.00 100.00 71.43 100.00 100.00 72.73 100.00 80.00 83.33 100.00 77.78 100.00 100.00 100.00 77.78 100.00 80.00 87.50 100.00 100.00 0.00 100.00 100.00 75.00 88.89 60.00 100.00 88.89 50.00 100.00 100.00
84.74=77.78 100.00 100.00 100.00 100.00 63.64 100.00 80.00 75.00 83.33 77.78 87.50 100.00 100.00 77.78 100.00 80.00 66.67 100.00 100.00 0.00 100.00 100.00 75.00 77.78 75.00 100.00 75.00 54.55 100.00 100.00
83.90=70.00 100.00 100.00 66.67 80.00 70.00 100.00 100.00 83.33 83.33 87.50 77.78 100.00 100.00 72.73 91.67 80.00 100.00 100.00 100.00 0.00 83.33 100.00 80.00 62.50 75.00 100.00 100.00 57.14 100.00 80.00
86.36=77.78 100.00 100.00 100.00 80.00 66.67 100.00 100.00 83.33 100.00 75.00 85.71 87.50 100.00 100.00 100.00 77.78 85.71 100.00 100.00 0.00 83.33 100.00 80.00 85.71 75.00 100.00 87.50 46.15 100.00 100.00
79.71=77.78 100.00 100.00 66.67 100.00 60.00 100.00 42.86 83.33 83.33 100.00 100.00 70.00 80.00 46.15 100.00 100.00 85.71 85.71 72.73 0.00 80.00 100.00 100.00 81.82 33.33 75.00 100.00 66.67 100.00 80.00
84.54=85.71 100.00 100.00 100.00 100.00 53.33 100.00 66.67 80.00 100.00 100.00 75.00 100.00 100.00 85.71 100.00 88.89 100.00 100.00 77.78 0.00 100.00 70.00 83.33 81.82 20.00 85.71 100.00 66.67 100.00 100.00
87.08=87.50 100.00 100.00 100.00 100.00 57.14 100.00 50.00 100.00 100.00 100.00 100.00 100.00 100.00 54.55 100.00 100.00 87.50 100.00 88.89 0.00 100.00 83.33 83.33 100.00 66.67 100.00 100.00 57.14 100.00 83.33
83.11=87.50 100.00 100.00 100.00 100.00 66.67 100.00 57.14 75.00 100.00 100.00 87.50 100.00 100.00 77.78 77.78 100.00 100.00 100.00 72.73 0.00 100.00 75.00 80.00 88.89 0.00 85.71 87.50 57.14 100.00 100.00
86.46=87.50 100.00 100.00 75.00 100.00 61.54 100.00 80.00 100.00 100.00 100.00 87.50 87.50 100.00 77.78 81.82 100.00 87.50 100.00 80.00 0.00 100.00 75.00 85.71 100.00 33.33 100.00 100.00 80.00 100.00 100.00
60.65=92.00 100.00 75.00 70.37 0.00 46.81 74.07 72.22 23.08 72.73 57.89 57.89 54.29 60.00 70.97 78.57 62.86 62.86 55.00 71.43 0.00 74.19 84.00 44.44 37.50 70.00 50.00 82.35 40.91 63.64 75.00
60.67=92.31 100.00 75.00 76.92 0.00 46.94 80.00 57.89 10.53 71.43 56.76 70.59 52.63 57.14 69.44 86.96 70.97 61.54 43.75 62.50 0.00 69.44 87.50 50.00 20.83 76.47 44.44 82.35 38.89 80.00 87.50
61.15=95.83 95.65 81.82 79.17 0.00 52.17 82.61 80.00 4.76 71.43 50.00 75.00 59.46 55.00 68.57 80.65 63.89 61.54 47.62 68.75 0.00 65.71 80.77 35.71 30.00 86.67 52.94 70.00 28.57 71.43 100.00
61.02=90.91 95.45 86.36 73.08 0.00 47.73 84.00 75.00 22.73 73.68 50.00 73.33 51.28 61.90 86.21 82.76 69.70 62.50 44.44 55.56 0.00 74.29 78.57 38.46 33.33 81.25 64.29 80.00 33.33 71.43 50.00
61.38=95.83 95.45 85.71 66.67 0.00 46.94 91.30 81.25 15.00 65.22 50.00 72.73 48.65 55.00 70.97 76.67 68.57 64.86 52.38 76.92 0.00 75.76 84.62 27.78 29.41 72.22 53.33 77.27 33.33 83.33 85.71
79.95=87.50 100.00 100.00 100.00 100.00 66.67 100.00 75.00 44.44 100.00 100.00 77.78 55.56 100.00 70.00 83.33 87.50 100.00 100.00 88.89 0.00 40.00 85.71 75.00 77.78 66.67 100.00 72.73 57.14 100.00 66.67
84.46=87.50 100.00 85.71 100.00 100.00 66.67 100.00 50.00 100.00 83.33 87.50 77.78 100.00 100.00 88.89 100.00 77.78 100.00 100.00 100.00 0.00 50.00 71.43 66.67 100.00 75.00 100.00 100.00 83.33 100.00 66.67
82.74=100.00 100.00 75.00 75.00 100.00 63.64 90.91 66.67 83.33 83.33 100.00 77.78 71.43 100.00 87.50 88.89 100.00 100.00 100.00 80.00 0.00 80.00 100.00 83.33 100.00 50.00 80.00 100.00 62.50 85.71 80.00
87.04=100.00 100.00 83.33 100.00 100.00 53.85 100.00 66.67 100.00 100.00 87.50 100.00 88.89 100.00 80.00 100.00 88.89 100.00 87.50 100.00 0.00 83.33 100.00 60.00 100.00 75.00 100.00 100.00 80.00 83.33 80.00
85.50=100.00 100.00 85.71 100.00 75.00 66.67 100.00 57.14 100.00 83.33 100.00 100.00 70.00 83.33 88.89 100.00 80.00 87.50 100.00 88.89 0.00 80.00 80.00 100.00 88.89 100.00 100.00 100.00 75.00 100.00 60.00
62.20=85.19 95.45 78.26 76.00 3.33 51.06 95.83 72.73 28.57 88.89 55.81 76.67 75.00 69.57 62.16 84.62 79.31 55.00 40.74 76.19 0.00 78.57 75.86 28.57 42.31 61.90 63.16 52.38 41.67 55.56 77.78
62.16=95.83 95.24 79.17 80.00 0.00 42.31 87.50 66.67 33.33 78.26 67.57 76.67 64.52 68.18 68.97 70.37 80.65 64.71 50.00 70.83 0.00 92.31 77.78 23.81 48.15 70.59 52.38 52.63 35.71 60.00 72.73
64.97=92.00 100.00 72.00 82.61 4.00 47.06 91.30 62.96 30.77 78.95 68.75 75.00 66.67 73.91 70.59 75.76 79.31 75.00 44.44 87.50 0.00 89.29 77.42 25.00 52.00 60.00 45.00 50.00 45.00 100.00 91.67
63.81=85.71 100.00 78.26 83.33 0.00 50.00 84.00 59.26 42.11 65.22 69.44 88.00 63.89 59.26 67.65 75.86 88.89 72.41 41.67 80.00 0.00 86.21 77.42 23.81 45.83 63.16 66.67 55.56 44.44 80.00 80.00
64.57=92.31 95.65 81.82 82.61 3.33 47.06 85.19 66.67 33.33 81.82 71.43 81.48 61.11 70.97 76.00 76.67 77.42 78.57 42.31 88.24 0.00 85.71 77.42 26.32 47.83 59.09 55.56 52.63 45.45 80.00 77.78
79.20=100.00 80.00 85.71 100.00 100.00 61.54 90.91 33.33 62.50 62.50 77.78 87.50 85.71 50.00 70.00 80.00 71.43 100.00 87.50 88.89 0.00 57.14 100.00 57.14 100.00 100.00 85.71 100.00 80.00 100.00 100.00
81.92=87.50 100.00 85.71 66.67 100.00 66.67 100.00 57.14 66.67 71.43 100.00 87.50 85.71 100.00 87.50 81.82 80.00 100.00 100.00 88.89 0.00 42.86 100.00 66.67 100.00 100.00 100.00 100.00 66.67 100.00 50.00
81.16=100.00 100.00 85.71 100.00 80.00 66.67 100.00 57.14 100.00 80.00 75.00 87.50 75.00 66.67 87.50 100.00 85.71 87.50 87.50 80.00 0.00 50.00 80.00 54.55 88.89 100.00 100.00 85.71 80.00 100.00 75.00
84.96=100.00 100.00 75.00 100.00 100.00 63.64 100.00 57.14 71.43 100.00 87.50 85.71 87.50 100.00 100.00 80.00 100.00 100.00 100.00 70.00 0.00 83.33 85.71 66.67 100.00 40.00 100.00 100.00 100.00 100.00 80.00
82.35=87.50 100.00 100.00 100.00 100.00 53.85 100.00 50.00 80.00 100.00 100.00 85.71 71.43 66.67 70.00 88.89 88.89 100.00 100.00 88.89 0.00 55.56 85.71 75.00 85.71 100.00 85.71 100.00 83.33 100.00 50.00
78.84=87.50 100.00 100.00 75.00 100.00 66.67 100.00 100.00 57.14 100.00 87.50 85.71 87.50 80.00 85.71 90.91 70.00 75.00 85.71 100.00 0.00 71.43 100.00 50.00 83.33 42.86 83.33 85.71 50.00 100.00 42.86
83.17=77.78 83.33 100.00 100.00 100.00 66.67 100.00 100.00 80.00 62.50 100.00 100.00 87.50 80.00 87.50 90.91 80.00 87.50 100.00 100.00 0.00 50.00 100.00 80.00 71.43 75.00 83.33 77.78 57.14 100.00 100.00
80.29=87.50 100.00 100.00 100.00 80.00 46.67 100.00 100.00 83.33 100.00 100.00 71.43 85.71 66.67 75.00 100.00 66.67 85.71 87.50 88.89 0.00 62.50 100.00 50.00 83.33 60.00 85.71 100.00 55.56 66.67 100.00
81.32=77.78 100.00 100.00 60.00 100.00 57.14 100.00 100.00 66.67 83.33 100.00 100.00 100.00 60.00 75.00 100.00 80.00 100.00 85.71 88.89 0.00 57.14 75.00 66.67 62.50 75.00 100.00 100.00 50.00 100.00 100.00
84.95=77.78 100.00 100.00 66.67 100.00 61.54 100.00 100.00 100.00 80.00 87.50 100.00 87.50 100.00 77.78 83.33 72.73 100.00 100.00 100.00 0.00 57.14 100.00 100.00 77.78 75.00 100.00 100.00 45.45 100.00 83.33
61.02=92.00 91.30 78.26 74.07 0.00 47.73 82.61 52.94 27.78 81.25 55.56 75.00 51.28 56.52 67.57 84.62 68.57 62.50 44.44 68.75 0.00 69.44 80.00 23.81 46.15 75.00 50.00 70.59 26.32 100.00 87.50
61.46=95.83 95.45 73.91 80.00 0.00 47.62 77.78 81.25 17.39 68.18 57.14 62.86 51.22 57.14 69.70 85.19 66.67 60.98 45.83 58.82 0.00 69.70 88.00 38.46 38.10 86.67 57.14 70.00 27.78 88.89 87.50
62.44=95.83 100.00 73.91 74.07 0.00 50.00 83.33 81.25 11.76 80.00 65.71 78.57 48.78 61.54 73.53 88.89 69.44 57.50 47.83 50.00 0.00 81.25 84.00 40.00 38.46 86.67 56.25 73.68 27.78 77.78 77.78
63.11=95.65 95.45 75.00 79.17 0.00 48.89 79.17 52.63 11.76 89.47 56.41 80.00 51.22 68.18 72.22 82.76 71.43 67.57 47.83 66.67 0.00 75.00 85.19 36.36 41.67 68.75 69.23 81.25 40.91 66.67 100.00
61.95=92.00 95.45 75.00 83.33 0.00 47.73 84.00 75.00 14.29 88.89 55.56 68.57 50.00 65.00 77.42 82.14 67.65 60.53 45.83 61.11 0.00 73.53 85.71 41.67 38.46 70.59 53.85 81.82 38.89 71.43 75.00
