59.463667105867486
52.38824717911982
54.13011976388555
54.93330949882862
58.269896612154376
53.82762816767991
53.472026461157945
51.97572976499937
54.10560316903996
59.084858618325065
91.43113159242193
91.19943676395289
90.9662291113904
92.5204813108039
93.03996183028443
74.97344053795666
83.45494111623144
84.34942297845522
83.99356020323764
79.81556973492458
80.29552884391596
85.5183347118831
85.68786947819206
88.54035749197041
85.96599636922217
63.25055567468299
60.76542154177435
60.25124674163266
63.0477272435347
65.6422025033661
59.52073485959176
60.12364606964888
61.89992590106064
61.18177562558079
63.37753497725596
84.64716287296932
83.68256295675653
87.75089605734767
83.91798165991716
84.71442535958667
82.45566261695294
81.1530047013918
84.90143369175628
83.26095051901504
85.82279727441018
61.86486269348042
61.25206818962242
62.37855863255979
62.35989147305511
61.17846674768443
83.5554857329051
86.69482846902201
85.92631382953964
84.62202671880091
85.51075268817205
82.18034653518525
82.88402457757296
84.68313944120395
80.45442908346136
86.24167946748592
59.8532767060948
61.7540326759174
62.158219928588316
61.770669643960396
61.22173547845823
79.081787388239
81.19641111576595
84.95042591816785
79.25615603034959
86.11558692203853
63.4123409294709
65.71068630589829
65.65561693028343
65.8615055623956
64.19244360552828
82.03050533695696
84.64914118139924
83.13748079877112
86.77780105199462
86.1671393123006
79.1650374714891
86.7265351136319
79.28827444956475
84.9347158218126
84.94111623143881
63.21234268525124
60.845550146930734
62.1749713601388
64.50371121338674
62.687492842700344
85.08308895405669
81.44730717311361
83.00731974119071
85.79463547205482
83.17716333845367
85.5656798398734
83.20502973728782
80.85381464413723
84.10597467049081
85.74756784434204
64.27394711018435
63.68722955863447
63.17798796539227
64.09197912611634
65.537744349323
64.55663926675687
63.63377879422278
64.63784457276454
65.30400497033541
64.67709177186995
64.53093221834293
60.437596716565366
64.45163477898971
64.1955620025421
64.048481846101
81.28490684942297
81.98273053111764
87.47823860727085
80.57859703020993
84.41854740241838
61.54397854044848
60.390563301796014
60.940571209848684
63.82818086803516
62.24310841498216
83.5883560883561
82.75473630312341
85.51959689056463
85.96081338016822
85.7998184611088
62.56279044406683
67.0883077540564
65.40594258850436
67.81133111316502
67.24422162635398
80.24420024420023
80.59587366038978
80.44280987829374
84.03196266099492
81.60755015593725
65.05711857433397
66.1057777257508
66.54929511879388
67.37861189841097
66.20383584236626
61.78881350322336
62.469044749083125
61.607697448310425
60.8073655609195
61.572165111487784
76.52585765488992
82.12737978867011
83.322994210091
83.84891094568513
82.95687287622772
64.02054829647568
66.84377995419865
65.93164335160293
67.7819913748797
67.26794281275227
61.48495462427989
60.27705171321108
61.81280883113547
63.08264358021072
63.04498313158298
65.77452790360782
63.83607754351371
64.82644692680908
67.06701267986759
63.95121452232793
75.53332867848997
82.2065658355981
80.96506540054926
80.49795186891961
84.10609104157491
60.80174125888337
61.17073117012046
61.581813226757035
63.54925782292679
62.91365426997635
78.97307889243373
77.9441884280594
80.37890424987201
81.93666548505259
79.86908253037285
65.80770335321264
66.08045694503815
63.068733429102856
63.90470079656305
65.35456472755834
81.24670132734649
77.05453149001538
81.9815668202765
86.2031606386445
81.74079504724666
81.04547781967136
80.81331750686591
81.4935602032376
82.73011934302258
77.49280289602869
66.47083171275835
67.59706659270573
67.91737317663531
68.09801227015201
68.50482790446482
79.84609476544959
81.63315179444213
83.40117767537123
83.81396381396381
82.4382606640671
75.75541841670875
79.17149159084644
80.40677064870614
83.93753200204813
77.48591909882232
81.65852069077876
81.6409486570777
83.19083246502603
75.59733277475212
80.1033912324235
61.3949329573161
63.34444734344664
61.65613469221695
63.942484822772855
63.35121291725429
61.68751444493707
64.55068228463195
63.11603930529721
61.29360122299052
64.51837612940486
82.12796164409068
82.01321975515525
82.50593492528975
83.97034864776799
82.39631336405532
64.85148572539369
63.89322940656405
65.60010617613023
64.99178069135337
65.64770638535646
65.32479774073342
65.47110916128109
65.93956891236303
67.4710467686648
68.2192450507687
78.66603826281245
82.96594982078852
81.9062120675024
81.6026625704045
82.14658101754875
64.0342817400065
62.13491450765543
64.08846507523396
63.672681714631075
63.02670216440362
81.24499156757221
81.23754381818898
81.5399385560676
84.92255056771185
81.02231997393288
65.61304058691078
68.12554223159908
67.23680277941179
66.83665881768461
66.91530174155181
60.74660033956426
62.24848061775647
63.18323546363995
62.659573918913495
63.846165721797526
79.78721099688842
77.02986082018342
78.11897779639716
81.4522484683775
77.20372817147012
66.0461431505141
68.57860958729295
67.62318812518475
66.96227854295039
67.48390611628727
78.40583251873574
75.93701996927803
79.56477214541732
79.02318111995531
74.80123818833496
75.49389678421937
85.17793138760881
86.03686635944699
83.47245048857951
84.54791624146462
78.39431178140856
81.81963198092231
79.97812223618675
80.82181259600614
82.87855513661965
77.02991452991452
76.51387143322626
80.11776753712238
83.18088721314528
80.95622119815668
81.54496041592816
78.54315039798911
81.24377414699995
83.00377042312525
81.57556601104989
81.76365748946395
80.48771121351767
78.43015407531537
79.41709723967789
76.8670576735093
68.80740317385464
67.54296070482194
66.7134993321606
67.06442877349627
68.20523019668522
78.93613554903878
81.86975211168759
81.08900060512964
79.66077828981054
77.2998417353256
67.70207926370708
69.0904095178469
66.56664969812009
67.61974226581533
67.53030653515683
82.38211609179352
82.206449464514
84.38684075780851
82.64080901177675
84.41307796146506
65.56021936789932
66.486152515361
67.13887887874054
67.05847327925086
67.09805408093031
63.32307909423566
63.092038489047376
63.12399079297488
61.65866792970148
64.40514779519837
84.11761177890212
82.39235674719548
85.84347552089487
83.29463547205482
81.00697689407367
82.99667178699437
84.44508000959614
81.6767909509845
79.59263854425144
81.36473741312453
66.34155878834264
68.01501079022067
65.51370316321409
68.65583027678584
67.7906680072551
65.70774717146179
68.221139118717
68.04022136901894
67.6730160429827
66.69187960758418
67.55511961595721
65.96084356748938
67.27379075281048
66.95306295500147
64.73643363682805
76.89952520597683
78.76600102406555
82.08362426104361
83.74249406507471
84.17423078713401
79.51979919721856
77.9173067076293
81.02499650886747
82.71859860569536
78.36021505376345
