61.48=100.00 100.00 100.00 80.95 8.00 53.66 95.00 42.31 35.71 100.00 57.50 66.67 74.07 30.30 56.00 74.07 77.42 84.00 36.54 73.91 16.67 87.50 79.17 21.21 48.15 58.82 69.23 22.73 33.33 61.54 61.54
55.56=92.00 100.00 85.71 68.97 9.52 46.00 86.36 46.15 31.25 70.59 56.10 73.33 58.62 19.05 42.11 75.00 66.67 87.50 35.71 60.00 0.00 88.00 80.95 21.21 45.45 47.83 62.50 20.00 12.50 33.33 100.00
56.65=95.65 100.00 82.61 71.43 3.85 40.98 84.00 52.38 50.00 81.25 68.57 74.19 74.07 16.67 41.67 65.52 74.19 66.67 34.88 60.00 0.00 92.00 90.91 21.43 41.18 62.50 53.33 25.00 0.00 31.25 100.00
56.07=88.46 100.00 80.95 76.92 13.64 40.98 87.50 50.00 25.00 83.33 63.16 65.62 64.29 34.78 61.90 79.17 65.71 77.78 32.61 51.72 0.00 89.29 81.82 18.52 44.12 56.25 60.00 25.00 0.00 52.94 66.67
55.60=88.46 100.00 85.71 74.07 5.71 43.86 74.07 37.50 23.08 88.24 60.00 79.31 62.07 35.29 45.83 68.97 74.19 84.62 32.50 44.12 0.00 75.76 85.00 18.18 48.28 72.73 66.67 8.33 0.00 41.18 100.00
61.44=95.65 100.00 76.19 82.61 9.68 53.33 80.00 77.78 53.33 82.35 59.46 82.14 65.52 58.62 26.32 76.00 85.71 85.71 40.00 80.95 19.05 86.21 77.42 30.00 54.17 75.00 61.54 27.27 0.00 40.00 62.50
57.79=100.00 100.00 72.00 72.00 5.71 46.81 88.00 76.47 33.33 73.68 65.79 73.33 76.92 42.86 23.08 61.76 71.88 70.00 61.54 76.47 0.00 80.00 80.00 13.64 53.57 54.17 52.38 50.00 11.11 58.33 46.67
56.65=91.67 100.00 70.83 68.97 0.00 42.59 80.77 57.14 40.00 100.00 61.54 88.89 55.88 40.91 23.08 58.82 69.70 72.41 50.00 70.59 0.00 75.86 78.57 19.05 48.00 61.90 52.63 61.54 18.18 46.67 50.00
59.60=100.00 100.00 64.00 70.37 0.00 45.28 82.61 70.00 50.00 93.33 62.16 85.71 56.67 61.54 26.32 76.92 75.76 70.97 55.56 62.50 0.00 71.88 90.48 15.00 52.00 57.14 69.23 60.00 0.00 47.06 75.00
59.24=100.00 100.00 76.19 70.00 2.56 45.28 86.96 70.59 25.00 83.33 63.16 88.46 54.05 70.00 28.57 92.00 78.12 58.33 52.00 54.55 0.00 83.87 88.89 22.22 60.87 72.22 56.25 56.25 0.00 30.00 66.67
91.90=100.00 100.00 100.00 100.00 100.00 100.00 100.00 75.00 100.00 75.00 100.00 100.00 85.71 100.00 100.00 100.00 75.00 100.00 66.67 100.00 100.00 50.00 100.00 80.00 66.67 100.00 100.00 100.00 75.00 100.00 100.00
97.47=100.00 100.00 100.00 100.00 100.00 100.00 100.00 75.00 100.00 100.00 100.00 100.00 100.00 100.00 100.00 100.00 100.00 100.00 100.00 100.00 100.00 100.00 100.00 80.00 100.00 66.67 100.00 100.00 100.00 100.00 100.00
95.88=75.00 100.00 100.00 100.00 100.00 100.00 100.00 75.00 100.00 100.00 100.00 100.00 100.00 100.00 88.89 100.00 100.00 100.00 100.00 100.00 100.00 100.00 100.00 66.67 66.67 100.00 100.00 100.00 100.00 100.00 100.00
97.19=100.00 100.00 100.00 100.00 100.00 100.00 100.00 75.00 100.00 100.00 100.00 100.00 100.00 100.00 77.78 100.00 100.00 100.00 100.00 100.00 100.00 100.00 100.00 80.00 100.00 100.00 100.00 100.00 80.00 100.00 100.00
94.81=100.00 100.00 100.00 100.00 100.00 100.00 100.00 75.00 80.00 100.00 100.00 66.67 100.00 100.00 87.50 100.00 100.00 100.00 100.00 100.00 100.00 100.00 100.00 80.00 50.00 100.00 100.00 100.00 100.00 100.00 100.00
89.10=100.00 100.00 100.00 75.00 100.00 60.00 100.00 100.00 100.00 100.00 100.00 100.00 100.00 57.14 70.00 100.00 100.00 100.00 100.00 50.00 50.00 100.00 100.00 100.00 100.00 100.00 100.00 100.00 0.00 100.00 100.00
92.85=100.00 100.00 100.00 75.00 100.00 60.00 100.00 100.00 100.00 100.00 100.00 66.67 100.00 100.00 100.00 100.00 100.00 100.00 66.67 66.67 100.00 80.00 100.00 100.00 100.00 100.00 80.00 100.00 100.00 83.33 100.00
90.91=100.00 100.00 100.00 100.00 100.00 60.00 100.00 75.00 100.00 100.00 100.00 50.00 100.00 100.00 83.33 100.00 100.00 100.00 100.00 50.00 100.00 100.00 100.00 66.67 100.00 100.00 100.00 100.00 100.00 66.67 66.67
95.32=100.00 100.00 100.00 100.00 100.00 100.00 100.00 100.00 100.00 100.00 100.00 66.67 83.33 80.00 100.00 83.33 75.00 66.67 100.00 100.00 100.00 100.00 100.00 100.00 100.00 100.00 100.00 100.00 100.00 100.00 100.00
95.32=100.00 100.00 100.00 100.00 100.00 100.00 100.00 100.00 100.00 100.00 100.00 100.00 100.00 100.00 100.00 100.00 100.00 100.00 50.00 100.00 100.00 80.00 100.00 75.00 100.00 66.67 100.00 100.00 83.33 100.00 100.00
87.09=100.00 100.00 100.00 100.00 100.00 37.50 100.00 75.00 100.00 80.00 100.00 100.00 85.71 80.00 100.00 100.00 75.00 100.00 100.00 66.67 0.00 50.00 100.00 100.00 50.00 100.00 100.00 100.00 100.00 100.00 100.00
86.34=100.00 100.00 100.00 75.00 100.00 50.00 100.00 100.00 100.00 80.00 100.00 66.67 83.33 100.00 100.00 100.00 75.00 100.00 100.00 66.67 0.00 100.00 100.00 80.00 33.33 66.67 100.00 100.00 100.00 100.00 100.00
86.15=100.00 100.00 100.00 100.00 100.00 50.00 100.00 100.00 100.00 80.00 100.00 100.00 85.71 100.00 100.00 100.00 66.67 66.67 100.00 33.33 0.00 100.00 100.00 80.00 33.33 100.00 100.00 100.00 100.00 100.00 75.00
84.52=75.00 100.00 100.00 100.00 100.00 50.00 75.00 100.00 100.00 100.00 75.00 100.00 100.00 80.00 100.00 100.00 75.00 100.00 66.67 40.00 0.00 100.00 100.00 33.33 50.00 100.00 100.00 100.00 100.00 100.00 100.00
92.69=100.00 100.00 100.00 100.00 100.00 60.00 100.00 100.00 100.00 100.00 100.00 100.00 100.00 100.00 100.00 100.00 50.00 100.00 50.00 100.00 100.00 80.00 100.00 100.00 50.00 100.00 100.00 100.00 83.33 100.00 100.00
59.95=95.45 100.00 94.74 88.89 8.70 36.07 80.95 93.33 32.00 89.47 74.19 82.61 57.89 55.56 19.23 87.50 72.22 78.57 34.38 55.00 0.00 68.00 100.00 23.08 46.15 88.89 88.24 16.67 0.00 15.79 75.00
59.77=100.00 100.00 94.44 86.96 5.56 43.64 78.57 70.83 40.00 72.73 75.76 78.57 57.50 82.35 18.18 86.96 67.65 74.19 38.71 50.00 0.00 69.23 91.30 23.33 56.52 83.33 75.00 16.67 0.00 25.00 90.00
59.40=95.83 100.00 100.00 80.00 6.67 40.35 72.41 59.09 44.44 94.12 63.89 79.31 62.16 71.43 17.39 84.62 69.70 66.67 40.74 52.38 0.00 73.33 91.30 16.13 50.00 82.35 68.18 28.57 0.00 42.86 87.50
58.88=95.83 100.00 100.00 74.07 3.03 51.06 85.19 69.57 38.10 94.44 61.11 64.71 62.16 69.23 0.00 83.33 62.16 70.97 37.04 57.14 0.00 70.97 95.65 27.27 55.56 76.47 83.33 28.57 0.00 25.00 83.33
58.39=92.00 100.00 94.74 67.74 3.33 44.00 80.77 71.43 40.00 84.21 60.00 62.86 61.11 75.00 4.17 95.24 64.52 69.70 44.44 50.00 5.00 79.17 85.71 21.43 61.90 93.75 63.64 25.00 0.00 9.09 100.00
56.31=96.00 95.00 94.74 80.00 0.00 39.66 76.92 40.00 23.53 94.12 48.00 57.50 62.86 46.67 37.50 86.36 75.00 67.86 38.71 60.87 0.00 80.00 81.82 25.00 63.16 64.29 47.06 8.33 0.00 54.55 100.00
57.70=95.83 100.00 85.71 90.00 0.00 41.82 73.08 61.11 9.09 85.71 45.10 58.97 57.89 71.43 34.62 88.46 68.97 67.74 40.74 53.57 0.00 70.97 85.71 22.58 57.14 81.82 72.73 25.00 0.00 42.86 100.00
57.55=100.00 95.24 94.74 85.00 0.00 39.66 72.00 52.63 33.33 89.47 51.06 61.11 68.75 63.64 24.14 80.00 73.33 62.16 50.00 55.56 0.00 80.00 81.82 28.57 56.52 71.43 53.85 10.00 0.00 50.00 100.00
57.31=100.00 100.00 85.71 76.00 0.00 42.86 84.00 50.00 30.00 88.89 52.17 67.65 66.67 73.91 26.67 80.77 68.57 62.16 37.93 75.00 0.00 78.12 85.71 17.24 52.00 73.33 60.00 0.00 0.00 41.18 100.00
55.72=100.00 100.00 85.71 80.95 0.00 42.31 80.00 55.56 30.77 66.67 47.83 65.71 74.07 61.54 42.31 84.62 76.67 60.00 40.00 63.64 0.00 77.42 80.00 27.59 52.00 73.33 56.25 0.00 0.00 35.71 66.67
81.47=100.00 100.00 100.00 75.00 100.00 42.86 100.00 100.00 75.00 75.00 100.00 40.00 100.00 100.00 83.33 100.00 75.00 100.00 66.67 40.00 100.00 60.00 100.00 42.86 50.00 100.00 100.00 100.00 0.00 100.00 100.00
85.12=100.00 100.00 100.00 75.00 100.00 60.00 100.00 100.00 100.00 100.00 100.00 100.00 100.00 100.00 87.50 100.00 75.00 100.00 66.67 66.67 33.33 80.00 100.00 44.44 50.00 100.00 100.00 100.00 0.00 100.00 100.00
88.12=100.00 100.00 100.00 100.00 100.00 75.00 100.00 100.00 100.00 100.00 100.00 66.67 100.00 100.00 100.00 85.71 60.00 100.00 66.67 100.00 100.00 100.00 100.00 44.44 33.33 100.00 100.00 100.00 0.00 100.00 100.00
87.69=100.00 100.00 100.00 100.00 100.00 100.00 100.00 100.00 100.00 100.00 75.00 66.67 100.00 80.00 100.00 100.00 100.00 100.00 66.67 66.67 100.00 100.00 100.00 50.00 33.33 100.00 80.00 100.00 0.00 100.00 100.00
84.41=100.00 100.00 100.00 75.00 100.00 75.00 100.00 75.00 100.00 100.00 75.00 50.00 100.00 100.00 88.89 100.00 75.00 100.00 66.67 100.00 66.67 100.00 100.00 44.44 25.00 100.00 100.00 100.00 0.00 100.00 100.00
87.67=100.00 100.00 100.00 75.00 100.00 60.00 100.00 100.00 100.00 100.00 100.00 50.00 100.00 50.00 77.78 100.00 75.00 100.00 66.67 100.00 100.00 100.00 83.33 80.00 100.00 100.00 100.00 100.00 0.00 100.00 100.00
90.66=100.00 100.00 100.00 100.00 100.00 60.00 100.00 75.00 100.00 80.00 75.00 50.00 100.00 100.00 100.00 100.00 100.00 100.00 100.00 66.67 100.00 100.00 100.00 57.14 100.00 66.67 100.00 100.00 100.00 100.00 80.00
79.83=100.00 100.00 100.00 100.00 100.00 42.86 100.00 75.00 100.00 100.00 100.00 50.00 100.00 100.00 85.71 100.00 100.00 66.67 100.00 100.00 0.00 100.00 100.00 44.44 0.00 66.67 80.00 100.00 0.00 83.33 80.00
93.82=100.00 100.00 100.00 100.00 100.00 100.00 100.00 100.00 100.00 100.00 100.00 66.67 83.33 100.00 100.00 100.00 75.00 100.00 66.67 100.00 100.00 100.00 100.00 50.00 100.00 66.67 100.00 100.00 100.00 100.00 100.00
87.78=100.00 100.00 100.00 100.00 80.00 75.00 100.00 75.00 80.00 100.00 100.00 66.67 100.00 100.00 77.78 100.00 100.00 100.00 100.00 50.00 100.00 100.00 100.00 50.00 100.00 66.67 100.00 100.00 0.00 100.00 100.00
59.04=100.00 100.00 90.00 85.71 0.00 43.86 81.48 57.14 41.67 80.00 48.98 55.81 76.67 73.08 28.57 86.36 77.42 64.71 40.00 57.69 0.00 67.74 78.26 22.22 65.22 52.63 80.00 8.33 0.00 66.67 100.00
56.17=92.00 100.00 81.82 90.91 0.00 41.51 73.33 42.86 33.33 88.89 60.53 60.00 68.75 53.85 33.33 88.00 66.67 62.50 39.39 68.18 0.00 82.76 84.00 14.81 54.55 58.82 57.14 5.88 0.00 62.50 75.00
58.38=100.00 95.45 85.00 90.91 0.00 46.15 80.77 43.48 27.78 100.00 50.00 67.65 56.76 60.87 39.13 85.71 58.97 66.67 40.00 71.43 0.00 78.79 82.61 25.81 65.00 76.92 60.00 8.33 0.00 45.45 100.00
57.56=95.65 100.00 79.17 86.36 0.00 48.98 85.71 50.00 22.22 94.12 47.92 52.17 66.67 76.19 28.57 91.67 75.00 65.62 42.86 71.43 0.00 82.14 86.36 28.57 57.14 55.56 69.23 0.00 0.00 37.50 87.50
56.71=100.00 100.00 85.00 86.36 0.00 47.06 83.33 25.00 20.00 85.71 54.55 57.50 62.50 73.91 39.29 80.00 65.71 67.65 44.44 60.87 0.00 82.76 86.36 21.21 60.87 61.11 60.00 0.00 0.00 46.67 100.00
82.20=75.00 100.00 100.00 75.00 100.00 37.50 100.00 100.00 100.00 100.00 100.00 66.67 100.00 100.00 85.71 100.00 75.00 100.00 66.67 66.67 0.00 100.00 100.00 50.00 66.67 100.00 100.00 83.33 0.00 100.00 100.00
80.02=100.00 100.00 100.00 75.00 100.00 42.86 100.00 100.00 100.00 75.00 100.00 66.67 83.33 50.00 75.00 100.00 60.00 100.00 66.67 66.67 50.00 100.00 100.00 44.44 25.00 100.00 100.00 100.00 0.00 100.00 100.00
82.99=100.00 100.00 100.00 75.00 100.00 50.00 66.67 100.00 100.00 80.00 100.00 100.00 100.00 100.00 100.00 100.00 60.00 100.00 66.67 100.00 0.00 100.00 100.00 44.44 50.00 100.00 80.00 100.00 0.00 100.00 100.00
81.63=75.00 100.00 100.00 100.00 100.00 33.33 100.00 100.00 100.00 100.00 75.00 66.67 100.00 80.00 85.71 85.71 75.00 100.00 100.00 66.67 0.00 100.00 83.33 37.50 100.00 66.67 100.00 100.00 0.00 100.00 100.00
86.99=100.00 100.00 100.00 100.00 100.00 75.00 100.00 100.00 100.00 100.00 100.00 50.00 100.00 100.00 88.89 100.00 75.00 100.00 100.00 66.67 66.67 80.00 100.00 44.44 50.00 100.00 100.00 100.00 0.00 100.00 100.00
85.52=100.00 100.00 100.00 100.00 100.00 42.86 100.00 100.00 100.00 100.00 100.00 50.00 100.00 75.00 66.67 100.00 100.00 100.00 66.67 50.00 100.00 100.00 100.00 50.00 66.67 100.00 100.00 83.33 0.00 100.00 100.00
86.17=100.00 100.00 100.00 100.00 80.00 75.00 100.00 60.00 75.00 75.00 100.00 66.67 100.00 100.00 71.43 100.00 100.00 100.00 100.00 100.00 100.00 80.00 100.00 50.00 100.00 66.67 100.00 100.00 0.00 71.43 100.00
84.03=100.00 100.00 100.00 100.00 100.00 60.00 100.00 100.00 100.00 100.00 100.00 100.00 100.00 75.00 85.71 100.00 75.00 100.00 100.00 33.33 50.00 80.00 100.00 37.50 66.67 66.67 100.00 100.00 0.00 75.00 100.00
87.85=100.00 100.00 83.33 100.00 100.00 60.00 75.00 100.00 80.00 100.00 100.00 100.00 100.00 75.00 100.00 100.00 75.00 100.00 100.00 66.67 100.00 100.00 100.00 50.00 100.00 100.00 100.00 100.00 0.00 83.33 75.00
86.12=100.00 100.00 100.00 100.00 100.00 75.00 100.00 100.00 100.00 100.00 100.00 66.67 83.33 100.00 100.00 100.00 100.00 66.67 100.00 100.00 100.00 100.00 85.71 40.00 0.00 66.67 100.00 85.71 0.00 100.00 100.00
58.64=88.89 100.00 94.74 79.17 0.00 40.00 84.62 62.50 33.33 100.00 52.27 60.00 74.07 57.14 31.03 95.65 71.88 62.86 41.38 60.00 0.00 79.31 85.00 20.00 64.71 52.94 69.23 0.00 0.00 57.14 100.00
