93.36533538146442
93.36533538146442
95.43138760880696
93.48694316436253
95.78818135269748
95.79609458641717
91.33512544802868
91.32488479262672
93.14516129032258
94.20762928827443
94.95135688684076
72.28482490947333
75.29344736167229
78.2379707510017
75.82490309416256
77.30915583608493
77.78329061040877
77.64041308279509
76.24475322320788
77.67432552398728
80.22062671454313
77.01592246437612
78.12834110700949
79.32325877859455
79.73215634741153
78.76355146362876
93.10222036028487
88.66477608413093
92.83410138248848
95.83926825862311
95.29406972955358
92.44774938323326
90.52099334357399
92.78755294884326
90.35953294017813
92.67746590327235
80.38055846988745
79.60259802863521
79.3128702267658
80.65608904281349
80.32548103903036
77.1496181054345
77.38553781740657
78.04720959520806
77.66345766356375
78.63718162614295
94.430596285435
90.32839919936696
88.25012800819252
88.82569939021553
90.10203953752342
79.9503136399174
80.44598248901086
80.61387097201363
79.55911359021955
80.5799568561828
76.472214010324
79.54702446822415
78.44974119079086
77.70326586450284
77.47234294816732
88.08802308802309
88.38407112600663
88.67383512544804
90.32909742587161
90.55555555555556
78.54939597691819
78.42257428533053
77.916276840259
79.01656571879722
77.57508463580265
88.60535074244753
90.49286576800807
89.5303605313093
89.02166829586183
89.20058883768563
79.17795441147477
78.61792645997785
78.37467775837135
78.65022589115563
77.51849551889464
80.32998010169145
79.04809433829315
80.30812340684757
79.33639880187187
80.07166339938618
89.07450076804916
87.51920122887864
90.89687194525904
92.10270911883815
88.45319554996975
77.1042135097145
78.55090560540295
78.81908278322453
78.34710558796962
80.26833853348622
78.7329420921351
79.14486541503614
78.86284307304852
78.57965467361133
78.89177514021074
90.38961038961038
90.70229949262206
90.6784434203789
90.11846576362706
89.28012847367688
90.37314388120839
87.2793604245217
92.45071684587813
91.38760880696366
87.39887352790579
86.98750174556626
91.19955313503701
90.40916073174138
89.46748591909882
88.98873527905786
79.874648428295
78.98417347191116
79.816140133687
79.38552111186786
79.64192941576954
88.01725156563866
89.05140110785271
88.42538286086672
85.62167223457546
86.7037890424987
79.99274668904322
81.37647328943301
80.78424306984785
79.15459101702055
80.23377917232466
90.46688078946143
90.87429595494112
89.63354745612811
90.54496578690126
90.89506819345529
79.88035176293987
79.80505690296621
81.88595813026406
79.35562444398954
79.4492572843128
88.07603686635947
91.05094726062468
91.59641275865185
90.97350230414747
88.8104547781967
86.85218007798652
86.36328725038405
90.71428571428572
88.73132244099986
88.16674812642553
81.1061324362265
80.79867378287695
79.48193734838594
79.26211983484961
80.40145270334114
89.0470729986859
89.24044593399431
91.0157450076805
88.27956989247313
91.21700879765395
86.85611879160267
89.6057347670251
88.08243727598567
89.33962832444806
87.60496671786994
87.5814597588791
88.86676047966371
89.2124005027231
91.66108085462923
88.83675464320626
80.36142469576133
80.33884069205064
80.81713791567589
79.61860683762966
80.30947595796988
89.13594470046083
86.72636503281664
87.24004490133521
88.43061955965183
90.96902201740913
78.66364799548352
78.893859296945
79.57569517349607
77.33847485047175
78.76075558621952
90.06732514797032
89.83516483516486
91.39620236394428
90.55252990736862
88.06533072662104
80.64832466567866
80.41042446898635
81.44875374763103
80.51119705853272
79.6729212081667
79.18940259276027
78.60044895733417
79.66089660982887
78.87480576815149
79.56825201826867
89.77450706577841
87.26923614020387
90.48274148369026
89.0056672717963
89.83504398826979
81.84486231502895
80.39079034155166
81.11240775550695
80.00200532297855
80.25841295964557
79.02309432550632
79.216926527602
78.61579612928277
78.88644579659005
80.07364202075716
81.9780657334717
81.34706804730675
80.99099480381474
80.2978385439816
80.27599387963784
87.8341013824885
87.83749404717146
88.55478750640042
90.07296466973885
87.93138760880699
87.84114183307733
89.6788500346375
90.60483870967742
89.18074756784435
86.94572452636969
80.07705286763289
81.0833782847552
82.07611866208374
79.65377377241653
80.3450054347784
87.27086533538149
87.92359074617141
88.51894521249362
88.63496718335426
89.98801377833635
87.93397462752301
88.407112600661
87.77905785970303
86.7448680351906
86.96958059861286
77.5235812723601
78.30920514862576
78.4691050701041
78.61559656321684
79.85543242962186
89.74014336917563
89.55162221291255
93.75448028673836
88.18740399385561
89.33425893103313
79.93493730333682
80.75595220992544
80.26718509072319
79.94757889698062
80.15676983292717
87.81955499697435
88.26630358888423
87.47823860727085
87.96722990271377
89.54894567797794
86.08934971838198
90.15966112740306
83.35509472606248
86.41321044546851
88.40746171391332
80.45788639039593
79.42364371422721
78.16061100801271
81.08660886300058
79.18632807796646
89.1138879042105
88.02227342549924
90.54019457245265
89.20844388586323
91.39883414076964
79.57178923618989
79.95570302898493
78.7534308628027
78.5781065823298
79.25585657432552
81.06058760555653
80.35125520330432
80.59434722016967
80.79462114182816
79.80653960137681
80.02333560660773
78.92900770594908
79.65102850491267
78.4730579410808
80.79879640936964
80.6573112008497
79.93038030586476
79.85655720846862
79.96101289008831
79.57803406654021
