50.299907990935615
53.02919597575212
50.980936503275146
52.51704761286339
53.911709605219876
76.08697955606952
78.32454312642453
78.83740779278409
81.07856671258672
78.98751616196246
80.63770598034708
83.7676623606607
82.70256180008501
81.85455523149022
83.92436724980189
75.92690742763949
75.67017653156434
79.30494655397582
80.03315364428208
81.8392295417129
77.57719993299375
78.94013408868037
79.17745864649198
79.36495770388282
78.92188818343855
80.08439228734538
81.43943996512672
80.02175776509156
81.9070576561646
80.61430627264367
78.96229109154807
80.3202918085535
81.1695204401325
81.26922052438842
81.10630126491046
82.54725917621845
83.20802887277048
81.01366067316293
83.91351688321205
84.44998515812995
53.550698792399196
56.20232461866857
53.762525838067226
53.23412580645255
53.384627877304695
78.78277602195858
79.5846977107899
78.74932227545945
81.04329783497442
78.3704057725331
78.00520049001831
84.17976575784854
81.68166873267414
83.8075734762446
81.29769183971798
80.68797515231189
78.92005641946105
81.07694877767203
80.22791114312906
81.40398474537554
82.08517386382978
81.49221945390288
81.33132779336844
80.97736408625906
82.14145552523736
81.46830874795867
80.86576146057182
83.25645503999046
82.7808317017057
83.28403204189105
53.03188765418243
53.82554856262031
54.97822221278842
53.041228480939544
52.591025655522195
80.9117120674039
83.63870102272104
82.59490500238299
83.3453611496598
82.00256644469552
81.98158047133994
82.78265864351837
83.1684694668143
83.65886904104336
84.74880791194198
80.56048122843788
81.47228011463542
81.40863270782299
81.75998000438342
80.62736458714281
56.74926064326379
54.77079458284197
54.43971289853566
55.07141675229726
53.19634757822421
54.020075514733925
57.5171233312517
58.140519642410624
55.71065656205338
57.53784167417175
81.42452196296912
81.84472145831992
82.80231875791895
82.77688357790763
82.65953061311792
55.86362527534856
52.84018695191409
53.99124345546481
55.76095833329698
54.2681074507084
82.82926638469625
83.76833028446508
82.5583112608595
84.33103830889019
80.6041115152213
84.54633326108677
84.58827195931268
82.96399553186882
84.96260062210288
85.13809807588088
82.73327295868376
81.88565984041097
82.29951641198367
83.18750905229828
82.2353590417415
56.39060113986902
57.1904982878429
56.41221149588376
55.79721748839396
55.57095266076571
84.02823886837939
83.43907364102647
84.73317524210593
86.43332547291823
83.96216319072953
83.0615041728402
81.04260803589845
82.90281124104654
84.46820019651392
84.01364758318284
54.47052163496581
54.60022095912784
56.02631742843698
56.66719760158468
56.16673509453364
81.64786975349014
82.29574995628285
83.28299394426163
83.69668686924902
82.23931320705182
83.60736037665069
82.80087733969611
83.60867627913352
84.61010066380393
85.24973995335988
81.21156023728065
82.07808898243938
80.6179562240788
82.97722096093253
81.887092750334
82.9813239669753
82.75191787784071
83.1171422911718
84.45615687929335
83.7439807515576
57.81194652687085
55.43115939696611
54.06652725686242
56.33476763286967
57.99134709211489
82.75629863421729
82.96289209800968
81.83757976827755
82.88931198594213
82.43291088790016
85.16082654478701
85.6629716503496
83.96981186234581
83.79623259701849
85.39445412093662
55.43610651766124
55.93471440150256
54.43386930010531
58.76414077993388
55.17369197678389
83.2208617637291
84.91786375752797
83.57210407170284
83.4455331654665
84.01940635639136
82.1324831396277
82.12330690891271
81.4956366699639
82.49633562833134
82.26966650877105
56.41240427429996
58.14024846799547
57.60906182293955
56.39626824814809
57.60804075525438
82.27328200364637
82.01622150532863
83.171504503012
81.7231722195404
81.1274698054832
82.70486781483447
83.38174972337868
83.6692370303349
85.47355083327935
82.82718852288988
83.32503653103797
84.28766747396183
83.2788966147504
84.72346423257353
84.10465142145303
83.24302030297504
84.75138267701972
84.47538764191539
84.27570281059208
84.34940034826913
83.21319175843675
82.94258516442629
84.79835345689126
83.49328952998412
82.17827164368008
56.70457402649342
55.892853874987296
56.311374545267704
57.53111977593996
55.06908450260398
84.97100615110855
83.5765956080912
82.57648652450986
84.19524053121339
84.54042283158948
83.71655734073839
83.51903872726153
83.52971577084719
83.44356229716097
83.65691823452212
82.08182963076985
82.00839067920516
81.98194451945345
83.45663675849435
82.63417195913028
83.57471589562564
85.68155612612625
84.39870461363674
83.24875539242056
85.12230187980367
57.837248399506485
57.570249502554816
59.526584924909
58.18507928266203
58.21014394174671
84.40657745974488
85.57708021252914
82.48723932255726
84.80618463989505
84.3090091155702
84.85777089989014
84.13540264471646
83.96844595250897
83.54817554030876
83.62250368443564
55.79331148444732
55.31802752498752
54.46758170266071
56.22084370869797
55.06011190984501
83.3684475918957
85.32366333753568
83.64171449333392
85.16679591870319
83.86258505459506
56.45472137214218
56.36801845228775
55.65651078376417
57.048524632115964
55.36831175607881
82.81660676640847
84.04749491816298
83.88255280878523
83.77402299650993
83.3853651374144
56.49025779600936
54.947140522119014
57.497099957244465
54.747615592781806
58.08118869038135
59.85791280200664
56.873577120093195
57.038261034691345
56.59908977662014
56.80929968507472
