59.799618502525206
54.35999400824986
56.03992776343724
57.956578192978256
59.34522308310611
53.585643320823536
53.920267329432065
56.35286453215795
57.03642255496225
57.630668838369246
87.22990271377368
90.65796210957502
91.41425778522552
90.58348461574269
90.60803891449054
82.03405017921148
87.93999906903133
89.64384182126116
89.45468509984639
88.08243727598565
84.61609179351116
87.51640832285993
87.55760368663594
90.44418842805939
88.9924591537495
62.61727672420732
60.13202792022609
61.63676130945241
61.96799191696478
63.20037162600678
59.275726747422816
58.77260421184203
59.05284363799707
59.474071941730834
59.42253085926068
90.56416701577992
87.81618023553509
89.70558115719406
90.35714285714286
87.60229018293536
87.01228878648234
84.71326164874553
86.23015873015873
87.0682632779407
86.57834101382488
59.76995100037782
58.69471061871241
60.0482120486338
59.21221999063908
58.697210412162775
86.16068519294326
90.32770097286226
88.73132244099986
88.73143881208398
89.44572452636969
82.69410696830053
86.46313364055301
89.92994460736398
86.88044034818228
90.78469022017408
59.59218737553701
59.635406941239786
61.13787110449839
59.72711500581042
60.56094659035075
84.68509984639014
85.45279988828375
83.25233905879068
86.40296979006656
85.35155704510544
62.299893841895944
63.80394338881496
63.81472098712464
61.430982363174856
61.65567936683151
83.7326025229251
85.71300563236046
83.5099846390169
88.32029977191267
87.9441884280594
84.26267281105991
87.92964204254528
84.71582181259602
86.35944700460828
88.46099241260531
58.497326577416594
59.15090804043759
60.88950624803042
60.5144360594509
58.96571756509477
82.58157612996322
82.27342549923196
86.33512544802866
89.73118279569891
88.59959037378393
87.26562863659639
81.88393148070567
82.88134804263836
83.86840757808501
87.54864311315924
60.28613528397663
61.1204253215211
61.830033607738976
60.259651604833344
62.36504728959438
65.77900745252163
62.31001216740399
63.75880288856937
61.716724132635846
62.80364770952395
61.22352815541498
59.76957209877534
58.26722230158144
62.848626068334845
61.07020867722667
83.46390168970815
83.01971326164875
86.97260624679981
82.16194200065168
84.0821812596006
59.190617608549296
59.311036501755886
60.12237039028943
60.95572535267453
61.465246199674056
84.71652003910069
87.12877624167947
88.7698412698413
87.76406389309616
88.732486151841
62.27499213533406
62.425339247267296
64.36117719726491
64.93126865591577
64.63435278403136
83.90634455150584
81.99704417446354
84.92319508448541
85.28801843317973
77.99760275566729
63.329215374743995
64.2085272678441
65.80727348310096
62.19456243938181
63.02450880842806
60.30592369193809
59.42775091615747
57.94909690989501
58.220672046840455
58.542871441096594
78.22464274077178
85.48131080389146
85.52995391705069
87.32974910394266
86.32395382395381
62.87872283066739
65.23977688848358
64.54281794826129
64.27678752480102
62.87128927757527
59.82082671844879
60.08894481509758
61.38324757679596
58.658578435919466
59.76288267546714
63.054476001888936
61.334988476737564
59.092744010233574
63.633871799669215
60.32218710303601
80.33619606200251
83.1836622159203
81.89359028068705
80.16641065028162
86.05664944374622
57.867387088340095
59.46134154216005
60.03048156074828
58.413018436969345
59.66926785336727
79.72579549904029
78.67767537122376
76.67562724014337
82.1692733789508
81.7831541218638
63.896327228555705
60.19701220826013
58.149602776094476
60.737980755923196
60.83240835590002
82.02229669971607
82.2567844342038
79.55581157194061
84.29607131220033
79.64797747055812
81.05007000168291
78.89144905273938
80.94214029697899
78.67511520737327
80.01536098310292
65.53945732879511
64.2448649893261
64.3240193872354
63.13496427161089
64.67759587693521
80.26381324768423
77.92370711725552
82.32811990876507
85.62933482288321
82.2183819764465
76.63222082576922
82.61264720942141
83.31739049480986
84.90271377368153
80.84066471163246
81.71402969790066
82.41353628450403
80.95179909696039
79.47132616487455
78.47774984871758
58.6724425655288
59.68284267039726
58.51442021859016
59.4246927377259
60.93659369201609
