84.31=100.00 100.00 80.00 100.00 100.00 100.00 100.00 50.00 75.00 75.00 100.00 100.00 75.00 100.00 100.00 83.33 100.00 80.00 0.00 100.00 100.00 100.00 100.00 100.00 28.57 50.00 100.00 100.00 66.67 100.00 50.00
87.23=100.00 100.00 100.00 50.00 50.00 100.00 100.00 50.00 75.00 100.00 100.00 100.00 100.00 100.00 100.00 85.71 100.00 100.00 100.00 100.00 100.00 100.00 100.00 60.00 83.33 0.00 75.00 100.00 75.00 100.00 100.00
89.17=100.00 100.00 100.00 100.00 100.00 100.00 100.00 66.67 66.67 75.00 100.00 100.00 100.00 100.00 60.00 62.50 100.00 100.00 100.00 100.00 100.00 100.00 100.00 66.67 100.00 16.67 100.00 100.00 50.00 100.00 100.00
89.43=100.00 100.00 100.00 0.00 100.00 100.00 100.00 100.00 100.00 100.00 100.00 100.00 100.00 100.00 100.00 85.71 100.00 100.00 100.00 100.00 50.00 100.00 100.00 100.00 80.00 50.00 80.00 100.00 60.00 100.00 66.67
93.06=100.00 100.00 100.00 100.00 100.00 100.00 100.00 66.67 60.00 100.00 100.00 100.00 100.00 100.00 100.00 83.33 100.00 100.00 100.00 100.00 100.00 100.00 100.00 75.00 100.00 50.00 100.00 100.00 75.00 100.00 75.00
90.48=100.00 100.00 100.00 100.00 100.00 100.00 100.00 66.67 100.00 100.00 100.00 100.00 75.00 100.00 100.00 100.00 80.00 100.00 100.00 83.33 100.00 100.00 100.00 100.00 100.00 0.00 100.00 100.00 50.00 75.00 75.00
89.08=100.00 100.00 100.00 50.00 100.00 100.00 100.00 100.00 100.00 100.00 100.00 100.00 100.00 100.00 80.00 71.43 75.00 100.00 100.00 83.33 100.00 100.00 100.00 100.00 100.00 0.00 66.67 100.00 60.00 100.00 75.00
92.60=100.00 100.00 100.00 100.00 100.00 100.00 100.00 66.67 100.00 100.00 100.00 100.00 100.00 100.00 100.00 85.71 75.00 100.00 75.00 100.00 100.00 100.00 100.00 100.00 100.00 33.33 100.00 100.00 60.00 100.00 75.00
95.32=100.00 100.00 100.00 100.00 100.00 100.00 100.00 66.67 100.00 100.00 100.00 100.00 100.00 75.00 100.00 83.33 100.00 100.00 100.00 100.00 100.00 100.00 100.00 100.00 100.00 100.00 80.00 100.00 75.00 100.00 75.00
91.55=100.00 100.00 100.00 100.00 66.67 100.00 100.00 50.00 100.00 100.00 100.00 100.00 100.00 100.00 100.00 71.43 100.00 100.00 100.00 100.00 100.00 100.00 100.00 100.00 75.00 33.33 100.00 100.00 75.00 100.00 66.67
89.72=80.00 100.00 100.00 100.00 66.67 100.00 100.00 50.00 100.00 100.00 100.00 100.00 100.00 100.00 100.00 71.43 80.00 100.00 100.00 100.00 100.00 100.00 100.00 100.00 100.00 33.33 100.00 100.00 50.00 100.00 50.00
97.12=100.00 100.00 100.00 100.00 100.00 100.00 100.00 100.00 100.00 100.00 100.00 100.00 100.00 75.00 100.00 85.71 100.00 100.00 100.00 100.00 100.00 100.00 100.00 100.00 100.00 100.00 100.00 100.00 75.00 100.00 75.00
96.24=100.00 100.00 100.00 100.00 100.00 100.00 100.00 66.67 100.00 100.00 100.00 100.00 100.00 100.00 100.00 75.00 100.00 100.00 100.00 100.00 100.00 100.00 100.00 100.00 100.00 100.00 100.00 100.00 75.00 100.00 66.67
91.96=80.00 100.00 100.00 100.00 100.00 100.00 100.00 100.00 75.00 100.00 100.00 100.00 100.00 75.00 100.00 85.71 80.00 100.00 100.00 100.00 100.00 100.00 100.00 100.00 80.00 33.33 100.00 100.00 75.00 100.00 66.67
91.83=100.00 100.00 100.00 50.00 66.67 100.00 100.00 100.00 75.00 66.67 100.00 100.00 100.00 100.00 80.00 83.33 100.00 100.00 100.00 100.00 100.00 100.00 100.00 75.00 100.00 100.00 100.00 100.00 75.00 100.00 75.00
95.02=100.00 100.00 100.00 100.00 100.00 100.00 100.00 100.00 75.00 100.00 100.00 100.00 100.00 100.00 100.00 85.71 100.00 100.00 100.00 100.00 100.00 100.00 100.00 100.00 100.00 50.00 100.00 100.00 75.00 100.00 60.00
93.52=100.00 100.00 100.00 100.00 100.00 83.33 100.00 100.00 100.00 100.00 100.00 100.00 80.00 100.00 75.00 85.71 100.00 100.00 100.00 83.33 100.00 100.00 100.00 100.00 100.00 50.00 100.00 100.00 66.67 100.00 75.00
96.51=100.00 100.00 100.00 100.00 66.67 100.00 100.00 100.00 100.00 100.00 100.00 100.00 100.00 100.00 100.00 100.00 100.00 100.00 100.00 100.00 100.00 75.00 100.00 100.00 75.00 100.00 100.00 100.00 75.00 100.00 100.00
92.71=100.00 100.00 100.00 100.00 66.67 100.00 100.00 66.67 100.00 100.00 100.00 100.00 100.00 75.00 100.00 100.00 100.00 100.00 100.00 100.00 100.00 100.00 80.00 100.00 85.71 33.33 100.00 100.00 66.67 100.00 100.00
95.59=100.00 100.00 100.00 100.00 66.67 100.00 100.00 66.67 100.00 100.00 100.00 100.00 100.00 75.00 100.00 100.00 100.00 100.00 100.00 100.00 100.00 100.00 100.00 100.00 75.00 100.00 80.00 100.00 100.00 100.00 100.00
92.37=80.00 75.00 100.00 33.33 100.00 100.00 100.00 33.33 100.00 100.00 100.00 100.00 100.00 100.00 100.00 100.00 100.00 100.00 100.00 100.00 100.00 100.00 100.00 100.00 100.00 100.00 100.00 100.00 75.00 100.00 66.67
95.65=100.00 100.00 100.00 100.00 100.00 100.00 100.00 40.00 100.00 100.00 100.00 100.00 100.00 100.00 100.00 100.00 100.00 100.00 100.00 100.00 100.00 100.00 100.00 100.00 100.00 50.00 100.00 100.00 75.00 100.00 100.00
96.83=100.00 100.00 100.00 100.00 100.00 100.00 100.00 66.67 100.00 100.00 80.00 100.00 100.00 100.00 100.00 100.00 100.00 100.00 100.00 100.00 100.00 100.00 100.00 100.00 100.00 100.00 80.00 100.00 75.00 100.00 100.00
95.38=100.00 100.00 100.00 100.00 100.00 100.00 100.00 66.67 100.00 100.00 100.00 100.00 100.00 100.00 100.00 100.00 100.00 100.00 100.00 100.00 100.00 100.00 80.00 75.00 100.00 100.00 80.00 80.00 75.00 100.00 100.00
93.03=80.00 100.00 100.00 100.00 100.00 100.00 100.00 66.67 100.00 100.00 100.00 100.00 75.00 66.67 100.00 100.00 80.00 100.00 80.00 100.00 100.00 100.00 100.00 100.00 85.71 100.00 100.00 100.00 50.00 100.00 100.00
95.32=100.00 100.00 100.00 100.00 100.00 100.00 100.00 50.00 100.00 100.00 100.00 100.00 100.00 100.00 100.00 100.00 75.00 80.00 100.00 100.00 100.00 100.00 100.00 100.00 100.00 100.00 100.00 100.00 75.00 100.00 75.00
92.20=66.67 100.00 100.00 50.00 100.00 100.00 100.00 33.33 75.00 100.00 100.00 100.00 100.00 100.00 100.00 75.00 100.00 100.00 100.00 100.00 100.00 100.00 100.00 100.00 83.33 100.00 100.00 100.00 75.00 100.00 100.00
93.55=100.00 100.00 100.00 100.00 66.67 100.00 100.00 33.33 100.00 100.00 100.00 100.00 100.00 75.00 100.00 100.00 100.00 100.00 100.00 100.00 100.00 100.00 100.00 100.00 100.00 50.00 100.00 100.00 75.00 100.00 100.00
94.89=100.00 100.00 100.00 100.00 66.67 100.00 100.00 50.00 75.00 100.00 100.00 100.00 100.00 100.00 100.00 100.00 100.00 100.00 100.00 100.00 100.00 100.00 100.00 100.00 100.00 100.00 100.00 100.00 75.00 100.00 75.00
95.86=100.00 100.00 100.00 100.00 66.67 100.00 100.00 50.00 100.00 100.00 100.00 100.00 100.00 100.00 100.00 100.00 100.00 100.00 100.00 100.00 100.00 100.00 100.00 100.00 100.00 100.00 100.00 80.00 75.00 100.00 100.00
93.82=100.00 100.00 100.00 100.00 66.67 100.00 100.00 33.33 100.00 100.00 100.00 100.00 100.00 100.00 100.00 100.00 100.00 100.00 100.00 100.00 100.00 100.00 100.00 100.00 100.00 33.33 100.00 100.00 75.00 100.00 100.00
95.75=100.00 100.00 100.00 100.00 66.67 100.00 100.00 66.67 100.00 100.00 80.00 100.00 100.00 100.00 80.00 100.00 100.00 100.00 100.00 100.00 100.00 100.00 100.00 100.00 100.00 100.00 100.00 100.00 75.00 100.00 100.00
94.62=66.67 100.00 100.00 100.00 100.00 100.00 100.00 50.00 75.00 100.00 100.00 100.00 100.00 100.00 100.00 100.00 100.00 100.00 100.00 100.00 100.00 100.00 100.00 100.00 100.00 100.00 100.00 100.00 75.00 100.00 66.67
96.94=80.00 100.00 100.00 100.00 100.00 100.00 100.00 50.00 100.00 100.00 100.00 100.00 100.00 100.00 100.00 100.00 100.00 100.00 100.00 100.00 100.00 100.00 100.00 100.00 100.00 100.00 100.00 100.00 75.00 100.00 100.00
94.89=80.00 100.00 100.00 100.00 66.67 100.00 100.00 40.00 100.00 100.00 100.00 100.00 100.00 100.00 100.00 80.00 100.00 100.00 100.00 100.00 100.00 100.00 100.00 100.00 100.00 100.00 100.00 100.00 75.00 100.00 100.00
93.87=100.00 100.00 100.00 100.00 100.00 100.00 100.00 50.00 100.00 100.00 80.00 100.00 100.00 100.00 100.00 80.00 100.00 100.00 100.00 100.00 100.00 100.00 100.00 100.00 100.00 50.00 100.00 100.00 75.00 100.00 75.00
95.05=100.00 100.00 100.00 100.00 66.67 100.00 100.00 50.00 100.00 100.00 100.00 100.00 100.00 100.00 80.00 100.00 100.00 100.00 100.00 100.00 100.00 100.00 100.00 75.00 100.00 100.00 100.00 100.00 75.00 100.00 100.00
96.18=100.00 100.00 100.00 100.00 100.00 100.00 100.00 40.00 100.00 100.00 100.00 100.00 100.00 100.00 100.00 66.67 100.00 100.00 100.00 100.00 100.00 100.00 100.00 100.00 100.00 100.00 100.00 100.00 75.00 100.00 100.00
92.53=100.00 75.00 100.00 100.00 100.00 100.00 100.00 33.33 75.00 100.00 80.00 100.00 100.00 100.00 80.00 100.00 100.00 100.00 100.00 83.33 100.00 100.00 100.00 100.00 100.00 100.00 100.00 100.00 66.67 100.00 75.00
92.15=100.00 100.00 100.00 100.00 66.67 100.00 100.00 40.00 75.00 100.00 100.00 100.00 100.00 100.00 100.00 100.00 100.00 100.00 100.00 100.00 100.00 100.00 100.00 100.00 100.00 0.00 100.00 100.00 75.00 100.00 100.00
90.45=100.00 100.00 100.00 100.00 100.00 100.00 100.00 66.67 60.00 75.00 100.00 100.00 100.00 100.00 100.00 85.71 100.00 80.00 100.00 100.00 100.00 100.00 100.00 66.67 100.00 100.00 100.00 60.00 50.00 100.00 60.00
91.61=100.00 100.00 100.00 100.00 100.00 100.00 100.00 100.00 66.67 100.00 100.00 100.00 80.00 100.00 66.67 83.33 100.00 80.00 100.00 100.00 100.00 100.00 100.00 75.00 100.00 100.00 66.67 80.00 75.00 100.00 66.67
94.16=100.00 100.00 100.00 100.00 100.00 100.00 85.71 100.00 100.00 100.00 100.00 100.00 100.00 75.00 100.00 100.00 100.00 100.00 100.00 100.00 100.00 66.67 100.00 100.00 100.00 100.00 100.00 66.67 50.00 100.00 75.00
89.97=100.00 100.00 75.00 100.00 100.00 100.00 100.00 100.00 75.00 100.00 100.00 100.00 100.00 100.00 100.00 100.00 75.00 100.00 100.00 100.00 100.00 66.67 80.00 66.67 100.00 33.33 80.00 100.00 100.00 100.00 37.50
95.21=100.00 100.00 100.00 100.00 100.00 100.00 100.00 100.00 100.00 100.00 100.00 100.00 100.00 100.00 80.00 71.43 100.00 100.00 100.00 100.00 100.00 100.00 100.00 75.00 75.00 100.00 100.00 100.00 100.00 100.00 50.00
92.53=80.00 100.00 100.00 100.00 100.00 100.00 100.00 100.00 75.00 100.00 100.00 100.00 100.00 100.00 100.00 83.33 100.00 100.00 100.00 100.00 100.00 75.00 60.00 75.00 100.00 100.00 100.00 100.00 60.00 100.00 60.00
94.88=100.00 100.00 100.00 100.00 100.00 100.00 100.00 100.00 100.00 100.00 100.00 100.00 100.00 100.00 100.00 71.43 100.00 100.00 100.00 100.00 100.00 60.00 100.00 100.00 100.00 100.00 100.00 100.00 50.00 100.00 60.00
94.08=100.00 100.00 100.00 100.00 100.00 100.00 100.00 100.00 100.00 100.00 100.00 100.00 100.00 100.00 100.00 71.43 100.00 100.00 100.00 100.00 100.00 75.00 75.00 75.00 100.00 100.00 100.00 100.00 60.00 100.00 60.00
95.43=100.00 100.00 100.00 100.00 100.00 100.00 100.00 100.00 100.00 100.00 100.00 100.00 100.00 100.00 100.00 83.33 100.00 100.00 80.00 100.00 100.00 60.00 100.00 100.00 100.00 100.00 100.00 100.00 75.00 100.00 60.00
94.84=80.00 100.00 100.00 100.00 100.00 100.00 100.00 100.00 75.00 100.00 100.00 100.00 100.00 75.00 100.00 100.00 100.00 100.00 100.00 100.00 100.00 100.00 100.00 100.00 100.00 100.00 100.00 100.00 50.00 100.00 60.00
95.99=100.00 100.00 100.00 100.00 100.00 100.00 100.00 100.00 100.00 100.00 100.00 100.00 100.00 100.00 100.00 85.71 100.00 100.00 100.00 100.00 100.00 100.00 100.00 100.00 75.00 100.00 80.00 100.00 75.00 100.00 60.00
95.00=100.00 100.00 100.00 100.00 100.00 100.00 100.00 100.00 100.00 100.00 66.67 100.00 100.00 100.00 100.00 83.33 100.00 100.00 100.00 100.00 100.00 100.00 100.00 60.00 100.00 100.00 100.00 100.00 60.00 100.00 75.00
95.53=100.00 100.00 100.00 100.00 100.00 100.00 100.00 100.00 100.00 100.00 100.00 100.00 100.00 100.00 100.00 71.43 100.00 100.00 100.00 100.00 100.00 75.00 100.00 100.00 100.00 100.00 100.00 80.00 75.00 100.00 60.00
95.48=100.00 100.00 100.00 100.00 100.00 100.00 100.00 100.00 100.00 100.00 100.00 100.00 80.00 100.00 100.00 80.00 100.00 100.00 100.00 100.00 100.00 75.00 100.00 100.00 100.00 100.00 100.00 100.00 75.00 100.00 50.00
92.15=100.00 100.00 100.00 100.00 66.67 83.33 100.00 66.67 100.00 100.00 100.00 100.00 100.00 100.00 66.67 83.33 100.00 100.00 100.00 100.00 100.00 75.00 100.00 100.00 100.00 100.00 80.00 100.00 75.00 100.00 60.00
96.18=100.00 100.00 100.00 100.00 100.00 100.00 100.00 100.00 100.00 100.00 100.00 100.00 100.00 100.00 100.00 71.43 100.00 100.00 100.00 100.00 100.00 75.00 100.00 100.00 100.00 100.00 100.00 100.00 75.00 100.00 60.00
95.75=100.00 100.00 100.00 100.00 100.00 100.00 100.00 100.00 100.00 100.00 100.00 100.00 100.00 100.00 100.00 83.33 100.00 100.00 100.00 100.00 100.00 75.00 100.00 100.00 100.00 100.00 100.00 100.00 75.00 75.00 60.00
94.45=100.00 100.00 100.00 100.00 100.00 100.00 100.00 100.00 100.00 100.00 80.00 100.00 100.00 100.00 100.00 71.43 100.00 100.00 100.00 100.00 100.00 75.00 100.00 66.67 100.00 100.00 100.00 100.00 75.00 100.00 60.00
92.73=100.00 100.00 100.00 100.00 100.00 100.00 100.00 66.67 100.00 100.00 80.00 100.00 100.00 75.00 100.00 71.43 100.00 100.00 100.00 100.00 100.00 75.00 100.00 100.00 100.00 100.00 100.00 80.00 66.67 100.00 60.00
95.37=100.00 100.00 100.00 100.00 100.00 100.00 100.00 100.00 75.00 100.00 100.00 100.00 100.00 100.00 100.00 71.43 100.00 100.00 100.00 100.00 100.00 75.00 100.00 100.00 100.00 100.00 100.00 100.00 75.00 100.00 60.00
96.56=100.00 100.00 100.00 100.00 100.00 100.00 100.00 100.00 100.00 100.00 100.00 100.00 100.00 100.00 100.00 83.33 100.00 100.00 100.00 100.00 100.00 75.00 100.00 100.00 100.00 100.00 100.00 100.00 75.00 100.00 60.00
91.40=100.00 100.00 100.00 100.00 100.00 100.00 100.00 100.00 75.00 100.00 100.00 100.00 100.00 100.00 80.00 83.33 100.00 100.00 100.00 100.00 100.00 75.00 100.00 75.00 100.00 50.00 80.00 80.00 75.00 100.00 60.00
93.71=100.00 100.00 100.00 100.00 100.00 100.00 100.00 66.67 100.00 100.00 80.00 100.00 100.00 100.00 80.00 83.33 100.00 100.00 100.00 100.00 100.00 75.00 100.00 100.00 100.00 100.00 100.00 100.00 60.00 100.00 60.00
95.38=100.00 100.00 100.00 100.00 100.00 100.00 100.00 100.00 75.00 100.00 100.00 100.00 100.00 100.00 80.00 83.33 100.00 100.00 100.00 83.33 100.00 100.00 100.00 100.00 100.00 100.00 100.00 100.00 75.00 100.00 60.00
94.03=100.00 100.00 100.00 100.00 100.00 100.00 100.00 100.00 75.00 100.00 100.00 100.00 100.00 100.00 100.00 83.33 100.00 100.00 100.00 100.00 100.00 75.00 80.00 100.00 75.00 100.00 100.00 100.00 66.67 100.00 60.00
93.82=100.00 100.00 100.00 50.00 100.00 100.00 100.00 100.00 100.00 100.00 100.00 100.00 100.00 100.00 100.00 83.33 100.00 100.00 100.00 83.33 100.00 75.00 100.00 75.00 100.00 100.00 100.00 100.00 75.00 100.00 66.67
94.25=100.00 100.00 100.00 100.00 100.00 100.00 100.00 100.00 100.00 100.00 100.00 100.00 100.00 100.00 100.00 83.33 75.00 100.00 100.00 83.33 100.00 75.00 100.00 75.00 100.00 100.00 80.00 100.00 75.00 100.00 75.00
94.92=100.00 100.00 100.00 100.00 100.00 100.00 100.00 100.00 100.00 100.00 100.00 100.00 100.00 100.00 100.00 62.50 80.00 100.00 100.00 100.00 100.00 75.00 100.00 100.00 100.00 100.00 100.00 100.00 75.00 100.00 50.00
91.53=100.00 100.00 100.00 100.00 100.00 100.00 100.00 66.67 75.00 100.00 100.00 100.00 100.00 100.00 100.00 62.50 100.00 66.67 100.00 100.00 100.00 75.00 100.00 66.67 100.00 100.00 100.00 100.00 75.00 100.00 50.00
94.72=100.00 100.00 100.00 100.00 100.00 100.00 100.00 100.00 100.00 100.00 100.00 100.00 100.00 100.00 100.00 71.43 100.00 80.00 100.00 100.00 100.00 75.00 100.00 75.00 100.00 100.00 80.00 80.00 75.00 100.00 100.00
94.70=100.00 100.00 100.00 100.00 100.00 100.00 100.00 100.00 100.00 100.00 100.00 100.00 100.00 100.00 80.00 55.56 100.00 100.00 100.00 100.00 100.00 75.00 100.00 100.00 75.00 100.00 100.00 100.00 75.00 100.00 75.00
95.91=100.00 100.00 100.00 100.00 100.00 100.00 100.00 100.00 100.00 100.00 80.00 100.00 100.00 100.00 100.00 83.33 100.00 100.00 100.00 100.00 100.00 75.00 100.00 100.00 100.00 100.00 100.00 100.00 75.00 100.00 60.00
95.75=100.00 100.00 100.00 100.00 100.00 100.00 100.00 100.00 100.00 100.00 100.00 100.00 100.00 100.00 100.00 71.43 100.00 80.00 100.00 100.00 100.00 75.00 100.00 100.00 100.00 100.00 100.00 100.00 75.00 100.00 66.67
95.22=100.00 100.00 100.00 100.00 100.00 100.00 100.00 100.00 100.00 100.00 100.00 100.00 80.00 100.00 66.67 80.00 100.00 100.00 100.00 100.00 100.00 75.00 100.00 100.00 100.00 100.00 100.00 100.00 75.00 100.00 75.00
93.92=100.00 100.00 100.00 100.00 100.00 100.00 100.00 100.00 100.00 100.00 100.00 100.00 100.00 100.00 100.00 71.43 100.00 100.00 100.00 100.00 100.00 60.00 100.00 100.00 100.00 50.00 100.00 80.00 75.00 100.00 75.00
94.95=100.00 100.00 100.00 100.00 100.00 100.00 100.00 66.67 75.00 100.00 100.00 100.00 100.00 100.00 100.00 100.00 100.00 100.00 100.00 100.00 100.00 66.67 100.00 100.00 100.00 100.00 100.00 100.00 75.00 100.00 60.00
95.59=100.00 100.00 100.00 100.00 100.00 100.00 100.00 100.00 100.00 100.00 100.00 100.00 100.00 100.00 100.00 83.33 100.00 80.00 100.00 100.00 100.00 75.00 100.00 100.00 100.00 100.00 100.00 100.00 75.00 100.00 50.00
96.56=100.00 100.00 100.00 100.00 100.00 100.00 100.00 100.00 100.00 100.00 100.00 100.00 100.00 100.00 100.00 83.33 100.00 100.00 100.00 100.00 100.00 75.00 100.00 100.00 100.00 100.00 100.00 100.00 75.00 100.00 60.00
93.23=100.00 100.00 100.00 100.00 100.00 100.00 100.00 100.00 75.00 100.00 100.00 100.00 100.00 100.00 100.00 83.33 80.00 100.00 100.00 100.00 100.00 66.67 100.00 75.00 100.00 100.00 100.00 100.00 50.00 100.00 60.00
93.06=100.00 100.00 100.00 100.00 100.00 100.00 100.00 66.67 100.00 100.00 100.00 100.00 100.00 100.00 80.00 83.33 75.00 100.00 80.00 83.33 100.00 75.00 100.00 100.00 100.00 100.00 100.00 100.00 66.67 100.00 75.00
58.47=88.89 100.00 62.50 91.67 0.00 65.00 84.62 50.00 50.00 72.73 68.75 76.19 84.62 47.37 66.67 75.00 87.50 81.25 27.27 63.16 16.67 100.00 69.23 0.00 44.44 60.00 55.56 53.85 0.00 57.14 12.50
59.14=83.33 100.00 71.43 81.82 4.35 54.17 85.71 58.82 44.44 81.82 63.64 82.35 72.22 35.71 60.00 64.29 75.00 60.00 54.55 66.67 75.00 81.25 66.67 0.00 37.50 47.37 76.92 54.55 23.08 37.50 33.33
59.64=100.00 100.00 71.43 90.91 0.00 47.83 78.57 56.25 63.64 100.00 71.43 83.33 92.31 43.75 50.00 61.11 84.21 70.59 33.33 88.89 14.29 71.43 58.82 0.00 57.14 40.91 72.73 40.00 23.08 40.00 42.86
61.59=100.00 100.00 69.23 75.00 0.00 60.00 91.67 57.89 44.44 72.73 65.22 69.57 92.86 58.33 90.91 62.50 82.35 76.47 50.00 85.71 33.33 86.67 71.43 0.00 41.18 42.86 75.00 54.55 22.22 57.14 20.00
63.56=91.67 100.00 100.00 85.71 0.00 53.57 85.71 55.56 44.44 87.50 68.18 73.68 87.50 61.54 84.62 73.33 78.95 78.95 50.00 100.00 0.00 78.95 70.00 0.00 44.44 52.94 83.33 77.78 9.09 50.00 42.86
63.27=92.86 100.00 100.00 85.71 0.00 57.69 91.67 55.56 60.00 90.00 68.18 76.19 93.33 38.46 82.35 80.00 77.78 76.47 41.18 80.00 0.00 81.25 63.64 0.00 38.46 64.29 92.31 72.73 9.09 54.55 37.50
64.62=92.31 100.00 76.92 80.00 0.00 60.00 91.67 52.94 44.44 90.91 65.00 69.57 88.24 63.64 82.35 83.33 87.50 83.33 57.14 64.29 0.00 82.35 90.91 0.00 44.44 75.00 100.00 72.73 25.00 36.36 42.86
64.98=92.31 100.00 100.00 84.62 0.00 56.00 83.33 52.63 62.50 81.82 71.43 73.68 88.24 46.67 76.47 86.67 88.24 72.22 53.33 58.33 0.00 86.67 66.67 0.00 55.56 60.00 90.00 85.71 30.00 71.43 40.00
64.54=76.47 100.00 90.91 80.00 0.00 57.69 83.33 57.89 44.44 90.00 77.78 73.68 84.21 72.73 100.00 85.71 75.00 78.95 50.00 77.78 0.00 92.86 76.92 0.00 38.89 60.00 91.67 66.67 27.27 40.00 50.00
65.63=92.86 100.00 75.00 84.62 0.00 59.09 100.00 55.00 63.64 81.82 71.43 88.24 82.35 53.85 77.78 83.33 88.24 68.42 57.14 90.00 0.00 70.00 61.54 0.00 58.82 69.23 85.71 77.78 28.57 50.00 60.00
63.73=92.31 100.00 90.91 84.62 0.00 58.33 92.86 52.94 58.33 90.00 75.00 71.43 100.00 66.67 77.78 75.00 88.24 66.67 55.56 72.73 0.00 77.78 63.64 0.00 53.33 69.23 83.33 54.55 27.27 50.00 27.27
62.94=80.00 100.00 100.00 76.92 0.00 55.56 85.71 42.11 42.86 75.00 70.00 76.19 87.50 50.00 92.86 76.47 88.24 73.68 55.56 70.00 0.00 82.35 90.91 0.00 57.14 64.29 78.57 66.67 33.33 36.36 42.86
65.82=100.00 92.86 100.00 84.62 0.00 60.00 84.62 61.11 57.14 90.91 72.22 83.33 93.75 75.00 86.67 75.00 76.19 75.00 60.00 66.67 0.00 77.78 75.00 0.00 62.50 60.00 83.33 63.64 23.08 40.00 60.00
65.61=100.00 100.00 90.91 73.33 0.00 59.09 85.71 60.00 80.00 81.82 68.18 80.00 100.00 70.00 78.95 68.75 80.00 63.64 64.29 88.89 0.00 70.00 83.33 0.00 73.33 64.29 84.62 66.67 15.38 40.00 42.86
67.31=81.25 100.00 83.33 90.91 0.00 60.87 92.31 55.56 81.82 83.33 78.95 76.19 100.00 61.54 72.73 92.31 83.33 78.95 55.00 77.78 0.00 82.35 73.33 0.00 66.67 75.00 91.67 75.00 18.18 55.56 42.86
66.43=100.00 100.00 90.91 78.57 0.00 62.50 85.71 47.62 61.54 88.89 68.42 80.00 88.24 61.54 88.24 86.67 85.71 78.95 58.82 80.00 0.00 73.68 81.82 0.00 73.33 81.82 92.31 80.00 16.67 30.00 37.50
66.08=86.67 100.00 83.33 84.62 0.00 63.64 86.67 63.16 66.67 69.23 78.95 76.19 100.00 72.73 83.33 66.67 81.25 71.43 62.50 88.89 0.00 78.95 76.92 0.00 53.33 81.82 76.92 70.00 20.00 54.55 50.00
64.67=91.67 100.00 100.00 85.71 0.00 60.87 86.67 52.63 30.00 81.82 68.18 68.18 88.24 52.94 77.78 73.33 80.00 78.95 52.94 72.73 0.00 83.33 81.82 0.00 64.29 81.82 90.00 80.00 8.33 62.50 50.00
64.30=92.31 100.00 100.00 76.92 0.00 60.00 92.86 62.50 55.56 64.29 60.00 69.57 94.12 50.00 80.00 80.00 78.95 78.95 60.00 66.67 0.00 82.35 91.67 0.00 57.14 71.43 91.67 71.43 27.27 44.44 33.33
66.28=100.00 100.00 90.91 84.62 0.00 60.00 86.67 64.71 58.33 69.23 71.43 76.19 93.75 64.29 82.35 85.71 77.78 73.68 60.00 61.54 0.00 81.25 83.33 0.00 58.82 81.82 91.67 69.23 27.27 50.00 50.00
66.19=92.86 92.86 100.00 78.57 0.00 63.64 100.00 58.82 45.45 66.67 66.67 70.00 100.00 66.67 78.95 81.25 84.21 71.43 56.25 58.33 0.00 82.35 84.62 0.00 73.33 69.23 84.62 81.82 16.67 60.00 66.67
65.88=85.71 100.00 100.00 83.33 0.00 59.09 80.00 52.63 54.55 69.23 71.43 72.22 93.75 71.43 78.95 72.22 84.21 72.22 60.00 100.00 0.00 65.00 78.57 0.00 68.75 56.25 91.67 88.89 12.50 62.50 57.14
66.16=92.31 100.00 90.91 84.62 0.00 63.64 86.67 55.56 50.00 90.00 72.22 84.21 83.33 90.91 77.78 76.47 78.95 78.95 52.94 80.00 0.00 77.78 83.33 0.00 56.25 69.23 80.00 70.00 25.00 60.00 40.00
64.46=81.25 100.00 100.00 83.33 0.00 70.00 92.86 50.00 43.75 75.00 66.67 75.00 80.00 64.29 72.22 76.47 75.00 77.78 50.00 63.64 0.00 72.22 84.62 0.00 73.33 56.25 90.91 77.78 16.67 62.50 66.67
66.82=86.67 100.00 100.00 84.62 0.00 60.87 80.00 55.56 50.00 75.00 75.00 76.19 93.75 75.00 80.00 75.00 88.24 71.43 61.54 77.78 0.00 83.33 84.62 0.00 66.67 75.00 84.62 88.89 25.00 66.67 30.00
66.72=92.31 92.31 100.00 84.62 0.00 53.85 80.00 55.00 69.23 66.67 71.43 80.00 100.00 75.00 86.67 70.59 86.67 77.78 60.00 72.73 0.00 73.68 90.91 0.00 78.57 69.23 91.67 81.82 23.08 44.44 40.00
66.64=86.67 100.00 90.91 71.43 0.00 58.33 92.86 50.00 57.14 81.82 65.00 76.19 100.00 90.00 81.25 73.33 83.33 78.95 60.00 80.00 0.00 68.18 84.62 0.00 68.75 69.23 91.67 80.00 18.18 63.64 44.44
65.51=92.31 100.00 100.00 83.33 0.00 61.90 85.71 55.56 50.00 69.23 65.22 76.19 93.33 80.00 73.68 84.62 83.33 78.95 62.50 88.89 0.00 88.24 83.33 0.00 47.06 69.23 92.31 77.78 20.00 50.00 18.18
64.91=76.47 100.00 100.00 84.62 0.00 58.33 100.00 58.82 61.54 66.67 75.00 80.00 87.50 72.73 82.35 68.42 77.78 78.95 57.14 72.73 0.00 76.47 78.57 0.00 50.00 56.25 90.00 76.92 25.00 62.50 37.50
66.91=92.86 92.86 100.00 85.71 0.00 60.87 86.67 50.00 66.67 75.00 75.00 84.21 94.12 66.67 78.95 86.67 80.00 72.22 52.94 100.00 0.00 83.33 84.62 0.00 53.33 50.00 90.91 77.78 27.27 50.00 55.56
65.85=92.86 100.00 100.00 78.57 0.00 58.33 86.67 55.00 63.64 69.23 70.00 80.00 88.24 64.29 83.33 68.42 83.33 78.95 62.50 80.00 0.00 82.35 81.82 0.00 63.64 64.29 90.00 81.82 30.00 55.56 28.57
65.82=92.86 100.00 100.00 84.62 0.00 52.38 86.67 57.89 61.54 72.73 71.43 80.00 100.00 75.00 68.18 68.42 83.33 78.95 58.82 80.00 0.00 77.78 78.57 0.00 60.00 81.82 91.67 77.78 12.50 50.00 37.50
68.47=92.86 92.86 100.00 84.62 0.00 66.67 81.25 47.37 83.33 81.82 66.67 80.00 100.00 75.00 80.00 76.47 87.50 75.00 66.67 80.00 0.00 75.00 84.62 0.00 58.82 81.82 80.00 81.82 20.00 62.50 60.00
67.44=92.86 92.86 100.00 84.62 0.00 61.90 92.86 55.56 69.23 75.00 73.68 88.89 100.00 66.67 71.43 76.47 87.50 76.47 61.11 80.00 0.00 77.78 84.62 0.00 60.00 69.23 80.00 81.82 20.00 60.00 50.00
66.75=92.86 100.00 100.00 78.57 0.00 61.90 86.67 47.37 50.00 75.00 70.00 84.21 86.67 81.82 75.00 65.00 82.35 75.00 58.82 57.14 0.00 93.33 78.57 0.00 69.23 81.82 84.62 83.33 25.00 50.00 75.00
66.79=86.67 100.00 100.00 78.57 0.00 62.50 85.71 47.37 66.67 75.00 65.00 75.00 100.00 75.00 77.78 78.57 78.95 78.95 62.50 81.82 0.00 88.24 78.57 0.00 69.23 75.00 92.31 80.00 18.18 55.56 37.50
66.35=86.67 100.00 100.00 84.62 0.00 60.87 85.71 52.63 69.23 75.00 70.00 78.95 100.00 72.73 78.95 72.22 88.24 73.68 56.25 72.73 0.00 82.35 81.82 0.00 62.50 69.23 85.71 80.00 16.67 42.86 57.14
67.56=100.00 100.00 100.00 85.71 0.00 60.87 86.67 50.00 69.23 75.00 75.00 80.00 100.00 75.00 78.95 81.25 83.33 78.95 58.82 50.00 0.00 83.33 91.67 0.00 54.55 81.82 100.00 80.00 30.77 50.00 33.33
65.98=92.86 100.00 100.00 85.71 0.00 59.09 85.71 52.63 63.64 81.82 71.43 78.95 100.00 61.54 78.95 75.00 84.21 78.95 50.00 75.00 0.00 83.33 83.33 0.00 61.54 69.23 92.31 80.00 20.00 50.00 30.00
67.38=100.00 100.00 100.00 84.62 0.00 63.64 86.67 47.62 69.23 81.82 71.43 78.95 87.50 69.23 78.95 64.71 86.67 78.95 52.94 80.00 0.00 87.50 84.62 0.00 66.67 69.23 92.31 81.82 30.77 55.56 37.50
89.00=80.00 100.00 100.00 100.00 100.00 100.00 100.00 100.00 100.00 100.00 100.00 75.00 75.00 100.00 80.00 85.71 100.00 80.00 75.00 100.00 66.67 100.00 66.67 100.00 83.33 50.00 100.00 75.00 66.67 100.00 100.00
95.16=100.00 100.00 100.00 100.00 100.00 100.00 100.00 100.00 100.00 100.00 100.00 100.00 100.00 100.00 100.00 100.00 100.00 100.00 75.00 100.00 100.00 100.00 100.00 100.00 100.00 25.00 100.00 100.00 75.00 100.00 75.00
91.99=100.00 100.00 100.00 100.00 100.00 100.00 100.00 100.00 100.00 75.00 100.00 100.00 100.00 75.00 100.00 100.00 100.00 100.00 66.67 100.00 100.00 100.00 80.00 100.00 100.00 33.33 80.00 100.00 66.67 100.00 75.00
93.03=100.00 100.00 100.00 100.00 100.00 100.00 100.00 100.00 40.00 100.00 100.00 100.00 100.00 100.00 100.00 85.71 100.00 100.00 100.00 100.00 100.00 66.67 100.00 100.00 100.00 25.00 100.00 100.00 66.67 100.00 100.00
93.98=80.00 100.00 100.00 100.00 100.00 100.00 100.00 100.00 75.00 100.00 100.00 100.00 100.00 100.00 100.00 100.00 100.00 100.00 100.00 100.00 100.00 100.00 100.00 100.00 83.33 25.00 100.00 100.00 75.00 100.00 75.00
93.30=80.00 100.00 100.00 100.00 100.00 100.00 100.00 100.00 100.00 75.00 100.00 100.00 100.00 100.00 100.00 85.71 80.00 100.00 100.00 100.00 100.00 100.00 100.00 100.00 80.00 50.00 100.00 100.00 75.00 100.00 66.67
95.43=100.00 100.00 100.00 100.00 100.00 100.00 100.00 100.00 100.00 75.00 100.00 100.00 100.00 100.00 66.67 75.00 100.00 100.00 66.67 100.00 100.00 100.00 100.00 100.00 100.00 100.00 100.00 100.00 75.00 100.00 100.00
94.59=100.00 100.00 100.00 100.00 100.00 100.00 100.00 100.00 100.00 100.00 100.00 100.00 100.00 100.00 80.00 85.71 100.00 100.00 100.00 100.00 100.00 75.00 100.00 100.00 100.00 50.00 100.00 100.00 75.00 66.67 100.00
93.68=100.00 100.00 100.00 100.00 100.00 83.33 100.00 100.00 100.00 100.00 100.00 100.00 100.00 100.00 75.00 85.71 100.00 100.00 75.00 100.00 100.00 100.00 100.00 100.00 80.00 50.00 80.00 100.00 75.00 100.00 100.00
95.94=100.00 100.00 100.00 100.00 100.00 83.33 100.00 100.00 100.00 100.00 100.00 100.00 100.00 100.00 80.00 85.71 100.00 100.00 100.00 100.00 100.00 100.00 100.00 100.00 100.00 50.00 100.00 100.00 75.00 100.00 100.00
96.24=100.00 100.00 100.00 100.00 100.00 100.00 100.00 66.67 100.00 100.00 100.00 100.00 100.00 100.00 100.00 83.33 100.00 100.00 100.00 100.00 100.00 100.00 100.00 100.00 100.00 33.33 100.00 100.00 100.00 100.00 100.00
96.47=100.00 100.00 100.00 100.00 100.00 100.00 100.00 100.00 100.00 100.00 100.00 100.00 100.00 100.00 100.00 85.71 80.00 100.00 100.00 100.00 100.00 100.00 100.00 100.00 100.00 50.00 100.00 100.00 75.00 100.00 100.00
95.29=100.00 100.00 100.00 100.00 100.00 100.00 100.00 100.00 100.00 100.00 100.00 100.00 100.00 100.00 100.00 85.71 100.00 100.00 100.00 100.00 100.00 100.00 100.00 80.00 100.00 33.33 80.00 100.00 75.00 100.00 100.00
93.66=100.00 100.00 100.00 100.00 100.00 100.00 100.00 66.67 100.00 100.00 100.00 100.00 100.00 100.00 80.00 83.33 100.00 100.00 100.00 100.00 100.00 100.00 100.00 100.00 100.00 33.33 80.00 100.00 60.00 100.00 100.00
94.32=100.00 100.00 100.00 100.00 100.00 83.33 100.00 100.00 100.00 100.00 100.00 100.00 100.00 100.00 100.00 85.71 80.00 100.00 100.00 100.00 100.00 100.00 100.00 100.00 100.00 25.00 75.00 100.00 75.00 100.00 100.00
93.23=100.00 100.00 100.00 100.00 100.00 100.00 100.00 66.67 100.00 100.00 100.00 100.00 100.00 100.00 100.00 83.33 100.00 100.00 100.00 100.00 100.00 100.00 80.00 100.00 100.00 33.33 100.00 100.00 60.00 66.67 100.00
94.22=100.00 100.00 100.00 100.00 100.00 100.00 100.00 100.00 75.00 100.00 100.00 100.00 100.00 100.00 80.00 85.71 100.00 100.00 100.00 100.00 100.00 100.00 100.00 80.00 100.00 25.00 100.00 100.00 75.00 100.00 100.00
93.96=100.00 100.00 100.00 100.00 100.00 100.00 100.00 66.67 100.00 100.00 100.00 100.00 100.00 100.00 100.00 83.33 100.00 100.00 100.00 100.00 100.00 100.00 100.00 100.00 100.00 20.00 100.00 100.00 42.86 100.00 100.00
90.24=100.00 100.00 100.00 100.00 100.00 100.00 100.00 40.00 75.00 66.67 100.00 100.00 100.00 100.00 50.00 85.71 80.00 100.00 100.00 100.00 100.00 100.00 100.00 100.00 100.00 50.00 100.00 100.00 50.00 100.00 100.00
93.65=100.00 100.00 100.00 100.00 100.00 100.00 100.00 66.67 100.00 100.00 100.00 80.00 100.00 100.00 100.00 71.43 100.00 100.00 100.00 100.00 100.00 100.00 80.00 100.00 100.00 50.00 80.00 100.00 75.00 100.00 100.00
93.20=100.00 100.00 100.00 100.00 66.67 100.00 100.00 100.00 100.00 100.00 100.00 75.00 100.00 100.00 100.00 85.71 100.00 100.00 100.00 100.00 100.00 100.00 66.67 100.00 100.00 20.00 100.00 100.00 75.00 100.00 100.00
94.16=100.00 100.00 100.00 100.00 100.00 100.00 85.71 50.00 100.00 100.00 100.00 100.00 100.00 100.00 100.00 83.33 100.00 100.00 100.00 100.00 100.00 100.00 100.00 100.00 100.00 25.00 100.00 100.00 75.00 100.00 100.00
91.94=100.00 100.00 100.00 100.00 66.67 100.00 100.00 50.00 75.00 75.00 100.00 100.00 100.00 100.00 100.00 83.33 100.00 100.00 100.00 100.00 100.00 100.00 100.00 100.00 100.00 25.00 100.00 100.00 75.00 100.00 100.00
91.98=100.00 75.00 100.00 100.00 100.00 100.00 100.00 50.00 100.00 100.00 100.00 100.00 75.00 100.00 80.00 83.33 100.00 100.00 100.00 71.43 100.00 100.00 100.00 100.00 100.00 50.00 100.00 100.00 66.67 100.00 100.00
91.41=100.00 100.00 100.00 100.00 66.67 100.00 85.71 50.00 75.00 100.00 100.00 100.00 100.00 100.00 80.00 71.43 100.00 100.00 100.00 100.00 100.00 100.00 100.00 80.00 100.00 50.00 100.00 100.00 75.00 100.00 100.00
95.94=100.00 100.00 100.00 100.00 100.00 100.00 100.00 100.00 100.00 100.00 100.00 100.00 100.00 100.00 100.00 85.71 100.00 100.00 100.00 100.00 100.00 100.00 100.00 100.00 100.00 33.33 80.00 100.00 75.00 100.00 100.00
94.78=100.00 100.00 100.00 100.00 100.00 100.00 100.00 66.67 100.00 100.00 100.00 100.00 100.00 100.00 100.00 83.33 100.00 100.00 100.00 100.00 100.00 100.00 100.00 80.00 100.00 33.33 100.00 100.00 75.00 100.00 100.00
95.48=100.00 100.00 100.00 100.00 100.00 100.00 100.00 66.67 100.00 100.00 100.00 100.00 100.00 100.00 100.00 83.33 100.00 100.00 100.00 100.00 100.00 100.00 100.00 100.00 100.00 50.00 100.00 100.00 60.00 100.00 100.00
93.82=100.00 100.00 100.00 100.00 66.67 100.00 100.00 66.67 100.00 100.00 100.00 100.00 100.00 100.00 100.00 83.33 100.00 100.00 100.00 100.00 100.00 100.00 100.00 100.00 100.00 50.00 66.67 100.00 75.00 100.00 100.00
95.32=100.00 100.00 100.00 100.00 100.00 100.00 100.00 66.67 100.00 100.00 100.00 100.00 100.00 100.00 100.00 83.33 100.00 100.00 100.00 100.00 100.00 100.00 100.00 100.00 100.00 50.00 100.00 80.00 75.00 100.00 100.00
96.02=100.00 100.00 100.00 100.00 100.00 100.00 100.00 66.67 100.00 100.00 100.00 100.00 100.00 100.00 100.00 100.00 100.00 100.00 100.00 100.00 100.00 100.00 100.00 100.00 100.00 50.00 100.00 100.00 60.00 100.00 100.00
93.49=100.00 100.00 100.00 100.00 100.00 100.00 100.00 66.67 100.00 100.00 80.00 100.00 100.00 100.00 100.00 83.33 100.00 100.00 100.00 100.00 100.00 100.00 80.00 100.00 100.00 33.33 80.00 100.00 75.00 100.00 100.00
94.89=100.00 100.00 100.00 100.00 66.67 100.00 100.00 66.67 100.00 100.00 100.00 100.00 100.00 100.00 100.00 83.33 100.00 100.00 100.00 100.00 100.00 100.00 100.00 100.00 100.00 50.00 100.00 100.00 75.00 100.00 100.00
93.68=100.00 100.00 100.00 100.00 100.00 100.00 85.71 50.00 100.00 100.00 100.00 100.00 100.00 100.00 80.00 80.00 100.00 100.00 100.00 100.00 100.00 100.00 100.00 100.00 83.33 50.00 100.00 100.00 75.00 100.00 100.00
95.32=100.00 100.00 100.00 100.00 100.00 100.00 100.00 66.67 100.00 100.00 100.00 100.00 100.00 100.00 100.00 83.33 100.00 80.00 100.00 100.00 100.00 100.00 100.00 100.00 100.00 50.00 100.00 100.00 75.00 100.00 100.00
94.62=100.00 100.00 100.00 100.00 100.00 100.00 100.00 50.00 100.00 100.00 100.00 100.00 100.00 75.00 100.00 83.33 100.00 100.00 100.00 100.00 100.00 100.00 100.00 100.00 100.00 50.00 100.00 100.00 75.00 100.00 100.00
93.17=100.00 100.00 100.00 100.00 100.00 100.00 100.00 50.00 66.67 100.00 100.00 100.00 100.00 100.00 100.00 83.33 100.00 100.00 100.00 100.00 100.00 100.00 100.00 80.00 100.00 33.33 100.00 100.00 75.00 100.00 100.00
95.43=100.00 100.00 100.00 100.00 100.00 100.00 100.00 66.67 100.00 100.00 100.00 100.00 100.00 100.00 100.00 83.33 100.00 100.00 100.00 83.33 100.00 100.00 100.00 100.00 100.00 50.00 100.00 100.00 75.00 100.00 100.00
93.49=80.00 75.00 100.00 100.00 100.00 100.00 100.00 66.67 100.00 100.00 100.00 100.00 100.00 100.00 100.00 83.33 100.00 100.00 100.00 83.33 100.00 100.00 100.00 100.00 100.00 50.00 100.00 100.00 60.00 100.00 100.00
93.49=100.00 100.00 100.00 100.00 100.00 100.00 100.00 50.00 100.00 100.00 100.00 100.00 100.00 100.00 100.00 80.00 100.00 100.00 100.00 83.33 100.00 100.00 100.00 80.00 80.00 50.00 100.00 100.00 75.00 100.00 100.00
57.10=100.00 100.00 84.62 66.67 4.35 51.85 81.25 41.67 25.00 76.92 65.00 81.25 65.00 30.00 57.14 62.50 73.68 72.22 22.22 83.33 16.67 87.50 81.25 44.44 24.00 40.00 61.54 54.55 33.33 57.14 25.00
58.06=100.00 100.00 90.91 63.16 3.45 46.43 68.75 36.36 46.15 90.00 66.67 80.00 63.16 50.00 85.71 66.67 81.25 60.00 33.33 75.00 0.00 85.71 86.67 36.36 30.77 41.18 47.37 36.36 28.57 100.00 0.00
57.43=100.00 100.00 91.67 61.11 0.00 48.28 78.57 46.67 30.00 100.00 75.00 92.86 52.17 38.46 100.00 83.33 71.43 50.00 11.11 66.67 0.00 86.67 75.00 33.33 25.00 35.29 47.37 61.54 18.75 100.00 0.00
59.89=100.00 100.00 73.33 63.16 6.45 43.33 75.00 66.67 45.45 80.00 58.82 85.71 58.33 25.00 81.82 75.00 83.33 56.52 75.00 54.55 0.00 86.67 86.67 50.00 27.78 30.43 47.06 83.33 57.14 80.00 0.00
57.47=100.00 100.00 73.33 63.16 3.85 48.15 91.67 45.45 27.27 90.00 64.71 93.33 57.14 30.00 91.67 75.00 71.43 59.09 33.33 70.00 0.00 81.25 84.62 44.44 28.57 33.33 47.06 70.00 28.57 75.00 0.00
60.05=87.50 100.00 90.91 70.59 0.00 48.00 85.71 54.55 25.00 90.91 66.67 93.33 54.55 50.00 71.43 84.62 71.43 48.28 50.00 50.00 0.00 83.33 86.67 57.14 28.57 50.00 46.15 88.89 27.27 100.00 0.00
58.55=93.33 100.00 91.67 54.55 0.00 50.00 100.00 63.64 16.67 90.00 64.29 82.35 52.17 57.14 84.62 86.67 68.42 53.85 45.45 50.00 0.00 100.00 90.00 50.00 28.00 46.67 42.11 80.00 23.53 50.00 0.00
60.61=93.33 100.00 91.67 60.00 0.00 52.00 91.67 66.67 25.00 90.00 75.00 100.00 59.09 42.86 86.67 92.86 73.68 48.15 22.22 60.00 0.00 82.35 83.33 57.14 29.63 50.00 50.00 88.89 31.58 75.00 0.00
62.00=92.86 92.31 100.00 63.16 0.00 50.00 100.00 53.33 45.45 100.00 73.33 87.50 61.90 33.33 84.62 83.33 68.18 48.15 55.56 46.15 0.00 88.89 90.91 66.67 34.78 36.84 43.75 100.00 21.05 100.00 0.00
60.72=93.33 100.00 90.00 60.00 0.00 59.09 100.00 57.14 23.53 80.00 83.33 87.50 65.00 50.00 86.67 85.71 68.18 51.85 40.00 58.33 0.00 93.75 92.31 50.00 30.43 46.67 42.86 70.00 30.77 85.71 0.00
59.42=86.67 100.00 100.00 66.67 0.00 44.00 100.00 50.00 16.67 91.67 75.00 87.50 57.14 50.00 75.00 92.86 75.00 52.00 50.00 40.00 0.00 93.75 84.62 44.44 25.00 53.85 31.58 81.82 33.33 83.33 0.00
59.61=100.00 100.00 100.00 63.16 0.00 41.67 92.31 70.00 30.77 81.82 60.00 100.00 55.00 57.14 68.75 92.86 63.64 50.00 33.33 75.00 0.00 83.33 85.71 40.00 33.33 41.18 40.00 88.89 20.00 80.00 0.00
60.51=87.50 100.00 84.62 60.00 0.00 45.45 100.00 61.54 18.75 100.00 66.67 87.50 57.89 50.00 72.22 100.00 68.42 44.83 45.45 41.67 0.00 83.33 92.31 66.67 25.00 46.67 42.86 88.89 37.50 100.00 0.00
59.34=100.00 100.00 100.00 54.55 0.00 39.13 100.00 60.00 18.75 100.00 80.00 92.31 52.38 50.00 68.42 86.67 62.50 51.85 60.00 55.56 0.00 87.50 91.67 60.00 22.22 46.67 44.44 62.50 21.05 71.43 0.00
59.90=92.86 100.00 91.67 57.14 0.00 38.10 100.00 46.67 22.22 100.00 71.43 93.33 52.17 66.67 60.87 92.86 62.50 50.00 44.44 60.00 0.00 92.86 100.00 57.14 34.78 46.67 35.29 81.82 22.22 83.33 0.00
61.59=100.00 100.00 100.00 60.00 0.00 40.91 100.00 64.29 18.18 100.00 69.23 77.78 70.59 57.14 65.00 76.47 65.22 50.00 50.00 75.00 0.00 87.50 84.62 66.67 30.00 43.75 42.86 84.62 29.41 100.00 0.00
61.26=92.86 100.00 78.57 66.67 0.00 40.00 100.00 66.67 23.08 100.00 68.75 87.50 59.09 66.67 63.64 92.86 73.68 50.00 50.00 60.00 0.00 76.47 91.67 71.43 28.57 53.85 42.11 72.73 22.22 100.00 0.00
59.94=100.00 100.00 83.33 61.11 0.00 38.89 100.00 64.29 13.33 100.00 68.75 86.67 47.83 66.67 56.52 80.00 75.00 44.44 55.56 85.71 0.00 83.33 90.00 40.00 26.32 43.75 40.00 80.00 26.67 100.00 0.00
59.48=100.00 100.00 90.00 60.00 0.00 38.89 100.00 62.50 23.08 100.00 66.67 81.25 52.17 57.14 61.90 80.00 63.64 46.43 45.45 60.00 0.00 77.78 91.67 44.44 27.27 43.75 44.44 88.89 36.36 100.00 0.00
60.39=93.33 100.00 84.62 60.00 0.00 38.89 100.00 62.50 16.67 90.91 76.92 93.33 54.55 66.67 61.90 85.71 78.95 52.00 41.67 66.67 0.00 83.33 92.31 50.00 27.27 43.75 38.89 81.82 29.41 100.00 0.00
59.29=93.33 100.00 81.82 66.67 0.00 41.18 100.00 46.67 14.29 100.00 60.00 82.35 60.00 50.00 56.52 81.25 68.18 51.85 50.00 75.00 0.00 78.95 90.91 50.00 30.00 50.00 39.13 100.00 20.00 100.00 0.00
59.44=87.50 100.00 76.92 66.67 0.00 33.33 91.67 53.33 18.18 100.00 78.57 87.50 50.00 75.00 58.33 76.47 70.00 52.00 41.67 75.00 0.00 83.33 91.67 57.14 24.00 53.85 45.00 90.00 22.22 83.33 0.00
59.12=93.33 100.00 84.62 70.59 0.00 42.11 100.00 58.33 16.67 91.67 68.75 92.86 58.82 33.33 59.09 77.78 65.22 50.00 41.67 54.55 0.00 81.25 92.31 57.14 23.08 58.33 50.00 88.89 22.22 100.00 0.00
59.13=93.33 91.67 84.62 60.00 0.00 35.29 100.00 80.00 8.33 100.00 68.75 87.50 50.00 75.00 58.33 86.67 71.43 45.83 38.46 70.00 0.00 82.35 85.71 50.00 25.00 50.00 47.06 75.00 29.41 83.33 0.00
57.62=92.86 100.00 78.57 60.00 0.00 29.41 92.31 63.64 7.69 100.00 64.29 87.50 45.83 60.00 63.64 91.67 65.22 44.44 41.67 40.00 0.00 83.33 92.31 57.14 23.81 50.00 33.33 88.89 28.57 100.00 0.00
58.52=92.86 91.67 78.57 63.16 0.00 47.06 92.31 41.18 7.14 100.00 71.43 93.33 46.15 50.00 60.87 92.31 73.68 48.28 46.15 75.00 0.00 82.35 92.31 57.14 28.57 53.85 41.18 87.50 33.33 66.67 0.00
59.62=93.33 100.00 68.75 63.16 0.00 27.78 100.00 69.23 18.18 100.00 78.57 82.35 47.83 66.67 58.33 92.86 68.18 44.00 38.46 66.67 0.00 71.43 91.67 50.00 22.73 53.85 53.33 90.00 30.77 100.00 0.00
59.55=93.33 100.00 100.00 60.00 0.00 36.84 100.00 55.56 8.33 100.00 66.67 87.50 54.17 66.67 60.87 85.71 68.18 48.00 46.15 60.00 0.00 78.95 85.71 60.00 26.32 53.85 38.89 77.78 26.67 100.00 0.00
58.12=100.00 100.00 84.62 63.16 0.00 38.10 100.00 50.00 8.33 90.91 66.67 76.47 54.55 57.14 58.33 84.62 68.18 50.00 41.67 54.55 0.00 83.33 91.67 50.00 23.81 57.14 28.57 90.00 30.00 100.00 0.00
59.70=87.50 100.00 78.57 66.67 0.00 42.11 100.00 50.00 23.08 91.67 68.75 87.50 61.90 66.67 58.33 86.67 70.00 50.00 46.15 60.00 0.00 88.24 84.62 57.14 30.00 50.00 42.11 80.00 23.08 100.00 0.00
58.27=93.33 100.00 84.62 60.00 0.00 36.84 100.00 38.10 10.00 91.67 71.43 82.35 55.00 71.43 58.33 86.67 71.43 52.00 37.50 50.00 0.00 83.33 84.62 66.67 17.39 46.67 41.18 80.00 35.71 100.00 0.00
58.08=100.00 100.00 71.43 52.38 0.00 41.18 90.91 53.33 11.76 100.00 71.43 100.00 45.83 57.14 60.87 91.67 71.43 50.00 38.46 60.00 0.00 75.00 85.71 66.67 21.74 53.85 33.33 75.00 21.43 100.00 0.00
58.40=93.33 100.00 84.62 63.16 0.00 38.10 92.31 50.00 20.00 100.00 76.92 86.67 52.17 50.00 58.33 91.67 68.18 54.17 36.36 54.55 0.00 78.95 91.67 66.67 21.74 50.00 38.89 77.78 30.77 83.33 0.00
59.73=92.86 100.00 100.00 57.14 0.00 42.11 100.00 46.67 13.33 100.00 76.92 93.33 50.00 66.67 63.64 92.31 71.43 56.00 36.36 50.00 0.00 78.95 90.91 80.00 26.09 54.55 35.29 80.00 22.22 75.00 0.00
56.72=93.33 100.00 84.62 60.00 0.00 44.44 90.91 47.06 8.33 100.00 76.92 77.78 50.00 57.14 60.87 92.86 63.64 48.00 41.67 38.46 0.00 83.33 85.71 66.67 26.32 46.15 29.41 72.73 28.57 83.33 0.00
58.76=92.86 100.00 84.62 60.00 0.00 44.44 100.00 56.25 18.18 78.57 62.50 82.35 52.17 50.00 60.87 92.31 71.43 50.00 41.67 66.67 0.00 75.00 92.31 57.14 27.27 58.33 38.10 80.00 28.57 100.00 0.00
60.19=93.33 100.00 91.67 54.55 0.00 44.44 100.00 62.50 14.29 100.00 75.00 93.33 50.00 66.67 58.33 92.86 68.18 54.17 45.45 60.00 0.00 76.47 90.91 66.67 19.05 58.33 35.00 80.00 31.25 83.33 0.00
58.65=93.33 92.31 91.67 57.14 0.00 42.11 100.00 55.56 18.18 100.00 71.43 86.67 52.17 66.67 58.33 85.71 75.00 58.33 46.15 66.67 0.00 83.33 83.33 50.00 23.81 70.00 35.29 72.73 25.00 57.14 0.00
59.15=93.33 100.00 84.62 60.00 0.00 42.11 84.62 52.94 8.33 100.00 76.92 86.67 52.17 57.14 60.87 86.67 75.00 51.85 46.67 60.00 0.00 88.24 80.00 80.00 26.32 58.33 43.75 81.82 28.57 66.67 0.00
57.19=100.00 100.00 81.82 63.16 0.00 42.11 100.00 62.50 6.25 100.00 71.43 81.25 52.17 50.00 60.87 91.67 71.43 50.00 38.46 54.55 0.00 83.33 85.71 66.67 15.79 53.85 40.00 88.89 16.67 44.44 0.00
66.64=100.00 91.67 90.00 100.00 7.69 57.14 87.50 72.73 31.82 100.00 68.75 85.71 73.33 42.86 77.78 76.47 66.67 84.62 30.77 91.67 46.15 92.86 77.78 28.57 22.22 41.67 40.00 57.14 66.67 100.00 55.56
62.98=87.50 100.00 75.00 84.62 0.00 59.09 80.00 50.00 33.33 100.00 76.92 73.68 80.00 25.00 76.47 80.00 70.00 64.71 44.44 100.00 75.00 88.24 73.68 25.00 23.08 45.45 43.75 60.00 27.27 50.00 80.00
62.05=92.86 100.00 90.00 92.31 4.00 50.00 86.67 55.56 40.00 90.91 78.95 77.78 80.00 36.36 73.33 76.47 77.78 55.00 35.29 100.00 30.00 86.67 86.67 16.67 18.75 33.33 50.00 66.67 33.33 75.00 33.33
61.23=100.00 100.00 72.73 100.00 3.85 41.67 86.67 46.67 36.36 100.00 70.59 77.78 93.33 25.00 66.67 75.00 70.59 58.82 35.00 80.00 28.57 88.24 72.22 33.33 27.78 50.00 44.44 29.41 33.33 100.00 50.00
62.17=92.86 100.00 76.92 80.00 6.25 45.83 85.71 54.55 38.46 100.00 76.47 77.78 80.00 40.00 92.31 75.00 65.00 92.31 35.29 88.89 10.00 93.33 65.00 25.00 33.33 35.71 53.33 53.85 37.50 50.00 66.67
62.72=90.91 100.00 57.89 80.00 7.41 48.15 86.67 66.67 43.75 100.00 73.33 93.33 75.00 33.33 83.33 81.25 73.68 61.11 45.00 75.00 37.50 93.33 81.25 33.33 27.78 36.36 50.00 44.44 50.00 60.00 54.55
62.28=85.71 100.00 84.62 85.71 8.33 48.28 85.71 66.67 26.32 75.00 77.78 82.35 80.00 33.33 83.33 85.71 77.78 75.00 42.86 84.62 14.29 80.00 73.68 20.00 23.53 35.71 57.14 45.45 50.00 75.00 66.67
64.40=93.33 100.00 81.82 84.62 7.41 42.86 86.67 54.55 33.33 100.00 75.00 86.67 81.25 50.00 92.86 86.67 77.78 83.33 44.44 72.73 14.29 93.75 72.22 40.00 31.25 40.00 47.06 57.14 33.33 75.00 57.14
65.76=86.67 100.00 75.00 80.00 6.90 43.33 87.50 58.33 33.33 90.00 77.78 87.50 87.50 44.44 90.00 91.67 87.50 92.31 47.06 100.00 0.00 88.24 73.33 25.00 27.78 38.46 57.14 43.75 45.45 100.00 72.73
68.45=92.86 100.00 71.43 85.71 6.67 52.00 92.86 72.73 26.09 100.00 71.43 86.67 81.25 71.43 86.67 85.71 100.00 92.31 44.44 83.33 30.00 77.78 77.78 27.27 26.67 85.71 66.67 60.00 30.00 75.00 61.54
64.33=87.50 100.00 90.00 84.62 6.45 46.15 77.78 60.00 25.00 100.00 73.68 77.78 81.25 50.00 100.00 86.67 76.47 78.57 42.86 83.33 10.00 83.33 66.67 44.44 28.57 41.67 60.00 50.00 42.86 75.00 63.64
63.40=86.67 100.00 90.00 84.62 4.00 46.43 87.50 50.00 35.71 90.91 71.43 86.67 77.78 42.86 92.86 91.67 77.78 80.00 42.86 90.91 0.00 87.50 76.47 28.57 31.25 45.45 42.86 58.33 44.44 66.67 53.33
65.43=87.50 100.00 84.62 85.71 4.35 50.00 86.67 55.56 31.58 90.91 83.33 87.50 81.25 53.85 100.00 100.00 73.68 70.59 42.86 90.91 9.09 81.25 73.68 25.00 30.77 41.67 58.33 72.73 57.14 40.00 77.78
63.29=86.67 100.00 84.62 78.57 4.55 50.00 84.62 44.44 18.75 83.33 63.64 93.33 76.47 58.33 88.24 85.71 76.47 73.68 47.37 91.67 0.00 81.25 76.47 27.27 27.27 55.56 61.54 58.33 57.14 60.00 66.67
65.64=87.50 100.00 100.00 80.00 4.35 43.48 86.67 61.54 22.22 100.00 66.67 93.33 64.71 66.67 93.33 75.00 82.35 86.67 40.00 91.67 15.38 87.50 75.00 25.00 25.00 50.00 57.14 66.67 57.14 60.00 70.00
64.22=86.67 92.31 80.00 80.00 4.00 44.44 85.71 54.55 31.58 90.91 75.00 86.67 92.86 54.55 88.24 85.71 70.00 85.71 38.10 90.00 0.00 87.50 82.35 16.67 33.33 55.56 54.55 77.78 44.44 60.00 61.54
63.70=93.33 92.31 84.62 85.71 4.76 42.31 86.67 60.00 23.53 80.00 78.95 87.50 75.00 55.56 88.24 86.67 82.35 86.67 42.86 80.00 0.00 87.50 68.42 16.67 37.50 50.00 58.33 50.00 50.00 66.67 72.73
64.39=87.50 100.00 76.92 85.71 4.17 48.00 86.67 58.33 33.33 100.00 83.33 87.50 82.35 60.00 100.00 80.00 82.35 80.00 40.91 90.91 0.00 86.67 77.78 22.22 26.67 62.50 53.33 61.54 37.50 33.33 66.67
64.59=81.25 100.00 100.00 85.71 4.55 50.00 82.35 54.55 22.22 100.00 72.22 82.35 68.75 58.33 100.00 92.86 82.35 86.67 47.37 83.33 0.00 87.50 77.78 40.00 35.71 50.00 53.85 54.55 37.50 57.14 53.33
65.77=87.50 91.67 78.57 85.71 5.00 50.00 72.22 58.33 35.29 100.00 65.00 82.35 80.00 77.78 100.00 86.67 87.50 78.57 45.00 83.33 8.33 93.33 73.68 16.67 35.71 62.50 53.85 64.29 50.00 60.00 70.00
64.42=93.33 92.86 76.92 84.62 5.00 47.83 93.33 70.00 25.00 100.00 78.95 87.50 70.59 58.33 84.21 86.67 81.25 77.78 40.00 83.33 16.67 83.33 77.78 22.22 36.36 54.55 57.14 61.54 33.33 50.00 66.67
64.13=82.35 92.31 83.33 85.71 5.00 48.15 87.50 63.64 37.50 100.00 63.16 93.33 72.22 63.64 93.33 81.25 72.22 85.71 37.50 76.92 0.00 81.25 76.47 28.57 33.33 55.56 46.15 64.29 37.50 60.00 80.00
64.05=82.35 92.31 73.33 85.71 4.55 50.00 81.25 55.56 29.41 100.00 70.00 87.50 76.47 60.00 100.00 76.47 68.42 91.67 42.11 83.33 9.09 100.00 73.68 20.00 30.00 54.55 50.00 66.67 44.44 60.00 66.67
65.53=81.25 100.00 100.00 80.00 4.17 50.00 86.67 66.67 36.84 100.00 73.68 80.00 82.35 53.85 100.00 86.67 77.78 76.92 45.45 83.33 10.00 80.00 66.67 21.43 27.27 66.67 50.00 57.14 50.00 75.00 61.54
63.23=87.50 100.00 78.57 78.57 4.55 48.00 87.50 53.85 25.00 100.00 83.33 87.50 82.35 53.85 100.00 85.71 77.78 81.25 35.71 75.00 8.33 82.35 73.33 18.18 33.33 41.67 54.55 60.00 22.22 60.00 80.00
66.28=82.35 100.00 78.57 85.71 4.55 48.15 82.35 61.54 31.25 100.00 70.59 87.50 76.47 63.64 100.00 92.86 73.68 78.57 42.11 76.92 0.00 88.89 75.00 30.00 33.33 85.71 58.33 75.00 50.00 60.00 61.54
64.08=87.50 100.00 83.33 75.00 4.76 50.00 81.25 45.45 25.00 100.00 70.00 82.35 82.35 63.64 93.75 91.67 64.71 75.00 38.10 83.33 11.11 93.33 80.00 33.33 33.33 55.56 43.75 60.00 30.00 60.00 88.89
66.01=86.67 100.00 73.33 85.71 5.26 50.00 82.35 66.67 33.33 100.00 68.42 87.50 73.68 53.85 88.89 85.71 73.68 84.62 42.11 76.92 0.00 85.71 81.25 38.46 40.00 75.00 54.55 64.29 33.33 75.00 80.00
66.15=87.50 100.00 83.33 85.71 4.35 54.17 85.71 61.54 37.50 90.91 73.68 87.50 87.50 50.00 100.00 86.67 70.59 85.71 40.00 90.91 10.00 86.67 76.47 25.00 35.71 60.00 50.00 69.23 36.36 60.00 77.78
65.09=82.35 100.00 73.33 84.62 5.56 48.00 70.59 61.54 36.84 100.00 73.68 82.35 82.35 63.64 88.89 92.86 76.47 80.00 33.33 76.92 11.11 86.67 70.00 30.00 38.46 66.67 50.00 63.64 50.00 60.00 77.78
65.83=82.35 100.00 76.92 85.71 5.26 48.15 77.78 60.00 41.18 100.00 77.78 87.50 76.47 50.00 100.00 86.67 87.50 85.71 31.58 76.92 14.29 88.24 77.78 23.08 31.25 60.00 50.00 61.54 57.14 60.00 80.00
64.60=87.50 100.00 78.57 85.71 5.26 50.00 77.78 50.00 28.57 100.00 62.50 87.50 72.22 54.55 100.00 86.67 76.47 78.57 40.91 83.33 11.11 86.67 82.35 33.33 35.71 66.67 54.55 53.33 42.86 60.00 70.00
64.58=82.35 92.31 68.75 85.71 5.56 50.00 87.50 66.67 33.33 90.00 73.68 87.50 68.75 53.85 100.00 76.47 87.50 86.67 40.00 76.92 0.00 78.95 73.68 44.44 27.27 66.67 58.33 61.54 37.50 60.00 80.00
66.73=86.67 100.00 76.92 100.00 4.76 52.00 77.78 58.33 31.25 100.00 75.00 87.50 76.47 58.33 100.00 86.67 82.35 80.00 38.10 90.91 10.00 88.24 76.47 25.00 35.71 66.67 63.64 53.33 37.50 60.00 88.89
65.74=77.78 100.00 90.91 85.71 4.35 54.17 87.50 53.33 31.25 100.00 72.22 86.67 76.47 70.00 100.00 81.25 81.25 76.92 36.84 75.00 11.11 88.89 73.68 18.18 38.46 75.00 45.45 69.23 36.36 60.00 80.00
66.19=87.50 100.00 71.43 85.71 5.00 54.17 77.78 61.54 35.00 100.00 77.78 82.35 88.24 63.64 100.00 85.71 77.78 85.71 38.89 83.33 14.29 88.89 72.22 18.18 35.71 54.55 60.00 72.73 50.00 60.00 63.64
65.47=87.50 100.00 78.57 85.71 4.76 52.38 82.35 58.33 31.25 100.00 75.00 87.50 76.47 54.55 100.00 86.67 81.25 81.25 40.00 75.00 10.00 88.89 76.47 27.27 35.71 62.50 54.55 66.67 36.36 60.00 72.73
65.22=87.50 100.00 58.82 85.71 4.76 52.00 87.50 66.67 27.78 100.00 77.78 87.50 72.22 58.33 100.00 92.86 87.50 85.71 45.00 83.33 0.00 88.24 75.00 25.00 35.71 55.56 54.55 66.67 30.00 60.00 70.00
65.72=92.86 100.00 71.43 84.62 4.76 52.00 78.57 60.00 26.32 100.00 66.67 82.35 68.42 53.85 93.33 92.31 81.25 81.25 42.86 76.92 0.00 88.24 76.47 27.27 38.46 100.00 54.55 72.73 30.00 60.00 80.00
67.84=87.50 100.00 91.67 92.31 4.35 46.15 86.67 64.29 31.25 100.00 71.43 87.50 77.78 60.00 100.00 92.31 82.35 81.25 45.00 76.92 10.00 83.33 78.57 30.00 35.71 75.00 58.33 80.00 33.33 60.00 80.00
55.46=85.71 100.00 83.33 85.71 0.00 53.85 66.67 44.44 0.00 70.00 70.59 93.75 55.00 53.33 81.25 63.16 68.42 60.00 41.67 66.67 33.33 73.68 75.00 20.00 35.29 57.89 33.33 50.00 37.50 37.50 22.22
53.24=82.35 100.00 76.92 66.67 0.00 43.75 91.67 45.45 11.11 70.00 50.00 93.33 69.23 8.33 83.33 50.00 70.00 61.90 40.00 50.00 0.00 82.35 92.31 30.77 18.75 64.71 27.27 37.50 42.86 50.00 40.00
53.24=76.47 100.00 76.92 78.57 0.00 48.15 75.00 58.33 14.29 58.33 52.00 93.75 63.16 25.00 66.67 57.14 68.42 70.59 35.71 64.29 0.00 80.00 66.67 20.00 27.78 73.33 25.00 75.00 50.00 0.00 50.00
55.22=100.00 100.00 66.67 78.57 0.00 55.56 80.00 46.67 12.50 57.14 44.44 85.71 61.11 41.67 70.59 66.67 66.67 61.90 53.85 81.82 0.00 88.89 85.71 30.77 27.78 64.29 36.36 71.43 33.33 0.00 41.67
54.87=100.00 100.00 83.33 66.67 5.00 57.69 75.00 53.85 16.67 57.14 54.17 83.33 42.86 30.00 70.00 73.68 77.78 59.09 40.00 76.92 0.00 88.89 75.00 33.33 33.33 90.00 25.00 60.00 22.22 0.00 50.00
57.09=86.67 100.00 76.92 68.75 0.00 56.00 80.00 61.54 12.50 70.00 56.00 80.00 45.45 22.22 88.89 76.47 70.59 60.87 41.18 76.92 0.00 78.95 75.00 33.33 47.62 88.89 50.00 75.00 40.00 0.00 50.00
55.94=82.35 100.00 71.43 85.71 0.00 51.85 75.00 70.00 0.00 57.14 59.09 83.33 55.00 28.57 77.78 73.68 68.42 57.69 20.00 91.67 0.00 92.86 73.33 28.57 35.00 90.91 33.33 71.43 20.00 0.00 80.00
55.13=92.86 100.00 62.50 75.00 0.00 52.00 68.75 77.78 11.11 72.73 52.00 76.47 55.00 28.57 82.35 63.16 73.68 55.56 42.86 90.91 0.00 82.35 75.00 17.65 33.33 81.82 25.00 75.00 28.57 0.00 57.14
55.70=93.33 100.00 58.82 63.16 0.00 54.17 75.00 66.67 14.29 66.67 46.43 80.00 56.52 37.50 78.95 75.00 75.00 54.17 45.45 90.00 0.00 80.00 68.75 28.57 40.91 64.29 33.33 75.00 33.33 0.00 71.43
54.74=85.71 100.00 64.71 80.00 0.00 50.00 68.75 60.00 0.00 53.33 56.52 80.00 50.00 41.67 82.35 77.78 72.22 61.90 43.75 66.67 0.00 84.21 75.00 37.50 28.57 69.23 33.33 83.33 33.33 0.00 57.14
57.55=100.00 100.00 64.71 78.57 0.00 55.56 80.00 66.67 20.00 66.67 52.00 83.33 52.17 28.57 78.95 75.00 73.33 58.33 43.75 81.82 0.00 76.19 78.57 37.50 31.82 81.82 37.50 87.50 22.22 0.00 71.43
56.49=86.67 100.00 68.75 84.62 0.00 53.85 66.67 71.43 11.11 50.00 52.00 87.50 63.16 41.67 71.43 72.22 70.00 59.09 33.33 72.73 0.00 80.00 92.31 40.00 35.29 62.50 50.00 70.00 33.33 0.00 71.43
54.68=92.86 100.00 64.71 78.57 0.00 60.87 70.59 66.67 14.29 47.06 52.17 80.00 54.55 35.71 75.00 72.22 75.00 56.52 25.00 75.00 0.00 80.00 85.71 33.33 33.33 64.29 25.00 85.71 28.57 0.00 62.50
55.97=93.33 92.86 78.57 85.71 0.00 53.85 66.67 55.56 11.11 61.54 56.52 84.21 47.62 46.67 82.35 71.43 70.00 57.69 33.33 81.82 0.00 83.33 85.71 37.50 30.00 69.23 33.33 75.00 40.00 0.00 50.00
56.28=87.50 100.00 76.92 75.00 0.00 52.00 61.11 62.50 0.00 66.67 59.09 83.33 50.00 50.00 78.95 75.00 76.47 60.87 25.00 75.00 0.00 71.43 78.57 45.45 39.13 69.23 37.50 75.00 46.15 0.00 66.67
55.59=93.33 100.00 78.57 70.59 0.00 60.00 71.43 66.67 10.00 57.14 52.17 83.33 52.00 38.46 88.24 72.22 73.68 68.42 38.46 80.00 0.00 78.95 69.23 36.36 31.58 69.23 30.00 61.54 41.67 0.00 50.00
58.49=86.67 100.00 73.33 84.62 0.00 53.85 70.59 66.67 11.11 61.54 59.09 93.75 54.17 42.86 75.00 82.35 73.68 65.22 38.46 72.73 0.00 78.95 78.57 30.00 38.10 69.23 50.00 77.78 41.67 0.00 83.33
56.52=100.00 92.86 68.75 85.71 0.00 51.85 68.75 50.00 9.09 66.67 61.11 80.00 45.83 50.00 82.35 70.00 73.68 70.00 30.77 72.73 0.00 88.24 92.31 41.67 38.89 75.00 30.00 58.33 37.50 0.00 60.00
58.16=93.33 100.00 76.92 85.71 0.00 60.00 75.00 70.00 11.11 53.85 54.17 78.95 42.31 43.75 83.33 77.78 73.68 60.00 25.00 72.73 0.00 84.21 78.57 36.36 41.18 75.00 42.86 71.43 35.71 0.00 100.00
55.79=87.50 92.86 73.33 85.71 0.00 62.50 73.33 66.67 8.33 53.33 56.52 83.33 42.31 27.27 82.35 73.68 70.59 58.33 30.77 75.00 0.00 80.00 78.57 27.27 31.58 81.82 37.50 58.33 30.77 0.00 100.00
57.70=86.67 92.31 73.33 92.31 0.00 56.52 71.43 66.67 12.50 72.73 54.17 88.24 56.52 43.75 83.33 66.67 68.42 58.33 40.00 66.67 0.00 88.89 64.71 30.00 36.36 71.43 27.27 75.00 44.44 0.00 100.00
57.46=93.33 92.86 73.33 80.00 0.00 60.87 68.75 75.00 16.67 53.33 46.43 82.35 48.00 46.67 83.33 77.78 72.22 63.64 35.71 80.00 0.00 84.21 78.57 33.33 36.84 75.00 33.33 70.00 36.36 0.00 83.33
56.23=81.25 92.86 71.43 80.00 0.00 65.22 71.43 70.00 0.00 56.25 54.55 71.43 52.17 45.45 81.25 78.95 75.00 59.09 35.71 64.29 0.00 75.00 91.67 36.36 30.00 90.00 33.33 72.73 36.36 0.00 71.43
56.87=100.00 100.00 66.67 80.00 0.00 56.00 70.59 63.64 16.67 61.54 56.52 78.95 44.00 33.33 88.24 77.78 77.78 63.64 38.46 69.23 0.00 71.43 76.92 36.36 30.00 69.23 33.33 77.78 41.67 0.00 83.33
58.17=93.33 92.86 68.75 75.00 0.00 60.00 70.59 75.00 16.67 63.64 54.17 83.33 52.00 53.85 88.24 87.50 76.47 73.68 31.25 61.54 0.00 83.33 71.43 30.00 23.81 90.00 27.27 70.00 54.55 0.00 75.00
58.38=100.00 100.00 68.75 80.00 0.00 65.22 66.67 61.54 14.29 58.33 50.00 75.00 50.00 50.00 86.67 81.25 73.68 65.00 36.36 81.82 0.00 88.89 80.00 23.08 33.33 90.00 50.00 80.00 37.50 0.00 62.50
56.84=100.00 92.86 64.71 85.71 0.00 57.69 66.67 54.55 14.29 47.06 56.52 69.57 47.62 50.00 93.33 72.22 73.68 63.16 38.46 72.73 0.00 88.89 73.33 30.00 29.41 75.00 42.86 80.00 38.46 0.00 83.33
58.27=100.00 92.86 73.33 80.00 0.00 55.56 64.71 70.00 12.50 57.14 61.90 76.19 52.17 43.75 78.95 83.33 82.35 60.87 33.33 69.23 0.00 88.89 80.00 36.36 25.00 90.00 37.50 88.89 40.00 0.00 71.43
58.42=87.50 92.86 68.75 92.31 0.00 65.22 68.75 75.00 11.11 53.33 56.52 77.78 50.00 53.85 87.50 78.95 76.47 63.64 35.71 72.73 0.00 84.21 80.00 36.36 33.33 88.89 21.43 85.71 41.67 0.00 71.43
58.27=100.00 92.31 68.75 80.00 0.00 63.64 75.00 66.67 14.29 53.33 56.52 83.33 46.15 40.00 93.75 78.95 70.00 63.64 33.33 81.82 0.00 69.57 81.82 30.77 18.75 90.00 25.00 88.89 40.00 0.00 100.00
55.62=93.33 92.86 68.75 75.00 0.00 62.50 75.00 54.55 16.67 53.33 56.52 71.43 52.17 30.77 88.24 82.35 70.59 70.00 33.33 72.73 0.00 84.21 75.00 33.33 16.67 90.00 33.33 71.43 40.00 0.00 60.00
57.50=87.50 92.86 61.11 80.00 0.00 58.33 73.33 71.43 14.29 47.06 52.17 76.19 48.00 50.00 73.68 81.25 82.35 70.00 38.46 80.00 0.00 93.75 78.57 33.33 22.22 90.00 15.38 72.73 38.46 0.00 100.00
57.25=93.33 92.86 64.71 80.00 0.00 58.33 73.33 66.67 12.50 44.44 55.00 73.68 52.00 46.15 75.00 80.00 66.67 70.00 35.29 70.00 0.00 80.00 76.92 50.00 18.75 90.00 21.43 77.78 50.00 0.00 100.00
55.77=87.50 92.86 64.71 80.00 0.00 61.90 70.59 62.50 12.50 53.33 59.09 87.50 51.85 38.46 78.95 82.35 70.59 70.00 21.43 75.00 0.00 78.95 76.92 33.33 21.05 90.00 8.33 77.78 35.71 0.00 85.71
56.54=87.50 86.67 62.50 80.00 0.00 65.22 70.59 70.00 14.29 53.33 65.00 84.21 48.15 43.75 86.67 82.35 77.78 68.42 28.57 69.23 0.00 88.24 76.92 36.36 25.00 90.00 25.00 63.64 33.33 0.00 70.00
57.33=100.00 92.86 73.33 75.00 0.00 63.16 68.75 66.67 22.22 53.33 54.17 71.43 47.83 35.71 80.00 75.00 77.78 68.42 33.33 72.73 0.00 73.68 90.91 27.27 23.53 100.00 25.00 77.78 41.67 0.00 85.71
57.12=87.50 92.86 68.75 85.71 0.00 59.09 68.75 70.00 12.50 53.33 61.90 80.00 54.17 43.75 78.95 77.78 72.22 61.90 26.67 75.00 0.00 84.21 75.00 30.00 31.25 90.00 37.50 75.00 45.45 0.00 71.43
57.70=87.50 92.86 73.33 80.00 0.00 65.22 66.67 66.67 8.33 53.33 59.09 73.68 50.00 46.67 83.33 83.33 77.78 70.00 27.78 80.00 0.00 88.24 85.71 36.36 21.05 81.82 27.27 71.43 45.45 0.00 85.71
56.51=87.50 92.86 64.29 85.71 0.00 68.18 68.75 70.00 12.50 47.06 63.16 83.33 50.00 46.15 83.33 73.68 68.42 68.42 26.67 72.73 0.00 84.21 81.25 40.00 21.05 81.82 27.27 75.00 41.67 0.00 66.67
59.02=93.33 92.86 73.33 80.00 0.00 65.22 70.59 63.64 14.29 53.33 60.00 78.95 56.52 43.75 88.89 78.95 73.68 66.67 31.25 90.00 0.00 84.21 91.67 33.33 23.53 81.82 44.44 83.33 45.45 0.00 66.67
78.76=66.67 100.00 100.00 0.00 100.00 100.00 100.00 100.00 50.00 75.00 100.00 100.00 50.00 100.00 100.00 71.43 100.00 100.00 100.00 100.00 66.67 0.00 75.00 100.00 66.67 25.00 100.00 80.00 40.00 100.00 75.00
89.59=57.14 100.00 100.00 100.00 100.00 100.00 100.00 100.00 50.00 75.00 100.00 100.00 100.00 75.00 100.00 100.00 80.00 100.00 100.00 100.00 100.00 100.00 100.00 100.00 100.00 33.33 100.00 80.00 66.67 100.00 60.00
88.14=66.67 100.00 100.00 100.00 66.67 100.00 100.00 66.67 100.00 100.00 100.00 100.00 100.00 100.00 80.00 85.71 100.00 100.00 66.67 100.00 100.00 100.00 100.00 33.33 75.00 50.00 100.00 100.00 66.67 75.00 100.00
92.31=80.00 100.00 100.00 100.00 66.67 100.00 100.00 100.00 100.00 100.00 100.00 100.00 100.00 75.00 100.00 100.00 75.00 100.00 80.00 100.00 100.00 100.00 100.00 50.00 75.00 100.00 100.00 100.00 60.00 100.00 100.00
95.11=80.00 100.00 100.00 100.00 100.00 100.00 100.00 100.00 100.00 100.00 100.00 100.00 100.00 75.00 80.00 83.33 100.00 100.00 100.00 100.00 100.00 100.00 100.00 100.00 80.00 100.00 100.00 100.00 50.00 100.00 100.00
92.26=100.00 100.00 100.00 100.00 100.00 100.00 100.00 100.00 100.00 100.00 100.00 100.00 100.00 60.00 100.00 100.00 100.00 100.00 100.00 100.00 100.00 100.00 100.00 33.33 75.00 50.00 100.00 100.00 66.67 100.00 75.00
91.40=75.00 100.00 100.00 33.33 100.00 100.00 100.00 100.00 100.00 100.00 100.00 100.00 100.00 100.00 100.00 100.00 80.00 100.00 100.00 100.00 100.00 100.00 100.00 50.00 100.00 100.00 80.00 80.00 60.00 100.00 75.00
89.62=80.00 100.00 75.00 50.00 100.00 100.00 100.00 66.67 100.00 100.00 100.00 100.00 100.00 66.67 100.00 100.00 80.00 100.00 100.00 100.00 100.00 100.00 100.00 50.00 75.00 100.00 100.00 100.00 60.00 100.00 75.00
92.55=75.00 100.00 100.00 100.00 100.00 100.00 100.00 100.00 100.00 75.00 100.00 100.00 100.00 100.00 100.00 85.71 100.00 80.00 100.00 100.00 100.00 100.00 100.00 66.67 66.67 100.00 100.00 100.00 60.00 100.00 60.00
96.13=80.00 100.00 100.00 100.00 100.00 100.00 100.00 100.00 100.00 100.00 80.00 100.00 100.00 100.00 100.00 100.00 100.00 100.00 100.00 100.00 100.00 100.00 100.00 100.00 80.00 100.00 80.00 100.00 60.00 100.00 100.00
92.60=57.14 100.00 100.00 100.00 100.00 100.00 100.00 100.00 100.00 100.00 100.00 100.00 80.00 60.00 100.00 100.00 100.00 100.00 100.00 100.00 100.00 100.00 100.00 66.67 100.00 100.00 80.00 100.00 60.00 100.00 66.67
95.05=66.67 100.00 100.00 50.00 100.00 100.00 100.00 100.00 100.00 100.00 100.00 100.00 100.00 100.00 100.00 100.00 100.00 100.00 100.00 100.00 100.00 100.00 100.00 100.00 100.00 100.00 80.00 100.00 75.00 75.00 100.00
93.12=66.67 100.00 100.00 50.00 100.00 100.00 100.00 100.00 100.00 100.00 80.00 100.00 100.00 75.00 100.00 100.00 100.00 100.00 100.00 100.00 100.00 100.00 100.00 100.00 100.00 100.00 80.00 100.00 60.00 100.00 75.00
94.30=75.00 100.00 100.00 100.00 100.00 100.00 100.00 100.00 100.00 100.00 100.00 100.00 100.00 75.00 100.00 100.00 100.00 100.00 100.00 100.00 100.00 100.00 100.00 66.67 80.00 100.00 66.67 100.00 60.00 100.00 100.00
94.32=66.67 100.00 100.00 100.00 100.00 100.00 100.00 100.00 100.00 100.00 100.00 100.00 100.00 100.00 100.00 85.71 100.00 100.00 100.00 100.00 100.00 100.00 100.00 66.67 100.00 100.00 80.00 100.00 50.00 100.00 75.00
92.74=60.00 100.00 100.00 100.00 100.00 100.00 100.00 100.00 100.00 100.00 100.00 100.00 100.00 100.00 100.00 100.00 100.00 100.00 100.00 83.33 100.00 100.00 100.00 66.67 75.00 100.00 80.00 100.00 60.00 100.00 50.00
93.28=66.67 100.00 100.00 100.00 100.00 100.00 100.00 100.00 100.00 100.00 100.00 100.00 100.00 75.00 100.00 100.00 100.00 100.00 100.00 100.00 100.00 100.00 100.00 50.00 75.00 100.00 100.00 100.00 50.00 100.00 75.00
94.84=66.67 100.00 100.00 100.00 100.00 100.00 100.00 100.00 100.00 100.00 80.00 100.00 100.00 100.00 100.00 83.33 100.00 100.00 100.00 100.00 100.00 100.00 100.00 50.00 100.00 100.00 100.00 100.00 60.00 100.00 100.00
96.56=66.67 100.00 100.00 100.00 100.00 100.00 100.00 100.00 100.00 100.00 100.00 100.00 100.00 100.00 100.00 100.00 100.00 100.00 100.00 100.00 100.00 100.00 100.00 66.67 100.00 100.00 100.00 100.00 60.00 100.00 100.00
93.28=80.00 100.00 100.00 100.00 100.00 100.00 100.00 66.67 100.00 100.00 100.00 80.00 100.00 100.00 100.00 100.00 100.00 100.00 75.00 100.00 100.00 100.00 100.00 50.00 100.00 100.00 100.00 80.00 60.00 100.00 100.00
94.19=66.67 100.00 100.00 100.00 100.00 100.00 100.00 100.00 100.00 75.00 100.00 100.00 100.00 75.00 100.00 83.33 80.00 100.00 100.00 100.00 100.00 100.00 80.00 100.00 100.00 100.00 100.00 100.00 60.00 100.00 100.00
95.05=60.00 100.00 100.00 100.00 100.00 100.00 100.00 100.00 100.00 100.00 80.00 100.00 100.00 100.00 100.00 100.00 100.00 100.00 100.00 100.00 100.00 100.00 100.00 66.67 80.00 100.00 100.00 100.00 60.00 100.00 100.00
93.98=66.67 100.00 100.00 100.00 100.00 100.00 100.00 100.00 100.00 100.00 100.00 100.00 100.00 100.00 100.00 100.00 100.00 100.00 100.00 100.00 100.00 100.00 100.00 66.67 80.00 50.00 100.00 100.00 50.00 100.00 100.00
93.23=80.00 100.00 100.00 100.00 66.67 100.00 100.00 100.00 100.00 100.00 100.00 100.00 100.00 75.00 100.00 83.33 100.00 100.00 100.00 100.00 100.00 100.00 100.00 50.00 100.00 100.00 100.00 100.00 60.00 100.00 75.00
94.95=66.67 100.00 100.00 100.00 100.00 100.00 100.00 100.00 100.00 100.00 100.00 100.00 100.00 100.00 100.00 100.00 66.67 100.00 100.00 100.00 100.00 100.00 100.00 50.00 100.00 100.00 100.00 100.00 60.00 100.00 100.00
95.91=66.67 100.00 100.00 100.00 100.00 100.00 100.00 100.00 100.00 100.00 100.00 100.00 100.00 100.00 100.00 100.00 100.00 100.00 100.00 100.00 100.00 100.00 100.00 66.67 80.00 100.00 100.00 100.00 60.00 100.00 100.00
94.84=80.00 100.00 100.00 100.00 100.00 100.00 80.00 100.00 100.00 100.00 100.00 80.00 100.00 100.00 100.00 100.00 100.00 100.00 100.00 100.00 100.00 100.00 100.00 40.00 100.00 100.00 100.00 100.00 60.00 100.00 100.00
94.14=66.67 100.00 100.00 50.00 100.00 100.00 100.00 100.00 100.00 75.00 100.00 100.00 100.00 100.00 100.00 100.00 100.00 100.00 100.00 100.00 100.00 100.00 100.00 66.67 100.00 100.00 100.00 100.00 60.00 100.00 100.00
90.65=80.00 100.00 100.00 100.00 100.00 100.00 100.00 66.67 100.00 100.00 100.00 100.00 100.00 100.00 100.00 83.33 100.00 100.00 100.00 100.00 0.00 100.00 100.00 40.00 80.00 100.00 100.00 100.00 60.00 100.00 100.00
92.96=66.67 100.00 100.00 100.00 100.00 100.00 100.00 100.00 100.00 75.00 100.00 100.00 100.00 100.00 80.00 100.00 100.00 100.00 100.00 100.00 100.00 100.00 100.00 50.00 100.00 50.00 100.00 100.00 60.00 100.00 100.00
93.60=80.00 100.00 100.00 100.00 66.67 100.00 100.00 100.00 100.00 75.00 100.00 100.00 100.00 100.00 80.00 83.33 100.00 100.00 100.00 100.00 100.00 100.00 100.00 66.67 100.00 100.00 100.00 100.00 50.00 100.00 100.00
95.27=66.67 100.00 100.00 100.00 100.00 100.00 100.00 100.00 100.00 60.00 100.00 100.00 100.00 100.00 100.00 100.00 100.00 100.00 100.00 100.00 100.00 100.00 100.00 66.67 100.00 100.00 100.00 100.00 60.00 100.00 100.00
94.89=66.67 100.00 100.00 100.00 100.00 100.00 100.00 100.00 100.00 75.00 100.00 100.00 100.00 100.00 100.00 100.00 100.00 80.00 100.00 100.00 100.00 100.00 100.00 100.00 60.00 100.00 100.00 100.00 60.00 100.00 100.00
94.14=66.67 100.00 80.00 100.00 100.00 100.00 100.00 100.00 75.00 100.00 100.00 80.00 100.00 100.00 100.00 100.00 100.00 100.00 100.00 100.00 100.00 100.00 100.00 66.67 100.00 100.00 100.00 100.00 50.00 100.00 100.00
94.30=66.67 100.00 100.00 100.00 100.00 100.00 100.00 100.00 100.00 75.00 100.00 100.00 100.00 100.00 100.00 100.00 100.00 100.00 100.00 100.00 100.00 100.00 100.00 66.67 100.00 100.00 100.00 80.00 60.00 75.00 100.00
95.22=66.67 100.00 100.00 100.00 100.00 100.00 100.00 100.00 100.00 75.00 100.00 100.00 100.00 100.00 100.00 83.33 100.00 100.00 100.00 100.00 100.00 100.00 100.00 66.67 100.00 100.00 100.00 100.00 60.00 100.00 100.00
94.41=66.67 100.00 100.00 100.00 66.67 100.00 100.00 100.00 100.00 100.00 100.00 100.00 100.00 100.00 100.00 83.33 100.00 100.00 100.00 100.00 100.00 100.00 100.00 50.00 100.00 100.00 100.00 100.00 60.00 100.00 100.00
94.41=66.67 100.00 100.00 100.00 100.00 100.00 100.00 100.00 100.00 100.00 100.00 100.00 100.00 100.00 66.67 100.00 100.00 100.00 100.00 100.00 100.00 100.00 100.00 66.67 100.00 100.00 100.00 100.00 60.00 66.67 100.00
93.01=80.00 100.00 80.00 100.00 100.00 100.00 100.00 100.00 100.00 75.00 80.00 100.00 100.00 100.00 100.00 100.00 100.00 100.00 100.00 100.00 100.00 66.67 100.00 66.67 100.00 100.00 100.00 100.00 60.00 75.00 100.00
92.74=66.67 100.00 100.00 100.00 100.00 100.00 100.00 66.67 100.00 100.00 100.00 100.00 100.00 100.00 75.00 100.00 80.00 100.00 80.00 100.00 100.00 100.00 80.00 66.67 100.00 100.00 100.00 100.00 60.00 100.00 100.00
92.51=100.00 100.00 100.00 100.00 100.00 100.00 100.00 100.00 75.00 75.00 100.00 100.00 100.00 100.00 100.00 100.00 100.00 100.00 100.00 100.00 100.00 100.00 100.00 100.00 100.00 50.00 100.00 75.00 42.86 75.00 75.00
90.86=80.00 100.00 100.00 100.00 100.00 100.00 100.00 40.00 100.00 75.00 80.00 100.00 100.00 100.00 100.00 100.00 100.00 100.00 100.00 100.00 100.00 100.00 100.00 66.67 100.00 25.00 100.00 100.00 75.00 100.00 75.00
93.33=100.00 100.00 100.00 100.00 100.00 83.33 100.00 66.67 75.00 100.00 100.00 100.00 100.00 100.00 75.00 100.00 100.00 100.00 100.00 100.00 100.00 100.00 100.00 100.00 66.67 100.00 100.00 66.67 100.00 100.00 60.00
90.46=100.00 100.00 100.00 100.00 100.00 66.67 100.00 66.67 100.00 100.00 100.00 100.00 100.00 75.00 100.00 100.00 100.00 100.00 100.00 100.00 66.67 100.00 66.67 100.00 62.50 50.00 100.00 100.00 75.00 100.00 75.00
95.00=100.00 100.00 100.00 100.00 100.00 83.33 100.00 66.67 100.00 100.00 100.00 100.00 80.00 100.00 100.00 100.00 80.00 100.00 100.00 100.00 100.00 100.00 100.00 75.00 100.00 100.00 100.00 100.00 60.00 100.00 100.00
94.57=80.00 100.00 100.00 100.00 100.00 100.00 100.00 100.00 66.67 100.00 100.00 100.00 100.00 100.00 100.00 100.00 100.00 100.00 100.00 100.00 100.00 100.00 100.00 100.00 50.00 100.00 100.00 100.00 75.00 100.00 60.00
94.32=100.00 100.00 100.00 100.00 100.00 83.33 100.00 100.00 100.00 100.00 100.00 100.00 100.00 100.00 100.00 100.00 66.67 100.00 100.00 100.00 100.00 100.00 100.00 100.00 85.71 33.33 100.00 80.00 75.00 100.00 100.00
92.53=100.00 100.00 100.00 100.00 100.00 100.00 100.00 0.00 100.00 100.00 100.00 100.00 100.00 100.00 100.00 100.00 80.00 100.00 100.00 83.33 100.00 100.00 100.00 75.00 75.00 100.00 80.00 100.00 100.00 100.00 75.00
96.29=66.67 100.00 100.00 100.00 100.00 80.00 100.00 100.00 100.00 100.00 100.00 100.00 100.00 100.00 100.00 100.00 100.00 100.00 80.00 100.00 100.00 100.00 100.00 100.00 83.33 100.00 100.00 100.00 75.00 100.00 100.00
95.99=100.00 100.00 100.00 100.00 100.00 100.00 100.00 100.00 100.00 100.00 100.00 100.00 100.00 75.00 100.00 100.00 100.00 100.00 80.00 100.00 100.00 100.00 100.00 60.00 85.71 100.00 100.00 100.00 75.00 100.00 100.00
95.35=100.00 100.00 100.00 100.00 100.00 100.00 85.71 66.67 100.00 100.00 100.00 100.00 100.00 100.00 100.00 100.00 80.00 100.00 100.00 100.00 100.00 100.00 100.00 100.00 83.33 100.00 100.00 80.00 60.00 100.00 100.00
93.43=100.00 100.00 100.00 100.00 100.00 100.00 100.00 100.00 75.00 100.00 100.00 100.00 100.00 100.00 100.00 85.71 100.00 100.00 100.00 100.00 0.00 100.00 100.00 75.00 85.71 100.00 100.00 100.00 75.00 100.00 100.00
98.73=100.00 100.00 100.00 100.00 100.00 100.00 100.00 100.00 100.00 100.00 100.00 100.00 100.00 100.00 100.00 100.00 100.00 100.00 100.00 100.00 100.00 100.00 100.00 100.00 85.71 100.00 100.00 100.00 75.00 100.00 100.00
96.80=80.00 100.00 100.00 100.00 100.00 100.00 100.00 100.00 100.00 100.00 80.00 100.00 100.00 100.00 100.00 100.00 100.00 80.00 100.00 100.00 100.00 100.00 100.00 100.00 85.71 100.00 100.00 100.00 75.00 100.00 100.00
94.25=100.00 100.00 100.00 100.00 100.00 83.33 100.00 100.00 100.00 100.00 100.00 100.00 100.00 100.00 100.00 100.00 100.00 100.00 100.00 83.33 100.00 100.00 100.00 100.00 100.00 0.00 80.00 100.00 75.00 100.00 100.00
97.60=100.00 100.00 100.00 100.00 100.00 100.00 100.00 100.00 100.00 100.00 80.00 100.00 100.00 100.00 100.00 100.00 100.00 100.00 100.00 100.00 100.00 100.00 100.00 100.00 85.71 100.00 100.00 100.00 60.00 100.00 100.00
96.13=100.00 100.00 100.00 100.00 66.67 100.00 100.00 100.00 100.00 100.00 100.00 80.00 100.00 100.00 100.00 100.00 100.00 100.00 100.00 100.00 100.00 100.00 100.00 100.00 100.00 100.00 66.67 100.00 66.67 100.00 100.00
97.20=100.00 100.00 100.00 100.00 66.67 100.00 100.00 100.00 100.00 100.00 100.00 100.00 100.00 100.00 100.00 85.71 100.00 100.00 100.00 100.00 100.00 100.00 100.00 100.00 85.71 100.00 100.00 100.00 75.00 100.00 100.00
94.68=80.00 100.00 100.00 100.00 100.00 100.00 100.00 100.00 100.00 100.00 80.00 100.00 100.00 100.00 100.00 100.00 100.00 100.00 100.00 100.00 100.00 100.00 100.00 100.00 83.33 50.00 100.00 100.00 75.00 100.00 66.67
96.34=80.00 100.00 100.00 100.00 100.00 100.00 100.00 100.00 100.00 100.00 100.00 100.00 100.00 100.00 100.00 100.00 100.00 100.00 100.00 100.00 100.00 100.00 100.00 100.00 100.00 100.00 66.67 100.00 40.00 100.00 100.00
97.74=100.00 100.00 100.00 100.00 100.00 100.00 100.00 100.00 100.00 100.00 100.00 100.00 100.00 100.00 80.00 100.00 100.00 100.00 100.00 100.00 100.00 100.00 100.00 100.00 100.00 100.00 100.00 100.00 75.00 100.00 75.00
96.01=100.00 100.00 100.00 100.00 100.00 100.00 100.00 100.00 100.00 100.00 100.00 100.00 100.00 100.00 100.00 85.71 100.00 100.00 100.00 100.00 100.00 100.00 100.00 100.00 85.71 50.00 80.00 100.00 75.00 100.00 100.00
97.42=80.00 100.00 100.00 100.00 100.00 100.00 100.00 100.00 100.00 100.00 100.00 100.00 100.00 100.00 80.00 100.00 100.00 100.00 100.00 100.00 100.00 100.00 100.00 100.00 100.00 100.00 100.00 100.00 60.00 100.00 100.00
94.86=100.00 100.00 100.00 100.00 66.67 100.00 100.00 100.00 100.00 100.00 100.00 75.00 100.00 100.00 80.00 100.00 100.00 100.00 100.00 83.33 100.00 100.00 100.00 75.00 85.71 100.00 100.00 100.00 75.00 100.00 100.00
96.80=100.00 100.00 100.00 100.00 100.00 100.00 100.00 100.00 100.00 100.00 100.00 100.00 100.00 100.00 100.00 100.00 100.00 100.00 100.00 100.00 100.00 100.00 100.00 100.00 85.71 100.00 100.00 80.00 60.00 100.00 75.00
96.67=100.00 100.00 100.00 100.00 100.00 100.00 100.00 100.00 100.00 100.00 100.00 100.00 100.00 100.00 80.00 100.00 100.00 100.00 100.00 83.33 100.00 100.00 100.00 100.00 83.33 100.00 100.00 100.00 50.00 100.00 100.00
98.12=100.00 100.00 100.00 100.00 100.00 100.00 100.00 66.67 100.00 100.00 100.00 100.00 100.00 100.00 100.00 100.00 100.00 100.00 100.00 100.00 100.00 100.00 100.00 100.00 100.00 100.00 100.00 100.00 75.00 100.00 100.00
91.72=80.00 100.00 100.00 0.00 100.00 100.00 100.00 100.00 75.00 100.00 100.00 100.00 100.00 100.00 100.00 100.00 100.00 100.00 100.00 100.00 100.00 100.00 100.00 100.00 100.00 33.33 80.00 100.00 75.00 100.00 100.00
98.55=80.00 100.00 100.00 100.00 100.00 100.00 100.00 100.00 100.00 100.00 100.00 100.00 100.00 100.00 100.00 100.00 100.00 100.00 100.00 100.00 100.00 100.00 100.00 100.00 100.00 100.00 100.00 100.00 75.00 100.00 100.00
92.93=100.00 100.00 100.00 100.00 100.00 100.00 100.00 50.00 100.00 100.00 100.00 100.00 100.00 75.00 100.00 100.00 100.00 100.00 80.00 100.00 100.00 100.00 100.00 100.00 85.71 50.00 80.00 100.00 60.00 100.00 100.00
95.97=100.00 100.00 100.00 100.00 100.00 100.00 100.00 66.67 100.00 100.00 100.00 100.00 100.00 100.00 100.00 100.00 100.00 100.00 100.00 100.00 100.00 100.00 100.00 100.00 100.00 33.33 100.00 100.00 75.00 100.00 100.00
96.77=100.00 75.00 100.00 100.00 100.00 100.00 100.00 100.00 100.00 100.00 100.00 100.00 100.00 100.00 100.00 100.00 100.00 100.00 100.00 100.00 100.00 100.00 100.00 100.00 100.00 50.00 100.00 100.00 75.00 100.00 100.00
94.72=80.00 100.00 100.00 100.00 100.00 100.00 100.00 100.00 100.00 75.00 100.00 100.00 100.00 100.00 100.00 100.00 100.00 100.00 100.00 100.00 100.00 100.00 100.00 100.00 71.43 50.00 100.00 100.00 60.00 100.00 100.00
97.14=100.00 100.00 100.00 100.00 100.00 100.00 100.00 100.00 100.00 100.00 100.00 100.00 100.00 100.00 100.00 85.71 100.00 100.00 100.00 100.00 100.00 100.00 100.00 100.00 85.71 100.00 80.00 100.00 60.00 100.00 100.00
98.55=100.00 100.00 100.00 100.00 100.00 100.00 100.00 100.00 100.00 100.00 100.00 100.00 100.00 100.00 80.00 100.00 100.00 100.00 100.00 100.00 100.00 100.00 100.00 100.00 100.00 100.00 100.00 100.00 75.00 100.00 100.00
95.86=100.00 100.00 100.00 100.00 100.00 100.00 100.00 100.00 75.00 100.00 100.00 100.00 100.00 100.00 100.00 100.00 100.00 100.00 100.00 100.00 100.00 100.00 100.00 100.00 100.00 50.00 80.00 100.00 66.67 100.00 100.00
98.55=100.00 100.00 100.00 100.00 100.00 100.00 100.00 100.00 100.00 100.00 100.00 100.00 100.00 100.00 75.00 100.00 80.00 100.00 100.00 100.00 100.00 100.00 100.00 100.00 100.00 100.00 100.00 100.00 100.00 100.00 100.00
96.77=100.00 100.00 100.00 100.00 100.00 100.00 100.00 100.00 100.00 100.00 100.00 100.00 100.00 100.00 75.00 100.00 100.00 100.00 100.00 100.00 100.00 100.00 100.00 100.00 100.00 50.00 100.00 100.00 75.00 100.00 100.00
98.39=100.00 100.00 100.00 100.00 100.00 100.00 100.00 100.00 75.00 100.00 100.00 100.00 100.00 100.00 100.00 100.00 100.00 100.00 100.00 100.00 100.00 100.00 100.00 100.00 100.00 100.00 100.00 100.00 75.00 100.00 100.00
97.90=100.00 100.00 100.00 100.00 100.00 100.00 100.00 100.00 100.00 100.00 100.00 100.00 100.00 100.00 100.00 100.00 100.00 100.00 100.00 100.00 100.00 100.00 100.00 100.00 100.00 100.00 80.00 80.00 75.00 100.00 100.00
57.10=93.33 100.00 73.33 80.00 16.00 78.95 87.50 83.33 9.09 66.67 78.95 62.50 71.43 46.67 76.92 57.14 70.00 78.57 33.33 41.67 54.55 93.33 73.68 0.00 23.53 71.43 62.50 30.77 0.00 25.00 30.00
54.23=87.50 100.00 78.57 60.00 8.33 60.00 90.91 60.00 23.08 55.56 66.67 78.57 63.16 55.56 91.67 63.16 78.95 66.67 37.50 69.23 0.00 93.75 72.22 0.00 10.00 78.57 41.67 20.00 0.00 30.00 40.00
55.54=100.00 100.00 75.00 56.25 13.04 71.43 91.67 58.33 15.38 66.67 56.00 85.71 73.33 57.14 78.95 60.87 66.67 65.00 36.84 54.55 42.86 100.00 72.22 0.00 40.00 42.11 62.50 16.67 0.00 37.50 25.00
54.46=100.00 100.00 76.92 57.89 14.29 60.00 86.67 81.82 6.25 76.92 68.18 75.00 71.43 60.00 70.59 57.14 76.19 65.00 26.67 53.85 28.57 93.33 70.00 0.00 10.00 76.92 44.44 33.33 0.00 18.18 28.57
56.78=100.00 100.00 84.62 56.25 13.64 60.00 81.25 87.50 28.57 60.00 62.50 80.00 63.16 66.67 73.68 66.67 66.67 68.42 40.00 61.54 25.00 87.50 63.16 16.67 37.50 56.25 66.67 33.33 0.00 36.36 16.67
53.84=100.00 100.00 84.62 62.50 14.29 57.69 92.31 58.33 14.29 62.50 63.64 75.00 68.75 50.00 72.22 61.11 80.00 70.00 37.50 57.14 0.00 93.75 72.22 0.00 12.50 61.54 41.67 22.22 0.00 33.33 50.00
54.96=93.33 100.00 75.00 62.50 16.00 66.67 80.00 77.78 12.50 64.71 65.22 80.00 73.33 66.67 68.18 57.14 68.18 73.68 44.44 50.00 25.00 84.21 64.71 0.00 22.22 66.67 55.56 0.00 0.00 40.00 50.00
57.10=100.00 100.00 78.57 56.25 16.00 73.68 80.00 76.92 20.00 58.82 58.33 72.22 72.22 70.00 65.22 68.42 80.00 76.47 41.18 58.33 25.00 76.19 71.43 0.00 37.50 91.67 50.00 22.22 0.00 40.00 33.33
54.88=100.00 100.00 78.57 62.50 13.04 65.22 82.35 77.78 7.69 52.63 55.56 80.00 64.29 54.55 65.22 56.52 75.00 68.42 41.18 58.33 20.00 88.24 68.42 0.00 18.18 100.00 62.50 20.00 0.00 40.00 25.00
57.14=100.00 100.00 66.67 58.82 8.33 65.22 92.31 66.67 0.00 66.67 71.43 72.22 64.71 61.54 70.00 61.11 72.73 66.67 35.00 77.78 25.00 100.00 66.67 21.43 20.00 90.00 57.14 16.67 0.00 30.00 66.67
56.79=87.50 100.00 78.57 62.50 9.09 62.50 76.92 69.23 11.76 71.43 73.68 75.00 68.42 61.54 66.67 63.16 75.00 66.67 33.33 46.15 33.33 93.75 73.68 25.00 30.00 90.00 55.56 33.33 0.00 33.33 33.33
56.94=93.33 100.00 71.43 56.25 17.39 63.64 84.62 71.43 7.69 55.56 56.00 76.47 66.67 57.14 60.87 65.00 71.43 72.22 38.89 50.00 20.00 100.00 66.67 18.18 33.33 100.00 62.50 28.57 0.00 33.33 66.67
56.91=100.00 100.00 68.75 50.00 4.35 71.43 73.33 77.78 12.50 56.25 63.64 80.00 70.59 61.54 78.95 65.00 75.00 60.00 41.18 50.00 28.57 93.75 65.00 12.50 30.00 90.00 50.00 28.57 0.00 55.56 50.00
57.20=100.00 100.00 78.57 58.82 14.29 70.00 80.00 64.29 13.33 50.00 52.00 75.00 62.50 53.85 70.00 65.00 76.19 68.42 40.00 58.33 33.33 100.00 70.59 22.22 33.33 69.23 55.56 33.33 0.00 38.46 66.67
54.54=100.00 100.00 91.67 58.82 9.52 71.43 80.00 70.00 0.00 62.50 63.64 76.47 60.00 50.00 68.42 52.38 76.19 61.90 35.29 50.00 37.50 88.24 66.67 22.22 14.29 76.92 50.00 25.00 0.00 38.46 33.33
56.08=87.50 100.00 73.33 64.29 8.70 71.43 85.71 69.23 16.67 57.89 65.00 63.16 64.29 58.33 77.78 54.55 69.57 68.42 44.44 60.00 50.00 100.00 68.42 11.11 42.86 69.23 50.00 20.00 0.00 33.33 33.33
57.92=100.00 100.00 83.33 55.56 12.00 83.33 80.00 57.14 20.00 66.67 56.00 72.22 56.25 61.54 75.00 66.67 66.67 68.42 41.18 53.85 60.00 93.75 77.78 9.09 28.57 81.82 62.50 28.57 0.00 37.50 40.00
57.05=100.00 100.00 71.43 50.00 16.00 83.33 76.92 58.82 14.29 62.50 70.00 68.75 66.67 53.33 72.22 66.67 65.00 73.68 38.10 41.18 50.00 100.00 70.00 12.50 20.00 90.00 57.14 20.00 0.00 50.00 50.00
57.53=100.00 100.00 73.33 58.82 9.52 100.00 75.00 58.33 14.29 64.29 59.09 72.22 65.00 64.29 71.43 66.67 72.73 68.42 40.00 42.86 55.56 82.35 70.00 16.67 27.27 81.82 57.14 33.33 0.00 42.86 40.00
58.28=100.00 100.00 76.92 66.67 9.09 93.75 73.33 69.23 15.38 66.67 60.87 80.00 63.16 72.73 61.90 61.11 63.64 63.64 42.86 44.44 58.33 87.50 70.00 0.00 37.50 100.00 57.14 14.29 0.00 30.00 66.67
57.58=100.00 100.00 73.33 58.82 10.00 83.33 80.00 70.00 11.11 52.63 63.64 66.67 64.71 53.85 65.00 57.89 76.19 66.67 36.84 46.67 58.33 88.24 66.67 9.09 27.27 75.00 50.00 28.57 0.00 44.44 100.00
57.81=100.00 100.00 76.92 58.82 4.76 100.00 76.92 64.29 7.14 56.25 66.67 70.59 70.59 66.67 65.22 65.00 66.67 63.64 36.84 53.85 57.14 92.86 68.75 25.00 27.27 90.00 62.50 20.00 0.00 44.44 33.33
58.05=100.00 100.00 71.43 56.25 9.09 100.00 84.62 69.23 6.67 60.00 56.52 72.22 62.50 50.00 68.18 57.89 71.43 60.87 36.84 63.64 61.54 92.86 63.16 18.18 25.00 90.00 62.50 33.33 0.00 45.45 50.00
58.57=92.86 100.00 81.82 62.50 10.00 93.75 78.57 75.00 5.88 66.67 58.33 68.42 64.71 63.64 75.00 66.67 61.54 65.00 37.50 53.85 58.33 88.24 66.67 10.00 33.33 100.00 62.50 28.57 0.00 36.36 50.00
59.14=100.00 100.00 73.33 52.63 0.00 100.00 75.00 66.67 7.14 62.50 63.64 76.47 62.50 66.67 71.43 63.64 76.19 60.87 37.50 50.00 58.33 100.00 66.67 28.57 25.00 90.00 57.14 14.29 0.00 27.27 100.00
58.52=100.00 100.00 73.33 50.00 9.52 100.00 78.57 76.92 7.14 66.67 56.00 81.25 68.75 61.54 75.00 60.87 80.00 65.00 35.29 46.67 58.33 100.00 76.47 10.00 22.22 88.89 57.14 22.22 0.00 36.36 50.00
60.90=100.00 100.00 73.33 56.25 5.88 93.33 85.71 73.33 9.09 58.82 66.67 68.42 56.25 50.00 71.43 63.64 88.89 63.64 35.00 66.67 58.33 100.00 70.00 18.18 30.00 100.00 50.00 25.00 0.00 50.00 100.00
58.42=100.00 100.00 66.67 58.82 6.25 100.00 69.23 76.92 14.29 66.67 53.85 86.67 64.71 66.67 71.43 61.90 75.00 63.64 35.00 63.64 61.54 92.86 73.68 7.69 36.36 75.00 57.14 22.22 0.00 33.33 50.00
58.46=100.00 100.00 73.33 55.56 11.11 100.00 80.00 76.92 7.69 60.00 54.17 84.62 55.00 61.54 63.64 68.42 72.73 66.67 36.84 53.85 53.85 100.00 70.00 18.18 12.50 100.00 57.14 28.57 0.00 40.00 50.00
60.16=93.33 100.00 73.33 55.56 5.00 93.75 83.33 66.67 7.69 66.67 60.87 64.71 68.75 63.64 73.68 66.67 80.00 61.90 38.89 63.64 61.54 94.12 70.00 18.18 25.00 100.00 57.14 20.00 0.00 30.77 100.00
59.25=93.33 100.00 78.57 50.00 9.09 93.75 76.92 69.23 7.14 66.67 53.85 75.00 63.16 63.64 78.95 70.00 83.33 65.00 36.84 63.64 70.00 94.12 68.75 16.67 37.50 75.00 50.00 20.00 0.00 40.00 66.67
57.42=93.33 100.00 71.43 62.50 10.00 88.24 78.57 64.29 9.09 52.94 56.52 68.42 55.56 66.67 77.78 73.68 76.19 65.00 40.00 53.85 63.64 100.00 70.00 16.67 18.18 100.00 71.43 14.29 0.00 33.33 28.57
58.99=81.25 100.00 78.57 52.63 5.26 100.00 80.00 90.00 14.29 62.50 63.64 86.67 66.67 50.00 71.43 66.67 69.57 63.64 38.89 63.64 61.54 100.00 66.67 20.00 25.00 100.00 62.50 14.29 0.00 40.00 33.33
58.64=93.33 92.31 76.92 55.56 5.26 100.00 80.00 69.23 7.69 66.67 55.56 72.22 64.71 66.67 73.68 60.00 76.19 65.00 38.89 70.00 63.64 88.89 66.67 9.09 18.18 100.00 71.43 20.00 0.00 50.00 40.00
57.48=100.00 100.00 71.43 62.50 11.11 100.00 80.00 83.33 7.69 62.50 56.00 76.47 63.16 70.00 78.95 70.00 63.64 57.14 43.75 50.00 63.64 93.33 63.64 7.69 27.27 90.00 50.00 16.67 0.00 33.33 28.57
58.28=100.00 100.00 78.57 55.56 9.52 100.00 80.00 70.00 7.69 62.50 56.00 75.00 61.11 53.33 78.95 70.00 76.19 63.16 41.18 53.85 54.55 100.00 62.50 13.33 27.27 81.82 42.86 28.57 0.00 36.36 66.67
57.17=100.00 92.86 68.75 58.82 6.67 93.75 80.00 50.00 12.50 71.43 54.55 80.00 64.71 63.64 73.68 66.67 81.25 60.00 44.44 50.00 64.29 94.12 68.42 15.38 27.27 100.00 62.50 14.29 0.00 27.27 25.00
58.24=93.33 92.31 66.67 52.63 6.25 100.00 73.33 66.67 7.69 66.67 59.09 76.47 61.11 57.14 68.18 65.00 66.67 61.90 43.75 70.00 66.67 100.00 68.42 30.00 30.00 90.00 62.50 0.00 0.00 36.36 66.67
57.60=100.00 100.00 66.67 58.82 6.25 93.33 76.92 61.54 12.50 66.67 58.33 80.00 66.67 57.14 60.87 70.00 69.57 61.90 46.67 58.33 60.00 88.89 72.22 11.11 18.18 100.00 62.50 14.29 0.00 36.36 50.00
58.64=93.33 100.00 78.57 57.89 10.53 93.75 85.71 75.00 0.00 62.50 50.00 80.00 68.42 61.54 63.64 72.22 76.19 61.90 37.50 53.85 56.25 100.00 70.59 18.18 20.00 90.00 57.14 28.57 0.00 44.44 50.00
