59.80=91.67 100.00 81.82 82.61 2.50 55.26 76.92 73.68 29.63 81.25 52.63 88.46 57.58 39.13 73.91 80.77 73.33 70.00 56.25 76.47 30.77 79.31 80.77 31.25 33.33 53.12 41.18 40.00 33.33 50.00 36.84
51.99=75.00 87.50 73.91 83.33 2.63 40.00 76.00 56.25 27.78 75.00 56.76 75.86 43.75 27.78 76.19 73.33 66.67 67.86 31.58 58.33 0.00 79.31 64.71 38.89 25.81 48.00 50.00 46.67 38.46 0.00 44.44
54.49=88.00 95.45 76.00 62.50 0.00 45.28 90.91 52.63 25.00 82.35 46.81 81.48 43.75 36.84 87.50 67.65 70.59 62.16 36.84 68.42 0.00 80.00 79.17 33.33 52.63 50.00 53.85 57.14 27.78 0.00 35.00
57.90=88.00 91.30 78.26 68.97 2.08 44.90 80.00 64.71 33.33 88.24 56.10 79.31 51.43 22.73 70.00 79.31 72.41 71.88 52.63 58.82 0.00 76.67 79.17 40.00 33.33 46.67 53.33 54.55 30.77 62.50 63.64
60.55=96.00 100.00 79.17 73.08 0.00 45.10 80.77 70.59 38.46 93.33 56.76 76.67 47.37 50.00 80.77 78.12 72.41 64.86 47.37 55.56 0.00 78.12 84.00 44.44 37.04 63.64 44.44 64.71 40.00 41.67 72.73
53.59=95.24 100.00 78.26 75.00 3.33 56.10 76.92 50.00 16.67 43.33 73.33 87.50 78.12 57.14 25.00 79.17 74.19 66.67 15.00 55.00 15.38 86.36 78.26 9.09 29.63 45.45 61.90 22.22 23.53 50.00 33.33
53.32=80.00 100.00 80.95 57.58 0.00 48.98 86.96 55.56 25.00 62.50 61.54 79.17 62.07 55.56 50.00 62.96 64.86 75.86 35.71 57.14 0.00 82.14 69.23 6.25 30.43 57.69 55.56 69.23 8.33 33.33 38.46
53.64=100.00 100.00 72.00 67.86 0.00 50.00 90.48 44.83 20.00 72.22 73.53 62.16 72.41 66.67 38.10 76.00 58.97 70.97 29.41 47.62 0.00 66.67 80.95 11.76 45.45 48.48 57.14 50.00 15.79 33.33 40.00
56.36=100.00 100.00 95.00 72.73 0.00 48.08 95.00 62.50 29.17 61.90 59.52 62.16 68.75 47.83 47.62 88.89 72.73 68.75 40.00 55.56 0.00 73.33 75.00 5.88 33.33 57.14 65.00 71.43 15.79 42.86 31.25
58.24=91.67 100.00 89.47 60.61 0.00 48.00 94.74 60.87 25.93 82.35 55.56 65.71 67.74 52.63 60.87 69.57 77.42 64.71 31.58 68.42 0.00 88.46 77.78 5.56 40.00 60.00 68.18 82.35 26.32 55.56 33.33
87.23=100.00 100.00 87.50 100.00 100.00 100.00 100.00 80.00 57.14 83.33 77.78 100.00 66.67 71.43 88.89 80.00 88.89 100.00 100.00 100.00 100.00 100.00 100.00 100.00 66.67 60.00 100.00 75.00 62.50 75.00 83.33
89.64=100.00 100.00 87.50 100.00 50.00 88.89 100.00 57.14 100.00 83.33 100.00 87.50 100.00 71.43 87.50 88.89 100.00 100.00 100.00 100.00 100.00 60.00 77.78 83.33 88.89 100.00 100.00 100.00 83.33 100.00 83.33
91.41=100.00 100.00 87.50 100.00 66.67 88.89 100.00 66.67 100.00 100.00 77.78 100.00 85.71 100.00 100.00 81.82 87.50 100.00 100.00 100.00 100.00 71.43 87.50 66.67 100.00 100.00 85.71 100.00 80.00 100.00 100.00
91.03=100.00 100.00 85.71 75.00 100.00 88.89 100.00 57.14 83.33 83.33 100.00 100.00 83.33 100.00 100.00 81.82 80.00 100.00 100.00 87.50 100.00 80.00 100.00 83.33 100.00 100.00 100.00 100.00 85.71 100.00 66.67
90.44=100.00 100.00 87.50 100.00 100.00 100.00 100.00 57.14 80.00 100.00 100.00 100.00 85.71 83.33 88.89 90.00 87.50 100.00 100.00 87.50 100.00 100.00 100.00 75.00 88.89 75.00 100.00 87.50 71.43 83.33 75.00
79.51=77.78 100.00 87.50 75.00 75.00 54.55 100.00 75.00 83.33 100.00 87.50 77.78 100.00 100.00 83.33 90.91 100.00 77.78 100.00 88.89 0.00 60.00 100.00 83.33 50.00 25.00 71.43 100.00 80.00 85.71 75.00
84.27=70.00 100.00 100.00 75.00 60.00 54.55 100.00 66.67 83.33 100.00 100.00 87.50 100.00 100.00 100.00 100.00 88.89 100.00 85.71 88.89 0.00 100.00 100.00 83.33 72.73 33.33 100.00 100.00 62.50 100.00 100.00
85.61=100.00 100.00 100.00 100.00 100.00 61.54 100.00 80.00 100.00 100.00 100.00 87.50 85.71 100.00 71.43 83.33 87.50 100.00 85.71 87.50 0.00 100.00 100.00 83.33 61.54 40.00 100.00 88.89 66.67 83.33 100.00
83.64=77.78 80.00 100.00 100.00 100.00 58.33 100.00 60.00 100.00 100.00 100.00 85.71 100.00 100.00 66.67 100.00 100.00 87.50 83.33 77.78 0.00 100.00 80.00 83.33 87.50 16.67 100.00 87.50 75.00 85.71 100.00
84.10=87.50 100.00 100.00 75.00 100.00 58.33 100.00 57.14 83.33 100.00 100.00 87.50 100.00 80.00 100.00 87.50 80.00 87.50 100.00 100.00 0.00 100.00 100.00 83.33 80.00 37.50 100.00 100.00 62.50 100.00 60.00
78.01=53.85 100.00 100.00 66.67 100.00 63.64 100.00 66.67 83.33 100.00 100.00 87.50 87.50 66.67 100.00 91.67 75.00 87.50 100.00 100.00 0.00 71.43 100.00 33.33 42.86 75.00 85.71 70.00 50.00 100.00 60.00
83.82=70.00 100.00 100.00 100.00 100.00 66.67 90.91 100.00 75.00 83.33 85.71 100.00 88.89 60.00 100.00 90.91 77.78 100.00 100.00 100.00 0.00 83.33 100.00 57.14 77.78 100.00 66.67 88.89 55.56 80.00 100.00
83.74=63.64 100.00 83.33 60.00 80.00 66.67 88.89 100.00 100.00 100.00 100.00 100.00 85.71 100.00 100.00 78.57 80.00 100.00 100.00 100.00 0.00 83.33 100.00 75.00 62.50 75.00 100.00 80.00 66.67 100.00 66.67
86.65=87.50 100.00 100.00 100.00 100.00 70.00 100.00 80.00 100.00 100.00 87.50 87.50 100.00 80.00 100.00 66.67 80.00 87.50 100.00 100.00 0.00 80.00 87.50 80.00 75.00 100.00 100.00 88.89 62.50 85.71 100.00
85.58=87.50 100.00 100.00 75.00 66.67 63.64 100.00 100.00 100.00 83.33 87.50 100.00 100.00 100.00 88.89 100.00 80.00 85.71 100.00 80.00 0.00 100.00 87.50 100.00 83.33 75.00 83.33 87.50 71.43 100.00 66.67
63.48=100.00 100.00 94.12 90.48 0.00 50.00 95.24 72.22 40.91 88.89 68.75 87.50 66.67 58.33 68.97 80.00 70.27 58.97 34.78 88.89 0.00 88.89 84.62 26.67 35.00 56.00 61.11 60.00 36.84 53.85 50.00
60.56=84.00 100.00 93.75 86.96 2.38 45.28 95.65 55.56 25.00 88.89 63.89 90.48 54.84 57.14 71.43 65.71 69.44 45.65 50.00 77.78 0.00 100.00 88.46 26.32 20.00 68.75 42.86 75.00 29.41 57.14 45.45
60.70=95.83 100.00 85.00 90.91 0.00 53.49 76.92 57.14 37.50 94.12 61.54 81.48 62.07 48.00 80.77 61.76 72.73 45.65 43.75 77.78 0.00 82.76 84.00 11.76 64.29 61.11 45.83 68.18 30.77 66.67 40.00
61.90=88.00 100.00 90.00 79.17 0.00 53.49 92.00 72.73 31.82 83.33 60.53 67.86 62.07 60.87 71.88 72.73 83.87 47.73 42.86 88.24 0.00 86.67 80.77 29.41 27.27 73.33 42.86 66.67 29.41 66.67 66.67
63.11=92.00 95.45 80.95 79.17 2.94 50.00 95.65 68.00 43.48 93.75 68.57 84.00 64.29 56.52 75.00 61.11 86.21 50.00 39.29 77.78 0.00 79.31 82.14 17.65 47.62 64.71 57.14 87.50 22.73 83.33 50.00
59.57=92.00 100.00 72.00 76.92 0.00 46.94 76.92 75.00 26.32 85.71 62.50 75.86 54.29 44.00 53.85 76.92 68.75 65.71 50.00 56.25 0.00 79.31 76.00 50.00 33.33 60.00 40.91 76.92 40.00 66.67 63.64
60.58=87.50 95.45 75.00 66.67 0.00 52.38 76.92 57.89 30.43 88.89 57.14 70.97 60.00 52.38 88.00 85.19 57.89 67.65 41.67 55.00 0.00 73.53 70.37 43.75 37.50 70.00 45.45 86.67 23.53 100.00 60.00
61.00=88.46 95.45 78.26 80.00 0.00 46.00 86.96 81.25 13.04 83.33 56.10 65.62 45.71 44.00 67.65 80.77 62.86 57.14 52.17 86.67 0.00 88.46 84.00 46.15 42.11 65.00 47.06 73.33 30.00 83.33 60.00
60.34=88.00 95.45 69.23 74.07 0.00 45.45 73.91 81.25 12.50 68.18 55.00 75.86 48.78 52.38 70.97 72.41 67.65 66.67 47.83 83.33 0.00 85.19 84.00 43.75 32.00 76.47 45.00 70.00 35.29 83.33 66.67
60.83=100.00 100.00 70.37 76.92 0.00 42.00 73.08 78.57 16.00 78.95 56.41 79.31 54.05 60.00 70.97 75.86 63.64 63.16 50.00 90.91 0.00 74.19 77.78 40.00 21.43 66.67 57.14 75.00 28.57 83.33 61.54
85.68=77.78 100.00 100.00 100.00 66.67 60.00 100.00 100.00 100.00 83.33 100.00 85.71 83.33 83.33 72.73 100.00 77.78 100.00 77.78 87.50 0.00 100.00 100.00 66.67 66.67 100.00 100.00 100.00 66.67 100.00 100.00
83.96=70.00 100.00 100.00 100.00 100.00 60.00 100.00 100.00 100.00 100.00 87.50 100.00 100.00 71.43 100.00 68.75 66.67 80.00 85.71 88.89 0.00 100.00 100.00 60.00 62.50 100.00 85.71 100.00 55.56 100.00 60.00
86.85=77.78 100.00 100.00 66.67 100.00 66.67 100.00 100.00 100.00 100.00 100.00 87.50 100.00 80.00 100.00 91.67 63.64 100.00 100.00 87.50 0.00 100.00 100.00 80.00 87.50 42.86 85.71 100.00 75.00 100.00 100.00
84.78=87.50 100.00 100.00 100.00 100.00 70.00 100.00 75.00 100.00 83.33 77.78 75.00 100.00 62.50 100.00 100.00 88.89 100.00 100.00 88.89 0.00 100.00 85.71 75.00 87.50 60.00 100.00 88.89 55.56 83.33 83.33
85.28=70.00 100.00 100.00 100.00 100.00 66.67 100.00 80.00 100.00 100.00 87.50 100.00 87.50 83.33 100.00 100.00 75.00 100.00 100.00 100.00 0.00 100.00 100.00 50.00 72.73 75.00 83.33 100.00 62.50 50.00 100.00
84.77=70.00 100.00 100.00 75.00 100.00 72.73 100.00 50.00 100.00 100.00 87.50 70.00 71.43 100.00 100.00 100.00 100.00 87.50 100.00 77.78 0.00 100.00 85.71 85.71 88.89 20.00 100.00 100.00 85.71 100.00 100.00
81.84=55.56 100.00 100.00 75.00 100.00 58.33 100.00 44.44 83.33 100.00 87.50 87.50 100.00 100.00 62.50 87.50 88.89 100.00 85.71 80.00 0.00 100.00 100.00 80.00 100.00 25.00 100.00 85.71 50.00 100.00 100.00
83.91=87.50 100.00 100.00 75.00 100.00 60.00 100.00 37.50 100.00 83.33 100.00 100.00 88.89 100.00 70.00 88.89 100.00 100.00 100.00 88.89 0.00 100.00 80.00 71.43 62.50 75.00 85.71 100.00 71.43 100.00 75.00
78.35=70.00 100.00 100.00 75.00 66.67 61.54 100.00 50.00 66.67 83.33 100.00 75.00 100.00 100.00 80.00 77.78 87.50 100.00 87.50 72.73 0.00 100.00 85.71 71.43 85.71 100.00 100.00 71.43 75.00 85.71 0.00
82.80=87.50 100.00 100.00 75.00 100.00 58.33 100.00 44.44 83.33 83.33 100.00 100.00 88.89 100.00 66.67 87.50 100.00 87.50 100.00 80.00 0.00 100.00 100.00 71.43 88.89 40.00 100.00 88.89 60.00 100.00 75.00
60.34=85.19 100.00 78.26 65.52 5.88 46.00 73.08 68.42 28.57 94.12 52.63 75.00 57.50 70.00 70.97 81.48 66.67 61.54 42.86 52.94 0.00 75.86 80.00 50.00 28.57 56.52 41.18 90.91 38.89 57.14 75.00
59.71=88.46 100.00 77.27 74.07 0.00 47.06 64.29 57.14 26.32 82.35 58.62 69.70 54.05 45.45 72.41 81.48 57.50 62.86 43.48 43.48 0.00 78.12 86.96 40.00 33.33 71.43 47.37 87.50 40.00 87.50 72.73
61.49=75.86 100.00 72.00 69.23 0.00 51.11 75.00 75.00 20.00 88.89 60.00 71.88 51.35 47.37 79.31 80.00 68.57 65.71 45.83 50.00 0.00 83.33 74.07 60.00 40.00 60.87 61.54 87.50 42.31 85.71 63.64
61.08=95.83 100.00 72.00 78.26 0.00 46.67 74.07 68.75 21.05 87.50 61.76 82.14 51.28 50.00 64.52 80.00 66.67 61.11 40.00 45.45 0.00 86.21 92.00 38.46 47.83 68.18 56.25 93.33 35.00 62.50 66.67
60.41=88.46 100.00 73.08 70.37 0.00 40.43 83.33 90.91 20.83 82.35 53.66 77.78 50.00 38.46 72.41 79.31 65.71 63.16 57.14 47.62 0.00 82.76 84.00 43.75 33.33 68.18 40.00 63.16 33.33 83.33 85.71
83.32=70.00 100.00 100.00 75.00 80.00 66.67 100.00 66.67 55.56 83.33 87.50 85.71 83.33 83.33 87.50 100.00 72.73 85.71 100.00 100.00 0.00 75.00 100.00 100.00 100.00 75.00 100.00 100.00 50.00 100.00 100.00
87.28=87.50 100.00 100.00 100.00 100.00 72.73 100.00 100.00 83.33 83.33 87.50 100.00 100.00 83.33 77.78 100.00 80.00 100.00 100.00 100.00 0.00 100.00 87.50 75.00 88.89 60.00 100.00 100.00 55.56 83.33 100.00
85.02=70.00 100.00 100.00 100.00 100.00 63.64 100.00 66.67 71.43 100.00 87.50 87.50 100.00 100.00 87.50 90.91 72.73 75.00 100.00 100.00 0.00 100.00 100.00 60.00 85.71 75.00 100.00 87.50 54.55 100.00 100.00
84.66=70.00 100.00 100.00 66.67 80.00 70.00 100.00 100.00 83.33 83.33 87.50 87.50 100.00 100.00 80.00 84.62 80.00 100.00 100.00 100.00 0.00 100.00 100.00 75.00 71.43 75.00 100.00 100.00 50.00 100.00 80.00
86.48=77.78 100.00 100.00 100.00 80.00 66.67 100.00 100.00 71.43 100.00 75.00 77.78 100.00 100.00 100.00 100.00 77.78 83.33 87.50 100.00 0.00 83.33 100.00 100.00 75.00 100.00 100.00 87.50 54.55 83.33 100.00
80.93=63.64 100.00 100.00 66.67 60.00 60.00 100.00 50.00 100.00 83.33 100.00 100.00 80.00 80.00 50.00 100.00 100.00 83.33 85.71 88.89 0.00 100.00 100.00 100.00 100.00 33.33 66.67 100.00 57.14 100.00 100.00
82.33=85.71 100.00 100.00 75.00 100.00 53.33 100.00 57.14 33.33 83.33 100.00 75.00 100.00 100.00 85.71 100.00 88.89 100.00 100.00 77.78 0.00 80.00 100.00 71.43 100.00 16.67 85.71 100.00 83.33 100.00 100.00
86.41=87.50 100.00 100.00 100.00 100.00 61.54 100.00 50.00 100.00 71.43 100.00 100.00 100.00 100.00 58.33 88.89 100.00 87.50 100.00 88.89 0.00 100.00 83.33 85.71 100.00 50.00 85.71 100.00 80.00 100.00 100.00
82.25=70.00 100.00 100.00 100.00 100.00 66.67 100.00 66.67 50.00 100.00 100.00 87.50 87.50 100.00 77.78 100.00 87.50 100.00 100.00 66.67 0.00 83.33 100.00 80.00 100.00 0.00 100.00 100.00 42.86 83.33 100.00
88.06=87.50 100.00 100.00 75.00 100.00 61.54 100.00 66.67 100.00 100.00 100.00 100.00 88.89 100.00 77.78 90.00 100.00 77.78 100.00 88.89 0.00 100.00 100.00 85.71 100.00 50.00 100.00 100.00 80.00 100.00 100.00
60.60=92.00 95.45 72.00 65.52 0.00 51.11 83.33 78.57 17.65 100.00 53.85 63.89 51.43 52.17 71.88 75.86 64.71 61.11 46.15 76.92 0.00 79.31 84.00 36.36 45.45 68.42 36.36 73.68 40.00 55.56 85.71
59.95=96.00 100.00 75.00 74.07 0.00 46.00 71.43 81.82 15.79 87.50 52.50 75.00 52.78 47.62 68.75 74.07 66.67 59.46 50.00 62.50 0.00 75.76 88.00 47.37 25.00 73.68 45.00 75.00 27.78 85.71 58.33
63.02=91.67 95.65 81.82 80.00 0.00 50.00 82.61 72.22 5.26 92.86 48.84 82.76 54.29 57.14 66.67 67.57 69.70 62.16 53.12 57.89 0.00 78.57 75.86 40.00 44.44 82.35 50.00 75.00 35.29 100.00 100.00
59.87=100.00 100.00 79.17 70.37 0.00 44.68 84.00 75.00 20.83 80.00 52.50 77.78 50.00 56.52 77.42 79.31 76.67 59.52 47.62 47.37 0.00 86.21 84.62 43.75 21.05 76.47 57.14 66.67 35.00 60.00 46.15
61.46=95.83 95.45 81.82 68.97 0.00 46.94 90.91 73.33 23.53 93.75 50.00 76.67 51.43 50.00 67.65 75.00 75.00 59.52 53.57 66.67 0.00 72.22 86.96 30.00 45.00 60.87 53.33 76.19 26.32 83.33 75.00
81.21=87.50 100.00 87.50 75.00 100.00 66.67 100.00 66.67 50.00 100.00 100.00 100.00 55.56 100.00 87.50 75.00 88.89 100.00 85.71 88.89 0.00 57.14 100.00 83.33 71.43 66.67 100.00 77.78 71.43 100.00 75.00
83.03=87.50 100.00 87.50 100.00 100.00 63.64 100.00 44.44 100.00 83.33 87.50 77.78 100.00 100.00 72.73 100.00 100.00 100.00 100.00 100.00 0.00 60.00 66.67 57.14 100.00 66.67 85.71 100.00 83.33 100.00 50.00
81.63=100.00 100.00 75.00 100.00 100.00 63.64 90.91 66.67 62.50 83.33 100.00 77.78 62.50 66.67 75.00 100.00 100.00 100.00 100.00 72.73 0.00 80.00 100.00 83.33 100.00 66.67 66.67 100.00 71.43 85.71 80.00
83.29=100.00 100.00 75.00 100.00 66.67 50.00 100.00 66.67 40.00 100.00 87.50 100.00 87.50 100.00 60.00 87.50 100.00 100.00 100.00 100.00 0.00 71.43 100.00 75.00 100.00 60.00 100.00 100.00 71.43 83.33 100.00
82.67=100.00 100.00 85.71 100.00 75.00 66.67 90.91 80.00 83.33 100.00 87.50 100.00 80.00 100.00 88.89 88.89 88.89 77.78 87.50 87.50 0.00 83.33 75.00 62.50 100.00 66.67 83.33 80.00 83.33 100.00 60.00
61.97=80.00 95.45 73.91 79.17 2.38 47.06 100.00 81.82 24.00 88.89 59.52 78.57 69.23 57.89 67.74 64.71 74.19 59.46 37.04 84.21 0.00 78.57 82.14 26.67 21.05 57.89 63.16 77.78 35.29 71.43 81.82
63.79=95.83 100.00 75.00 76.92 0.00 48.89 84.00 65.00 29.17 85.71 70.27 79.31 66.67 83.33 87.50 57.58 71.43 56.41 44.44 80.00 0.00 88.46 82.76 31.58 45.00 66.67 55.00 75.00 38.89 66.67 70.00
64.67=92.00 100.00 69.57 90.48 0.00 48.98 95.24 73.91 39.13 88.89 69.70 75.00 65.38 66.67 78.57 61.54 77.42 60.00 36.67 87.50 0.00 92.31 82.14 25.00 50.00 61.90 55.56 60.87 38.89 71.43 90.00
62.05=100.00 100.00 76.00 80.77 0.00 51.11 83.33 66.67 33.33 72.73 64.86 87.50 62.50 50.00 74.19 63.64 85.71 53.66 48.00 80.00 0.00 85.71 84.00 22.22 33.33 66.67 58.82 76.19 28.57 62.50 71.43
61.38=92.31 95.45 72.73 82.61 0.00 52.17 88.00 63.16 30.77 85.71 69.44 73.33 62.07 54.17 82.61 67.74 75.00 63.64 34.48 87.50 0.00 92.31 82.76 23.53 30.43 55.00 55.56 66.67 28.57 57.14 77.78
80.13=100.00 80.00 100.00 100.00 66.67 66.67 90.91 33.33 62.50 80.00 100.00 100.00 77.78 80.00 80.00 100.00 100.00 77.78 85.71 100.00 0.00 66.67 80.00 45.45 100.00 100.00 75.00 85.71 75.00 100.00 75.00
83.14=77.78 100.00 100.00 50.00 100.00 66.67 100.00 57.14 44.44 100.00 87.50 100.00 88.89 100.00 100.00 100.00 77.78 100.00 100.00 88.89 0.00 80.00 100.00 75.00 100.00 50.00 100.00 100.00 83.33 100.00 50.00
84.12=100.00 100.00 85.71 75.00 80.00 66.67 100.00 66.67 62.50 100.00 87.50 100.00 77.78 80.00 100.00 100.00 87.50 87.50 85.71 88.89 0.00 66.67 100.00 75.00 85.71 100.00 100.00 85.71 83.33 100.00 80.00
86.31=100.00 100.00 100.00 100.00 100.00 66.67 100.00 80.00 71.43 100.00 100.00 100.00 100.00 100.00 100.00 81.82 88.89 87.50 83.33 70.00 0.00 100.00 85.71 54.55 100.00 40.00 85.71 100.00 100.00 100.00 80.00
84.05=77.78 100.00 100.00 100.00 80.00 58.33 100.00 66.67 57.14 100.00 77.78 85.71 75.00 83.33 88.89 88.89 87.50 100.00 100.00 100.00 0.00 83.33 100.00 85.71 85.71 100.00 85.71 85.71 85.71 100.00 66.67
79.93=100.00 100.00 85.71 60.00 100.00 50.00 100.00 80.00 66.67 100.00 100.00 66.67 88.89 83.33 100.00 80.00 70.00 75.00 100.00 100.00 0.00 100.00 100.00 50.00 80.00 60.00 85.71 100.00 62.50 83.33 50.00
84.35=77.78 83.33 100.00 100.00 100.00 66.67 100.00 100.00 80.00 83.33 85.71 100.00 87.50 80.00 100.00 100.00 72.73 87.50 100.00 100.00 0.00 57.14 100.00 80.00 80.00 75.00 83.33 77.78 57.14 100.00 100.00
80.88=77.78 100.00 100.00 100.00 66.67 50.00 100.00 100.00 83.33 100.00 100.00 71.43 85.71 62.50 100.00 100.00 80.00 100.00 87.50 88.89 0.00 83.33 100.00 50.00 83.33 60.00 85.71 85.71 42.86 62.50 100.00
82.15=77.78 100.00 100.00 60.00 100.00 66.67 100.00 80.00 71.43 83.33 100.00 100.00 100.00 57.14 100.00 100.00 80.00 87.50 87.50 88.89 0.00 66.67 75.00 66.67 55.56 100.00 100.00 100.00 62.50 100.00 80.00
83.80=77.78 100.00 100.00 75.00 100.00 63.64 100.00 100.00 71.43 80.00 87.50 100.00 100.00 100.00 100.00 100.00 72.73 100.00 87.50 100.00 0.00 66.67 85.71 100.00 66.67 75.00 100.00 100.00 45.45 71.43 71.43
59.80=95.83 95.45 75.00 76.00 0.00 46.67 76.00 66.67 30.00 87.50 52.63 78.57 56.76 63.16 63.16 84.62 70.59 57.14 38.46 58.82 0.00 80.00 80.00 29.41 32.00 64.00 50.00 80.00 27.27 71.43 66.67
59.46=92.00 100.00 73.91 74.07 0.00 47.62 84.00 68.42 23.81 70.00 52.78 62.86 54.05 43.48 73.33 84.00 62.86 61.54 50.00 55.56 0.00 82.14 88.00 35.71 27.27 81.25 53.33 61.90 21.05 100.00 58.33
61.33=95.83 100.00 73.91 76.92 0.00 47.92 83.33 75.00 11.76 93.75 65.71 80.77 50.00 57.14 74.19 82.76 67.57 56.10 56.00 45.00 0.00 83.33 80.77 35.71 42.86 81.25 47.37 81.25 30.00 75.00 50.00
60.82=95.65 95.45 72.00 76.00 0.00 48.89 80.00 50.00 7.69 94.12 59.46 76.67 55.00 50.00 71.43 78.57 68.57 64.86 53.57 58.82 0.00 77.42 75.00 38.46 50.00 65.00 61.54 73.68 34.78 75.00 77.78
59.92=95.65 100.00 75.00 76.92 0.00 46.67 83.33 66.67 21.05 87.50 46.34 70.59 50.00 57.89 80.00 81.48 64.71 63.89 48.15 55.00 0.00 76.67 85.19 42.86 42.86 66.67 50.00 78.26 30.00 50.00 64.29
82.79=70.00 100.00 100.00 60.00 80.00 57.14 100.00 57.14 80.00 100.00 100.00 100.00 100.00 100.00 71.43 100.00 88.89 100.00 70.00 85.71 0.00 80.00 100.00 83.33 100.00 40.00 85.71 100.00 57.14 100.00 100.00
80.99=70.00 100.00 100.00 100.00 100.00 66.67 100.00 57.14 62.50 100.00 100.00 100.00 77.78 83.33 75.00 100.00 87.50 100.00 85.71 66.67 0.00 100.00 57.14 83.33 77.78 0.00 100.00 100.00 60.00 100.00 100.00
83.98=100.00 83.33 100.00 100.00 100.00 54.55 100.00 42.86 83.33 100.00 100.00 100.00 88.89 100.00 50.00 88.89 87.50 100.00 100.00 100.00 0.00 100.00 100.00 75.00 100.00 60.00 66.67 88.89 50.00 100.00 83.33
85.39=77.78 100.00 100.00 60.00 100.00 61.54 100.00 80.00 57.14 100.00 100.00 87.50 100.00 100.00 62.50 87.50 100.00 100.00 83.33 100.00 0.00 100.00 100.00 85.71 87.50 50.00 100.00 100.00 66.67 100.00 100.00
85.57=77.78 100.00 100.00 100.00 80.00 58.33 100.00 66.67 100.00 80.00 100.00 70.00 100.00 100.00 70.00 100.00 100.00 100.00 100.00 88.89 0.00 100.00 100.00 75.00 88.89 60.00 100.00 100.00 80.00 100.00 57.14
84.65=100.00 100.00 85.71 100.00 80.00 63.64 90.91 66.67 71.43 80.00 100.00 87.50 77.78 100.00 100.00 100.00 88.89 87.50 100.00 100.00 0.00 100.00 100.00 71.43 100.00 60.00 100.00 77.78 75.00 100.00 60.00
81.12=100.00 100.00 87.50 100.00 100.00 66.67 100.00 75.00 75.00 100.00 77.78 100.00 87.50 62.50 100.00 100.00 100.00 77.78 87.50 77.78 0.00 62.50 60.00 62.50 100.00 66.67 85.71 100.00 66.67 85.71 50.00
79.79=77.78 100.00 100.00 100.00 100.00 63.64 90.91 42.86 40.00 83.33 100.00 83.33 100.00 100.00 75.00 87.50 87.50 100.00 87.50 77.78 0.00 80.00 85.71 100.00 100.00 50.00 71.43 100.00 71.43 75.00 42.86
82.82=100.00 100.00 87.50 100.00 66.67 66.67 81.82 66.67 71.43 100.00 87.50 100.00 77.78 80.00 100.00 100.00 100.00 85.71 100.00 100.00 0.00 71.43 66.67 75.00 100.00 60.00 100.00 87.50 75.00 100.00 60.00
85.67=100.00 100.00 85.71 100.00 100.00 66.67 100.00 66.67 62.50 100.00 87.50 87.50 70.00 100.00 100.00 100.00 80.00 100.00 100.00 100.00 0.00 80.00 100.00 71.43 100.00 75.00 85.71 100.00 71.43 85.71 80.00
61.21=85.19 95.45 81.82 76.92 0.00 50.00 82.61 70.59 15.38 93.75 57.50 70.97 52.94 55.56 69.70 78.57 62.16 66.67 46.67 76.92 0.00 88.46 84.62 37.50 40.00 76.47 40.00 87.50 35.00 57.14 61.54
61.22=87.50 95.45 78.26 79.17 0.00 48.00 86.96 60.00 20.00 82.35 55.00 74.19 56.76 56.52 68.75 82.76 66.67 64.86 46.15 55.56 0.00 75.76 88.00 53.85 26.67 60.00 50.00 87.50 47.62 80.00 63.64
63.55=100.00 100.00 60.71 67.86 0.00 50.00 100.00 61.11 25.00 88.24 50.00 81.48 52.50 57.89 84.62 79.31 63.89 60.00 57.69 63.16 0.00 80.65 76.92 46.67 50.00 65.00 58.82 93.33 33.33 80.00 81.82
63.12=95.45 100.00 65.38 74.07 2.70 50.00 86.36 70.83 20.00 73.68 59.46 80.00 59.46 52.00 72.73 88.00 64.71 60.00 55.17 66.67 0.00 85.71 90.48 40.00 50.00 82.35 71.43 75.00 31.82 66.67 66.67
62.17=96.00 100.00 82.61 66.67 0.00 46.00 83.33 68.75 11.76 100.00 58.33 72.41 54.76 52.94 75.00 83.33 69.70 58.14 46.15 52.63 0.00 75.00 91.30 37.50 52.94 75.00 47.37 89.47 30.00 62.50 87.50
65.83=95.45 100.00 72.00 76.92 0.00 50.00 91.30 84.62 41.67 100.00 68.57 73.08 74.07 60.00 56.10 87.50 71.43 51.11 40.00 84.21 0.00 88.46 92.31 26.32 56.52 60.00 50.00 100.00 26.67 62.50 100.00
62.54=92.00 95.24 73.08 75.00 0.00 47.83 82.76 81.82 31.82 76.19 61.11 90.91 62.50 61.90 67.74 67.74 73.53 53.85 39.39 88.89 0.00 80.00 86.21 26.67 36.84 57.89 50.00 76.19 46.15 66.67 88.89
63.37=88.46 100.00 64.29 82.61 2.56 51.06 91.30 76.92 47.37 80.00 67.57 78.57 68.00 63.16 76.67 65.62 73.53 48.84 37.04 65.22 0.00 85.71 79.31 25.00 54.55 61.11 55.00 95.00 40.00 80.00 60.00
62.31=92.00 100.00 77.27 85.71 0.00 50.00 95.65 78.57 28.57 89.47 71.43 76.92 61.54 60.87 78.57 61.54 72.73 59.46 44.00 68.42 0.00 75.76 81.48 16.67 33.33 61.11 45.45 76.19 22.22 66.67 100.00
63.41=92.00 100.00 73.08 85.71 0.00 52.17 88.00 70.59 34.78 88.89 62.50 77.78 61.29 58.33 74.19 60.00 78.79 50.00 46.15 87.50 0.00 79.31 82.14 33.33 50.00 50.00 50.00 90.48 42.11 80.00 66.67
62.02=100.00 95.45 72.73 76.00 0.00 47.83 79.17 73.33 27.78 83.33 55.26 60.53 55.88 50.00 70.97 75.00 59.46 53.85 46.88 71.43 0.00 70.59 90.48 44.44 50.00 61.90 53.85 73.68 45.00 100.00 77.78
60.18=95.83 100.00 76.00 80.00 0.00 50.00 86.96 62.50 27.78 70.83 53.66 67.74 54.29 61.11 75.00 70.97 63.64 51.22 50.00 52.63 0.00 73.53 88.00 23.53 38.89 68.18 57.14 85.71 37.50 85.71 57.14
59.30=82.14 95.45 69.23 79.17 0.00 47.73 85.71 83.33 17.65 80.00 51.16 76.67 51.35 52.63 60.00 75.00 74.19 57.89 51.85 52.94 0.00 75.00 81.82 37.50 40.00 63.64 50.00 82.35 27.27 70.00 66.67
62.40=92.00 100.00 69.23 80.00 0.00 50.00 87.50 82.35 21.05 88.24 57.89 76.00 57.14 55.56 75.00 68.75 64.86 60.00 57.69 61.11 0.00 80.00 85.19 41.67 26.32 66.67 69.23 87.50 26.09 85.71 61.54
61.23=95.65 95.45 81.82 76.00 0.00 46.81 86.36 76.92 13.64 88.24 52.63 75.86 52.78 57.89 68.97 79.31 60.00 53.33 47.83 40.00 0.00 73.53 91.30 33.33 38.10 77.78 75.00 75.00 33.33 62.50 88.89
81.43=83.33 100.00 100.00 60.00 57.14 61.54 88.89 80.00 71.43 100.00 77.78 100.00 87.50 75.00 88.89 100.00 87.50 87.50 70.00 100.00 0.00 66.67 100.00 55.56 100.00 100.00 100.00 85.71 80.00 100.00 60.00
82.50=100.00 100.00 87.50 75.00 57.14 70.00 100.00 80.00 83.33 100.00 100.00 87.50 87.50 100.00 77.78 88.89 88.89 85.71 83.33 100.00 0.00 80.00 100.00 62.50 100.00 50.00 66.67 100.00 80.00 85.71 80.00
84.31=100.00 100.00 87.50 100.00 57.14 66.67 100.00 80.00 83.33 83.33 87.50 87.50 85.71 80.00 100.00 100.00 87.50 100.00 100.00 100.00 0.00 66.67 100.00 50.00 100.00 100.00 85.71 66.67 83.33 75.00 100.00
80.67=87.50 100.00 100.00 75.00 66.67 61.54 90.91 60.00 57.14 100.00 85.71 100.00 100.00 100.00 85.71 100.00 87.50 87.50 85.71 88.89 0.00 71.43 71.43 57.14 100.00 66.67 100.00 100.00 71.43 85.71 57.14
80.03=75.00 100.00 100.00 75.00 80.00 61.54 100.00 100.00 66.67 100.00 70.00 100.00 87.50 100.00 85.71 100.00 100.00 100.00 71.43 100.00 0.00 66.67 80.00 40.00 100.00 60.00 100.00 88.89 50.00 62.50 60.00
59.65=91.30 100.00 76.19 77.27 0.00 50.00 86.36 70.59 30.00 88.24 54.55 65.71 55.26 63.64 58.82 91.30 70.59 57.14 56.52 71.43 0.00 72.41 71.43 6.67 50.00 57.14 59.09 66.67 43.75 57.14 50.00
58.32=91.67 100.00 76.19 71.43 6.06 47.83 95.00 60.87 26.09 56.52 54.35 65.71 58.82 58.33 76.00 80.00 63.89 58.33 47.37 44.44 0.00 74.19 76.92 5.88 53.85 57.69 65.00 78.95 27.78 83.33 45.45
60.48=91.30 100.00 85.71 79.17 0.00 58.97 95.24 72.73 28.57 75.00 55.56 58.54 58.33 75.00 68.97 73.08 75.86 60.61 65.00 50.00 0.00 67.65 73.08 5.00 60.00 66.67 64.71 63.16 34.78 66.67 45.45
60.91=95.83 100.00 78.26 70.83 0.00 55.56 90.48 68.18 26.92 72.73 57.78 61.54 60.00 75.00 67.74 80.77 82.76 58.33 55.56 52.17 0.00 88.89 80.00 4.55 50.00 60.87 70.59 77.78 28.00 57.14 60.00
62.01=91.67 100.00 90.48 67.86 0.00 54.55 95.24 72.22 24.00 68.18 58.14 64.86 64.71 63.64 67.65 84.00 75.76 63.89 57.89 52.17 0.00 78.57 78.26 5.26 55.00 72.73 55.00 81.25 29.41 66.67 83.33
82.17=66.67 100.00 100.00 100.00 100.00 66.67 100.00 100.00 62.50 100.00 87.50 100.00 83.33 60.00 70.00 81.82 87.50 87.50 66.67 87.50 0.00 50.00 100.00 75.00 100.00 60.00 100.00 100.00 54.55 100.00 100.00
82.71=77.78 100.00 100.00 60.00 80.00 66.67 100.00 80.00 57.14 100.00 87.50 100.00 85.71 75.00 85.71 100.00 77.78 100.00 87.50 88.89 0.00 44.44 100.00 100.00 75.00 75.00 100.00 100.00 60.00 100.00 100.00
85.37=87.50 100.00 100.00 100.00 100.00 61.54 100.00 80.00 66.67 100.00 100.00 85.71 85.71 100.00 87.50 100.00 66.67 100.00 100.00 100.00 0.00 71.43 83.33 75.00 88.89 100.00 85.71 87.50 50.00 100.00 83.33
83.29=77.78 100.00 100.00 100.00 80.00 63.64 100.00 100.00 62.50 100.00 100.00 87.50 100.00 80.00 100.00 88.89 53.85 100.00 100.00 100.00 0.00 83.33 100.00 66.67 71.43 75.00 75.00 87.50 45.45 83.33 100.00
85.94=70.00 100.00 100.00 75.00 100.00 61.54 100.00 100.00 83.33 100.00 100.00 87.50 100.00 83.33 87.50 81.82 80.00 100.00 85.71 100.00 0.00 83.33 100.00 100.00 77.78 75.00 100.00 100.00 57.14 75.00 100.00
64.48=92.31 95.45 77.27 82.61 0.00 53.33 91.67 81.25 35.00 85.00 70.27 71.88 62.96 68.00 88.00 65.71 75.86 45.65 46.15 84.21 0.00 82.76 80.00 23.53 40.00 72.22 50.00 78.95 30.00 80.00 88.89
63.32=92.00 100.00 69.23 83.33 0.00 50.00 100.00 72.22 30.43 80.95 60.53 80.77 60.71 70.00 81.48 66.67 86.21 48.84 41.94 78.95 0.00 80.65 86.21 20.83 38.89 68.75 57.89 80.00 22.22 71.43 81.82
62.65=95.83 100.00 73.91 80.00 0.00 48.84 95.00 72.22 26.92 88.89 66.67 70.97 56.25 56.52 82.76 70.97 74.29 46.51 38.71 100.00 0.00 83.33 84.62 27.27 33.33 75.00 66.67 60.87 21.43 66.67 77.78
64.39=91.30 100.00 66.67 86.96 0.00 51.06 95.65 76.47 22.86 85.00 68.57 82.14 66.67 65.22 81.48 70.00 86.21 48.72 35.71 82.35 0.00 85.19 85.19 30.00 26.67 61.11 50.00 85.00 30.00 100.00 80.00
64.21=92.00 100.00 64.29 79.17 2.70 51.06 95.45 68.18 34.62 75.00 65.79 78.57 65.52 59.09 81.48 67.74 70.59 62.50 36.36 78.95 0.00 83.33 88.46 29.41 37.50 71.43 68.75 89.47 18.75 83.33 90.91
79.60=63.64 100.00 87.50 75.00 100.00 58.33 100.00 57.14 71.43 100.00 100.00 87.50 85.71 80.00 75.00 81.82 100.00 87.50 83.33 87.50 0.00 83.33 100.00 62.50 71.43 66.67 85.71 100.00 50.00 100.00 66.67
79.99=77.78 100.00 87.50 75.00 100.00 61.54 100.00 80.00 36.36 100.00 77.78 83.33 87.50 100.00 62.50 100.00 77.78 100.00 75.00 72.73 0.00 83.33 75.00 66.67 100.00 66.67 100.00 100.00 33.33 100.00 100.00
81.55=87.50 83.33 77.78 100.00 80.00 53.85 100.00 80.00 44.44 100.00 87.50 100.00 88.89 100.00 63.64 87.50 100.00 85.71 100.00 70.00 0.00 83.33 100.00 83.33 100.00 33.33 100.00 77.78 60.00 100.00 100.00
82.33=77.78 100.00 100.00 100.00 80.00 61.54 100.00 57.14 55.56 100.00 100.00 100.00 100.00 100.00 62.50 100.00 80.00 100.00 100.00 88.89 0.00 100.00 100.00 80.00 71.43 66.67 83.33 87.50 75.00 75.00 50.00
77.56=77.78 100.00 100.00 60.00 100.00 58.33 100.00 60.00 33.33 100.00 87.50 100.00 88.89 100.00 60.00 100.00 100.00 75.00 100.00 88.89 0.00 66.67 80.00 80.00 100.00 33.33 83.33 100.00 50.00 71.43 50.00
63.67=96.00 90.91 62.96 86.36 0.00 57.14 91.67 72.22 27.27 85.00 60.98 68.75 58.82 66.67 75.76 79.31 77.42 50.00 47.83 78.95 0.00 80.00 96.15 18.18 35.00 66.67 50.00 85.00 46.15 62.50 100.00
64.44=96.00 100.00 78.26 80.00 0.00 48.98 91.67 71.43 39.13 84.21 68.57 79.17 67.74 61.54 77.78 67.65 74.29 51.35 46.43 80.00 0.00 86.21 90.91 25.00 37.50 59.09 47.83 91.30 35.29 83.33 76.92
64.40=100.00 100.00 69.23 83.33 0.00 46.00 88.46 58.33 28.00 88.24 63.89 82.61 54.84 60.00 87.50 55.56 86.21 51.22 54.17 75.00 0.00 85.71 91.67 25.00 40.91 76.47 61.54 78.26 37.50 66.67 100.00
62.43=100.00 100.00 72.00 76.92 0.00 54.76 92.00 76.92 29.63 80.95 75.76 76.92 57.14 65.22 82.14 61.29 81.25 45.24 34.62 82.35 0.00 75.86 92.31 30.00 22.73 57.89 50.00 77.27 40.00 75.00 69.23
63.26=95.24 100.00 69.23 77.27 0.00 55.00 88.00 70.59 24.00 81.82 71.43 74.07 58.82 62.50 85.71 59.46 79.31 47.62 41.38 88.24 0.00 89.29 89.29 16.67 46.15 52.17 61.11 90.91 42.11 63.64 80.00
60.00=78.57 95.65 85.71 70.37 0.00 56.82 90.48 68.42 31.58 70.00 62.16 63.16 66.67 66.67 67.86 77.27 70.59 62.50 48.15 45.83 0.00 88.89 90.48 6.25 45.00 59.26 54.17 89.47 23.08 75.00 50.00
61.83=100.00 100.00 85.00 60.71 0.00 53.19 88.46 62.96 27.59 70.59 64.86 67.65 60.61 65.22 75.00 79.17 71.88 59.46 40.00 68.75 0.00 85.71 67.86 4.35 58.82 75.00 70.00 93.75 26.09 62.50 71.43
58.73=95.65 100.00 88.24 71.43 0.00 54.35 90.91 60.00 25.00 80.00 54.35 63.89 67.86 65.22 65.22 67.74 71.43 51.28 40.00 52.63 0.00 81.48 72.00 10.53 38.10 69.57 71.43 82.35 22.22 36.36 71.43
60.34=100.00 100.00 94.74 66.67 0.00 56.10 90.91 71.43 26.32 69.57 61.90 62.16 65.71 63.64 73.33 86.36 75.76 53.85 43.48 62.50 0.00 68.75 84.00 5.56 73.68 64.00 71.43 77.78 12.50 31.25 57.14
59.34=100.00 100.00 84.21 62.07 3.85 58.14 84.62 60.00 24.00 65.22 65.71 66.67 56.10 83.33 54.05 93.75 67.65 62.16 30.43 52.94 0.00 77.42 78.26 0.00 42.11 60.00 72.22 87.50 39.13 62.50 45.45
75.57=54.55 100.00 100.00 66.67 60.00 66.67 100.00 100.00 40.00 71.43 70.00 85.71 83.33 80.00 83.33 100.00 72.73 50.00 100.00 100.00 0.00 66.67 100.00 60.00 83.33 75.00 100.00 83.33 40.00 83.33 66.67
83.20=100.00 100.00 100.00 75.00 100.00 61.54 90.91 100.00 50.00 83.33 100.00 100.00 100.00 66.67 71.43 100.00 80.00 100.00 100.00 100.00 0.00 50.00 100.00 80.00 71.43 60.00 100.00 100.00 55.56 83.33 100.00
82.50=63.64 100.00 100.00 100.00 66.67 58.33 100.00 80.00 71.43 100.00 100.00 75.00 100.00 100.00 87.50 100.00 77.78 85.71 100.00 100.00 0.00 100.00 100.00 40.00 85.71 50.00 85.71 85.71 44.44 100.00 100.00
85.59=87.50 100.00 100.00 100.00 100.00 61.54 100.00 100.00 66.67 57.14 70.00 87.50 100.00 100.00 85.71 100.00 80.00 83.33 100.00 100.00 0.00 66.67 100.00 100.00 88.89 75.00 100.00 100.00 60.00 83.33 100.00
82.84=70.00 100.00 100.00 75.00 100.00 57.14 100.00 66.67 100.00 100.00 70.00 75.00 71.43 100.00 66.67 100.00 72.73 100.00 100.00 100.00 0.00 100.00 100.00 50.00 100.00 60.00 100.00 100.00 50.00 83.33 100.00
61.28=88.00 95.24 73.91 86.36 0.00 52.17 86.96 65.00 21.74 66.67 69.70 56.41 66.67 65.00 70.00 71.43 71.88 64.52 36.00 83.33 0.00 82.76 82.76 22.22 46.15 38.71 50.00 85.00 46.15 85.71 69.23
64.44=92.00 100.00 70.83 90.91 2.86 52.17 95.24 68.18 30.77 81.82 70.59 67.74 65.62 62.50 81.48 71.88 70.59 57.14 41.67 80.95 0.00 85.71 88.89 25.00 33.33 76.47 55.56 100.00 26.32 71.43 80.00
63.30=96.00 100.00 75.00 90.91 3.57 57.14 81.48 76.47 29.17 81.82 68.42 77.78 61.29 50.00 67.74 68.57 75.76 54.05 33.33 78.95 0.00 85.71 88.46 13.33 33.33 72.22 50.00 86.36 26.32 87.50 91.67
65.42=95.83 100.00 63.64 90.00 3.12 47.83 80.77 77.27 30.43 90.00 72.73 84.62 61.29 59.26 84.00 60.53 78.79 50.00 42.86 88.89 0.00 89.29 92.31 26.32 46.67 55.00 56.25 90.91 36.84 100.00 72.73
61.57=95.65 100.00 70.83 80.95 0.00 50.00 88.00 60.00 25.93 85.00 70.27 67.86 60.71 56.00 80.00 63.64 76.67 50.00 35.71 78.95 0.00 89.29 78.12 23.53 31.25 47.83 58.82 90.48 29.41 75.00 88.89
60.00=91.67 100.00 80.95 59.26 0.00 55.81 95.24 50.00 35.00 53.85 66.67 57.14 62.86 76.47 66.67 90.00 79.31 62.16 40.00 58.82 0.00 85.19 78.26 5.56 52.38 72.73 72.22 86.67 21.74 46.15 57.14
60.65=100.00 100.00 73.91 76.00 0.00 60.98 95.83 61.54 19.23 72.73 60.00 61.54 60.00 76.47 76.67 83.33 75.00 56.10 44.44 61.54 0.00 85.19 81.82 0.00 31.82 64.00 81.25 92.86 28.00 44.44 55.56
61.28=95.65 100.00 89.47 69.23 0.00 64.86 100.00 52.38 19.35 68.18 60.00 60.00 56.41 75.00 69.44 90.91 69.44 58.54 50.00 58.82 0.00 82.14 90.00 5.26 46.67 66.67 63.16 66.67 25.00 71.43 75.00
59.02=95.65 100.00 94.44 69.23 0.00 63.89 90.48 58.33 20.69 59.26 61.54 63.89 62.50 65.00 64.71 76.47 67.57 57.89 40.74 57.89 0.00 73.33 70.37 9.09 44.44 84.21 76.47 76.47 25.00 62.50 37.50
60.05=95.83 100.00 93.75 64.29 0.00 59.46 95.65 58.33 35.29 68.42 60.53 61.54 63.64 56.00 74.19 80.00 73.53 57.58 50.00 50.00 0.00 75.86 80.00 5.00 52.17 78.95 73.68 88.89 19.05 50.00 40.00
62.17=95.45 95.45 78.26 82.61 0.00 48.00 86.96 72.73 26.32 88.24 50.00 57.89 50.00 53.57 69.44 76.92 66.67 67.57 42.31 64.29 0.00 79.31 86.96 27.78 64.29 61.90 50.00 85.00 33.33 75.00 90.91
62.70=100.00 100.00 78.26 74.07 0.00 53.33 83.33 82.35 26.32 84.21 52.38 72.41 54.05 50.00 82.76 75.00 65.71 60.00 44.44 69.23 0.00 76.47 80.77 45.45 42.86 57.69 56.25 94.12 42.11 70.00 70.00
60.15=92.00 100.00 64.00 70.37 0.00 53.49 76.92 72.22 13.04 88.89 60.00 70.59 57.14 48.00 82.76 75.00 74.19 56.41 45.83 71.43 0.00 75.00 80.77 27.27 11.11 63.64 47.37 82.35 27.27 87.50 90.00
64.10=100.00 95.45 70.83 64.52 0.00 46.81 91.30 73.33 22.22 88.24 53.49 75.86 52.63 62.50 75.86 80.77 73.33 60.53 46.15 76.92 0.00 86.67 78.57 33.33 41.67 66.67 66.67 85.00 40.00 77.78 100.00
60.95=88.46 95.24 76.00 67.86 0.00 51.16 84.00 73.68 15.00 88.89 47.73 67.65 50.00 55.56 73.33 71.88 82.14 58.54 50.00 76.92 0.00 80.65 86.36 27.78 40.00 70.00 60.00 77.27 33.33 60.00 80.00
75.62=70.00 100.00 100.00 50.00 100.00 50.00 100.00 100.00 66.67 71.43 63.64 62.50 100.00 66.67 71.43 100.00 75.00 62.50 100.00 100.00 0.00 66.67 100.00 75.00 77.78 50.00 85.71 62.50 50.00 100.00 66.67
82.76=70.00 100.00 100.00 100.00 100.00 61.54 100.00 100.00 66.67 71.43 87.50 85.71 100.00 57.14 87.50 100.00 77.78 75.00 87.50 100.00 0.00 66.67 100.00 66.67 100.00 75.00 83.33 100.00 46.15 100.00 100.00
82.00=77.78 100.00 100.00 75.00 66.67 53.33 100.00 100.00 80.00 100.00 66.67 100.00 100.00 100.00 83.33 100.00 80.00 55.56 100.00 100.00 0.00 75.00 85.71 66.67 70.00 60.00 100.00 100.00 46.15 100.00 100.00
77.55=85.71 100.00 100.00 75.00 100.00 50.00 100.00 100.00 60.00 71.43 87.50 66.67 83.33 66.67 62.50 100.00 80.00 100.00 100.00 100.00 0.00 50.00 57.14 66.67 70.00 60.00 85.71 85.71 40.00 100.00 100.00
87.03=87.50 100.00 100.00 100.00 100.00 66.67 90.91 100.00 66.67 100.00 87.50 87.50 100.00 100.00 87.50 100.00 80.00 100.00 77.78 100.00 0.00 100.00 100.00 66.67 70.00 100.00 100.00 87.50 41.67 100.00 100.00
58.43=92.00 100.00 85.71 68.00 0.00 57.14 90.48 57.89 35.00 76.47 62.50 54.76 65.71 56.00 74.19 80.95 66.67 61.76 48.15 52.63 0.00 84.00 70.83 4.17 40.91 57.69 75.00 64.29 22.73 55.56 50.00
60.57=88.46 95.65 80.00 65.52 0.00 57.14 95.65 70.59 25.00 77.78 55.81 64.86 63.64 61.11 64.29 74.07 69.44 63.89 50.00 61.11 0.00 79.31 76.00 5.26 37.50 75.00 66.67 88.89 36.00 62.50 66.67
59.92=92.00 100.00 85.00 65.52 0.00 56.82 92.00 71.43 25.00 93.75 57.78 56.10 60.61 60.87 75.00 72.00 74.19 58.82 44.00 62.50 0.00 80.00 79.17 6.25 43.75 66.67 63.16 87.50 33.33 44.44 50.00
59.19=92.00 100.00 85.00 68.00 0.00 59.52 91.30 70.00 25.93 70.00 57.14 65.71 57.14 61.90 77.78 76.19 80.00 62.16 40.00 47.83 0.00 74.07 73.91 0.00 50.00 65.22 71.43 81.25 11.54 60.00 60.00
60.77=95.45 100.00 80.00 65.52 0.00 56.82 91.67 71.43 25.93 80.00 56.82 63.89 65.71 72.73 75.00 79.17 78.12 56.76 39.13 64.71 0.00 71.88 79.17 5.00 52.94 65.22 66.67 88.89 20.83 54.55 60.00
79.08=87.50 83.33 100.00 33.33 100.00 53.33 90.91 33.33 57.14 100.00 87.50 85.71 85.71 75.00 71.43 100.00 100.00 75.00 100.00 100.00 0.00 100.00 87.50 100.00 87.50 100.00 75.00 85.71 50.00 80.00 66.67
77.13=70.00 100.00 100.00 60.00 100.00 50.00 100.00 50.00 50.00 100.00 77.78 87.50 100.00 100.00 77.78 100.00 100.00 75.00 83.33 100.00 0.00 80.00 100.00 83.33 75.00 20.00 75.00 85.71 57.14 83.33 50.00
78.34=87.50 100.00 87.50 100.00 100.00 53.85 100.00 66.67 42.86 100.00 100.00 85.71 88.89 83.33 71.43 100.00 100.00 87.50 85.71 88.89 0.00 62.50 100.00 50.00 100.00 0.00 66.67 100.00 44.44 100.00 75.00
80.76=87.50 100.00 100.00 60.00 80.00 53.85 100.00 66.67 40.00 80.00 87.50 87.50 100.00 100.00 62.50 100.00 100.00 85.71 85.71 100.00 0.00 100.00 83.33 71.43 83.33 60.00 85.71 85.71 57.14 100.00 100.00
81.81=77.78 100.00 87.50 100.00 100.00 63.64 100.00 57.14 62.50 100.00 87.50 75.00 77.78 100.00 77.78 83.33 100.00 66.67 100.00 88.89 0.00 100.00 100.00 75.00 100.00 50.00 100.00 85.71 40.00 80.00 100.00
63.72=88.00 95.45 80.95 76.92 0.00 52.38 80.00 76.92 11.76 93.75 56.10 70.59 47.50 44.44 70.59 78.57 71.88 57.50 43.33 60.00 0.00 88.46 82.14 37.50 56.25 77.78 61.11 85.71 42.11 87.50 100.00
62.14=88.00 100.00 66.67 74.07 0.00 57.50 77.78 70.59 17.39 80.00 51.28 75.00 55.56 47.06 73.53 85.71 76.67 63.16 45.16 64.29 0.00 80.65 84.62 40.00 42.86 61.11 53.85 84.21 32.00 77.78 100.00
59.16=95.45 95.45 80.95 74.07 0.00 56.10 91.30 57.14 9.52 76.19 57.50 73.33 50.00 54.55 78.12 70.00 75.00 62.50 46.43 76.92 0.00 74.19 80.00 21.05 26.67 60.87 47.06 76.92 25.00 66.67 75.00
62.46=95.65 91.30 69.23 69.23 0.00 52.50 76.92 70.59 10.53 88.89 55.26 74.19 48.84 64.71 71.43 81.48 74.19 57.14 57.14 53.33 0.00 78.79 100.00 28.57 58.82 68.18 38.89 100.00 26.09 83.33 90.91
62.83=88.46 95.45 70.83 73.08 0.00 51.06 84.00 68.42 16.67 88.24 57.89 76.67 50.00 59.09 77.42 86.21 68.75 59.52 60.00 75.00 0.00 74.29 80.77 23.81 58.33 54.17 69.23 70.59 26.32 83.33 100.00
79.81=66.67 100.00 100.00 75.00 80.00 53.85 90.91 100.00 60.00 71.43 75.00 75.00 75.00 80.00 100.00 90.91 70.00 85.71 100.00 100.00 0.00 57.14 100.00 66.67 100.00 100.00 75.00 100.00 40.00 85.71 100.00
75.53=62.50 100.00 83.33 100.00 100.00 50.00 100.00 75.00 66.67 71.43 77.78 54.55 87.50 71.43 85.71 100.00 63.64 55.56 85.71 100.00 0.00 83.33 100.00 50.00 77.78 42.86 100.00 66.67 50.00 80.00 100.00
77.25=77.78 100.00 66.67 75.00 100.00 60.00 100.00 75.00 80.00 71.43 77.78 75.00 83.33 66.67 54.55 100.00 77.78 75.00 100.00 100.00 0.00 60.00 100.00 66.67 50.00 100.00 85.71 100.00 36.36 100.00 80.00
82.21=100.00 100.00 100.00 100.00 100.00 57.14 100.00 75.00 62.50 100.00 87.50 87.50 100.00 71.43 100.00 100.00 70.00 63.64 100.00 100.00 0.00 83.33 100.00 50.00 87.50 75.00 85.71 83.33 45.45 80.00 83.33
78.52=63.64 100.00 80.00 100.00 100.00 50.00 100.00 66.67 50.00 83.33 63.64 60.00 85.71 80.00 100.00 100.00 75.00 71.43 100.00 80.00 0.00 60.00 100.00 60.00 85.71 100.00 100.00 85.71 50.00 83.33 100.00
78.87=87.50 100.00 100.00 75.00 60.00 61.54 83.33 37.50 50.00 83.33 100.00 85.71 66.67 100.00 62.50 71.43 88.89 85.71 100.00 80.00 0.00 100.00 100.00 100.00 83.33 33.33 80.00 100.00 85.71 100.00 83.33
79.04=100.00 100.00 100.00 60.00 100.00 42.86 100.00 66.67 57.14 100.00 87.50 77.78 87.50 80.00 42.86 87.50 88.89 100.00 100.00 80.00 0.00 83.33 100.00 60.00 85.71 50.00 100.00 100.00 37.50 100.00 75.00
83.56=87.50 100.00 87.50 75.00 100.00 58.33 100.00 66.67 45.45 100.00 100.00 75.00 87.50 83.33 75.00 100.00 80.00 87.50 100.00 100.00 0.00 100.00 100.00 100.00 100.00 100.00 100.00 71.43 50.00 100.00 60.00
78.63=70.00 100.00 100.00 75.00 100.00 61.54 90.00 50.00 36.36 100.00 100.00 71.43 85.71 83.33 77.78 100.00 88.89 100.00 100.00 80.00 0.00 83.33 100.00 66.67 100.00 0.00 85.71 88.89 42.86 100.00 100.00
77.85=85.71 100.00 87.50 60.00 100.00 50.00 100.00 50.00 66.67 100.00 100.00 77.78 77.78 83.33 77.78 100.00 87.50 100.00 83.33 80.00 0.00 80.00 80.00 100.00 77.78 33.33 75.00 100.00 50.00 100.00 50.00
65.36=88.89 95.65 70.83 86.96 0.00 56.10 95.65 76.92 34.78 85.71 71.43 62.86 61.76 70.83 85.19 65.52 85.71 54.76 31.03 72.73 0.00 89.66 91.30 21.05 55.56 45.45 55.56 100.00 28.57 85.71 100.00
65.01=92.31 100.00 70.83 83.33 0.00 52.17 84.62 73.68 25.93 94.12 67.57 88.46 61.76 66.67 80.00 68.57 81.25 59.46 37.93 76.19 0.00 86.21 87.50 31.25 36.84 60.00 45.00 100.00 41.18 75.00 87.50
64.39=88.89 100.00 68.00 95.24 0.00 51.02 88.46 66.67 30.77 85.00 72.22 70.37 63.33 69.23 80.77 62.86 82.14 50.00 38.46 77.78 0.00 86.67 91.67 26.32 47.06 52.38 58.82 94.12 42.86 80.00 75.00
63.53=85.71 100.00 66.67 86.96 0.00 55.81 95.65 58.82 33.33 85.00 77.42 74.07 67.86 56.52 83.33 62.16 78.79 54.05 37.50 94.44 0.00 92.86 88.89 26.32 30.00 60.00 55.00 85.00 29.41 75.00 72.73
64.27=88.46 100.00 69.57 86.96 0.00 50.00 91.67 64.71 23.33 81.82 72.22 84.62 55.56 61.90 77.42 67.86 83.33 52.38 41.94 76.19 0.00 85.19 92.00 26.32 40.00 75.00 62.50 90.00 38.10 62.50 90.91
80.74=70.00 100.00 83.33 100.00 100.00 66.67 100.00 75.00 66.67 71.43 70.00 83.33 71.43 44.44 87.50 100.00 66.67 83.33 100.00 100.00 0.00 66.67 100.00 100.00 71.43 75.00 100.00 100.00 50.00 100.00 100.00
76.98=77.78 100.00 71.43 50.00 100.00 53.85 100.00 100.00 37.50 71.43 60.00 66.67 66.67 41.67 100.00 100.00 77.78 66.67 87.50 100.00 0.00 75.00 100.00 60.00 100.00 100.00 100.00 100.00 62.50 100.00 60.00
80.91=70.00 100.00 83.33 60.00 100.00 57.14 100.00 100.00 60.00 100.00 100.00 85.71 77.78 80.00 100.00 88.89 72.73 85.71 100.00 100.00 0.00 83.33 100.00 37.50 80.00 75.00 100.00 77.78 50.00 83.33 100.00
82.40=53.85 100.00 83.33 100.00 100.00 53.85 90.91 100.00 66.67 83.33 77.78 85.71 88.89 71.43 85.71 100.00 88.89 85.71 87.50 100.00 0.00 80.00 100.00 75.00 80.00 100.00 100.00 85.71 44.44 85.71 100.00
80.25=77.78 100.00 100.00 75.00 100.00 58.33 100.00 100.00 80.00 66.67 87.50 80.00 77.78 80.00 87.50 100.00 75.00 85.71 75.00 100.00 0.00 66.67 85.71 75.00 75.00 100.00 85.71 70.00 40.00 83.33 100.00
76.96=100.00 100.00 85.71 75.00 50.00 66.67 100.00 66.67 33.33 83.33 75.00 100.00 77.78 80.00 87.50 100.00 88.89 44.44 87.50 88.89 0.00 44.44 66.67 71.43 83.33 100.00 85.71 100.00 83.33 100.00 60.00
79.39=87.50 100.00 100.00 75.00 100.00 61.54 100.00 66.67 83.33 83.33 87.50 85.71 83.33 75.00 88.89 77.78 88.89 77.78 100.00 88.89 0.00 50.00 100.00 71.43 85.71 100.00 85.71 100.00 66.67 57.14 33.33
80.70=100.00 100.00 85.71 75.00 80.00 66.67 100.00 80.00 60.00 83.33 100.00 85.71 54.55 83.33 100.00 100.00 80.00 87.50 87.50 100.00 0.00 60.00 100.00 71.43 100.00 66.67 100.00 77.78 83.33 83.33 50.00
83.05=87.50 100.00 85.71 75.00 100.00 66.67 100.00 80.00 62.50 100.00 87.50 87.50 75.00 62.50 88.89 100.00 88.89 100.00 100.00 77.78 0.00 60.00 100.00 100.00 100.00 66.67 100.00 100.00 62.50 100.00 60.00
79.37=100.00 83.33 85.71 100.00 100.00 66.67 100.00 50.00 42.86 83.33 100.00 100.00 80.00 83.33 80.00 100.00 70.00 87.50 85.71 85.71 0.00 50.00 100.00 80.00 100.00 50.00 100.00 71.43 50.00 100.00 75.00
78.92=77.78 100.00 100.00 100.00 100.00 50.00 100.00 100.00 80.00 83.33 70.00 75.00 87.50 100.00 83.33 90.00 87.50 50.00 100.00 100.00 0.00 83.33 100.00 50.00 85.71 75.00 66.67 66.67 22.22 62.50 100.00
81.59=77.78 100.00 100.00 100.00 100.00 58.33 100.00 100.00 57.14 100.00 70.00 77.78 100.00 83.33 83.33 90.91 80.00 100.00 75.00 100.00 0.00 100.00 100.00 66.67 50.00 60.00 100.00 85.71 50.00 83.33 80.00
82.01=77.78 100.00 71.43 66.67 100.00 66.67 100.00 100.00 71.43 71.43 87.50 100.00 87.50 100.00 85.71 83.33 72.73 83.33 100.00 100.00 0.00 50.00 100.00 50.00 71.43 100.00 100.00 100.00 45.45 100.00 100.00
73.79=70.00 83.33 100.00 40.00 75.00 58.33 100.00 80.00 57.14 37.50 75.00 85.71 57.14 66.67 87.50 100.00 75.00 66.67 100.00 100.00 0.00 60.00 100.00 42.86 57.14 100.00 85.71 66.67 60.00 100.00 100.00
79.71=63.64 100.00 100.00 100.00 80.00 63.64 100.00 66.67 100.00 100.00 77.78 75.00 75.00 83.33 83.33 75.00 70.00 80.00 87.50 100.00 0.00 80.00 100.00 100.00 75.00 60.00 75.00 60.00 40.00 100.00 100.00
61.29=95.65 100.00 88.89 64.29 0.00 58.14 95.65 68.18 31.82 78.95 65.79 53.33 60.61 72.22 77.78 80.77 70.97 58.33 32.14 50.00 0.00 84.62 83.33 9.52 66.67 51.61 78.95 80.00 24.00 40.00 77.78
60.71=95.65 100.00 88.89 63.33 0.00 57.14 90.91 66.67 30.43 76.19 57.50 63.89 68.57 73.91 68.97 78.26 75.76 56.76 44.00 52.94 0.00 70.97 86.36 11.11 57.14 64.00 58.33 92.86 31.58 60.00 40.00
61.69=100.00 100.00 84.21 72.41 3.57 60.00 91.30 65.00 23.33 75.00 65.79 61.54 54.05 75.00 61.29 100.00 72.73 61.54 41.67 63.16 0.00 82.76 79.17 0.00 50.00 61.54 63.16 93.75 23.81 66.67 60.00
59.77=92.00 100.00 81.82 70.37 0.00 56.82 81.82 78.95 16.67 77.78 60.00 60.53 70.59 70.00 63.64 75.86 78.12 57.50 42.86 55.00 0.00 70.97 78.26 11.76 50.00 71.43 66.67 80.00 28.00 62.50 42.86
60.65=95.45 100.00 80.00 64.29 0.00 58.97 84.62 66.67 28.00 70.59 66.67 64.86 61.11 68.42 66.67 83.33 82.76 50.00 47.83 50.00 0.00 85.19 76.00 4.76 61.90 72.73 80.00 84.21 26.92 58.33 40.00
