93.36533538146442
95.14464925755249
93.99356020323764
94.98172973979426
95.55415910254621
91.33512544802868
92.09805427547363
93.14516129032258
94.38172043010752
94.41837732160313
72.28482490947333
74.91617243149328
76.25462136713041
77.25319484693635
77.98685667507503
77.76802751177125
78.1098205285384
76.85831228033845
78.87817159451743
79.89037628892501
77.37323857900978
78.6138855090118
80.02475495924837
78.76431943068667
79.56894462474227
93.27817343946376
87.94909391683586
87.87132222616094
94.69394404878275
94.3394777265745
89.27475750056395
89.71454173067076
93.16226783968719
89.89358311938958
93.02308802308802
80.53298352924962
79.47047742945011
80.2130999936838
81.6194669908268
80.92839292199436
77.2628968860373
76.86617765347756
78.79875326773842
76.55002331291566
78.46132204633643
94.2839687194526
88.60296513522322
88.46902201740912
89.05785970302101
89.41079529789208
80.64895947099536
81.29080115805539
80.66468881798583
79.08477910500078
80.46741517722268
78.03100424652584
79.33103860877831
77.96880959313022
77.72760247550832
77.81851902570077
88.27444956477215
88.2614786647045
88.49543825350278
89.68905646325001
90.49795186891961
80.4272513117768
79.31767457496429
78.87634647729537
79.67524604520246
79.13846353318436
88.12660010240656
89.29051972695235
87.87265443811934
89.48889819857561
87.46689242656984
79.99815602418286
78.96969791661121
78.58679005974896
79.17593870857601
78.74462328160384
80.5883366473074
79.70480750699251
80.11814266483967
79.28425885839408
79.93212457254904
88.01284736768608
86.94316436251921
91.24249406507471
91.74428617977004
88.48810687520367
76.84940083383944
78.0679309396089
78.24009452367073
78.05396182682611
79.68520607607418
78.90374173330619
79.80212134604947
79.91172013866313
79.21754274792507
79.82824253153358
90.45826932923708
90.70229949262206
89.37485453614487
90.11846576362706
89.53998510450124
90.21953405017922
86.22887864823349
92.04749103942652
92.12481962481964
86.70890937019969
87.38688730624214
90.08786016850533
90.30419401387144
88.61704603640091
89.531490015361
80.03909650676678
79.49221016758621
79.74017085761058
79.11260193672162
80.12920512816126
88.01725156563866
88.18676395289297
87.51652469394406
87.91119722571335
85.02176139272915
79.85526674841857
80.3802352354804
79.99233061447721
78.82533907703058
79.33246432523595
89.71291253549317
90.22657450076805
88.38162733324023
89.17015779919004
89.42388098934588
78.80618470216017
79.63212217392852
81.31665513677461
78.55291050792451
78.5632496840651
89.06618023553509
88.29202159847321
90.99733441763803
88.99257552483361
88.22708653353813
84.53277009728623
85.14720942140299
89.24987199180748
86.86240283014477
87.47684215426152
81.00947895791361
80.71548027953904
79.33357387221534
79.15662782110537
80.80233883469784
87.43919163274
88.89482381417865
91.42374202858073
87.74075386978613
91.50374714890843
85.75918704950965
87.3988735279058
88.23604710701485
88.4129893404087
86.63722478238607
87.29216124377415
88.00388679420938
87.74286645254386
95.73558162267838
89.67008797653958
80.6348869396368
80.17220192725743
80.27165289667703
80.14399499407374
80.08265405890113
89.25243215565797
87.23967788483917
86.10480916932529
87.4795186891961
90.35970302099335
78.7641724318702
78.25086784897199
79.3015265892991
77.01827159303227
78.16631770432153
88.51941069683006
87.6267281105991
89.04331331750687
88.88330307685146
86.51352231997394
80.31442135275773
80.0637739613636
81.77448031705111
80.51847281811872
80.2718812413037
79.61217197964297
79.55718657957735
79.6155708923022
79.3536062010278
79.59969163460654
89.75643532095144
88.08080808080807
89.65836872383362
88.3067425406135
88.18618209747241
80.83746393405619
79.69241446923446
81.06952461966014
79.8968651904567
79.82389827773241
79.41263498097176
79.99933248440394
78.87880194566544
80.04184476845562
80.48836099900369
80.92863700183463
81.18775619968027
80.71227530522391
80.33719716083701
79.35015664793202
85.90117767537123
87.7582274356468
87.873783922171
89.90143369175627
88.75576036866362
86.25704045058885
88.79032258064517
87.64464925755249
87.35791090629802
86.15079365079366
80.42663879176962
80.58804147783862
81.25222459852779
79.98127896231502
80.0640680859942
86.6705069124424
87.28576083414794
88.30773169482848
87.85155704510544
88.83722012754272
89.51170693106178
88.90762463343108
88.23988735279057
86.07922543406414
86.5202718428525
78.83682805187377
78.0146544845765
77.75935557829912
77.23014205292263
79.23863204325252
88.64823348694317
88.47635339570824
91.96480938416424
87.69201228878647
88.56768679349325
79.85944769197921
80.88906281545164
80.0616331711168
79.13236341215583
79.97409644865725
86.39226365032816
87.5366568914956
86.49641577060932
87.57296466973887
88.65288833030769
86.2790972468392
87.9647682067037
84.1526842333294
86.0280042538107
85.75908858166922
80.51724791723173
79.01142024129985
78.19602939692173
81.20524771221955
80.04258893330368
88.37330680072616
86.70122887864822
89.00886747660941
88.66231438812082
91.53737839221711
79.40029540720975
79.23206463752348
78.66457255708322
78.09103096203614
78.89467378213328
81.1187802679363
79.93677885405266
79.76849790904777
81.34466031774129
78.954037109195
80.885879501978
77.33035543315377
79.31089780013679
77.48257045728144
80.03446834181563
80.7276629032398
81.210579636677
80.88499772712201
80.2434116162959
80.53535579968732
79.84692560846281
79.07477505733945
79.4079780720295
79.68911444398967
78.90746299029277
80.28408541043258
81.05390390709454
80.13366061060688
79.2014313580553
80.44368025835352
86.65861915861917
90.47840152678862
87.84690220174092
90.12230600940276
89.73280751506557
79.10494253972799
79.50247381666838
78.56447520013253
79.75996695422792
78.81046233861296
88.07667690732207
88.759251501187
87.69154680445003
90.44639947865754
88.46675278126891
79.52512125862702
81.001853087375
80.74511010712058
81.04724396314784
80.26580254526087
87.83055206442302
90.09196896293672
85.1786296141135
89.5696939577395
90.44945935363391
86.27880184331796
86.25389843131778
88.89400921658986
87.90204419236677
88.03111762789183
80.58151923488386
79.4633770862896
80.98214385029341
80.96855679450447
79.94917098972822
80.02353969607246
78.63709396030916
80.14411779353239
79.21698192181758
78.93693521990527
87.28110599078342
86.9726062467998
88.77833635898153
87.77603221151608
86.54075315365638
88.85442514474774
89.34680910487361
86.25713891842923
88.38738770190383
89.91157587931781
87.99492622073268
86.9815668202765
91.30905832518737
86.10552529907369
87.44833123865384
81.20677444802777
82.5129056556552
81.22558965204617
80.46751083500024
79.10918128912182
81.21585956388336
80.02212100329045
80.30587750623785
78.31959763736107
79.78017565906087
83.72897711607389
86.1699948796723
87.25806451612905
86.74613021387215
85.51203277009729
86.58427593911466
87.12063026579156
87.78615649583391
88.93066610808546
91.1879160266257
87.03754131173486
88.22033701065958
89.90684494716753
91.04326676907321
89.58845366103431
79.59271059498943
80.2528469633701
80.77702257652744
81.01854956160838
80.27978165064171
86.5767118186473
89.87154422638292
88.41535704438931
89.45980542754738
88.50102406554021
80.05550719753487
80.33115212306932
78.49177092885012
79.5446746812464
78.89304356128655
89.87691361979788
89.33544054511796
87.1430077407307
90.18915672141479
91.94587512424324
79.09373745426912
79.44527490856379
80.81914251008943
77.95844199050747
80.11078942831003
87.95908392682587
87.56016385048645
90.34003630777823
89.17690732206862
86.89545221803287
78.23567778706104
79.07334275073528
79.56098881871479
79.57542523280455
78.93625875957619
81.29020893375719
80.16027078312011
80.62055868667599
80.24485038562837
81.16989707029785
86.04710701484895
88.17315301186271
87.21267979332497
88.2642089093702
91.61802355350744
88.6976911976912
86.55739421868456
88.73644276870084
87.57412838058
86.0215053763441
89.42268305171531
88.80041263817354
88.34839891291504
85.31490015360984
87.54342431761786
91.63611925708699
87.0084485407066
87.0451054322022
91.34472606246801
88.90134059488898
87.31565029952128
88.79414492317719
90.21249359959037
89.89247311827958
86.10715449425128
88.24564772145418
89.84526068491913
89.36217008797655
90.51488386165805
90.47840152678862
87.52688172043011
88.64637154959736
87.55969836614997
89.56302657915562
87.54096262160779
79.07098504779249
79.56069583233446
80.5964112459503
78.83162102181022
77.70497391107001
87.32544337383045
87.22676069450263
87.59170041428106
87.43983614951358
92.63894707443094
88.49974398361495
89.63261648745522
87.32069006262554
89.20728017502212
85.79330168039849
80.80622721105253
81.29048754024461
80.81431065533026
81.8403779137333
80.84225863668952
78.82013714049309
79.67337910329425
80.69380796277885
79.58001667476648
79.20050464957005
88.85048643113159
89.03086161150677
87.83375226923614
90.23906043355758
88.79119088796509
89.85791090629802
88.16901736256574
87.57412838058
88.59912488944747
87.12435414048318
89.47496789527152
90.53751803751803
90.19393241167435
89.31247963506028
90.51075268817205
87.689452124936
89.52252944188427
87.99933041868526
89.67869943676395
88.88504864311317
79.61675721506863
79.64771033087024
79.01240134121278
79.68625468650443
78.17565388796372
87.3677039806072
88.48054275473629
89.03225806451613
89.30619559651818
88.22708653353814
89.0292324163292
86.70332355816227
90.01024065540196
87.7386770935158
88.34950891402504
89.50577200577202
88.87608806963645
88.59062980030724
88.85944700460828
89.3100358422939
90.63812083973374
89.51996927803381
90.43284224735837
90.80453149001536
90.95127542708188
79.75129967772436
80.90458940905059
80.82208113356408
80.7393934613816
80.30713849233183
80.1678065358166
79.83755834866892
79.55927021590738
79.4295262004973
80.69795841814268
86.21945259042033
87.68258623097333
89.48924731182797
87.7752176139273
88.31750686589398
90.81541218637993
89.86175115207374
90.86897711186135
86.77675371223759
90.31606386445097
88.72596937113067
88.98233486943165
89.1909882232463
89.6773029837546
90.50656332914397
88.59912488944747
89.40173625657496
88.49078341013825
90.41346646185357
86.69180282083508
80.86496662870289
80.851008749635
81.71239868892607
80.53707913746655
80.30829801114385
79.40589669789081
78.77898132120905
79.7842621113426
80.18548744393864
79.62557095149724
87.77091188381512
88.45191546804452
86.15637946283107
86.87485453614487
88.87690266722525
87.43273751338268
86.86507936507937
89.69534050179212
90.17537122375833
87.91311734860123
89.0783410138249
88.46774193548387
89.78832099799844
89.46620583717359
90.08797653958945
80.25207970937933
79.95753114209423
80.54225989179895
80.6202715958406
79.79366835674566
79.99759630977326
80.50529578782707
80.18658464863141
80.31333859451779
80.14872877674678
