59.80=91.67 100.00 81.82 82.61 2.50 55.26 76.92 73.68 29.63 81.25 52.63 88.46 57.58 39.13 73.91 80.77 73.33 70.00 56.25 76.47 30.77 79.31 80.77 31.25 33.33 53.12 41.18 40.00 33.33 50.00 36.84
54.60=75.00 87.50 70.83 83.33 3.03 43.48 80.00 58.82 27.78 75.00 60.00 78.57 46.88 26.32 77.27 75.86 70.97 65.52 31.58 58.33 12.50 79.31 68.75 40.00 26.67 54.17 57.14 35.71 37.50 50.00 34.78
55.23=91.67 91.30 73.08 68.97 0.00 46.94 86.96 58.82 23.08 83.33 50.00 81.48 46.88 42.11 81.48 67.65 68.57 58.97 35.00 65.00 0.00 75.00 75.00 36.84 47.62 50.00 63.64 72.73 27.78 0.00 42.11
56.29=88.00 91.30 78.26 68.97 0.00 46.00 76.19 62.50 28.57 78.95 56.10 76.67 50.00 31.25 70.00 77.42 67.74 60.53 55.00 58.82 0.00 76.67 70.37 35.71 31.82 42.42 50.00 68.75 33.33 50.00 63.64
59.67=96.00 100.00 76.00 70.37 0.00 41.18 80.77 61.11 38.46 87.50 60.61 71.88 45.95 55.56 75.00 75.76 70.97 53.33 56.25 55.56 0.00 78.12 72.41 50.00 27.27 58.33 47.06 76.92 37.50 80.00 50.00
53.59=95.24 100.00 78.26 75.00 3.33 56.10 76.92 50.00 16.67 43.33 73.33 87.50 78.12 57.14 25.00 79.17 74.19 66.67 15.00 55.00 15.38 86.36 78.26 9.09 29.63 45.45 61.90 22.22 23.53 50.00 33.33
53.26=95.00 95.45 80.95 59.38 0.00 48.00 95.24 50.00 10.00 64.00 61.54 73.08 58.06 58.82 43.75 70.83 68.57 70.97 33.33 50.00 0.00 84.62 69.23 0.00 31.82 57.69 60.00 60.00 9.09 41.67 50.00
56.42=100.00 100.00 78.26 65.52 0.00 53.19 90.48 44.83 27.27 68.42 71.43 62.16 72.41 72.73 52.38 81.82 58.54 68.75 37.50 50.00 7.69 74.07 80.00 11.11 45.45 48.48 56.52 52.63 10.53 62.50 44.44
57.47=100.00 100.00 82.61 64.00 0.00 50.00 90.48 65.22 35.00 52.00 54.35 62.16 68.75 55.56 56.52 90.00 70.59 64.71 40.91 50.00 11.11 77.78 90.48 6.25 25.00 57.14 65.00 91.67 15.79 50.00 38.46
58.00=91.30 100.00 89.47 56.25 0.00 52.17 94.74 56.52 33.33 66.67 53.19 62.16 63.64 58.82 66.67 69.57 72.73 62.86 31.58 59.09 0.00 92.00 80.77 0.00 40.00 60.00 65.22 88.24 23.81 57.14 50.00
87.23=100.00 100.00 87.50 100.00 100.00 100.00 100.00 80.00 57.14 83.33 77.78 100.00 66.67 71.43 88.89 80.00 88.89 100.00 100.00 100.00 100.00 100.00 100.00 100.00 66.67 60.00 100.00 75.00 62.50 75.00 83.33
90.66=100.00 100.00 100.00 100.00 50.00 88.89 100.00 57.14 100.00 83.33 100.00 87.50 100.00 71.43 87.50 88.89 100.00 100.00 100.00 100.00 100.00 60.00 77.78 100.00 88.89 100.00 100.00 100.00 85.71 100.00 83.33
91.41=100.00 100.00 87.50 100.00 80.00 88.89 100.00 66.67 100.00 100.00 77.78 100.00 85.71 100.00 100.00 81.82 87.50 100.00 100.00 100.00 100.00 71.43 87.50 66.67 100.00 100.00 85.71 100.00 66.67 100.00 100.00
90.58=100.00 100.00 85.71 75.00 100.00 88.89 100.00 57.14 83.33 83.33 100.00 100.00 83.33 100.00 100.00 81.82 80.00 100.00 100.00 100.00 100.00 80.00 100.00 71.43 100.00 100.00 85.71 100.00 85.71 100.00 66.67
91.02=100.00 100.00 87.50 100.00 100.00 100.00 100.00 66.67 71.43 100.00 100.00 100.00 100.00 83.33 88.89 90.00 87.50 100.00 100.00 87.50 100.00 100.00 100.00 66.67 100.00 75.00 100.00 87.50 71.43 83.33 75.00
81.93=77.78 100.00 87.50 75.00 75.00 80.00 100.00 75.00 71.43 75.00 100.00 100.00 100.00 100.00 66.67 90.00 77.78 77.78 100.00 88.89 100.00 60.00 100.00 83.33 50.00 25.00 71.43 100.00 57.14 100.00 75.00
87.97=70.00 100.00 100.00 75.00 60.00 85.71 100.00 66.67 83.33 100.00 100.00 87.50 100.00 100.00 100.00 100.00 88.89 100.00 85.71 88.89 100.00 100.00 100.00 83.33 72.73 33.33 83.33 100.00 62.50 100.00 100.00
89.93=100.00 100.00 100.00 100.00 100.00 88.89 100.00 80.00 100.00 100.00 100.00 87.50 100.00 100.00 71.43 83.33 87.50 100.00 85.71 87.50 80.00 100.00 100.00 83.33 57.14 40.00 100.00 88.89 66.67 100.00 100.00
89.08=87.50 80.00 100.00 100.00 100.00 88.89 100.00 60.00 100.00 100.00 100.00 100.00 100.00 100.00 75.00 100.00 100.00 87.50 85.71 77.78 100.00 100.00 83.33 83.33 87.50 16.67 100.00 87.50 75.00 85.71 100.00
88.31=87.50 100.00 100.00 75.00 100.00 100.00 100.00 57.14 83.33 100.00 100.00 87.50 100.00 80.00 100.00 87.50 80.00 87.50 100.00 100.00 80.00 100.00 100.00 83.33 88.89 37.50 100.00 100.00 62.50 100.00 60.00
85.01=63.64 100.00 100.00 100.00 100.00 100.00 100.00 66.67 83.33 100.00 100.00 87.50 88.89 71.43 100.00 91.67 66.67 87.50 100.00 100.00 100.00 83.33 85.71 33.33 71.43 75.00 85.71 87.50 46.15 100.00 60.00
87.85=70.00 100.00 100.00 100.00 100.00 88.89 90.91 100.00 100.00 71.43 85.71 100.00 88.89 60.00 100.00 100.00 77.78 100.00 100.00 100.00 100.00 71.43 100.00 57.14 70.00 100.00 66.67 88.89 55.56 80.00 100.00
87.81=87.50 100.00 83.33 60.00 80.00 100.00 88.89 100.00 100.00 100.00 100.00 100.00 85.71 100.00 100.00 78.57 77.78 83.33 100.00 100.00 100.00 71.43 100.00 75.00 70.00 75.00 83.33 88.89 66.67 100.00 66.67
90.63=87.50 100.00 83.33 100.00 100.00 100.00 100.00 75.00 100.00 100.00 100.00 87.50 100.00 80.00 100.00 66.67 80.00 87.50 100.00 88.89 100.00 66.67 100.00 80.00 75.00 100.00 100.00 88.89 62.50 100.00 100.00
89.53=87.50 100.00 100.00 75.00 66.67 100.00 100.00 100.00 100.00 83.33 87.50 100.00 87.50 100.00 88.89 91.67 80.00 85.71 100.00 80.00 100.00 83.33 100.00 100.00 85.71 75.00 83.33 87.50 66.67 100.00 80.00
61.48=100.00 100.00 70.83 86.96 0.00 50.00 95.00 65.00 34.78 83.33 66.67 84.00 64.29 68.00 68.97 80.00 68.42 54.55 30.43 88.89 0.00 86.21 78.57 25.00 33.33 52.00 61.11 62.07 36.84 80.00 30.77
58.55=95.24 100.00 71.43 83.33 2.56 45.10 91.67 62.50 23.81 80.00 64.71 76.92 60.00 65.22 72.41 69.70 67.57 40.38 50.00 77.78 0.00 96.15 88.46 22.22 21.43 68.75 42.86 69.23 23.53 60.00 22.22
59.47=95.65 100.00 80.95 90.91 0.00 52.27 74.07 60.00 36.00 80.00 61.54 78.57 62.07 50.00 77.78 60.61 70.59 43.75 38.46 77.78 0.00 82.14 84.00 17.65 56.25 55.00 44.00 73.68 25.00 75.00 40.00
61.32=84.00 100.00 81.82 73.08 0.00 51.11 88.46 80.00 30.43 78.95 68.57 62.50 66.67 69.57 70.97 72.73 74.29 43.75 42.31 80.00 0.00 86.67 80.77 29.41 33.33 73.33 45.00 82.35 22.22 71.43 57.14
62.22=95.83 95.45 72.00 76.92 3.45 52.17 91.67 72.73 40.91 93.75 63.89 73.33 68.97 56.52 70.97 67.74 86.21 45.83 39.29 82.35 0.00 75.76 85.19 20.00 45.00 64.71 47.83 87.50 25.00 83.33 44.44
59.29=92.00 100.00 67.86 76.92 0.00 46.81 79.17 90.00 23.81 85.71 59.38 68.75 54.05 48.15 58.54 70.37 60.53 58.97 38.46 53.33 0.00 76.67 79.17 50.00 46.15 58.33 36.36 90.91 47.06 66.67 53.85
59.30=95.45 91.30 72.00 68.97 0.00 52.38 82.61 66.67 28.00 80.95 59.38 70.97 58.82 52.63 78.57 85.19 50.00 61.11 37.50 57.89 0.00 69.44 69.23 50.00 30.00 70.00 41.67 85.71 33.33 100.00 38.46
59.90=92.00 91.30 72.00 71.43 0.00 48.94 90.91 82.35 15.79 73.68 57.89 61.76 45.95 55.00 62.16 84.00 63.89 55.81 52.17 85.71 0.00 85.19 84.00 42.86 31.58 61.90 44.44 75.00 31.25 83.33 54.55
60.37=95.45 95.24 64.29 74.07 0.00 46.51 70.83 76.47 14.29 65.22 53.85 71.88 46.34 66.67 63.89 75.86 74.19 58.54 47.83 81.82 0.00 80.65 76.92 47.06 32.00 72.22 45.00 70.59 43.75 100.00 60.00
59.58=100.00 100.00 70.37 76.92 0.00 40.43 73.08 76.92 17.39 76.47 57.89 69.70 52.63 66.67 63.89 74.19 67.65 63.16 42.11 76.92 0.00 68.75 74.07 41.18 18.75 61.90 57.14 76.47 37.50 83.33 61.54
85.10=77.78 100.00 100.00 100.00 66.67 55.56 100.00 100.00 100.00 83.33 100.00 75.00 83.33 71.43 72.73 100.00 77.78 100.00 77.78 87.50 0.00 100.00 87.50 66.67 75.00 100.00 100.00 100.00 80.00 100.00 100.00
87.82=70.00 100.00 100.00 100.00 100.00 75.00 100.00 100.00 100.00 100.00 87.50 100.00 100.00 71.43 100.00 73.33 66.67 80.00 85.71 88.89 100.00 100.00 100.00 60.00 62.50 100.00 85.71 100.00 55.56 100.00 60.00
90.68=77.78 100.00 100.00 66.67 100.00 100.00 100.00 100.00 100.00 100.00 100.00 87.50 100.00 66.67 100.00 91.67 66.67 100.00 100.00 87.50 100.00 100.00 100.00 66.67 85.71 42.86 100.00 100.00 71.43 100.00 100.00
89.06=77.78 100.00 100.00 100.00 80.00 100.00 100.00 100.00 100.00 83.33 77.78 85.71 100.00 71.43 100.00 90.91 88.89 100.00 87.50 88.89 100.00 100.00 100.00 75.00 85.71 60.00 100.00 85.71 55.56 83.33 83.33
87.10=70.00 100.00 100.00 100.00 66.67 100.00 100.00 80.00 100.00 83.33 87.50 100.00 87.50 71.43 100.00 90.91 71.43 100.00 100.00 100.00 100.00 100.00 100.00 50.00 77.78 75.00 71.43 100.00 60.00 57.14 100.00
83.99=70.00 100.00 100.00 75.00 100.00 72.73 100.00 50.00 83.33 100.00 87.50 77.78 75.00 100.00 100.00 100.00 100.00 87.50 100.00 77.78 0.00 83.33 83.33 85.71 88.89 20.00 100.00 100.00 85.71 100.00 100.00
85.14=62.50 100.00 87.50 75.00 80.00 87.50 100.00 50.00 83.33 100.00 87.50 87.50 100.00 100.00 60.00 87.50 88.89 87.50 85.71 80.00 100.00 100.00 100.00 80.00 100.00 33.33 100.00 85.71 50.00 100.00 100.00
82.70=87.50 100.00 100.00 75.00 100.00 85.71 100.00 42.86 80.00 83.33 87.50 100.00 88.89 100.00 70.00 100.00 100.00 100.00 100.00 61.54 60.00 100.00 80.00 66.67 62.50 0.00 85.71 100.00 71.43 100.00 75.00
86.45=87.50 100.00 100.00 75.00 66.67 88.89 100.00 50.00 57.14 83.33 100.00 75.00 100.00 100.00 80.00 70.00 87.50 100.00 87.50 72.73 100.00 83.33 100.00 71.43 83.33 100.00 100.00 100.00 75.00 85.71 100.00
86.14=87.50 100.00 100.00 60.00 80.00 87.50 100.00 50.00 83.33 71.43 100.00 100.00 88.89 100.00 66.67 87.50 100.00 87.50 100.00 72.73 100.00 100.00 100.00 100.00 88.89 33.33 100.00 100.00 50.00 100.00 75.00
60.81=85.19 100.00 77.27 67.86 3.12 47.92 76.00 68.42 35.29 84.21 51.28 76.67 53.49 72.73 64.71 82.14 64.86 58.97 36.00 52.94 0.00 81.48 80.00 53.85 31.58 57.14 35.00 100.00 36.84 83.33 66.67
59.14=92.00 100.00 70.83 71.43 0.00 50.00 69.23 57.14 22.22 72.22 58.82 67.65 51.35 52.38 69.70 83.33 60.53 57.89 40.91 41.67 0.00 78.12 86.96 45.45 32.00 68.18 56.25 93.33 36.84 83.33 63.64
61.81=78.57 100.00 64.29 66.67 0.00 53.49 72.00 75.00 18.75 84.21 60.00 65.71 51.35 50.00 82.14 80.00 68.57 65.71 43.48 62.50 0.00 86.21 76.00 66.67 37.50 53.85 61.54 82.35 45.83 100.00 63.64
60.42=95.83 100.00 66.67 75.00 0.00 45.45 71.43 68.75 23.53 84.21 67.74 76.67 51.35 57.14 62.50 84.00 68.57 56.41 40.00 42.86 0.00 83.33 85.19 38.46 45.45 56.52 56.25 92.86 33.33 80.00 63.64
60.24=95.83 95.45 70.37 71.43 0.00 45.24 86.96 90.91 22.73 73.68 51.22 72.41 51.43 43.48 63.64 79.31 65.71 58.97 57.89 47.62 12.50 82.76 90.91 41.18 25.00 63.64 46.67 70.59 31.58 83.33 75.00
85.46=87.50 100.00 100.00 75.00 66.67 88.89 100.00 80.00 62.50 83.33 87.50 85.71 83.33 83.33 85.71 90.91 72.73 85.71 100.00 100.00 100.00 75.00 100.00 60.00 100.00 75.00 100.00 100.00 45.45 100.00 75.00
91.26=87.50 100.00 100.00 100.00 100.00 88.89 100.00 100.00 100.00 71.43 100.00 100.00 100.00 83.33 75.00 100.00 72.73 87.50 100.00 100.00 100.00 100.00 100.00 75.00 88.89 60.00 100.00 100.00 55.56 83.33 100.00
90.03=77.78 100.00 100.00 100.00 100.00 100.00 100.00 66.67 71.43 100.00 87.50 85.71 85.71 100.00 87.50 91.67 72.73 75.00 100.00 100.00 100.00 100.00 100.00 66.67 75.00 100.00 100.00 87.50 60.00 100.00 100.00
88.35=70.00 100.00 100.00 66.67 80.00 100.00 100.00 100.00 83.33 100.00 100.00 85.71 85.71 100.00 88.89 84.62 80.00 100.00 100.00 100.00 75.00 83.33 100.00 66.67 71.43 75.00 100.00 100.00 62.50 100.00 80.00
89.55=77.78 100.00 100.00 100.00 80.00 100.00 100.00 100.00 83.33 100.00 75.00 85.71 87.50 83.33 100.00 100.00 77.78 83.33 100.00 100.00 100.00 83.33 100.00 80.00 70.00 100.00 100.00 85.71 60.00 83.33 80.00
82.91=63.64 100.00 100.00 66.67 60.00 75.00 100.00 42.86 100.00 83.33 100.00 100.00 87.50 80.00 50.00 100.00 100.00 83.33 85.71 80.00 75.00 80.00 100.00 100.00 100.00 33.33 66.67 100.00 57.14 100.00 100.00
86.08=85.71 100.00 100.00 60.00 100.00 80.00 100.00 66.67 37.50 100.00 100.00 75.00 100.00 100.00 85.71 100.00 88.89 87.50 100.00 77.78 80.00 83.33 100.00 71.43 100.00 20.00 85.71 100.00 83.33 100.00 100.00
90.86=87.50 100.00 100.00 100.00 100.00 66.67 100.00 66.67 100.00 71.43 100.00 100.00 100.00 100.00 54.55 88.89 88.89 87.50 100.00 88.89 100.00 100.00 83.33 85.71 100.00 66.67 100.00 100.00 80.00 100.00 100.00
86.02=77.78 100.00 100.00 100.00 100.00 100.00 100.00 66.67 57.14 100.00 100.00 87.50 87.50 100.00 77.78 100.00 87.50 87.50 100.00 72.73 100.00 83.33 100.00 80.00 100.00 0.00 100.00 100.00 42.86 83.33 75.00
90.35=87.50 100.00 100.00 75.00 100.00 100.00 100.00 66.67 100.00 100.00 100.00 87.50 87.50 100.00 77.78 90.00 100.00 70.00 100.00 80.00 80.00 100.00 100.00 85.71 100.00 33.33 100.00 100.00 80.00 100.00 100.00
60.36=95.83 95.45 69.23 67.86 0.00 52.38 84.00 85.71 16.67 68.18 53.85 60.53 51.43 66.67 74.19 75.86 66.67 59.46 52.38 66.67 0.00 80.00 83.33 36.36 35.29 66.67 38.10 77.78 38.10 66.67 85.71
61.43=96.00 100.00 75.00 74.07 0.00 47.92 74.07 90.00 19.05 88.89 52.50 72.73 54.29 52.63 65.71 74.07 66.67 56.76 50.00 58.82 14.29 75.76 95.65 42.11 22.22 77.78 45.00 78.95 25.00 100.00 58.33
61.23=95.65 95.65 78.26 79.17 0.00 51.06 82.61 72.22 11.11 81.25 51.22 80.00 52.78 54.55 66.67 67.57 65.71 60.53 53.33 57.89 0.00 81.48 75.00 33.33 43.75 82.35 53.33 70.59 35.29 80.00 85.71
59.87=95.45 100.00 76.00 73.08 0.00 46.51 87.50 76.47 26.09 66.67 53.85 77.78 50.00 59.09 75.76 75.86 74.19 59.52 47.06 55.56 11.11 82.76 88.00 40.00 13.33 66.67 62.50 80.00 36.84 55.56 42.86
61.76=95.83 95.45 72.00 71.43 0.00 48.94 86.96 70.59 23.53 76.19 52.50 71.88 50.00 58.82 66.67 72.41 75.00 60.98 55.56 76.92 0.00 63.89 85.00 35.29 45.00 58.33 53.33 80.00 26.32 100.00 85.71
85.75=100.00 100.00 87.50 75.00 80.00 100.00 100.00 80.00 50.00 100.00 100.00 100.00 62.50 100.00 87.50 75.00 72.73 100.00 85.71 88.89 80.00 62.50 100.00 100.00 80.00 66.67 100.00 77.78 71.43 100.00 75.00
87.14=87.50 100.00 87.50 75.00 100.00 100.00 100.00 57.14 80.00 71.43 87.50 77.78 100.00 100.00 72.73 100.00 100.00 100.00 100.00 100.00 100.00 60.00 80.00 62.50 100.00 66.67 85.71 100.00 83.33 100.00 66.67
85.29=100.00 100.00 75.00 100.00 100.00 87.50 83.33 80.00 62.50 83.33 100.00 77.78 62.50 80.00 85.71 100.00 88.89 87.50 100.00 72.73 100.00 80.00 100.00 66.67 100.00 66.67 66.67 100.00 71.43 85.71 80.00
88.00=100.00 100.00 75.00 100.00 66.67 77.78 100.00 66.67 57.14 100.00 87.50 100.00 87.50 100.00 66.67 81.82 100.00 100.00 100.00 100.00 100.00 71.43 100.00 75.00 100.00 60.00 100.00 100.00 71.43 83.33 100.00
87.80=100.00 100.00 85.71 100.00 100.00 100.00 100.00 80.00 83.33 100.00 100.00 100.00 70.00 83.33 80.00 81.82 88.89 77.78 85.71 87.50 100.00 71.43 75.00 85.71 100.00 66.67 83.33 100.00 85.71 100.00 50.00
63.12=90.91 95.45 70.83 79.17 2.44 50.00 92.31 90.00 26.92 84.21 56.10 77.42 69.23 68.00 75.86 67.74 74.19 56.41 35.71 84.21 9.09 76.00 78.57 30.77 35.71 57.89 63.16 83.33 30.77 66.67 77.78
64.95=95.83 100.00 70.83 80.00 0.00 46.81 84.62 72.22 36.36 85.71 68.42 76.67 66.67 78.95 91.30 65.52 65.79 52.38 46.15 73.91 0.00 92.00 84.62 31.58 50.00 66.67 61.11 100.00 38.89 75.00 55.56
64.38=95.65 100.00 68.00 86.36 3.33 48.98 83.33 69.57 40.91 72.73 73.33 72.41 62.96 78.26 76.67 64.86 72.73 58.33 40.74 87.50 14.29 85.19 85.19 27.78 50.00 54.55 55.56 61.90 33.33 71.43 100.00
61.86=100.00 100.00 72.00 76.92 0.00 47.83 83.33 63.16 38.10 64.00 68.57 88.00 65.62 45.45 79.31 75.86 80.00 52.38 42.31 76.19 0.00 88.46 84.00 21.05 36.84 61.11 58.82 93.33 30.00 62.50 62.50
61.14=92.31 95.45 72.73 83.33 0.00 50.00 88.46 63.16 29.63 85.71 71.43 73.33 62.07 65.38 83.33 67.74 75.00 60.00 29.63 88.24 0.00 84.62 85.71 23.53 40.00 50.00 55.56 83.33 28.57 44.44 62.50
82.93=100.00 80.00 100.00 100.00 80.00 100.00 90.91 40.00 62.50 83.33 100.00 100.00 77.78 75.00 80.00 88.89 100.00 70.00 85.71 100.00 57.14 66.67 80.00 44.44 100.00 100.00 75.00 83.33 75.00 100.00 75.00
85.84=87.50 100.00 85.71 50.00 100.00 100.00 100.00 57.14 30.00 100.00 100.00 100.00 88.89 100.00 100.00 80.00 80.00 100.00 100.00 88.89 80.00 80.00 100.00 44.44 100.00 66.67 100.00 100.00 66.67 100.00 75.00
85.52=100.00 100.00 85.71 75.00 80.00 88.89 100.00 66.67 62.50 100.00 87.50 100.00 70.00 100.00 100.00 100.00 77.78 77.78 85.71 80.00 50.00 57.14 100.00 62.50 85.71 100.00 100.00 100.00 83.33 100.00 75.00
88.03=100.00 100.00 85.71 100.00 100.00 80.00 100.00 66.67 71.43 100.00 100.00 100.00 85.71 100.00 100.00 81.82 88.89 87.50 83.33 70.00 66.67 100.00 100.00 55.56 100.00 40.00 85.71 100.00 100.00 100.00 80.00
88.25=87.50 100.00 100.00 100.00 80.00 80.00 100.00 66.67 57.14 100.00 77.78 85.71 75.00 83.33 100.00 88.89 87.50 87.50 100.00 100.00 100.00 83.33 100.00 85.71 85.71 100.00 85.71 85.71 85.71 100.00 66.67
84.62=100.00 100.00 100.00 75.00 80.00 87.50 100.00 100.00 66.67 100.00 100.00 75.00 87.50 62.50 100.00 75.00 66.67 66.67 100.00 100.00 100.00 83.33 100.00 50.00 80.00 75.00 85.71 100.00 83.33 83.33 40.00
89.54=77.78 100.00 100.00 100.00 100.00 88.89 100.00 100.00 100.00 83.33 100.00 100.00 88.89 80.00 100.00 90.91 72.73 77.78 100.00 100.00 100.00 44.44 100.00 100.00 77.78 75.00 83.33 77.78 57.14 100.00 100.00
85.99=77.78 100.00 100.00 100.00 66.67 70.00 100.00 100.00 83.33 100.00 100.00 75.00 85.71 50.00 100.00 100.00 70.00 100.00 87.50 88.89 100.00 83.33 100.00 50.00 83.33 50.00 75.00 85.71 83.33 100.00 100.00
88.12=77.78 100.00 100.00 50.00 100.00 88.89 100.00 100.00 66.67 71.43 100.00 100.00 100.00 57.14 100.00 100.00 80.00 87.50 100.00 88.89 100.00 66.67 75.00 100.00 75.00 100.00 100.00 100.00 66.67 100.00 80.00
90.22=77.78 100.00 100.00 75.00 100.00 100.00 100.00 100.00 100.00 66.67 87.50 100.00 100.00 100.00 100.00 81.82 72.73 100.00 100.00 100.00 100.00 66.67 85.71 100.00 70.00 75.00 100.00 100.00 54.55 100.00 83.33
59.71=95.83 91.30 75.00 70.37 0.00 43.18 76.00 66.67 28.57 82.35 54.05 75.86 58.33 68.18 63.16 81.48 71.88 57.14 40.00 55.56 7.69 91.67 80.00 31.25 29.41 53.85 46.67 81.25 28.57 85.71 60.00
59.40=88.46 100.00 73.91 74.07 0.00 47.62 83.33 76.47 21.74 70.00 54.05 64.71 51.28 52.38 76.67 80.00 62.16 57.50 46.15 50.00 0.00 76.67 88.00 23.08 30.00 81.25 50.00 80.00 23.53 100.00 58.33
61.39=95.83 100.00 70.83 74.07 0.00 50.00 82.61 80.00 13.33 94.12 62.16 77.78 50.00 54.17 69.70 82.76 69.44 56.10 50.00 42.11 0.00 89.29 84.00 35.71 46.67 65.00 47.37 93.75 35.00 85.71 45.45
60.95=95.65 95.45 69.23 70.37 0.00 48.84 76.92 50.00 15.38 94.12 59.46 71.88 50.00 55.56 76.47 76.67 70.59 64.86 48.00 66.67 0.00 80.00 80.77 30.77 44.44 65.00 66.67 81.25 35.00 85.71 63.64
59.67=95.65 95.45 75.00 71.43 0.00 48.84 90.91 66.67 23.53 76.47 47.50 72.73 47.37 52.38 75.00 88.00 62.86 60.53 45.83 64.71 11.11 78.57 88.00 41.67 40.00 59.09 46.67 85.00 31.58 50.00 57.14
83.46=70.00 100.00 100.00 50.00 80.00 72.73 100.00 57.14 80.00 100.00 100.00 100.00 88.89 100.00 71.43 100.00 88.89 87.50 87.50 85.71 60.00 80.00 100.00 66.67 85.71 50.00 75.00 100.00 50.00 100.00 100.00
84.89=70.00 100.00 100.00 100.00 100.00 100.00 100.00 57.14 62.50 100.00 100.00 87.50 77.78 83.33 75.00 100.00 87.50 87.50 100.00 66.67 100.00 100.00 80.00 83.33 87.50 0.00 85.71 100.00 40.00 100.00 100.00
85.85=87.50 83.33 100.00 100.00 100.00 77.78 100.00 42.86 66.67 100.00 100.00 100.00 88.89 100.00 57.14 88.89 87.50 100.00 100.00 72.73 66.67 100.00 100.00 85.71 100.00 33.33 66.67 88.89 66.67 100.00 100.00
89.73=77.78 100.00 100.00 60.00 100.00 88.89 100.00 80.00 57.14 100.00 100.00 87.50 100.00 100.00 71.43 87.50 100.00 100.00 85.71 100.00 100.00 83.33 100.00 85.71 100.00 50.00 100.00 100.00 66.67 100.00 100.00
88.11=77.78 100.00 100.00 75.00 80.00 100.00 100.00 80.00 100.00 83.33 100.00 77.78 100.00 100.00 70.00 81.82 100.00 100.00 100.00 88.89 80.00 75.00 100.00 75.00 100.00 60.00 100.00 100.00 60.00 100.00 66.67
87.09=100.00 100.00 85.71 75.00 80.00 88.89 90.91 66.67 62.50 80.00 100.00 100.00 87.50 100.00 100.00 100.00 87.50 87.50 100.00 100.00 80.00 80.00 100.00 66.67 100.00 60.00 83.33 87.50 75.00 100.00 75.00
81.74=100.00 100.00 87.50 100.00 80.00 66.67 100.00 66.67 60.00 100.00 77.78 100.00 87.50 62.50 100.00 100.00 100.00 70.00 100.00 77.78 75.00 71.43 60.00 57.14 100.00 66.67 75.00 100.00 66.67 85.71 40.00
83.87=77.78 100.00 100.00 100.00 100.00 87.50 100.00 37.50 33.33 83.33 100.00 85.71 85.71 100.00 85.71 87.50 100.00 87.50 87.50 77.78 100.00 80.00 83.33 100.00 100.00 50.00 62.50 100.00 71.43 85.71 50.00
85.10=100.00 100.00 87.50 100.00 66.67 88.89 90.00 66.67 71.43 100.00 87.50 87.50 75.00 80.00 100.00 100.00 100.00 85.71 100.00 88.89 100.00 62.50 50.00 66.67 100.00 50.00 100.00 87.50 85.71 100.00 60.00
88.53=100.00 100.00 85.71 100.00 100.00 100.00 100.00 66.67 57.14 100.00 87.50 87.50 70.00 100.00 100.00 100.00 80.00 100.00 100.00 88.89 100.00 80.00 80.00 71.43 100.00 66.67 85.71 100.00 71.43 85.71 80.00
61.20=88.46 91.30 81.82 74.07 0.00 51.06 83.33 70.59 21.43 88.24 57.50 66.67 52.94 51.85 77.42 78.57 65.71 58.54 44.83 83.33 0.00 84.62 81.48 37.50 27.78 76.47 40.00 93.33 29.41 83.33 55.56
61.75=84.00 95.45 72.00 73.08 0.00 44.90 83.33 64.29 18.75 83.33 55.26 71.88 55.56 60.00 70.97 80.00 68.57 58.54 50.00 62.50 0.00 80.65 81.48 58.33 26.67 72.22 47.06 92.86 45.00 87.50 70.00
64.66=100.00 100.00 63.33 69.23 0.00 48.89 100.00 66.67 26.32 83.33 47.62 73.33 53.85 54.55 84.00 79.31 66.67 60.00 60.87 66.67 25.00 83.87 80.00 53.85 42.86 70.59 58.82 94.12 37.50 71.43 81.82
61.96=100.00 100.00 60.71 67.86 2.86 51.22 86.36 68.00 21.05 68.18 59.46 70.59 56.76 56.52 72.73 88.46 61.11 53.85 55.17 64.71 0.00 82.76 90.48 46.15 53.33 73.68 57.14 76.47 25.00 75.00 75.00
62.88=92.31 100.00 82.61 68.97 0.00 44.68 79.17 63.16 15.38 88.24 58.33 66.67 54.76 56.25 70.00 86.21 71.88 56.82 48.00 71.43 0.00 75.00 90.91 37.50 42.86 65.00 50.00 94.12 31.58 100.00 87.50
65.41=95.45 95.45 69.23 76.92 0.00 48.94 91.30 76.92 43.48 94.44 73.53 71.43 71.43 75.00 65.71 91.30 73.53 48.94 33.33 80.00 9.09 88.00 91.67 21.05 62.50 52.38 52.63 94.74 33.33 57.14 88.89
63.68=92.31 95.24 67.86 79.17 0.00 48.89 82.14 71.43 36.84 89.47 64.71 80.77 66.67 69.57 73.33 70.00 71.43 48.84 38.24 88.89 11.11 81.48 92.59 25.00 44.44 57.89 52.94 76.19 50.00 80.00 66.67
63.35=88.46 100.00 63.33 82.61 2.63 51.06 91.30 75.00 52.94 77.27 71.43 79.31 70.83 70.83 74.19 67.74 73.53 47.83 38.46 60.00 0.00 83.33 84.62 20.00 61.11 57.89 55.00 90.00 45.45 83.33 44.44
62.26=92.00 95.45 68.00 90.00 0.00 47.92 84.62 75.00 36.36 80.95 71.43 77.78 61.54 62.50 84.62 67.65 67.65 52.38 40.74 68.42 15.38 85.19 88.00 14.29 43.75 57.89 47.62 82.61 23.53 66.67 80.00
63.38=91.67 100.00 73.08 81.82 0.00 52.17 88.00 70.59 36.36 81.82 67.57 75.00 64.29 71.43 76.67 63.89 78.79 45.45 45.83 78.95 7.69 86.36 82.14 15.38 54.55 50.00 45.00 94.74 41.18 80.00 64.29
60.15=100.00 95.45 76.19 73.08 0.00 52.38 73.08 73.33 25.00 88.89 61.76 53.49 54.55 54.17 70.97 78.57 57.89 52.50 41.38 76.92 0.00 72.41 90.00 43.75 50.00 54.17 50.00 73.68 44.44 66.67 60.00
59.99=92.00 100.00 76.00 76.92 0.00 52.50 83.33 62.50 25.00 68.00 52.38 59.46 55.88 75.00 68.75 74.19 64.71 51.22 38.10 62.50 14.29 78.12 88.00 23.08 29.41 57.69 50.00 85.71 33.33 100.00 61.54
59.63=88.46 95.45 70.37 76.00 0.00 48.84 86.36 78.57 17.65 78.95 50.00 67.65 50.00 63.16 56.25 77.42 74.19 57.89 58.33 52.94 0.00 72.73 81.82 41.18 33.33 58.33 52.94 81.25 35.00 83.33 60.00
62.77=95.83 100.00 66.67 80.00 0.00 46.51 84.00 77.78 20.00 86.67 59.46 67.86 54.05 61.90 69.70 73.33 64.86 58.54 56.00 61.11 0.00 77.42 90.91 45.45 33.33 61.90 81.82 87.50 26.09 100.00 57.14
61.16=95.65 95.45 78.26 76.00 0.00 47.73 85.71 75.00 14.29 88.24 52.63 70.97 51.43 61.11 70.00 74.19 60.00 51.06 43.48 40.00 14.29 75.76 91.30 31.25 22.22 76.47 75.00 100.00 40.00 80.00 58.33
84.46=100.00 100.00 87.50 50.00 80.00 100.00 90.00 80.00 62.50 100.00 87.50 100.00 85.71 75.00 87.50 87.50 87.50 87.50 70.00 88.89 80.00 66.67 100.00 55.56 100.00 100.00 83.33 85.71 80.00 100.00 60.00
83.51=100.00 100.00 87.50 100.00 57.14 87.50 100.00 80.00 71.43 100.00 100.00 77.78 85.71 83.33 100.00 87.50 88.89 85.71 83.33 100.00 60.00 80.00 100.00 50.00 100.00 50.00 66.67 85.71 75.00 85.71 60.00
87.43=100.00 100.00 87.50 100.00 66.67 100.00 100.00 80.00 71.43 80.00 87.50 87.50 85.71 100.00 100.00 100.00 87.50 77.78 100.00 100.00 66.67 66.67 100.00 66.67 100.00 100.00 85.71 66.67 71.43 75.00 100.00
82.42=87.50 100.00 87.50 50.00 66.67 88.89 90.91 60.00 66.67 100.00 83.33 100.00 100.00 100.00 85.71 77.78 87.50 87.50 85.71 88.89 100.00 71.43 62.50 57.14 100.00 66.67 100.00 100.00 57.14 85.71 60.00
84.69=85.71 83.33 87.50 75.00 100.00 88.89 100.00 100.00 66.67 100.00 77.78 100.00 100.00 100.00 85.71 100.00 100.00 100.00 71.43 100.00 100.00 66.67 83.33 33.33 100.00 60.00 100.00 87.50 50.00 62.50 60.00
59.44=95.45 100.00 73.91 68.18 0.00 50.00 82.61 75.00 36.36 75.00 52.27 58.97 60.00 66.67 58.82 90.91 70.59 56.10 55.56 71.43 9.09 77.78 86.36 8.33 53.85 50.00 56.00 66.67 43.75 50.00 42.86
58.57=91.67 100.00 70.83 68.18 6.67 48.89 95.00 63.64 25.00 46.43 55.56 62.16 60.61 65.00 65.62 83.33 69.70 57.14 50.00 42.11 10.00 77.78 76.00 8.33 61.54 53.57 59.09 82.35 29.41 80.00 50.00
59.46=95.45 100.00 80.95 70.83 0.00 62.16 95.24 75.00 22.73 62.50 56.82 58.54 57.14 80.00 68.75 76.00 79.31 52.63 42.86 55.00 10.00 75.86 70.37 6.25 50.00 66.67 60.00 60.00 40.00 66.67 45.45
62.28=95.83 100.00 81.82 68.00 0.00 55.81 86.36 68.42 28.00 69.57 59.09 61.54 64.29 80.00 70.00 75.00 77.42 55.26 45.00 52.17 6.67 90.91 76.00 6.67 52.63 58.33 72.22 75.00 32.00 100.00 66.67
60.83=95.45 100.00 89.47 64.29 0.00 58.54 95.24 70.59 22.22 61.54 57.78 60.00 61.76 68.42 70.59 80.77 75.76 62.86 52.63 50.00 18.18 91.30 81.82 5.00 50.00 69.57 55.00 77.78 16.67 62.50 60.00
85.54=75.00 100.00 100.00 100.00 80.00 88.89 100.00 100.00 71.43 100.00 87.50 100.00 83.33 60.00 77.78 83.33 87.50 77.78 66.67 87.50 80.00 55.56 100.00 75.00 100.00 60.00 100.00 100.00 54.55 100.00 100.00
88.22=100.00 100.00 100.00 60.00 80.00 100.00 100.00 80.00 66.67 83.33 87.50 100.00 85.71 100.00 85.71 100.00 70.00 100.00 87.50 88.89 100.00 44.44 100.00 100.00 80.00 75.00 100.00 100.00 60.00 100.00 100.00
88.45=87.50 100.00 100.00 100.00 80.00 88.89 100.00 80.00 66.67 100.00 100.00 85.71 85.71 100.00 87.50 100.00 61.54 87.50 100.00 100.00 80.00 71.43 100.00 75.00 88.89 100.00 85.71 100.00 50.00 100.00 80.00
88.57=77.78 100.00 100.00 100.00 80.00 100.00 90.91 80.00 62.50 100.00 100.00 100.00 100.00 80.00 100.00 88.89 53.85 100.00 100.00 100.00 100.00 83.33 100.00 100.00 71.43 75.00 85.71 87.50 45.45 83.33 100.00
89.70=87.50 100.00 100.00 75.00 100.00 88.89 100.00 100.00 83.33 100.00 100.00 85.71 85.71 83.33 87.50 81.82 80.00 100.00 100.00 100.00 100.00 83.33 100.00 80.00 90.00 60.00 100.00 100.00 57.14 71.43 100.00
62.27=88.89 95.45 77.27 86.36 0.00 52.17 88.00 76.47 38.89 85.00 65.79 72.73 65.38 70.37 75.86 69.70 73.33 45.83 40.91 85.00 11.11 81.48 82.14 23.08 28.57 68.42 47.37 84.21 26.67 57.14 66.67
63.76=92.00 100.00 66.67 83.33 0.00 48.00 95.24 72.73 33.33 89.47 71.88 80.77 60.71 79.17 79.31 70.97 83.33 44.68 39.29 80.00 9.09 82.14 92.59 19.05 50.00 68.75 55.00 90.00 26.67 62.50 50.00
64.78=95.83 100.00 65.38 80.00 0.00 48.84 95.00 75.00 33.33 90.00 70.27 71.88 57.69 72.41 80.00 84.00 76.47 42.55 34.48 94.12 11.76 77.42 84.00 29.41 47.06 70.59 66.67 81.25 20.00 75.00 77.78
65.72=91.30 100.00 64.00 83.33 0.00 48.98 95.65 77.78 36.36 85.71 66.67 76.67 71.43 75.86 79.31 81.48 86.21 46.34 37.50 83.33 7.14 86.36 88.46 33.33 38.89 61.11 43.48 100.00 35.71 85.71 69.23
64.48=92.00 100.00 64.29 82.61 2.78 51.06 87.50 73.68 40.91 75.00 69.44 78.57 64.29 66.67 79.31 74.07 74.19 60.61 33.33 75.00 0.00 88.46 92.00 26.67 45.00 66.67 64.71 85.71 26.67 66.67 90.91
84.51=63.64 100.00 87.50 75.00 100.00 80.00 100.00 57.14 71.43 100.00 100.00 100.00 85.71 80.00 71.43 90.91 100.00 87.50 77.78 87.50 80.00 100.00 100.00 62.50 80.00 75.00 100.00 100.00 40.00 100.00 66.67
81.28=77.78 100.00 87.50 75.00 100.00 88.89 100.00 60.00 50.00 80.00 87.50 83.33 87.50 100.00 62.50 100.00 85.71 100.00 75.00 72.73 57.14 83.33 80.00 60.00 80.00 66.67 100.00 85.71 33.33 100.00 100.00
85.87=87.50 83.33 77.78 100.00 57.14 87.50 100.00 80.00 40.00 100.00 87.50 100.00 88.89 100.00 70.00 100.00 100.00 100.00 100.00 77.78 66.67 100.00 100.00 80.00 100.00 50.00 100.00 77.78 50.00 100.00 100.00
85.95=77.78 100.00 100.00 100.00 66.67 88.89 100.00 57.14 50.00 100.00 100.00 100.00 88.89 100.00 62.50 100.00 80.00 100.00 100.00 88.89 80.00 83.33 100.00 75.00 83.33 75.00 100.00 100.00 57.14 100.00 50.00
81.24=77.78 100.00 100.00 60.00 57.14 72.73 100.00 60.00 33.33 100.00 87.50 100.00 80.00 100.00 66.67 100.00 100.00 100.00 100.00 88.89 57.14 100.00 50.00 75.00 85.71 66.67 100.00 100.00 50.00 83.33 66.67
63.18=92.31 90.91 62.96 86.36 0.00 53.66 91.67 70.59 30.00 85.00 61.54 64.71 57.58 75.00 78.12 88.46 75.00 50.00 32.14 78.95 7.14 81.48 96.15 18.18 50.00 54.17 50.00 94.44 41.67 62.50 77.78
64.46=96.00 100.00 66.67 83.33 0.00 48.98 84.62 70.00 52.63 80.00 75.00 80.00 71.43 76.00 75.00 75.86 76.47 52.78 40.74 76.19 0.00 82.14 90.91 23.08 50.00 54.17 50.00 95.45 31.25 62.50 76.92
66.12=100.00 100.00 66.67 86.96 0.00 44.23 88.46 63.64 36.84 83.33 65.71 80.00 62.96 73.33 81.48 76.00 80.00 50.00 50.00 65.22 13.33 81.48 91.30 27.78 63.16 68.42 64.29 80.95 37.50 66.67 100.00
65.34=100.00 100.00 72.00 82.61 0.00 53.66 92.00 64.29 40.91 85.00 73.53 72.41 66.67 79.17 82.14 76.92 78.79 45.00 29.17 86.67 20.00 80.77 92.31 31.58 39.13 59.09 52.63 86.36 35.00 75.00 72.73
64.88=94.74 100.00 66.67 80.95 0.00 53.66 91.67 70.59 41.67 78.26 73.53 72.41 62.96 76.00 92.31 68.75 74.19 46.51 41.38 93.75 0.00 88.46 89.29 15.00 56.52 48.00 52.63 90.91 35.00 66.67 88.89
60.20=84.62 95.65 78.26 67.86 0.00 59.52 90.00 73.68 25.00 66.67 60.53 58.54 65.38 70.00 74.07 80.95 75.76 57.14 37.93 45.83 11.11 91.67 89.47 7.69 47.37 44.12 56.00 94.12 27.27 80.00 50.00
59.67=100.00 95.00 75.00 59.26 0.00 53.19 82.14 62.50 25.93 65.00 66.67 58.97 62.07 72.73 70.00 80.95 71.88 53.66 32.00 58.82 0.00 90.91 73.08 5.88 52.63 63.64 66.67 93.75 23.53 62.50 71.43
58.23=95.65 100.00 78.95 76.00 0.00 56.82 87.50 60.87 27.27 58.33 55.56 62.16 67.86 66.67 55.17 74.07 74.07 48.78 28.57 55.00 0.00 86.36 77.27 16.67 42.11 59.26 65.22 86.67 26.32 44.44 71.43
58.91=100.00 100.00 81.82 62.96 0.00 58.97 80.00 65.00 25.00 63.64 58.14 62.16 68.57 68.18 65.71 86.36 86.21 55.26 30.43 55.00 0.00 68.97 83.33 7.14 77.78 48.39 68.18 85.71 18.75 44.44 50.00
58.91=90.00 95.24 77.27 62.96 3.70 58.14 82.14 59.26 25.00 60.87 65.71 66.67 60.53 77.27 59.46 93.75 75.00 61.76 29.17 52.63 0.00 86.96 80.00 0.00 60.00 51.72 75.00 83.33 20.00 50.00 62.50
77.46=60.00 100.00 71.43 66.67 75.00 88.89 100.00 100.00 50.00 83.33 75.00 85.71 83.33 80.00 83.33 100.00 66.67 50.00 100.00 100.00 66.67 71.43 100.00 60.00 83.33 60.00 85.71 71.43 33.33 100.00 50.00
87.28=100.00 100.00 83.33 75.00 100.00 88.89 100.00 100.00 50.00 83.33 100.00 100.00 100.00 80.00 71.43 100.00 72.73 85.71 100.00 100.00 100.00 50.00 100.00 80.00 85.71 75.00 85.71 100.00 55.56 83.33 100.00
86.58=70.00 100.00 100.00 100.00 66.67 70.00 100.00 80.00 71.43 100.00 100.00 75.00 100.00 100.00 87.50 90.00 77.78 100.00 100.00 100.00 75.00 100.00 100.00 60.00 85.71 50.00 75.00 100.00 50.00 100.00 100.00
89.16=87.50 100.00 100.00 100.00 100.00 88.89 100.00 80.00 66.67 66.67 77.78 85.71 87.50 100.00 85.71 90.91 80.00 85.71 100.00 100.00 100.00 57.14 100.00 100.00 88.89 75.00 100.00 100.00 60.00 100.00 100.00
88.63=100.00 100.00 100.00 75.00 100.00 80.00 100.00 80.00 100.00 100.00 75.00 75.00 83.33 100.00 63.64 100.00 72.73 100.00 100.00 100.00 100.00 100.00 100.00 66.67 100.00 60.00 83.33 87.50 45.45 100.00 100.00
63.76=100.00 90.91 75.00 86.36 0.00 53.33 86.96 66.67 33.33 70.00 75.86 55.00 67.86 72.00 71.43 88.00 74.19 55.56 34.62 83.33 5.26 84.00 84.62 18.75 77.78 35.48 45.83 80.95 50.00 75.00 78.57
65.76=95.83 95.45 68.00 90.91 0.00 53.33 95.24 66.67 36.36 85.71 75.76 67.74 67.74 71.43 75.86 76.67 75.76 51.35 44.00 80.00 0.00 84.00 91.67 27.78 43.75 73.68 57.89 100.00 33.33 75.00 77.78
65.09=92.31 100.00 67.86 90.91 3.23 50.00 82.14 73.33 38.89 78.26 70.27 70.00 60.00 80.00 75.86 75.00 75.00 51.28 36.00 78.95 0.00 84.62 91.67 14.29 44.44 76.47 47.06 95.00 35.71 87.50 91.67
64.79=92.00 100.00 58.33 85.71 3.12 52.38 84.00 80.95 36.84 90.00 74.19 74.19 62.07 64.00 81.48 76.67 83.87 48.94 37.04 88.24 0.00 88.00 91.67 26.32 50.00 54.55 56.25 91.30 31.58 83.33 61.54
63.54=95.65 95.65 62.96 77.27 0.00 48.00 87.50 66.67 31.82 77.27 83.33 65.52 58.62 71.43 80.00 73.08 76.67 47.83 33.33 84.21 0.00 91.67 82.76 33.33 41.18 50.00 62.50 86.36 37.50 85.71 81.82
60.60=95.65 100.00 73.91 66.67 0.00 57.14 95.65 50.00 33.33 48.00 68.57 51.06 66.67 68.42 67.86 90.48 78.57 63.89 33.33 66.67 0.00 79.17 80.95 6.67 63.16 64.00 77.78 86.67 23.08 54.55 66.67
60.51=95.83 100.00 73.91 75.00 0.00 65.79 95.65 69.57 20.83 54.17 60.00 55.81 61.76 76.19 72.73 83.33 79.31 57.50 41.67 47.06 0.00 81.48 85.00 0.00 45.00 61.54 76.47 93.33 27.27 57.14 62.50
62.06=95.45 100.00 89.47 66.67 0.00 63.89 95.45 63.16 22.22 60.87 61.54 55.81 53.85 84.21 73.53 90.48 71.88 57.14 47.83 61.11 0.00 77.78 94.74 7.14 60.00 57.14 66.67 70.59 28.57 66.67 80.00
59.50=91.67 100.00 89.47 66.67 0.00 61.11 90.48 62.50 25.00 58.33 61.54 60.53 65.62 63.64 60.53 77.78 66.67 63.89 38.46 50.00 9.09 66.67 78.26 7.14 53.33 76.19 68.42 86.67 23.53 71.43 50.00
60.30=100.00 100.00 88.89 68.97 0.00 59.46 91.67 63.64 30.00 68.42 57.50 55.81 63.64 68.18 73.33 76.92 73.53 52.78 33.33 48.00 0.00 76.92 86.36 8.33 64.71 71.43 73.68 94.44 25.00 44.44 50.00
63.01=95.45 95.24 69.23 78.26 0.00 47.92 82.61 75.00 33.33 93.33 61.11 48.89 50.00 51.61 68.57 82.61 64.71 62.50 43.48 69.23 0.00 80.77 86.96 38.46 70.00 56.52 46.67 100.00 35.00 75.00 90.91
63.93=100.00 100.00 72.00 71.43 0.00 60.00 86.96 83.33 31.25 83.33 53.66 59.46 51.43 70.83 74.19 79.31 64.86 57.50 46.15 75.00 0.00 80.00 80.77 46.15 50.00 56.00 64.29 94.44 36.84 80.00 72.73
59.58=92.00 95.45 66.67 73.08 0.00 52.50 76.92 72.22 19.05 89.47 61.76 57.14 55.56 61.54 66.67 81.48 74.19 52.50 35.00 71.43 0.00 76.92 77.78 30.77 28.57 70.00 50.00 87.50 35.00 71.43 64.29
64.30=100.00 95.45 70.83 64.52 0.00 52.38 87.50 81.25 23.53 93.33 57.89 60.53 51.43 58.06 75.86 80.77 75.86 60.53 40.91 71.43 0.00 88.46 82.14 35.29 45.45 63.64 53.33 84.21 47.06 100.00 91.67
60.41=88.00 90.91 72.00 70.37 0.00 55.26 80.77 65.00 18.75 70.00 56.41 48.89 52.94 63.64 74.19 71.88 79.31 56.10 36.84 76.92 0.00 73.33 86.36 30.00 50.00 73.68 64.29 81.82 26.67 85.71 72.73
81.81=77.78 100.00 100.00 66.67 100.00 85.71 100.00 80.00 83.33 83.33 77.78 55.56 83.33 66.67 100.00 100.00 75.00 55.56 100.00 100.00 80.00 66.67 100.00 75.00 80.00 50.00 85.71 62.50 45.45 100.00 100.00
85.51=70.00 100.00 100.00 100.00 100.00 70.00 100.00 100.00 66.67 71.43 100.00 66.67 100.00 60.00 87.50 100.00 71.43 70.00 100.00 88.89 100.00 57.14 100.00 66.67 100.00 75.00 83.33 100.00 46.15 100.00 100.00
84.82=87.50 100.00 83.33 75.00 66.67 72.73 90.91 100.00 83.33 100.00 75.00 100.00 87.50 100.00 71.43 100.00 80.00 60.00 75.00 100.00 100.00 75.00 100.00 66.67 77.78 60.00 100.00 100.00 41.67 100.00 100.00
81.50=83.33 100.00 85.71 75.00 100.00 85.71 100.00 100.00 60.00 71.43 87.50 66.67 83.33 66.67 66.67 100.00 77.78 100.00 100.00 100.00 80.00 50.00 75.00 100.00 70.00 60.00 75.00 66.67 40.00 100.00 100.00
90.61=100.00 100.00 83.33 100.00 100.00 100.00 90.91 100.00 83.33 100.00 85.71 85.71 87.50 83.33 87.50 100.00 80.00 100.00 87.50 100.00 100.00 100.00 100.00 40.00 72.73 100.00 85.71 100.00 55.56 100.00 100.00
58.44=88.46 95.65 85.71 68.00 0.00 58.54 95.00 50.00 30.43 63.16 66.67 52.27 66.67 64.29 71.88 89.47 67.65 58.33 37.50 58.82 0.00 90.91 72.73 0.00 45.00 50.00 82.35 71.43 23.53 50.00 57.14
60.19=92.00 91.67 69.57 74.07 0.00 53.49 100.00 70.00 22.22 81.25 62.16 61.54 62.96 63.16 66.67 77.27 69.44 57.89 40.00 55.00 0.00 78.26 79.17 8.33 40.00 68.18 65.22 88.89 32.00 55.56 80.00
60.00=88.46 100.00 80.95 64.29 0.00 54.35 88.46 77.27 25.93 93.75 60.98 56.10 58.06 69.57 71.43 78.26 74.19 58.33 36.36 61.11 9.09 76.92 79.17 9.09 42.11 62.50 68.42 93.33 35.29 36.36 50.00
60.09=92.00 100.00 80.95 76.19 0.00 60.98 91.30 66.67 25.00 58.33 61.54 60.53 54.29 61.54 78.57 84.21 76.67 65.71 40.91 52.17 0.00 85.71 76.19 0.00 52.94 68.18 69.57 82.35 13.64 66.67 60.00
59.09=100.00 100.00 84.21 75.00 0.00 52.08 95.65 72.73 17.39 68.18 58.14 62.16 64.71 64.71 73.08 78.26 78.12 55.56 31.82 57.89 0.00 74.07 75.00 5.26 58.82 65.22 63.64 80.00 20.00 50.00 50.00
79.73=87.50 100.00 87.50 50.00 100.00 47.06 90.91 37.50 80.00 100.00 87.50 85.71 85.71 75.00 50.00 100.00 100.00 75.00 100.00 80.00 0.00 100.00 100.00 100.00 85.71 50.00 75.00 100.00 66.67 100.00 75.00
78.43=70.00 100.00 100.00 75.00 100.00 70.00 100.00 50.00 50.00 100.00 87.50 85.71 88.89 66.67 71.43 87.50 100.00 70.00 100.00 85.71 66.67 100.00 100.00 80.00 83.33 0.00 66.67 83.33 42.86 100.00 50.00
81.43=77.78 100.00 87.50 100.00 80.00 66.67 100.00 66.67 50.00 100.00 100.00 100.00 88.89 83.33 40.00 100.00 100.00 87.50 100.00 88.89 50.00 100.00 100.00 66.67 87.50 0.00 66.67 100.00 36.36 100.00 100.00
82.36=100.00 100.00 100.00 75.00 80.00 58.33 100.00 57.14 57.14 57.14 87.50 87.50 100.00 71.43 66.67 83.33 100.00 85.71 83.33 88.89 60.00 83.33 100.00 100.00 62.50 66.67 75.00 100.00 66.67 100.00 100.00
81.81=77.78 100.00 87.50 100.00 80.00 87.50 100.00 57.14 50.00 83.33 77.78 66.67 77.78 100.00 75.00 85.71 100.00 55.56 100.00 80.00 66.67 100.00 100.00 66.67 83.33 33.33 100.00 100.00 44.44 100.00 100.00
63.34=84.62 100.00 73.08 76.92 0.00 52.63 76.00 76.92 25.00 100.00 57.50 50.00 48.65 50.00 73.33 84.00 73.33 58.97 43.48 60.00 0.00 91.67 82.76 42.86 73.33 72.22 55.56 85.71 38.89 71.43 84.62
62.53=91.67 95.65 72.00 70.37 0.00 56.41 80.77 70.59 23.53 78.95 51.35 64.10 57.14 57.14 67.57 85.71 71.88 61.54 39.13 60.00 14.29 79.31 84.00 40.00 46.67 61.11 60.00 85.00 26.92 85.71 100.00
60.19=95.45 95.45 85.00 74.07 0.00 56.41 84.00 65.00 12.50 72.73 63.64 59.46 51.43 65.38 77.42 67.74 75.00 55.81 37.50 71.43 14.29 77.78 84.00 30.00 35.71 59.09 47.06 92.86 23.81 66.67 69.23
61.80=91.67 91.30 69.23 66.67 0.00 56.76 71.43 70.59 14.29 83.33 61.76 60.53 48.72 62.50 77.42 80.77 76.67 57.14 52.63 53.33 0.00 78.12 100.00 43.75 52.94 63.64 38.89 94.74 36.84 83.33 76.92
60.63=85.19 95.45 73.91 73.08 0.00 55.00 84.00 72.22 20.00 72.73 61.11 58.54 48.78 65.22 77.42 86.21 69.70 57.14 47.06 75.00 0.00 76.67 82.61 26.32 38.46 54.17 69.23 76.47 26.32 80.00 71.43
84.09=75.00 100.00 100.00 100.00 80.00 70.00 90.91 100.00 50.00 62.50 100.00 66.67 83.33 66.67 100.00 90.91 80.00 100.00 100.00 100.00 75.00 57.14 100.00 60.00 87.50 100.00 66.67 100.00 44.44 100.00 100.00
81.51=62.50 100.00 100.00 100.00 100.00 83.33 100.00 75.00 62.50 83.33 77.78 60.00 87.50 71.43 85.71 100.00 70.00 55.56 87.50 100.00 80.00 83.33 100.00 66.67 62.50 50.00 100.00 66.67 55.56 100.00 100.00
80.54=77.78 100.00 80.00 75.00 80.00 77.78 100.00 75.00 80.00 71.43 77.78 75.00 83.33 66.67 66.67 100.00 77.78 75.00 100.00 100.00 100.00 50.00 100.00 50.00 66.67 100.00 75.00 85.71 50.00 100.00 80.00
84.84=100.00 100.00 83.33 100.00 100.00 72.73 100.00 75.00 71.43 100.00 87.50 87.50 100.00 83.33 100.00 100.00 66.67 63.64 83.33 100.00 100.00 83.33 100.00 66.67 87.50 75.00 75.00 62.50 45.45 80.00 80.00
82.60=70.00 100.00 80.00 75.00 100.00 83.33 100.00 80.00 44.44 83.33 77.78 60.00 85.71 57.14 100.00 100.00 85.71 75.00 100.00 88.89 80.00 60.00 100.00 80.00 80.00 100.00 85.71 85.71 57.14 85.71 100.00
82.36=87.50 100.00 100.00 75.00 75.00 57.14 83.33 44.44 50.00 83.33 100.00 75.00 71.43 100.00 40.00 66.67 88.89 77.78 100.00 80.00 100.00 100.00 100.00 100.00 87.50 50.00 80.00 100.00 80.00 100.00 100.00
81.32=87.50 100.00 100.00 100.00 100.00 58.33 100.00 80.00 57.14 100.00 87.50 70.00 83.33 100.00 40.00 100.00 88.89 75.00 100.00 72.73 66.67 100.00 100.00 80.00 66.67 0.00 100.00 75.00 57.14 100.00 75.00
80.46=77.78 100.00 87.50 66.67 100.00 61.54 100.00 66.67 20.00 100.00 100.00 85.71 87.50 100.00 71.43 100.00 80.00 77.78 100.00 80.00 33.33 60.00 100.00 100.00 100.00 33.33 100.00 80.00 50.00 100.00 75.00
81.38=87.50 100.00 100.00 75.00 100.00 61.54 90.00 50.00 57.14 100.00 100.00 71.43 85.71 100.00 70.00 100.00 88.89 100.00 100.00 72.73 0.00 83.33 100.00 83.33 88.89 0.00 100.00 100.00 57.14 100.00 100.00
81.34=75.00 100.00 87.50 60.00 100.00 77.78 100.00 42.86 60.00 100.00 100.00 75.00 75.00 83.33 66.67 100.00 87.50 100.00 100.00 80.00 57.14 100.00 100.00 100.00 70.00 25.00 75.00 100.00 57.14 100.00 66.67
65.76=96.00 95.65 73.91 83.33 0.00 53.85 100.00 78.57 42.11 90.00 71.43 52.27 67.74 75.00 88.46 74.07 89.29 56.10 32.14 69.57 7.69 82.76 90.91 23.53 64.29 45.45 47.62 100.00 26.67 60.00 100.00
65.09=92.31 95.00 70.83 86.96 0.00 51.06 88.00 77.78 30.43 77.27 69.44 74.19 62.50 75.00 85.71 82.76 78.79 56.41 40.91 76.19 0.00 82.14 91.30 25.00 41.18 54.55 45.00 100.00 41.67 77.78 87.50
65.37=88.89 100.00 69.23 95.00 0.00 53.33 88.46 75.00 36.36 80.95 74.29 64.71 65.52 73.33 77.78 81.48 82.76 47.73 40.00 75.00 0.00 82.14 95.65 30.00 43.75 52.38 58.82 100.00 33.33 85.71 75.00
64.65=85.71 100.00 60.00 82.61 0.00 57.14 91.67 61.11 34.62 85.00 76.67 67.74 70.37 75.00 83.33 73.33 83.33 55.26 42.86 94.44 0.00 84.62 88.46 31.25 41.18 57.14 55.00 85.00 31.25 70.00 80.00
65.50=88.46 95.45 72.73 86.96 0.00 52.38 91.67 68.75 30.43 72.00 78.79 74.19 55.88 76.00 82.76 76.92 78.12 55.00 40.74 76.19 0.00 80.00 92.00 29.41 61.54 68.42 58.82 95.24 46.15 54.55 90.91
83.94=70.00 100.00 100.00 100.00 100.00 87.50 100.00 75.00 80.00 71.43 77.78 71.43 71.43 57.14 77.78 100.00 66.67 62.50 100.00 100.00 100.00 57.14 100.00 100.00 62.50 75.00 83.33 100.00 55.56 100.00 100.00
82.30=77.78 100.00 71.43 60.00 100.00 70.00 100.00 100.00 55.56 83.33 66.67 66.67 75.00 62.50 100.00 100.00 77.78 71.43 87.50 100.00 100.00 50.00 100.00 80.00 100.00 100.00 100.00 100.00 55.56 80.00 60.00
83.10=66.67 100.00 83.33 60.00 80.00 72.73 100.00 100.00 75.00 100.00 100.00 75.00 77.78 60.00 80.00 90.00 80.00 85.71 100.00 100.00 80.00 71.43 100.00 50.00 80.00 75.00 100.00 100.00 50.00 83.33 100.00
86.75=63.64 100.00 83.33 100.00 66.67 70.00 100.00 100.00 66.67 100.00 100.00 85.71 88.89 83.33 100.00 100.00 72.73 100.00 87.50 88.89 66.67 100.00 100.00 60.00 85.71 100.00 100.00 75.00 44.44 100.00 100.00
84.37=77.78 100.00 100.00 100.00 100.00 77.78 100.00 100.00 83.33 71.43 100.00 71.43 87.50 60.00 75.00 100.00 77.78 62.50 85.71 100.00 80.00 57.14 100.00 60.00 85.71 100.00 100.00 62.50 40.00 100.00 100.00
78.54=100.00 100.00 85.71 66.67 57.14 77.78 100.00 80.00 33.33 83.33 85.71 87.50 77.78 100.00 77.78 100.00 87.50 45.45 100.00 88.89 40.00 40.00 66.67 57.14 85.71 66.67 85.71 100.00 83.33 100.00 75.00
82.79=100.00 100.00 85.71 100.00 80.00 88.89 100.00 66.67 71.43 83.33 87.50 85.71 83.33 66.67 88.89 77.78 80.00 77.78 100.00 88.89 66.67 60.00 100.00 62.50 87.50 100.00 85.71 100.00 71.43 80.00 40.00
85.77=100.00 100.00 85.71 75.00 66.67 100.00 100.00 80.00 100.00 83.33 100.00 87.50 75.00 100.00 100.00 90.91 87.50 75.00 87.50 100.00 100.00 50.00 100.00 55.56 85.71 66.67 83.33 100.00 83.33 100.00 40.00
87.13=87.50 100.00 85.71 75.00 100.00 100.00 100.00 100.00 62.50 100.00 100.00 87.50 75.00 80.00 87.50 100.00 88.89 87.50 100.00 87.50 100.00 75.00 100.00 57.14 100.00 66.67 75.00 100.00 62.50 100.00 60.00
79.62=100.00 83.33 85.71 100.00 100.00 88.89 100.00 57.14 42.86 83.33 87.50 100.00 85.71 100.00 75.00 77.78 70.00 77.78 85.71 85.71 44.44 42.86 100.00 60.00 100.00 50.00 85.71 66.67 57.14 100.00 75.00
81.51=87.50 100.00 100.00 100.00 100.00 50.00 100.00 100.00 80.00 83.33 70.00 66.67 85.71 83.33 100.00 90.00 77.78 50.00 100.00 100.00 100.00 83.33 100.00 50.00 75.00 75.00 66.67 66.67 14.29 71.43 100.00
86.15=77.78 100.00 100.00 100.00 100.00 85.71 100.00 100.00 66.67 100.00 100.00 70.00 100.00 71.43 83.33 91.67 80.00 100.00 71.43 100.00 100.00 100.00 100.00 66.67 55.56 50.00 80.00 85.71 54.55 100.00 80.00
84.25=77.78 100.00 71.43 66.67 100.00 88.89 100.00 100.00 57.14 71.43 87.50 100.00 87.50 40.00 85.71 90.91 72.73 83.33 100.00 88.89 75.00 50.00 100.00 100.00 71.43 100.00 100.00 100.00 45.45 100.00 100.00
80.68=70.00 100.00 100.00 60.00 75.00 77.78 100.00 80.00 66.67 42.86 87.50 75.00 57.14 66.67 100.00 100.00 75.00 71.43 100.00 88.89 100.00 60.00 100.00 60.00 71.43 100.00 85.71 70.00 60.00 100.00 100.00
82.39=70.00 100.00 83.33 100.00 66.67 100.00 100.00 57.14 100.00 100.00 100.00 66.67 85.71 66.67 83.33 75.00 66.67 100.00 70.00 100.00 66.67 83.33 100.00 100.00 66.67 60.00 75.00 66.67 44.44 100.00 100.00
59.61=91.67 100.00 84.21 60.00 0.00 56.82 95.83 66.67 25.00 78.95 68.57 54.55 61.29 63.16 75.86 80.00 73.33 61.76 22.73 55.56 0.00 76.00 93.33 5.88 50.00 48.48 78.95 72.73 20.00 66.67 60.00
60.39=95.83 100.00 84.21 65.52 0.00 58.54 91.30 65.22 30.43 65.22 60.53 58.97 70.59 77.78 66.67 78.26 80.65 54.29 33.33 40.91 20.00 75.00 90.48 5.88 66.67 59.26 61.90 81.25 33.33 58.33 41.67
59.07=100.00 100.00 80.00 67.86 4.00 60.00 88.00 66.67 25.00 58.82 65.00 58.54 57.14 80.00 60.00 80.77 75.00 61.11 29.41 57.14 0.00 81.48 79.17 0.00 47.37 51.61 66.67 89.47 29.41 61.54 50.00
60.09=92.00 100.00 81.82 70.37 0.00 56.82 82.61 75.00 22.22 66.67 60.00 54.76 66.67 77.78 72.41 75.86 80.00 53.66 38.10 61.11 0.00 77.78 80.00 12.50 55.00 57.69 71.43 76.47 22.73 71.43 50.00
60.67=95.45 100.00 80.00 62.96 0.00 56.10 84.62 72.73 36.36 65.00 68.42 60.00 65.52 73.68 62.16 68.18 82.76 53.85 40.91 52.38 14.29 80.77 78.26 4.76 73.68 72.73 76.47 75.00 21.05 57.14 45.45
