59.799618502525206
54.67464093715228
57.57157120924772
58.63583510687483
60.012702288911136
53.585643320823536
57.05912754778403
56.56909645822758
59.35724950349772
60.56843262947953
58.914793946379625
62.54772374078517
60.51138227888694
62.20761943767471
58.7236794835597
74.76213750407298
83.2319114577179
81.14790227693454
87.87075827398408
86.6820276497696
71.89609673480642
83.25879317814803
80.71928967090258
86.50048875855327
86.84971838197644
78.88632872503841
77.01356886840759
80.37752570010635
84.55045850207142
84.19942065103355
59.84756265953476
65.18837047505356
64.64929933019297
63.35375133387108
64.71037523443611
59.7617256808553
59.370732103654305
60.414385560054825
61.05996284521503
60.87060082864844
