60.70=96.00 100.00 90.00 75.00 8.82 50.00 90.91 60.00 46.67 100.00 66.67 78.57 81.82 31.82 30.77 70.00 71.88 83.33 45.24 71.43 0.00 88.00 90.00 23.53 42.86 52.17 52.94 25.00 33.33 45.00 80.00
52.78=84.62 94.74 78.26 82.61 5.88 48.00 91.67 50.00 21.43 75.00 70.00 84.62 66.67 21.05 38.89 72.73 67.74 75.00 27.78 57.69 0.00 83.33 82.61 18.42 48.48 48.00 53.33 27.78 0.00 60.00 0.00
56.45=100.00 95.45 85.71 79.17 5.00 45.28 95.83 35.00 46.15 77.78 63.89 85.19 81.82 15.38 39.13 70.37 75.00 73.33 40.00 53.57 0.00 91.30 80.95 20.69 46.43 45.83 52.94 35.29 0.00 46.67 66.67
56.42=90.91 100.00 85.71 75.00 2.94 50.00 80.77 42.86 42.86 75.00 57.14 79.31 80.00 20.00 33.33 66.67 79.17 68.75 41.46 50.00 0.00 95.24 83.33 23.08 44.44 47.62 47.06 18.75 0.00 85.71 81.82
56.28=100.00 100.00 94.74 76.92 3.23 48.98 76.92 44.44 38.46 94.12 56.76 65.71 68.00 18.52 25.00 69.57 78.57 75.00 37.21 62.50 0.00 95.24 80.00 21.05 43.24 47.37 60.00 37.50 0.00 55.56 70.00
59.77=100.00 100.00 83.33 80.00 3.23 50.00 90.91 68.42 45.00 71.43 62.16 74.19 78.95 55.00 50.00 63.89 69.70 77.78 48.57 59.09 7.14 70.97 81.82 17.39 43.75 83.33 55.56 38.10 28.57 40.00 54.55
59.59=95.65 95.45 72.00 62.50 7.32 51.16 95.65 66.67 53.85 86.67 63.89 81.48 66.67 50.00 38.46 61.76 62.86 67.74 54.55 63.16 8.70 82.76 91.30 15.38 42.86 38.71 52.63 80.00 0.00 81.82 55.56
57.82=100.00 95.65 68.00 54.29 5.13 48.89 95.24 78.57 41.67 90.91 58.54 84.62 62.96 57.69 18.18 52.38 65.79 75.00 50.00 73.68 4.76 75.86 88.00 17.65 48.15 59.09 50.00 55.00 0.00 50.00 66.67
57.40=95.83 95.65 70.83 60.61 2.78 55.56 100.00 61.11 23.08 72.22 53.85 85.71 57.14 50.00 8.33 61.76 67.65 70.00 48.28 77.78 0.00 83.33 95.00 18.18 54.17 54.17 58.82 77.78 0.00 42.86 76.92
56.69=100.00 100.00 68.00 61.29 5.26 57.14 83.33 75.00 36.36 72.22 58.97 84.00 54.05 60.87 7.69 65.71 72.73 63.64 39.29 68.42 0.00 82.14 90.91 16.67 42.31 56.52 55.00 61.11 0.00 57.14 61.54
94.97=100.00 100.00 100.00 100.00 100.00 100.00 100.00 100.00 100.00 100.00 100.00 100.00 100.00 100.00 100.00 100.00 50.00 100.00 66.67 100.00 100.00 100.00 85.71 75.00 66.67 100.00 100.00 100.00 100.00 100.00 100.00
95.99=100.00 100.00 100.00 100.00 100.00 100.00 100.00 75.00 100.00 100.00 100.00 100.00 85.71 80.00 100.00 100.00 75.00 100.00 100.00 100.00 100.00 100.00 100.00 80.00 100.00 100.00 100.00 100.00 80.00 100.00 100.00
97.71=100.00 100.00 100.00 100.00 100.00 100.00 100.00 100.00 100.00 100.00 100.00 100.00 100.00 100.00 88.89 100.00 100.00 100.00 100.00 100.00 100.00 100.00 100.00 100.00 40.00 100.00 100.00 100.00 100.00 100.00 100.00
94.70=100.00 100.00 100.00 100.00 100.00 100.00 100.00 100.00 100.00 100.00 100.00 100.00 85.71 100.00 100.00 100.00 75.00 100.00 100.00 100.00 100.00 100.00 100.00 75.00 66.67 66.67 100.00 100.00 66.67 100.00 100.00
98.66=100.00 100.00 100.00 100.00 100.00 100.00 100.00 100.00 100.00 100.00 100.00 100.00 100.00 100.00 100.00 100.00 75.00 100.00 100.00 100.00 100.00 100.00 100.00 100.00 100.00 100.00 100.00 100.00 83.33 100.00 100.00
95.75=100.00 100.00 100.00 100.00 100.00 75.00 100.00 100.00 100.00 100.00 100.00 100.00 100.00 100.00 100.00 100.00 75.00 100.00 100.00 66.67 100.00 80.00 100.00 100.00 100.00 100.00 100.00 100.00 71.43 100.00 100.00
95.86=100.00 100.00 100.00 100.00 100.00 75.00 100.00 100.00 80.00 100.00 100.00 100.00 100.00 100.00 100.00 100.00 100.00 100.00 100.00 66.67 100.00 100.00 100.00 100.00 66.67 100.00 100.00 100.00 83.33 100.00 100.00
96.83=100.00 100.00 100.00 100.00 100.00 100.00 100.00 100.00 100.00 100.00 100.00 100.00 100.00 80.00 100.00 100.00 100.00 100.00 100.00 100.00 75.00 100.00 100.00 100.00 66.67 100.00 100.00 100.00 100.00 100.00 80.00
94.22=100.00 100.00 100.00 100.00 100.00 100.00 100.00 75.00 100.00 100.00 100.00 100.00 100.00 100.00 100.00 100.00 100.00 100.00 100.00 66.67 100.00 100.00 100.00 75.00 100.00 50.00 100.00 87.50 66.67 100.00 100.00
94.43=100.00 100.00 100.00 75.00 100.00 100.00 100.00 60.00 100.00 100.00 100.00 66.67 100.00 100.00 87.50 100.00 100.00 100.00 100.00 100.00 100.00 100.00 100.00 100.00 66.67 100.00 100.00 100.00 71.43 100.00 100.00
60.46=95.83 100.00 95.00 79.17 21.43 47.06 85.71 68.18 36.36 89.47 77.42 80.00 62.86 42.86 18.18 87.50 79.31 79.31 33.33 57.14 17.65 89.29 72.41 17.39 40.00 88.24 72.22 9.52 50.00 38.46 42.86
57.08=85.19 95.24 85.71 76.92 5.88 48.98 87.50 51.85 38.10 93.75 81.48 80.77 57.14 40.00 40.00 86.36 68.75 68.75 37.84 44.00 11.76 81.48 65.52 24.14 45.16 80.00 65.22 35.29 60.00 26.67 0.00
54.93=95.45 95.45 82.61 73.08 10.00 41.07 95.24 50.00 45.45 80.95 62.86 80.00 61.76 32.00 0.00 82.61 72.73 60.00 52.00 48.15 5.26 81.48 67.74 23.08 34.62 61.54 73.68 36.36 60.00 37.50 0.00
52.55=95.65 100.00 85.71 81.82 5.13 46.67 79.17 53.85 29.17 62.96 65.71 80.00 57.58 26.09 0.00 73.08 81.48 66.67 34.78 62.50 4.17 77.78 62.07 22.86 50.00 55.56 62.50 27.27 45.45 33.33 0.00
58.03=91.67 95.45 90.00 82.61 10.53 52.27 88.00 65.22 50.00 83.33 70.27 76.92 60.00 39.13 0.00 86.96 69.70 64.10 44.44 64.71 0.00 84.00 70.00 24.32 39.39 69.57 73.68 50.00 44.44 58.33 0.00
92.04=100.00 100.00 85.71 100.00 100.00 100.00 100.00 75.00 100.00 100.00 100.00 100.00 100.00 80.00 87.50 100.00 100.00 100.00 66.67 100.00 75.00 100.00 83.33 100.00 33.33 66.67 100.00 100.00 100.00 100.00 100.00
97.31=100.00 100.00 100.00 100.00 100.00 100.00 100.00 100.00 100.00 100.00 100.00 100.00 100.00 100.00 100.00 100.00 100.00 100.00 66.67 100.00 100.00 100.00 100.00 100.00 50.00 100.00 100.00 100.00 100.00 100.00 100.00
96.04=100.00 100.00 100.00 75.00 100.00 100.00 100.00 100.00 100.00 100.00 100.00 100.00 100.00 100.00 100.00 85.71 100.00 100.00 66.67 100.00 100.00 100.00 100.00 100.00 50.00 100.00 100.00 100.00 100.00 100.00 100.00
96.51=100.00 100.00 100.00 75.00 100.00 100.00 100.00 100.00 100.00 100.00 100.00 100.00 100.00 100.00 100.00 100.00 100.00 100.00 66.67 100.00 100.00 100.00 100.00 100.00 50.00 100.00 100.00 100.00 100.00 100.00 100.00
95.56=100.00 100.00 100.00 60.00 100.00 100.00 100.00 100.00 80.00 100.00 100.00 100.00 100.00 100.00 88.89 100.00 100.00 100.00 100.00 100.00 100.00 100.00 100.00 100.00 66.67 66.67 100.00 100.00 100.00 100.00 100.00
55.05=95.83 95.45 64.00 83.33 3.70 41.51 90.91 47.62 47.37 100.00 56.76 61.11 64.71 47.62 0.00 70.37 84.62 65.62 50.00 68.18 0.00 73.33 78.26 28.12 50.00 57.14 58.82 22.22 0.00 40.00 60.00
55.41=85.71 95.24 80.95 83.33 0.00 50.00 83.33 47.83 31.25 84.21 60.53 75.86 65.52 50.00 7.69 77.42 74.19 62.16 40.54 66.67 0.00 76.00 78.26 18.52 48.48 55.00 69.23 36.36 0.00 38.46 75.00
56.83=86.96 95.00 82.61 70.37 0.00 46.00 81.48 42.11 33.33 93.33 63.89 76.67 67.74 40.91 0.00 78.26 84.62 55.26 36.11 60.00 0.00 85.71 73.91 28.57 58.62 52.38 66.67 50.00 0.00 63.64 87.50
57.24=95.24 100.00 85.71 83.33 0.00 52.08 91.30 39.13 33.33 83.33 55.81 77.78 70.97 55.56 16.67 77.42 77.78 62.16 50.00 53.57 0.00 100.00 76.92 28.57 59.26 55.00 50.00 30.77 0.00 46.15 66.67
56.04=95.83 100.00 81.82 86.96 2.56 53.19 86.36 47.62 35.71 88.89 52.17 68.75 75.00 36.84 0.00 73.33 79.17 61.76 46.67 53.57 0.00 79.31 76.00 23.33 52.00 52.38 62.50 50.00 0.00 60.00 55.56
84.97=100.00 100.00 100.00 100.00 100.00 100.00 100.00 100.00 80.00 100.00 75.00 50.00 80.00 100.00 100.00 85.71 60.00 100.00 66.67 66.67 100.00 100.00 100.00 50.00 20.00 100.00 100.00 100.00 0.00 100.00 100.00
95.93=100.00 100.00 100.00 100.00 100.00 100.00 100.00 100.00 100.00 100.00 100.00 100.00 100.00 100.00 100.00 100.00 100.00 100.00 66.67 100.00 100.00 100.00 100.00 57.14 50.00 100.00 100.00 100.00 100.00 100.00 100.00
86.85=100.00 100.00 100.00 75.00 100.00 100.00 100.00 100.00 100.00 100.00 100.00 100.00 100.00 100.00 100.00 85.71 75.00 100.00 66.67 50.00 100.00 100.00 100.00 40.00 33.33 66.67 100.00 100.00 0.00 100.00 100.00
87.31=100.00 100.00 100.00 100.00 100.00 100.00 100.00 100.00 100.00 100.00 100.00 66.67 80.00 80.00 100.00 75.00 75.00 100.00 100.00 66.67 100.00 80.00 100.00 50.00 66.67 66.67 100.00 100.00 0.00 100.00 100.00
89.41=100.00 100.00 100.00 100.00 100.00 100.00 100.00 100.00 100.00 80.00 100.00 100.00 100.00 100.00 100.00 100.00 50.00 100.00 33.33 100.00 100.00 100.00 100.00 50.00 25.00 66.67 100.00 100.00 100.00 100.00 66.67
92.20=100.00 100.00 100.00 100.00 100.00 75.00 100.00 100.00 100.00 100.00 100.00 66.67 100.00 100.00 85.71 100.00 75.00 100.00 66.67 100.00 75.00 80.00 100.00 80.00 100.00 66.67 100.00 87.50 100.00 100.00 100.00
90.65=100.00 100.00 100.00 100.00 100.00 50.00 100.00 100.00 80.00 100.00 75.00 50.00 100.00 66.67 100.00 100.00 100.00 100.00 100.00 66.67 100.00 100.00 100.00 80.00 66.67 100.00 75.00 100.00 100.00 100.00 100.00
92.74=100.00 100.00 100.00 100.00 100.00 100.00 100.00 75.00 100.00 100.00 100.00 66.67 100.00 100.00 100.00 100.00 100.00 100.00 100.00 50.00 100.00 100.00 100.00 66.67 66.67 50.00 100.00 100.00 100.00 100.00 100.00
96.40=100.00 100.00 100.00 100.00 100.00 100.00 100.00 75.00 100.00 100.00 100.00 66.67 100.00 100.00 100.00 100.00 100.00 100.00 100.00 100.00 100.00 80.00 100.00 100.00 100.00 66.67 100.00 100.00 100.00 100.00 100.00
91.96=100.00 100.00 100.00 100.00 100.00 100.00 100.00 100.00 100.00 100.00 75.00 50.00 80.00 100.00 87.50 100.00 75.00 100.00 66.67 66.67 100.00 100.00 83.33 100.00 100.00 100.00 100.00 100.00 100.00 100.00 66.67
82.28=100.00 100.00 100.00 100.00 100.00 33.33 100.00 66.67 75.00 100.00 100.00 66.67 85.71 66.67 50.00 100.00 100.00 100.00 100.00 100.00 14.29 100.00 85.71 66.67 40.00 100.00 100.00 100.00 0.00 100.00 100.00
83.66=100.00 100.00 100.00 100.00 100.00 60.00 100.00 75.00 100.00 100.00 100.00 66.67 100.00 100.00 100.00 100.00 75.00 100.00 100.00 66.67 20.00 100.00 100.00 50.00 66.67 33.33 80.00 100.00 0.00 100.00 100.00
92.47=100.00 100.00 100.00 100.00 100.00 100.00 100.00 50.00 100.00 100.00 100.00 100.00 100.00 80.00 100.00 100.00 100.00 100.00 100.00 100.00 60.00 100.00 100.00 100.00 50.00 66.67 80.00 100.00 80.00 100.00 100.00
92.12=100.00 100.00 100.00 100.00 100.00 75.00 100.00 75.00 100.00 100.00 100.00 100.00 85.71 100.00 100.00 100.00 100.00 100.00 100.00 100.00 60.00 80.00 100.00 66.67 66.67 100.00 100.00 100.00 66.67 80.00 100.00
89.89=100.00 100.00 100.00 100.00 100.00 100.00 100.00 60.00 80.00 75.00 100.00 100.00 100.00 80.00 100.00 100.00 100.00 50.00 66.67 66.67 75.00 100.00 100.00 100.00 66.67 100.00 100.00 100.00 66.67 100.00 100.00
56.74=91.30 95.45 79.17 83.33 12.82 46.81 79.17 63.64 42.11 84.21 63.16 65.71 62.16 44.44 0.00 95.00 74.07 65.71 40.00 45.45 4.55 71.88 68.75 28.00 42.31 83.33 75.00 41.67 0.00 22.22 87.50
58.66=100.00 100.00 79.17 83.33 2.70 54.55 87.50 66.67 40.00 75.00 61.54 65.52 53.66 61.90 11.76 79.17 86.96 69.44 40.62 64.71 4.76 80.00 64.52 25.00 43.48 78.95 63.64 53.85 0.00 50.00 70.00
58.19=95.24 100.00 80.00 85.71 5.00 53.49 81.82 64.00 34.62 83.33 60.00 67.65 66.67 56.52 0.00 77.78 82.14 72.73 40.62 45.83 0.00 82.14 76.92 26.67 46.88 88.24 68.75 72.73 0.00 30.00 58.33
58.62=100.00 100.00 81.82 86.36 6.06 52.17 81.82 61.54 36.84 85.00 61.54 65.62 67.65 72.73 0.00 82.14 66.67 68.75 36.11 48.15 6.67 82.14 80.77 24.24 55.00 76.47 62.50 53.33 0.00 40.00 75.00
58.10=100.00 100.00 73.91 70.37 5.56 53.49 91.30 66.67 38.10 87.50 62.16 83.33 62.86 62.50 0.00 82.61 75.00 69.70 45.16 55.00 0.00 76.67 70.97 22.58 59.09 71.43 77.78 37.50 0.00 25.00 75.00
56.74=100.00 95.24 80.00 76.00 2.63 44.23 91.67 61.54 35.29 81.25 60.53 76.67 60.61 58.62 8.33 77.78 85.19 63.33 53.57 54.17 0.00 69.70 81.48 19.05 55.56 50.00 46.15 63.64 0.00 46.67 60.00
61.19=88.46 95.65 72.73 83.33 0.00 52.17 95.24 85.71 45.45 87.50 53.19 82.76 58.06 57.14 21.74 71.43 70.00 73.33 48.15 50.00 0.00 92.59 82.61 16.00 65.38 57.89 63.16 63.64 0.00 63.64 100.00
59.17=100.00 91.67 80.95 71.43 0.00 48.00 100.00 80.00 21.43 92.31 55.56 84.62 61.29 68.00 5.88 75.86 68.97 64.71 50.00 58.33 0.00 77.42 87.50 22.73 70.59 57.69 64.71 57.89 0.00 50.00 66.67
59.22=95.83 95.45 69.23 64.52 0.00 48.00 95.00 91.67 50.00 80.95 62.86 78.57 54.05 77.27 28.57 72.41 77.42 59.46 54.17 50.00 0.00 85.71 86.96 19.05 60.00 54.17 57.89 78.57 0.00 38.10 50.00
60.20=100.00 100.00 84.21 73.08 0.00 51.16 90.48 75.00 50.00 72.73 63.89 78.57 63.33 53.57 40.00 66.67 66.67 47.62 48.15 46.15 3.85 85.19 85.71 26.32 77.78 58.33 50.00 83.33 0.00 46.67 77.78
56.97=95.83 95.24 89.47 90.91 0.00 44.90 86.96 45.45 33.33 93.75 56.76 56.10 65.22 53.85 0.00 80.77 79.31 55.00 46.67 57.69 0.00 95.24 80.95 21.88 53.85 47.62 75.00 44.44 0.00 53.33 66.67
56.19=100.00 95.00 78.26 86.96 0.00 47.06 95.45 45.45 29.41 83.33 51.22 75.86 67.65 38.89 0.00 68.97 75.00 59.46 47.06 65.22 0.00 96.00 84.21 25.81 46.43 58.82 45.00 47.06 0.00 53.33 75.00
55.88=88.46 100.00 80.00 80.00 0.00 51.02 85.00 41.67 42.11 78.95 56.10 78.57 71.43 40.00 0.00 70.97 81.48 61.76 42.50 65.22 0.00 85.19 85.71 21.43 54.55 75.00 56.25 31.25 0.00 36.36 71.43
55.47=95.83 100.00 89.47 83.33 0.00 53.49 87.50 35.71 35.29 94.44 62.16 69.70 61.54 50.00 0.00 65.52 79.31 60.53 38.46 59.26 0.00 87.50 72.00 25.81 56.52 50.00 56.25 20.00 0.00 50.00 80.00
56.55=92.00 100.00 81.82 80.00 0.00 53.33 87.50 36.00 16.67 80.95 58.33 73.33 67.74 57.89 5.56 72.41 75.00 62.50 43.75 62.50 0.00 92.00 82.61 25.00 53.85 66.67 42.11 53.85 0.00 58.33 71.43
81.86=100.00 100.00 100.00 100.00 100.00 60.00 100.00 60.00 75.00 100.00 100.00 100.00 85.71 80.00 42.86 100.00 60.00 66.67 100.00 100.00 37.50 80.00 100.00 50.00 40.00 100.00 100.00 100.00 0.00 100.00 100.00
82.30=100.00 100.00 100.00 100.00 100.00 50.00 100.00 75.00 80.00 100.00 100.00 100.00 100.00 100.00 42.86 83.33 60.00 50.00 100.00 100.00 16.67 80.00 100.00 80.00 33.33 100.00 100.00 100.00 0.00 100.00 100.00
86.15=100.00 100.00 100.00 100.00 100.00 60.00 75.00 60.00 100.00 100.00 100.00 100.00 100.00 100.00 66.67 100.00 60.00 100.00 100.00 100.00 75.00 100.00 100.00 80.00 33.33 100.00 100.00 85.71 0.00 75.00 100.00
78.92=100.00 100.00 100.00 75.00 100.00 40.00 100.00 40.00 100.00 80.00 75.00 66.67 83.33 100.00 50.00 100.00 60.00 100.00 100.00 66.67 0.00 100.00 100.00 60.00 50.00 100.00 100.00 100.00 0.00 100.00 100.00
84.92=100.00 100.00 100.00 100.00 100.00 100.00 100.00 60.00 100.00 100.00 60.00 66.67 80.00 100.00 85.71 66.67 75.00 100.00 100.00 66.67 60.00 80.00 100.00 75.00 40.00 50.00 100.00 100.00 66.67 100.00 100.00
58.34=95.83 95.24 89.47 79.17 7.14 48.00 95.24 63.16 40.00 88.89 66.67 82.14 63.16 59.09 0.00 86.96 77.78 64.71 39.29 38.10 0.00 66.67 80.00 22.22 50.00 66.67 70.00 54.55 0.00 38.46 80.00
57.66=95.65 100.00 86.36 72.00 5.71 53.49 88.00 64.00 37.50 75.00 68.57 75.86 67.57 73.91 7.69 82.14 79.31 70.00 44.00 44.44 0.00 79.31 74.07 32.00 41.18 94.12 77.78 16.67 0.00 27.27 53.85
61.15=100.00 100.00 81.82 73.08 2.50 52.17 87.50 69.23 31.82 100.00 75.76 75.86 61.11 69.57 7.14 80.00 76.67 65.62 48.39 45.45 4.76 82.76 75.86 24.14 59.09 78.95 75.00 61.54 0.00 60.00 70.00
57.28=92.00 100.00 94.44 79.17 6.25 51.06 85.71 57.69 20.69 70.83 66.67 70.00 62.86 60.00 6.67 81.48 80.00 68.75 36.67 50.00 0.00 73.08 82.61 18.75 52.38 84.21 82.35 40.00 0.00 26.32 75.00
58.98=100.00 100.00 85.00 86.96 3.03 57.89 80.77 64.00 39.13 94.12 67.65 73.33 60.53 65.00 6.25 84.00 79.31 66.67 40.00 50.00 0.00 79.31 80.00 30.00 51.85 85.00 76.19 30.00 0.00 12.50 80.00
56.28=87.50 95.65 94.12 80.00 0.00 44.44 91.30 64.29 30.77 85.71 61.11 79.31 54.55 62.96 0.00 74.19 74.19 57.50 46.43 52.38 0.00 75.76 84.00 16.67 56.25 50.00 55.56 61.54 0.00 38.46 70.00
57.73=100.00 100.00 80.95 71.43 4.76 51.28 90.91 72.22 26.67 93.75 56.41 85.19 55.88 57.69 0.00 65.62 82.14 56.76 60.71 44.44 0.00 72.22 84.62 23.53 62.50 61.90 50.00 50.00 0.00 64.29 63.64
58.18=100.00 100.00 94.44 71.43 0.00 52.27 95.65 76.92 22.22 82.35 60.00 79.31 61.11 63.64 0.00 70.00 73.08 66.67 53.57 68.42 0.00 80.00 91.30 11.54 72.22 54.17 60.00 50.00 0.00 34.78 58.33
59.24=100.00 95.65 64.29 70.37 2.27 55.81 100.00 87.50 33.33 78.95 56.10 82.14 61.29 57.69 0.00 84.00 82.14 53.85 60.87 54.17 0.00 75.76 91.30 20.00 58.33 59.09 53.33 73.33 0.00 58.33 66.67
57.01=96.00 100.00 73.91 78.26 0.00 50.00 95.24 81.25 40.00 66.67 57.14 85.19 57.14 58.33 0.00 74.07 77.78 52.38 54.55 50.00 0.00 77.42 82.14 23.53 66.67 75.00 61.54 41.67 0.00 44.44 47.06
90.86=100.00 100.00 100.00 100.00 100.00 75.00 100.00 100.00 100.00 100.00 100.00 100.00 100.00 100.00 100.00 75.00 100.00 100.00 100.00 100.00 50.00 66.67 100.00 50.00 100.00 100.00 100.00 100.00 0.00 100.00 100.00
87.97=100.00 100.00 100.00 100.00 100.00 100.00 100.00 66.67 100.00 80.00 100.00 66.67 100.00 80.00 87.50 100.00 75.00 100.00 100.00 100.00 100.00 100.00 100.00 44.44 66.67 100.00 100.00 100.00 0.00 60.00 100.00
85.80=100.00 100.00 100.00 100.00 100.00 60.00 100.00 75.00 100.00 100.00 100.00 100.00 100.00 75.00 100.00 83.33 100.00 100.00 66.67 100.00 33.33 100.00 100.00 36.36 50.00 100.00 100.00 100.00 0.00 80.00 100.00
86.84=100.00 100.00 100.00 100.00 100.00 42.86 100.00 100.00 100.00 100.00 100.00 100.00 100.00 80.00 71.43 85.71 100.00 100.00 100.00 50.00 100.00 100.00 100.00 28.57 100.00 66.67 100.00 100.00 0.00 66.67 100.00
89.44=75.00 100.00 100.00 100.00 100.00 100.00 100.00 100.00 100.00 100.00 100.00 50.00 100.00 100.00 75.00 100.00 100.00 100.00 100.00 100.00 60.00 100.00 100.00 50.00 100.00 100.00 100.00 87.50 0.00 75.00 100.00
81.29=100.00 100.00 100.00 100.00 100.00 75.00 100.00 100.00 100.00 100.00 75.00 33.33 100.00 100.00 100.00 100.00 50.00 66.67 50.00 66.67 60.00 80.00 100.00 33.33 50.00 100.00 80.00 100.00 0.00 100.00 100.00
88.76=100.00 100.00 100.00 100.00 100.00 100.00 100.00 75.00 100.00 100.00 75.00 100.00 100.00 100.00 100.00 100.00 100.00 100.00 66.67 100.00 75.00 80.00 100.00 50.00 50.00 100.00 100.00 100.00 0.00 80.00 100.00
87.15=100.00 100.00 100.00 100.00 100.00 100.00 100.00 100.00 100.00 80.00 100.00 100.00 100.00 100.00 100.00 100.00 75.00 100.00 40.00 100.00 75.00 75.00 100.00 40.00 50.00 66.67 100.00 100.00 0.00 100.00 100.00
88.17=75.00 100.00 100.00 100.00 100.00 75.00 100.00 100.00 100.00 100.00 75.00 100.00 100.00 100.00 100.00 100.00 75.00 66.67 66.67 100.00 100.00 100.00 100.00 50.00 50.00 100.00 100.00 100.00 0.00 100.00 100.00
91.84=100.00 100.00 100.00 100.00 100.00 100.00 100.00 100.00 100.00 100.00 100.00 100.00 100.00 100.00 87.50 100.00 75.00 100.00 50.00 100.00 75.00 100.00 100.00 57.14 50.00 66.67 100.00 85.71 100.00 100.00 100.00
