99.16666666666666
94.7948717948718
97.34848484848484
98.33333333333334
100.0
95.4468524251806
95.09920634920636
96.55545112781955
98.19852941176471
98.15686274509804
95.48631924723468
95.12977759082185
95.54181213152734
87.47933181821763
86.79586599399987
88.00373358642217
89.21389428700586
89.00116558551208
88.3959322431276
89.23729928435927
95.01053113553114
97.49188311688312
97.23376623376623
97.609243697479
96.43092201915731
94.16666666666666
94.28571428571429
97.14285714285714
96.07142857142858
100.0
100.0
90.9090909090909
97.73809523809523
96.66666666666666
90.9090909090909
87.38892686261107
86.30050505050505
88.56060606060606
88.44155844155844
90.3030303030303
88.28209222848626
81.6005149433365
89.40968508615568
88.8384492473299
89.21389428700586
90.9090909090909
98.33333333333333
100.0
97.5
88.26446280991735
86.4002664002664
87.5597508552054
88.33624708624708
85.08824508824509
89.0909090909091
89.75102084676554
87.87742094110678
88.57854162338492
81.57645718375746
81.53682927071537
100.0
100.0
97.80219780219781
100.0
100.0
89.0338392610429
89.39730042214514
88.4642206194282
81.77345213447698
89.00445715246825
89.39393939393939
89.61038961038962
89.39393939393939
89.39393939393939
88.31168831168831
81.9355970144344
81.19835641112236
88.84869880169711
75.44786476463494
88.83086180958522
88.35497835497836
89.65367965367965
89.61038961038962
88.02139037433155
88.8961038961039
100.0
100.0
100.0
100.0
97.5
75.63050908828629
82.13745262977999
88.80224958200334
81.55495502333844
89.7668949002526
82.12603717609976
89.1582656563975
81.45030234315949
81.45338328568143
81.59002670548819
90.9090909090909
100.0
100.0
88.26446280991735
89.39393939393939
90.9090909090909
89.39393939393939
89.39393939393939
90.9090909090909
81.94444444444444
96.9047619047619
100.0
100.0
99.16666666666666
100.0
81.60559495665878
81.39016562272971
81.6034399575433
82.12764672628225
89.23468400900012
90.3409090909091
89.1053391053391
81.94444444444444
90.3030303030303
88.62203972498091
89.03554778554779
88.44155844155844
89.00432900432901
87.9781003310415
81.22171945701358
89.39393939393939
80.75396825396825
89.39393939393939
81.94444444444444
87.57575757575758
89.42974159360713
81.79551119163135
89.00271826119106
81.72905531572275
81.76853905813533
85.97402597402598
89.39393939393939
90.9090909090909
88.48484848484848
90.9090909090909
89.65367965367965
88.58416093710211
89.73484848484848
88.63636363636364
81.66666666666667
90.20979020979021
89.5021645021645
86.45021645021644
87.69355644355645
89.61038961038962
89.39393939393939
89.39393939393939
89.39393939393939
89.39393939393939
89.39393939393939
89.20008912655972
90.25974025974027
90.3409090909091
89.12337662337663
88.51731601731602
100.0
96.33333333333334
100.0
100.0
100.0
89.77272727272727
88.39285714285714
89.0422077922078
88.44155844155844
89.56043956043956
86.03771228771228
82.8125
82.77777777777777
90.3409090909091
90.9090909090909
81.44748927114966
82.31114668089458
89.42694210551355
75.32865066375705
70.3428889286211
97.16666666666666
97.14285714285714
90.9090909090909
89.5104895104895
98.33333333333333
88.31168831168831
89.77272727272727
90.25974025974027
87.93706293706295
90.25974025974027
75.9467484045256
75.6250654107797
75.93040631893547
81.74433307602
81.7966539272714
81.66666666666667
89.39393939393939
90.20979020979021
89.39393939393939
90.9090909090909
89.20454545454545
89.69155844155844
90.9090909090909
90.3030303030303
89.65367965367965
81.39989113129063
75.63064826015797
81.22344787717458
81.77913442940039
80.49816888943053
89.20454545454545
88.3982683982684
88.34290709290711
88.70320855614973
89.0256802021508
88.39160839160839
80.02923976608187
89.16666666666666
89.07563025210084
82.13675213675214
82.73809523809524
83.33333333333333
83.33333333333333
82.17147435897436
83.33333333333333
85.95779220779221
81.36574074074075
88.54087089381208
82.77777777777777
90.3409090909091
100.0
100.0
100.0
90.9090909090909
99.23076923076924
90.08264462809917
99.16666666666666
90.9090909090909
89.39393939393939
87.3026973026973
82.0940489722459
75.09643956105566
81.24511110630483
81.60466602099777
81.94448315372229
88.99225774225773
82.8125
90.25974025974027
76.4423076923077
88.24675324675326
90.3030303030303
90.3409090909091
88.0061115355233
79.96031746031747
90.3409090909091
100.0
90.15151515151514
100.0
88.56749311294766
90.9090909090909
83.33333333333333
82.77777777777777
89.69155844155844
83.33333333333333
90.3409090909091
75.08957408816231
81.48426263452859
81.42857265220817
75.42986732956338
81.979157620495
83.33333333333333
81.48148148148148
89.39393939393939
89.39393939393939
87.95454545454545
74.96842230570921
75.28572568473462
75.78693754595697
75.48036006546644
75.94596673168101
75.46864899806077
76.4423076923077
82.3529411764706
75.78191039729501
82.57575757575758
75.78520995912301
75.96660506513855
75.12840872253453
75.77456940222898
76.12136827975337
75.6565683556565
69.9316229561373
74.96710471322262
75.3983296999023
69.54445049717785
75.47545845350166
75.76886049324898
75.63101573747147
75.46611834562806
76.11426978818282
75.57477184319099
75.22482971972404
70.14489838488586
75.43123850740514
75.23929406233506
89.61038961038962
76.92307692307692
90.9090909090909
80.625
89.0909090909091
75.81750392464679
75.75007777864198
76.1029526029526
75.95250780965067
75.93537891161753
81.94444444444444
81.94444444444444
81.94444444444444
74.54212454212454
83.33333333333333
83.33333333333333
89.69155844155844
76.92307692307692
76.92307692307692
82.25694444444444
81.94444444444444
83.33333333333333
79.91071428571429
81.25
75.64102564102565
76.92307692307692
90.3409090909091
83.33333333333333
76.01809954751131
83.33333333333333
82.09706959706959
76.37362637362638
83.33333333333333
82.24789915966387
76.92307692307692
75.46729475974759
75.92794673027231
75.43076968921774
75.75447960153889
75.93961352657006
87.0862470862471
83.33333333333333
90.9090909090909
90.9090909090909
90.08264462809917
83.33333333333333
81.94444444444444
76.92307692307692
83.33333333333333
83.33333333333333
90.9090909090909
90.9090909090909
89.0909090909091
90.08264462809917
90.9090909090909
81.73202614379085
76.41025641025641
81.2765522875817
82.14285714285715
83.33333333333333
65.45408706014288
75.53058723313794
70.32329372754904
69.8383343936288
70.15779107995782
76.92307692307692
76.33136094674556
81.69642857142857
76.41025641025641
81.62202380952381
90.9090909090909
89.61038961038962
89.17355371900827
90.9090909090909
90.9090909090909
83.33333333333333
76.06837606837607
82.14285714285715
82.14285714285715
81.94444444444444
82.63888888888889
82.73809523809524
75.34798534798534
82.21726190476191
83.33333333333333
82.77777777777777
82.77777777777777
82.8125
83.33333333333333
82.77777777777777
75.92196209587513
76.10690899856705
75.3125052104591
75.93509580591648
75.9510219087991
81.94444444444444
76.92307692307692
80.0
76.92307692307692
83.33333333333333
76.11426978818282
75.78669267465044
75.60154047236114
76.11426978818282
76.08495156119018
90.15151515151514
89.32506887052341
90.9090909090909
90.9090909090909
83.33333333333333
76.1111300707574
75.93928648183967
70.1824092309246
76.09574718378705
76.28079436902966
75.56806246775851
75.4056656016205
75.22732899261922
69.99195455212528
75.41736003480436
90.9090909090909
90.9090909090909
90.9090909090909
90.08264462809917
88.63636363636364
90.9090909090909
88.09523809523809
88.56749311294766
90.9090909090909
83.33333333333333
82.73809523809524
76.92307692307692
76.92307692307692
82.73809523809524
75.7396449704142
80.95238095238095
83.33333333333333
81.94444444444444
81.94444444444444
83.33333333333333
76.4423076923077
82.0970695970696
76.92307692307692
76.37362637362638
83.33333333333333
75.82417582417582
83.33333333333333
83.33333333333333
82.29166666666667
76.92307692307692
82.63888888888889
83.33333333333333
88.85281385281385
90.9090909090909
82.63888888888889
76.28149386845038
76.27467444673735
75.44857877684625
76.07456036027465
75.65041066593861
81.66666666666667
83.33333333333333
83.33333333333333
83.33333333333333
83.33333333333333
82.73809523809524
82.73809523809524
75.89285714285714
82.73809523809524
76.92307692307692
82.73809523809524
81.1061507936508
81.06646825396825
82.21726190476191
81.79738562091502
75.62842476841521
75.93635206401164
75.94658119658119
76.27508361204013
75.77879508349662
75.82417582417582
83.33333333333333
83.33333333333333
75.64102564102565
82.14285714285715
82.63888888888889
88.85281385281384
90.9090909090909
89.39393939393939
90.9090909090909
74.35897435897436
83.33333333333333
83.33333333333333
83.33333333333333
83.33333333333333
82.22222222222223
83.33333333333333
83.33333333333333
83.33333333333333
81.52777777777777
75.76369206818092
70.35283167063746
76.09186217990205
76.11824598906665
75.96073617663104
76.92307692307692
83.33333333333333
83.33333333333333
83.33333333333333
82.77777777777777
80.95238095238095
90.9090909090909
80.97222222222221
83.33333333333333
83.33333333333333
83.33333333333333
76.37362637362638
81.53044871794872
83.33333333333333
76.37362637362638
83.33333333333333
83.33333333333333
83.33333333333333
83.33333333333333
83.33333333333333
75.41666666666666
76.41025641025641
76.41025641025641
76.92307692307692
75.89285714285714
75.58447356764182
75.2102919346858
70.21001526633566
70.18251908962858
69.88680906077651
83.33333333333333
83.33333333333333
81.94444444444444
90.15151515151514
83.33333333333333
82.14285714285715
76.92307692307692
81.94444444444444
81.94444444444444
76.92307692307692
83.33333333333333
76.15384615384616
83.33333333333333
83.33333333333333
83.33333333333333
83.33333333333333
82.14285714285715
76.92307692307692
83.33333333333333
83.33333333333333
82.8125
76.92307692307692
76.92307692307692
76.92307692307692
76.37362637362638
75.76793252638059
75.6070440193875
75.40631309344056
70.99089635854342
70.24074447408142
83.33333333333333
83.33333333333333
83.33333333333333
83.33333333333333
82.14285714285715
76.92307692307692
76.92307692307692
76.92307692307692
81.66666666666667
83.33333333333333
83.33333333333333
82.14285714285715
83.33333333333333
81.94444444444444
83.33333333333333
75.47699849170438
76.92307692307692
76.41025641025641
76.92307692307692
83.33333333333333
75.5583773255177
70.48063782662992
69.69408881565049
70.33449477351917
69.88603702350505
76.92307692307692
76.92307692307692
76.92307692307692
75.78191039729502
76.33136094674556
76.28696963735327
75.9735727351497
76.12138570649209
76.11142656735362
75.9060748823135
83.33333333333333
83.33333333333333
83.33333333333333
81.4484126984127
83.33333333333333
76.37362637362638
76.37362637362638
76.92307692307692
75.86080586080585
76.92307692307692
75.96153846153847
75.41666666666666
76.37362637362638
75.56561085972851
76.41025641025641
83.33333333333333
82.14285714285715
82.5
82.14285714285715
76.92307692307692
76.92307692307692
76.41025641025641
76.4423076923077
76.92307692307692
75.92948717948717
81.66666666666667
76.92307692307692
83.33333333333333
81.10119047619048
82.4074074074074
83.33333333333333
83.33333333333333
83.33333333333333
83.33333333333333
76.92307692307692
70.1721571111815
70.17999746482444
69.68284178346904
74.91112176777621
70.16456356881888
76.92307692307692
76.37362637362638
76.37362637362638
76.92307692307692
76.33136094674556
76.92307692307692
75.64102564102565
83.33333333333333
75.82417582417582
82.14285714285715
75.96753955264593
75.58241984143928
70.02619661662216
75.99155304004802
75.94063545150502
70.32577005957663
70.32907387879165
70.16703990084646
65.49863221884499
69.84378942057018
70.98214285714286
76.92307692307692
76.92307692307692
76.92307692307692
76.92307692307692
70.01285948094458
70.00040156176638
69.70145947899445
70.32577005957663
70.47538062844185
83.33333333333333
76.92307692307692
90.15151515151514
82.14285714285715
83.33333333333333
76.92307692307692
76.92307692307692
76.92307692307692
76.92307692307692
75.92948717948717
90.9090909090909
76.22377622377623
83.33333333333333
76.92307692307692
83.33333333333333
76.37362637362638
76.92307692307692
76.92307692307692
76.92307692307692
75.92948717948717
69.74691793949285
75.08756986557313
70.01491626550953
70.31452486981928
65.20466595970308
70.32988041152315
76.28696963735327
75.9685418631907
75.75007777864198
70.8055916670679
69.66537603183566
70.31996309161963
70.00108554059922
70.02387907359683
61.39950012179236
81.66666666666667
90.9090909090909
83.33333333333333
81.94444444444444
82.14285714285715
83.33333333333333
83.33333333333333
83.33333333333333
76.92307692307692
82.14285714285715
75.1923076923077
76.92307692307692
76.92307692307692
75.0915750915751
76.92307692307692
76.28451045970226
75.73446642422397
76.10260299188509
75.45869254518567
70.02823921596223
76.92307692307692
76.92307692307692
76.92307692307692
76.92307692307692
71.42857142857143
76.92307692307692
82.14285714285715
75.64102564102565
76.92307692307692
76.92307692307692
83.33333333333333
76.15384615384616
83.33333333333333
83.33333333333333
83.33333333333333
