76.32616487455198
78.84722804077643
81.77571532410244
81.57448286480545
85.70718707815483
76.33978029139321
74.73316110412885
78.34066471163246
76.5937019969278
78.9194407742795
80.29185867895545
75.33026113671274
79.00537634408602
75.69124423963135
84.3394777265745
84.93471582181259
89.46236559139784
82.66513056835636
82.84946236559139
87.24270353302612
82.49615975422427
86.7741935483871
83.27956989247313
83.54070660522274
85.10752688172043
82.53072196620585
82.91626831949414
84.92540613508356
84.64436996695062
78.66861632990664
75.04978552531391
82.52746357585066
82.0674486803519
87.21198156682028
83.32402364660429
80.0354484225452
81.95852534562212
86.07526881720429
87.38863287250385
89.19354838709677
88.38709677419355
90.21505376344086
90.32258064516128
85.57347670250896
89.56989247311827
76.25320020481311
87.03754131173487
84.29804962063025
88.93231320650676
85.53955453149001
89.7542242703533
89.46236559139786
89.05913978494623
86.42089093701998
90.13056835637481
87.1146953405018
88.33333333333333
89.46236559139786
88.06451612903226
88.87096774193547
84.79049325823519
88.5313969184937
86.44228531325305
85.23390587906718
86.66596844016199
84.73118279569891
78.03763440860214
81.21863799283155
88.94265232974911
83.27956989247312
77.82588803386766
84.26988781827491
87.452636968766
86.99564772145418
86.66736489317134
83.44086021505376
85.3942652329749
84.18586789554531
84.85663082437276
83.32565284178187
89.05529953917049
89.56221198156682
88.70967741935483
91.34408602150538
90.20737327188942
86.60602215300672
84.16738279641505
88.56748985781243
88.09374317438835
87.57424475166411
87.95698924731182
91.10215053763442
90.0
90.18433179723503
89.03225806451613
84.03225806451613
87.1774193548387
87.68817204301075
90.33026113671274
84.89247311827957
87.2310176238376
87.86040124749803
88.59447004608295
88.33705720802494
89.86037260230809
73.50963552576457
82.5571382022995
87.357910906298
87.3425499231951
84.02585765488992
86.26227714937393
89.7094214029698
89.56861239119306
90.4889912954429
89.64669738863287
85.21121351766513
85.24193548387096
88.92729134664619
85.45698924731182
83.51254480286738
74.84269314914476
85.86415376737959
85.71382022994926
84.5977051622213
85.4709716806491
89.58944281524926
93.30261136712751
89.89247311827957
93.62519201228878
90.05376344086021
78.22532871768864
83.20357957454732
86.35560675883256
84.5950286272867
84.79413955220404
87.67281105990783
92.03917050691244
87.25806451612904
88.70967741935482
85.8294930875576
81.16210366210366
85.74873155518316
87.1889400921659
86.84704184704185
87.98643113159243
77.21291253549317
88.16263485618323
84.44572452636969
83.9669738863287
89.96997626029885
85.11993382961126
94.56989247311827
92.98387096774194
89.13594470046083
91.45161290322581
79.17169983383903
87.42191500256017
85.58873921777148
86.12647209421404
86.77500814597589
79.16282642089094
88.63147605083088
88.74935995903738
88.34054834054832
83.46739282223155
87.6340594888982
89.3508999960613
87.56016385048642
90.6793743890518
89.61341525857655
86.87054880603269
90.91397849462366
91.57450076804916
92.9531490015361
92.87250384024577
75.04096262160779
89.00397989107667
88.37557603686635
85.77016173790369
87.66466508401993
87.54992319508449
88.89400921658986
89.64285714285715
89.16666666666667
90.64516129032258
87.35663082437276
86.55844155844157
90.53369569498602
88.86840757808501
90.85755642207258
88.05171530977982
90.69892473118279
88.57142857142856
89.6774193548387
91.18279569892472
86.53225806451613
89.46236559139786
86.60522273425501
89.1321044546851
90.10752688172043
76.99785877205233
87.84434203789043
88.47239677884839
85.19527067914166
86.00230414746544
87.06500488758553
89.6774193548387
89.99999999999999
91.23655913978493
85.83333333333333
85.04480286738351
85.88325652841782
85.53379416282641
87.27598566308242
85.01920122887864
91.82795698924731
91.45161290322581
89.46236559139786
88.06451612903226
93.57142857142857
77.9827878214975
87.92370711725552
85.37727505469442
86.04188821930757
88.5494344365312
79.88733909986281
87.25412580251292
87.28878648233487
87.99993017734954
87.7833635898152
92.6001955034213
92.1505376344086
91.82795698924731
91.68970814132105
93.17204301075269
82.9094388870156
87.95177045177046
89.45212493599591
87.61883278012311
89.08986175115209
86.34757715402877
91.83809917680887
90.927710282549
89.18912628590047
85.4566401340595
91.25448028673834
92.1146953405018
90.53763440860214
88.89784946236558
88.6021505376344
80.02977581869587
86.23853744821487
87.67758227435648
88.41863333798817
87.30379835218545
86.95084485407067
92.74193548387099
93.60215053763442
91.68970814132105
94.08602150537634
88.03339689602204
90.50435227854584
88.07942953104244
87.93557696783503
87.52362333007494
81.3454541680348
87.78894940185263
88.19102940070681
85.50435227854584
88.77333240236466
85.97030209933435
87.2990271377368
85.26497695852534
84.08602150537634
86.0752688172043
84.51668258119871
88.61704603640088
86.59847321137643
87.565185710347
90.50307219662056
92.76881720430107
88.68279569892472
92.55376344086021
90.331541218638
93.54838709677419
88.72503840245776
93.51766513056836
94.11290322580645
92.75985663082437
91.82795698924731
91.43625192012288
92.41551459293395
87.39247311827957
91.61290322580645
88.5215053763441
87.8763440860215
88.06451612903226
83.81208397337429
81.22119815668202
85.00768049155147
90.80645161290323
87.86738351254479
91.37992831541219
92.16589861751153
91.31720430107528
88.00179211469533
89.21146953405018
89.08602150537634
88.46390168970814
88.83512544802866
80.19620164781456
86.01079923660569
85.1190476190476
84.90306288693384
85.30687054880602
83.82616487455196
87.5
88.7557603686636
90.3494623655914
91.91756272401435
83.51382488479263
87.43599590373783
86.90722360077199
90.04086415376739
87.91090629800308
91.99505691441175
95.5837173579109
93.3794162826421
92.52688172043011
94.7004608294931
82.59315057702155
91.00055858120373
88.83943117814086
89.59083926825862
89.8945677977936
81.11751152073732
87.83223944514266
90.07670644767418
85.5756877531071
90.19666713215102
87.06093189964157
91.01382488479263
92.3310291858679
95.86021505376344
91.29032258064517
91.96236559139784
95.10752688172042
90.66820276497695
90.40322580645162
90.77188940092167
87.7295817745733
90.75908858166923
90.30081925243215
90.32248217732091
89.00491085974957
82.7190984449049
88.56236953011145
89.06123446446026
87.54573383605641
89.84126984126985
79.27090685155203
89.76015919564307
89.57443094539869
88.47926267281107
91.13277403599984
91.25960061443932
91.84715821812595
89.13978494623655
95.16129032258064
94.86175115207374
88.76344086021506
85.53763440860214
85.57219662058372
87.4910394265233
86.22631848438299
75.7517449537823
88.86840757808501
89.2446531962661
90.96518177163338
89.79786342689567
82.75630731275893
88.84757715402877
93.13829539635991
