58.71445492151788
56.116397293410216
56.95234803300221
58.46669183720049
60.324967030931894
58.754560611273384
55.18655845483932
56.40220573993913
58.06632231050876
58.27603293191159
88.03763440860216
89.41500256016384
89.73758320532514
95.78969417679096
91.44009216589862
86.13415258576549
85.39554531490015
88.31645952613694
88.51766513056835
89.13978494623656
86.84983475306056
89.25208304240564
89.16666666666667
90.71149280826701
90.38961038961038
63.09546919177738
63.08708998100806
62.123728016491775
63.802961240549756
60.919933423555634
61.380032345283055
58.820903793784986
65.58987797164608
61.69263485748018
61.350110384168396
88.00307219662058
91.43300248138958
89.72943722943722
89.14071591490945
91.4861751152074
92.10445468509987
88.11548666387377
89.76423218358703
88.28213005632361
89.77517106549365
62.03961432478256
61.263948362700475
62.17586875159596
63.35246146759223
62.844012133281836
88.21300563236048
90.63236047107014
88.76600102406556
92.28739002932552
89.6620583717358
84.82846902201742
90.42463808592842
87.96048037983522
92.19278033794163
87.3873527905786
62.4185010608447
59.91898377959947
63.72446830366304
62.47974094549769
63.22203600628263
86.37707274804049
90.30081925243215
84.7068612391193
87.8904249871992
87.05301866592191
62.613044512079696
65.83523106501492
62.80122642474628
62.99964958654853
62.42628676513962
88.06707629288275
87.81874039938556
84.63098729227762
89.80030721966207
85.99718381976447
87.5089605734767
87.43308662663502
89.08159940418004
87.47172182656054
88.34275939114649
62.77117003762249
62.32329107712493
62.73973178624106
60.44081183724132
62.882504341426454
88.62612298096168
90.27905785970303
87.22978634268956
87.19731881022204
90.90117767537122
84.92563887725179
90.49399525205979
84.11918726434857
88.40106130428711
87.14541730670764
62.58657416126168
62.28934785829844
63.6743136558807
63.27078656311379
62.599700009643165
62.4065344076341
63.819480755966424
65.3611191305232
63.462088342982575
62.54408472140603
61.61403083349987
62.65686990522125
61.20925454319542
61.837936843886865
63.40296947546545
86.40040962621607
88.73783922171019
89.59933435739887
88.09651817716336
88.1131592421915
59.66873433043219
60.80327340429532
60.90277627202835
62.26714732592245
62.61983395960654
87.19790066564259
89.04296420425455
90.39554531490016
89.85407066052228
86.87660010240656
60.92146647147926
64.08025180030496
64.26060698388353
63.97967406002821
63.66675490656125
86.97900665642602
88.38581669226832
88.17076292882744
87.44111623143881
88.66359447004609
61.920198772055556
63.48311811655638
63.432519157921206
62.970108239090344
64.90196786040303
59.28372369137852
60.18994799349479
58.572982993324125
59.143334293922564
61.044923371481474
80.06400409626217
79.26546571707861
85.84601778150166
87.34848484848486
90.27780463264334
65.04647810235741
63.471771834290465
64.91885189260451
62.401619234509724
62.46863411417766
59.79871270153384
62.26881650882135
61.60857894456877
60.12265616845914
