58.71445492151788
55.985390657047226
55.723817307358175
54.9055948506167
57.96362586853752
58.754560611273384
53.39779795205296
54.4679066624325
56.79599263760181
56.84372330198221
88.03763440860216
88.14388120839736
89.5978215333054
94.38812083973376
91.76895684960202
81.49757948145046
81.16231438812083
83.87864823348694
83.73242349048803
82.47508763637795
83.12502909277103
85.07901596611275
85.69990940958684
86.43345901410419
87.41393910748748
62.537149712095925
61.016709617442565
61.63639120217811
63.06665613024013
60.8363175049092
61.64089091559126
60.15756181999076
65.04560277660727
61.62751656174808
61.560944549974586
84.89147948825367
84.43956581053355
83.41097074968043
86.16201898459961
86.72811059907836
85.77689335753853
82.54596657822464
84.52764976958528
84.69196574035284
84.62109575012802
62.39435609386243
61.825348600170045
62.82417408723556
62.58178115219004
62.28054934933923
83.56729292213164
85.20597681888005
85.0479985963857
87.48254433738305
83.99740044901336
82.0199692780338
86.25448028673834
83.13876088069637
87.58675016739532
82.35919098822326
62.545506268824546
60.65496587881776
63.18654206816363
61.0427147901273
62.87520503910685
82.2871572871573
87.47695852534564
80.17409114183309
81.3181889794793
80.34760042824558
63.034052829022286
65.40759905405214
62.8935100027475
62.35217426588734
62.59295917271015
83.2258064516129
81.14776800260672
81.7302589883235
83.99723036819809
79.95647721454174
83.16925010473399
81.51526788623563
86.19274095080546
82.19522413070798
85.02059768188799
62.43748416571958
60.62796150322708
61.88886456941803
60.73055468984471
62.40605084291916
82.92836196062001
84.83870967741936
81.08294930875576
81.86729041567752
84.05756429949979
80.41847041847042
83.12083973374295
80.95580942355137
85.52832472187312
79.12023460410556
62.857776446803
63.74259509275776
64.20378543597378
63.624271182290904
61.86044120362812
61.92663186590036
64.27230322984047
64.93074228495333
62.7192636542449
63.57968465643772
61.951142374879915
63.9086921297711
62.7674587364742
62.0913847071737
63.438337542972974
81.03034957873666
83.0012639690059
83.43527440301634
85.84054834054832
84.38556067588326
61.58888033814848
59.31805897843734
59.43211978366975
60.87484850714863
61.21886890129239
82.14797747055812
83.60790643048709
84.78996809641971
86.92861797700508
82.60112647209421
61.82182110327325
65.06625221698302
63.79589875936968
64.47434371114808
65.00308571881376
82.00332821300564
81.35787151916185
84.27803379416282
81.02406554019457
83.75576036866359
61.54465445072242
62.38481677266033
63.043088856365195
64.23284910463039
65.00243933981885
58.665307815255304
60.80725517986851
58.93771192161662
59.19183405808253
60.84706070582051
77.86959456314294
76.0508845992717
80.62793836987386
79.44572452636969
85.07168458781364
63.75113305165191
63.75259889139346
63.53969613858052
61.77063880068724
62.319870321373855
61.96828218816212
62.75118787199065
62.253939943322024
60.13190942494934
59.84665540422187
62.85172713375299
62.00798229355372
62.904837657106135
61.658849943840046
61.18498063700819
81.15288833030768
77.93010752688171
84.27640459898525
82.39968812549458
80.69262278939698
61.909000652505156
59.6382120554255
61.19339213515388
62.45125125845089
59.90623809258438
82.8272354885258
81.41449052739375
74.97521295908392
78.82488479262672
83.92717497556208
61.41933253724796
62.96821436341214
62.9719184964722
60.955101319766925
60.507060821935205
82.44670204347624
79.16980868593774
80.48101540037025
82.6542453961809
84.5289298515105
75.84859584859585
78.46355257645581
75.93180117373667
78.252688172043
77.33230926779314
64.5232112820487
63.980431246756226
62.81249173020953
65.52916416633948
64.86601074046047
75.50249034120002
78.00435227854582
82.04254526835172
76.68540241120887
80.06598240469208
76.30777824326212
79.11918726434854
80.81983428757623
80.97670250896057
84.69888534404664
80.83047776596165
84.123045413368
76.01992989089764
82.08682894166766
85.68317882834013
60.45370709094965
63.93774370233059
