61.484097774408625
55.562039250018024
56.651005863443295
56.06889509830556
55.60412846152925
61.435963423831986
57.790521172414344
56.651382142920724
59.59614110741881
59.238868537131054
91.9047619047619
97.47311827956989
95.87813620071684
97.18637992831542
94.81182795698925
89.10138248847926
92.8494623655914
90.91397849462365
95.3225806451613
95.3225806451613
87.09293394777265
86.34408602150538
86.15207373271889
84.51612903225806
92.68817204301075
59.95367580447991
59.77373159950186
59.40095809195812
58.88069561158623
58.385243771751796
56.30598012567533
57.69869060614867
57.54855056978685
57.30812874421608
55.71982822338095
81.47465437788019
85.11648745519715
88.12339989759346
87.68817204301075
84.40860215053763
87.67025089605734
90.6605222734255
79.82846902201742
93.81720430107528
87.77777777777777
59.03963492060789
56.171460059978806
58.37562684071409
57.55870515721335
56.705527958397724
82.2004608294931
80.02048131080389
82.99283154121862
81.6321044546851
86.98924731182795
85.52227342549924
86.16743471582181
84.0284178187404
87.8494623655914
86.12135176651306
58.64064238701845
