96.79=100.00 100.00 100.00 100.00 100.00 100.00 84.62 83.33 100.00 100.00
97.50=100.00 100.00 100.00 100.00 100.00 100.00 91.67 83.33 100.00 100.00
96.79=100.00 100.00 100.00 100.00 100.00 100.00 84.62 83.33 100.00 100.00
97.50=100.00 100.00 100.00 100.00 100.00 100.00 91.67 83.33 100.00 100.00
99.23=100.00 100.00 100.00 100.00 100.00 100.00 92.31 100.00 100.00 100.00
98.46=100.00 100.00 100.00 100.00 100.00 84.62 100.00 100.00 100.00 100.00
95.74=85.71 100.00 100.00 100.00 100.00 91.67 100.00 80.00 100.00 100.00
96.17=100.00 100.00 100.00 93.75 100.00 100.00 81.25 86.67 100.00 100.00
97.58=100.00 100.00 100.00 93.33 100.00 95.00 87.50 100.00 100.00 100.00
96.68=100.00 100.00 100.00 93.75 100.00 94.12 78.95 100.00 100.00 100.00
98.16=100.00 100.00 100.00 93.33 100.00 100.00 88.24 100.00 100.00 100.00
98.16=100.00 100.00 100.00 93.33 100.00 95.45 92.86 100.00 100.00 100.00
95.07=94.34 97.87 96.08 93.75 95.74 84.91 88.00 100.00 100.00 100.00
95.76=97.96 97.87 94.12 94.00 93.75 92.00 93.88 100.00 94.00 100.00
96.00=97.96 100.00 94.23 95.83 90.20 92.16 91.67 100.00 97.92 100.00
95.69=97.92 97.83 87.50 94.00 93.88 92.00 93.75 100.00 100.00 100.00
95.39=97.96 100.00 92.31 90.38 91.67 92.00 94.00 97.78 97.83 100.00
94.84=95.92 97.73 87.50 92.16 95.83 93.88 90.00 100.00 97.78 97.56
96.02=98.00 100.00 92.31 94.00 94.00 93.88 90.38 100.00 100.00 97.62
95.69=95.92 100.00 94.00 94.00 97.92 94.00 92.16 95.74 97.78 95.35
93.35=97.96 100.00 82.46 88.24 93.75 89.58 83.93 100.00 100.00 97.56
94.90=97.96 100.00 89.09 95.92 95.83 90.00 84.91 100.00 97.78 97.56
94.15=100.00 100.00 100.00 82.35 93.33 100.00 91.67 81.25 92.86 100.00
95.73=100.00 100.00 100.00 83.33 100.00 94.44 86.67 92.86 100.00 100.00
95.35=100.00 100.00 86.67 88.24 100.00 100.00 100.00 92.86 85.71 100.00
96.84=100.00 100.00 100.00 88.24 100.00 95.00 92.31 92.86 100.00 100.00
96.94=100.00 93.33 100.00 88.24 100.00 95.00 100.00 100.00 92.86 100.00
96.90=100.00 100.00 85.71 100.00 100.00 100.00 100.00 83.33 100.00 100.00
95.71=100.00 100.00 85.71 100.00 100.00 100.00 100.00 71.43 100.00 100.00
96.57=100.00 100.00 85.71 100.00 100.00 100.00 100.00 100.00 80.00 100.00
95.13=100.00 100.00 100.00 100.00 100.00 84.62 100.00 66.67 100.00 100.00
98.33=100.00 100.00 100.00 100.00 100.00 100.00 100.00 83.33 100.00 100.00
97.50=100.00 100.00 100.00 100.00 100.00 100.00 75.00 100.00 100.00 100.00
98.32=100.00 100.00 100.00 90.91 100.00 100.00 92.31 100.00 100.00 100.00
100.00=100.00 100.00 100.00 100.00 100.00 100.00 100.00 100.00 100.00 100.00
97.74=100.00 100.00 85.71 100.00 100.00 91.67 100.00 100.00 100.00 100.00
100.00=100.00 100.00 100.00 100.00 100.00 100.00 100.00 100.00 100.00 100.00
96.23=100.00 100.00 100.00 93.75 100.00 90.00 85.71 92.86 100.00 100.00
97.42=100.00 100.00 100.00 100.00 100.00 100.00 87.50 86.67 100.00 100.00
95.57=100.00 100.00 81.25 88.24 100.00 100.00 93.33 100.00 92.86 100.00
96.16=100.00 100.00 100.00 88.24 100.00 100.00 86.67 86.67 100.00 100.00
96.25=100.00 100.00 86.67 93.33 100.00 95.00 87.50 100.00 100.00 100.00
87.51=96.08 100.00 96.00 97.83 95.74 90.20 86.79 100.00 100.00 100.00 0.00
88.07=98.04 100.00 100.00 93.75 95.92 95.56 85.45 100.00 100.00 100.00 0.00
88.43=98.00 100.00 100.00 97.83 95.74 95.83 92.16 97.78 100.00 95.35 0.00
88.53=98.00 100.00 100.00 100.00 95.83 95.65 88.89 97.83 100.00 97.62 0.00
88.13=96.08 100.00 100.00 95.65 93.88 92.00 91.84 100.00 100.00 100.00 0.00
97.17=100.00 100.00 100.00 91.67 100.00 100.00 100.00 100.00 80.00 100.00
100.00=100.00 100.00 100.00 100.00 100.00 100.00 100.00 100.00 100.00 100.00
100.00=100.00 100.00 100.00 100.00 100.00 100.00 100.00 100.00 100.00 100.00
100.00=100.00 100.00 100.00 100.00 100.00 100.00 100.00 100.00 100.00 100.00
90.15=100.00 100.00 100.00 100.00 100.00 91.67 100.00 100.00 100.00 100.00 0.00
95.70=93.33 92.86 100.00 83.33 100.00 100.00 87.50 100.00 100.00 100.00
87.84=100.00 100.00 100.00 88.24 100.00 100.00 92.31 85.71 100.00 100.00 0.00
97.44=100.00 100.00 100.00 88.24 100.00 100.00 93.33 100.00 92.86 100.00
87.07=87.50 100.00 100.00 87.50 100.00 90.48 92.31 100.00 100.00 100.00 0.00
95.37=100.00 100.00 100.00 78.95 100.00 95.24 100.00 86.67 92.86 100.00
88.53=97.96 100.00 97.92 97.73 93.88 95.74 90.57 100.00 100.00 100.00 0.00
81.18=98.00 100.00 100.00 95.65 97.87 95.65 87.04 100.00 100.00 100.00 0.00 0.00
88.14=98.04 100.00 100.00 100.00 93.88 91.84 88.00 97.78 100.00 100.00 0.00
88.81=97.92 100.00 100.00 97.73 95.83 91.84 95.74 97.83 100.00 100.00 0.00
88.32=97.96 100.00 100.00 93.48 95.83 88.68 95.56 100.00 100.00 100.00 0.00
89.09=100.00 100.00 100.00 100.00 100.00 100.00 100.00 100.00 80.00 100.00 0.00
100.00=100.00 100.00 100.00 100.00 100.00 100.00 100.00 100.00 100.00 100.00
90.91=100.00 100.00 100.00 100.00 100.00 100.00 100.00 100.00 100.00 100.00 0.00
89.39=100.00 100.00 100.00 100.00 100.00 100.00 100.00 83.33 100.00 100.00 0.00
90.91=100.00 100.00 100.00 100.00 100.00 100.00 100.00 100.00 100.00 100.00 0.00
81.27=100.00 100.00 95.92 100.00 97.83 92.00 91.67 97.83 100.00 100.00 0.00 0.00
80.94=97.87 100.00 100.00 97.83 97.78 86.79 93.33 97.62 100.00 100.00 0.00 0.00
81.41=100.00 100.00 97.92 100.00 97.78 91.84 95.74 95.83 97.83 100.00 0.00 0.00
81.59=100.00 100.00 97.92 97.67 97.78 95.74 92.31 97.67 100.00 100.00 0.00 0.00
81.78=97.87 100.00 100.00 97.73 97.87 93.88 94.00 100.00 100.00 100.00 0.00 0.00
85.92=100.00 100.00 100.00 100.00 100.00 87.50 90.91 66.67 100.00 100.00 0.00
90.91=100.00 100.00 100.00 100.00 100.00 100.00 100.00 100.00 100.00 100.00 0.00
89.77=100.00 100.00 100.00 100.00 100.00 87.50 100.00 100.00 100.00 100.00 0.00
90.91=100.00 100.00 100.00 100.00 100.00 100.00 100.00 100.00 100.00 100.00 0.00
86.96=100.00 100.00 100.00 100.00 85.71 87.50 100.00 83.33 100.00 100.00 0.00
75.49=100.00 100.00 100.00 100.00 97.83 91.84 91.67 100.00 100.00 100.00 0.00 0.00 0.00
81.30=100.00 100.00 100.00 97.78 97.87 88.24 91.67 100.00 100.00 100.00 0.00 0.00
81.25=100.00 100.00 100.00 95.56 97.78 88.24 93.48 100.00 100.00 100.00 0.00 0.00
81.48=100.00 100.00 100.00 100.00 97.83 90.20 89.80 100.00 100.00 100.00 0.00 0.00
74.87=100.00 100.00 97.83 97.83 97.83 88.46 93.75 100.00 100.00 97.62 0.00 0.00 0.00
88.96=100.00 100.00 100.00 92.86 100.00 100.00 92.86 92.86 100.00 100.00 0.00
86.80=100.00 100.00 92.86 83.33 100.00 100.00 85.71 92.86 100.00 100.00 0.00
90.34=100.00 100.00 100.00 93.75 100.00 100.00 100.00 100.00 100.00 100.00 0.00
86.91=100.00 100.00 100.00 85.71 100.00 100.00 84.62 92.86 92.86 100.00 0.00
88.56=100.00 100.00 100.00 87.50 100.00 100.00 100.00 86.67 100.00 100.00 0.00
89.09=100.00 100.00 100.00 100.00 100.00 100.00 100.00 100.00 80.00 100.00 0.00
100.00=100.00 100.00 100.00 100.00 100.00 100.00 100.00 100.00 100.00 100.00
90.91=100.00 100.00 100.00 100.00 100.00 100.00 100.00 100.00 100.00 100.00 0.00
90.15=100.00 100.00 100.00 100.00 100.00 91.67 100.00 100.00 100.00 100.00 0.00
88.96=100.00 100.00 100.00 100.00 100.00 78.57 100.00 100.00 100.00 100.00 0.00
75.20=97.96 100.00 100.00 100.00 97.83 93.62 90.38 97.78 100.00 100.00 0.00 0.00 0.00
81.06=98.04 100.00 100.00 95.45 95.83 91.67 91.67 100.00 100.00 100.00 0.00 0.00
80.67=92.45 100.00 100.00 100.00 95.65 92.00 90.20 100.00 97.78 100.00 0.00 0.00
81.45=98.00 100.00 100.00 97.73 95.83 97.83 90.20 100.00 97.78 100.00 0.00 0.00
81.53=96.15 100.00 100.00 100.00 95.83 95.83 90.57 100.00 100.00 100.00 0.00 0.00
75.51=100.00 100.00 100.00 97.83 97.87 90.20 95.74 100.00 100.00 100.00 0.00 0.00 0.00
81.40=100.00 100.00 100.00 97.78 97.87 92.00 93.62 97.73 97.83 100.00 0.00 0.00
75.35=100.00 100.00 100.00 95.74 97.83 95.65 90.38 100.00 100.00 100.00 0.00 0.00 0.00
65.25=97.73 100.00 100.00 97.73 97.87 91.67 93.75 100.00 100.00 100.00 0.00 0.00 0.00 0.00 0.00
75.20=100.00 100.00 100.00 97.73 97.87 90.20 91.84 100.00 100.00 100.00 0.00 0.00 0.00
90.91=100.00 100.00 100.00 100.00 100.00 100.00 100.00 100.00 100.00 100.00 0.00
88.85=100.00 100.00 100.00 100.00 85.71 91.67 100.00 100.00 100.00 100.00 0.00
90.91=100.00 100.00 100.00 100.00 100.00 100.00 100.00 100.00 100.00 100.00 0.00
90.91=100.00 100.00 100.00 100.00 100.00 100.00 100.00 100.00 100.00 100.00 0.00
90.15=100.00 100.00 100.00 100.00 100.00 91.67 100.00 100.00 100.00 100.00 0.00
89.39=100.00 100.00 100.00 100.00 100.00 100.00 100.00 83.33 100.00 100.00 0.00
89.02=100.00 100.00 100.00 91.67 100.00 87.50 100.00 100.00 100.00 100.00 0.00
90.21=100.00 100.00 100.00 100.00 100.00 100.00 92.31 100.00 100.00 100.00 0.00
89.39=100.00 100.00 100.00 100.00 100.00 100.00 100.00 83.33 100.00 100.00 0.00
90.91=100.00 100.00 100.00 100.00 100.00 100.00 100.00 100.00 100.00 100.00 0.00
82.64=100.00 100.00 100.00 100.00 100.00 91.67 100.00 100.00 100.00 100.00 0.00 0.00
89.17=100.00 100.00 100.00 90.00 100.00 90.91 100.00 100.00 100.00 100.00 0.00
89.17=100.00 100.00 100.00 90.00 100.00 100.00 90.91 100.00 100.00 100.00 0.00
89.33=100.00 100.00 100.00 100.00 100.00 90.91 91.67 100.00 100.00 100.00 0.00
99.17=100.00 100.00 100.00 100.00 100.00 91.67 100.00 100.00 100.00 100.00
75.46=100.00 100.00 100.00 95.65 97.83 93.75 95.92 100.00 97.83 100.00 0.00 0.00 0.00
75.65=100.00 100.00 100.00 97.78 97.87 92.00 95.83 100.00 100.00 100.00 0.00 0.00 0.00
75.49=100.00 100.00 100.00 97.78 97.87 93.62 92.16 100.00 100.00 100.00 0.00 0.00 0.00
81.80=100.00 100.00 100.00 97.78 97.83 93.88 92.16 100.00 100.00 100.00 0.00 0.00
75.48=100.00 100.00 100.00 97.78 97.87 93.75 93.88 100.00 97.92 100.00 0.00 0.00 0.00
83.33=100.00 100.00 100.00 100.00 100.00 100.00 100.00 100.00 100.00 100.00 0.00 0.00
82.78=100.00 100.00 100.00 100.00 100.00 100.00 93.33 100.00 100.00 100.00 0.00 0.00
88.66=100.00 100.00 100.00 100.00 100.00 100.00 82.35 92.86 100.00 100.00 0.00
83.33=100.00 100.00 100.00 100.00 100.00 100.00 100.00 100.00 100.00 100.00 0.00 0.00
89.73=100.00 100.00 100.00 93.33 100.00 100.00 93.75 100.00 100.00 100.00 0.00
89.02=100.00 100.00 100.00 91.67 100.00 100.00 87.50 100.00 100.00 100.00 0.00
81.60=100.00 100.00 100.00 87.50 100.00 100.00 100.00 91.67 100.00 100.00 0.00 0.00
89.60=100.00 100.00 100.00 92.31 100.00 100.00 93.33 100.00 100.00 100.00 0.00
89.77=100.00 100.00 100.00 87.50 100.00 100.00 100.00 100.00 100.00 100.00 0.00
86.69=100.00 100.00 100.00 85.71 100.00 100.00 81.25 86.67 100.00 100.00 0.00
90.91=100.00 100.00 100.00 100.00 100.00 100.00 100.00 100.00 100.00 100.00 0.00
88.64=100.00 100.00 100.00 100.00 100.00 100.00 91.67 83.33 100.00 100.00 0.00
89.39=100.00 100.00 100.00 100.00 100.00 100.00 100.00 83.33 100.00 100.00 0.00
90.15=100.00 100.00 100.00 91.67 100.00 100.00 100.00 100.00 100.00 100.00 0.00
90.21=100.00 100.00 100.00 100.00 100.00 100.00 92.31 100.00 100.00 100.00 0.00
69.45=97.92 100.00 100.00 91.49 93.75 95.65 95.74 97.78 100.00 100.00 0.00 0.00 0.00 0.00
81.58=98.04 100.00 100.00 100.00 97.83 95.65 87.50 100.00 100.00 100.00 0.00 0.00
69.31=98.00 100.00 100.00 100.00 95.65 89.36 91.84 97.73 97.78 100.00 0.00 0.00 0.00 0.00
81.78=98.00 100.00 100.00 100.00 95.74 93.75 93.88 100.00 100.00 100.00 0.00 0.00
70.12=96.15 100.00 100.00 100.00 95.74 95.65 94.12 100.00 100.00 100.00 0.00 0.00 0.00 0.00
90.91=100.00 100.00 100.00 100.00 100.00 100.00 100.00 100.00 100.00 100.00 0.00
90.91=100.00 100.00 100.00 100.00 100.00 100.00 100.00 100.00 100.00 100.00 0.00
90.91=100.00 100.00 100.00 100.00 100.00 100.00 100.00 100.00 100.00 100.00 0.00
90.91=100.00 100.00 100.00 100.00 100.00 100.00 100.00 100.00 100.00 100.00 0.00
87.66=100.00 100.00 100.00 100.00 100.00 85.71 78.57 100.00 100.00 100.00 0.00
90.91=100.00 100.00 100.00 100.00 100.00 100.00 100.00 100.00 100.00 100.00 0.00
89.87=100.00 100.00 100.00 100.00 100.00 95.24 93.33 100.00 100.00 100.00 0.00
88.66=100.00 100.00 100.00 100.00 100.00 100.00 82.35 92.86 100.00 100.00 0.00
89.77=100.00 100.00 100.00 100.00 100.00 100.00 87.50 100.00 100.00 100.00 0.00
89.84=100.00 100.00 100.00 100.00 100.00 100.00 88.24 100.00 100.00 100.00 0.00
74.78=93.33 100.00 100.00 93.75 100.00 93.33 91.67 100.00 100.00 100.00 0.00 0.00 0.00
81.06=100.00 100.00 100.00 91.67 100.00 100.00 88.24 100.00 92.86 100.00 0.00 0.00
75.33=100.00 100.00 100.00 92.86 100.00 94.12 92.31 100.00 100.00 100.00 0.00 0.00 0.00
76.33=100.00 100.00 100.00 100.00 100.00 100.00 100.00 100.00 92.31 100.00 0.00 0.00 0.00
89.77=100.00 100.00 100.00 87.50 100.00 100.00 100.00 100.00 100.00 100.00 0.00
89.39=100.00 100.00 100.00 100.00 100.00 100.00 100.00 83.33 100.00 100.00 0.00
90.91=100.00 100.00 100.00 100.00 100.00 100.00 100.00 100.00 100.00 100.00 0.00
90.91=100.00 100.00 100.00 100.00 100.00 100.00 100.00 100.00 100.00 100.00 0.00
81.67=100.00 100.00 100.00 100.00 100.00 100.00 100.00 80.00 100.00 100.00 0.00 0.00
90.21=100.00 100.00 100.00 100.00 100.00 100.00 92.31 100.00 100.00 100.00 0.00
89.19=100.00 100.00 100.00 100.00 100.00 100.00 88.24 100.00 92.86 100.00 0.00
81.10=100.00 100.00 100.00 92.86 100.00 100.00 87.50 92.86 100.00 100.00 0.00 0.00
90.26=100.00 100.00 92.86 100.00 100.00 100.00 100.00 100.00 100.00 100.00 0.00
89.00=100.00 100.00 100.00 100.00 100.00 100.00 93.33 85.71 100.00 100.00 0.00
89.20=100.00 100.00 100.00 100.00 93.75 100.00 87.50 100.00 100.00 100.00 0.00
99.17=100.00 100.00 100.00 100.00 100.00 91.67 100.00 100.00 100.00 100.00
90.15=100.00 100.00 100.00 100.00 100.00 91.67 100.00 100.00 100.00 100.00 0.00
90.91=100.00 100.00 100.00 100.00 100.00 100.00 100.00 100.00 100.00 100.00 0.00
90.91=100.00 100.00 100.00 100.00 100.00 100.00 100.00 100.00 100.00 100.00 0.00
90.91=100.00 100.00 100.00 100.00 100.00 100.00 100.00 100.00 100.00 100.00 0.00
90.26=100.00 100.00 100.00 92.86 100.00 100.00 100.00 100.00 100.00 100.00 0.00
81.27=100.00 100.00 100.00 88.24 100.00 94.12 92.86 100.00 100.00 100.00 0.00 0.00
80.61=93.33 100.00 100.00 86.67 100.00 94.44 92.86 100.00 100.00 100.00 0.00 0.00
81.62=100.00 100.00 100.00 93.33 100.00 93.75 92.31 100.00 100.00 100.00 0.00 0.00
82.00=100.00 100.00 100.00 92.31 100.00 100.00 91.67 100.00 100.00 100.00 0.00 0.00
83.33=100.00 100.00 100.00 100.00 100.00 100.00 100.00 100.00 100.00 100.00 0.00 0.00
89.75=100.00 100.00 100.00 100.00 100.00 94.44 100.00 100.00 92.86 100.00 0.00
82.29=93.75 100.00 100.00 100.00 100.00 100.00 93.75 100.00 100.00 100.00 0.00 0.00
82.81=100.00 100.00 100.00 100.00 93.75 100.00 100.00 100.00 100.00 100.00 0.00 0.00
82.78=100.00 100.00 100.00 93.33 100.00 100.00 100.00 100.00 100.00 100.00 0.00 0.00
69.85=98.04 100.00 100.00 100.00 95.74 93.75 90.38 100.00 100.00 100.00 0.00 0.00 0.00 0.00
74.87=98.00 100.00 100.00 100.00 95.83 95.65 88.24 95.65 100.00 100.00 0.00 0.00 0.00
70.07=97.92 100.00 100.00 100.00 97.87 93.62 93.88 97.73 100.00 100.00 0.00 0.00 0.00 0.00
75.35=98.00 100.00 100.00 100.00 95.65 92.00 93.88 100.00 100.00 100.00 0.00 0.00 0.00
61.41=97.92 100.00 100.00 100.00 95.45 97.67 93.75 97.83 100.00 100.00 0.00 0.00 0.00 0.00 0.00 0.00
90.91=100.00 100.00 100.00 100.00 100.00 100.00 100.00 100.00 100.00 100.00 0.00
90.91=100.00 100.00 100.00 100.00 100.00 100.00 100.00 100.00 100.00 100.00 0.00
90.91=100.00 100.00 100.00 100.00 100.00 100.00 100.00 100.00 100.00 100.00 0.00
85.13=100.00 85.71 100.00 90.00 85.71 100.00 100.00 75.00 100.00 100.00 0.00
90.15=100.00 100.00 100.00 100.00 100.00 91.67 100.00 100.00 100.00 100.00 0.00
89.69=100.00 100.00 100.00 93.75 100.00 100.00 92.86 100.00 100.00 100.00 0.00
89.00=100.00 100.00 100.00 85.71 100.00 100.00 93.33 100.00 100.00 100.00 0.00
81.18=100.00 100.00 100.00 86.67 100.00 100.00 87.50 100.00 100.00 100.00 0.00 0.00
88.91=100.00 100.00 100.00 92.31 100.00 100.00 92.86 100.00 92.86 100.00 0.00
88.57=100.00 100.00 100.00 92.31 93.75 100.00 88.24 100.00 100.00 100.00 0.00
69.93=96.00 100.00 100.00 100.00 97.87 93.88 95.65 97.78 97.78 100.00 0.00 0.00 0.00 0.00
75.30=96.15 100.00 100.00 100.00 97.83 95.65 93.75 95.56 100.00 100.00 0.00 0.00 0.00
75.33=98.04 100.00 100.00 100.00 97.78 93.48 90.00 100.00 100.00 100.00 0.00 0.00 0.00
75.32=95.92 100.00 100.00 100.00 95.83 93.48 93.88 100.00 100.00 100.00 0.00 0.00 0.00
70.53=98.04 100.00 100.00 100.00 97.87 95.56 96.00 100.00 100.00 100.00 0.00 0.00 0.00 0.00
89.39=100.00 100.00 100.00 100.00 100.00 100.00 100.00 83.33 100.00 100.00 0.00
89.61=100.00 100.00 85.71 100.00 100.00 100.00 100.00 100.00 100.00 100.00 0.00
90.21=100.00 100.00 100.00 100.00 100.00 100.00 92.31 100.00 100.00 100.00 0.00
81.67=100.00 100.00 100.00 100.00 100.00 100.00 100.00 100.00 80.00 100.00 0.00 0.00
90.91=100.00 100.00 100.00 100.00 100.00 100.00 100.00 100.00 100.00 100.00 0.00
75.78=100.00 100.00 92.86 92.31 100.00 100.00 100.00 100.00 100.00 100.00 0.00 0.00 0.00
74.21=100.00 100.00 100.00 86.67 100.00 94.12 92.31 91.67 100.00 100.00 0.00 0.00 0.00
75.89=93.75 100.00 100.00 100.00 100.00 100.00 100.00 92.86 100.00 100.00 0.00 0.00 0.00
74.12=93.75 100.00 100.00 84.62 100.00 100.00 92.31 92.86 100.00 100.00 0.00 0.00 0.00
75.78=100.00 100.00 100.00 92.31 100.00 100.00 100.00 100.00 92.86 100.00 0.00 0.00 0.00
75.81=100.00 100.00 100.00 100.00 97.67 95.83 92.00 100.00 100.00 100.00 0.00 0.00 0.00
75.64=100.00 100.00 100.00 97.78 97.87 92.16 95.45 100.00 100.00 100.00 0.00 0.00 0.00
75.31=100.00 100.00 100.00 97.78 97.73 93.88 91.84 97.83 100.00 100.00 0.00 0.00 0.00
64.96=100.00 100.00 100.00 100.00 97.83 88.00 90.70 97.83 100.00 100.00 0.00 0.00 0.00 0.00 0.00
69.74=100.00 100.00 100.00 93.48 97.83 93.75 91.30 100.00 100.00 100.00 0.00 0.00 0.00 0.00
75.73=100.00 100.00 100.00 100.00 100.00 100.00 91.67 100.00 92.86 100.00 0.00 0.00 0.00
76.33=100.00 100.00 100.00 100.00 100.00 100.00 92.31 100.00 100.00 100.00 0.00 0.00 0.00
76.33=100.00 100.00 100.00 100.00 100.00 100.00 92.31 100.00 100.00 100.00 0.00 0.00 0.00
76.41=93.33 100.00 100.00 100.00 100.00 100.00 100.00 100.00 100.00 100.00 0.00 0.00 0.00
76.37=100.00 100.00 100.00 100.00 100.00 100.00 100.00 100.00 92.86 100.00 0.00 0.00 0.00
82.22=100.00 100.00 92.86 100.00 100.00 100.00 93.75 100.00 100.00 100.00 0.00 0.00
81.76=100.00 100.00 100.00 100.00 100.00 94.44 86.67 100.00 100.00 100.00 0.00 0.00
76.92=100.00 100.00 100.00 100.00 100.00 100.00 100.00 100.00 100.00 100.00 0.00 0.00 0.00
75.37=100.00 100.00 92.31 100.00 93.75 93.75 100.00 100.00 100.00 100.00 0.00 0.00 0.00
82.22=100.00 100.00 100.00 100.00 93.75 100.00 100.00 100.00 92.86 100.00 0.00 0.00
76.92=100.00 100.00 100.00 100.00 100.00 100.00 100.00 100.00 100.00 100.00 0.00 0.00 0.00
82.35=100.00 100.00 100.00 100.00 100.00 100.00 88.24 100.00 100.00 100.00 0.00 0.00
82.81=100.00 100.00 100.00 100.00 100.00 100.00 93.75 100.00 100.00 100.00 0.00 0.00
90.34=100.00 100.00 100.00 100.00 100.00 100.00 93.75 100.00 100.00 100.00 0.00
89.65=100.00 100.00 100.00 100.00 100.00 100.00 93.33 100.00 92.86 100.00 0.00
76.37=100.00 100.00 100.00 100.00 100.00 100.00 92.86 100.00 100.00 100.00 0.00 0.00 0.00
74.46=100.00 100.00 100.00 92.86 100.00 100.00 90.00 92.31 92.86 100.00 0.00 0.00 0.00
75.23=100.00 100.00 100.00 92.31 100.00 100.00 92.86 100.00 92.86 100.00 0.00 0.00 0.00
0.00=0.00 0.00 0.00 0.00 0.00 0.00 0.00 0.00 0.00 0.00 0.00
0.00=0.00 0.00 0.00 0.00 0.00 0.00 0.00 0.00 0.00 0.00 0.00
76.92=100.00 100.00 100.00 100.00 100.00 100.00 100.00 100.00 100.00 100.00 0.00 0.00 0.00
82.64=100.00 100.00 100.00 100.00 100.00 91.67 100.00 100.00 100.00 100.00 0.00 0.00
82.64=100.00 100.00 100.00 100.00 100.00 91.67 100.00 100.00 100.00 100.00 0.00 0.00
83.33=100.00 100.00 100.00 100.00 100.00 100.00 100.00 100.00 100.00 100.00 0.00 0.00
82.14=85.71 100.00 100.00 100.00 100.00 100.00 100.00 100.00 100.00 100.00 0.00 0.00
76.92=100.00 100.00 100.00 100.00 100.00 100.00 100.00 100.00 100.00 100.00 0.00 0.00 0.00
82.64=100.00 100.00 100.00 100.00 100.00 91.67 100.00 100.00 100.00 100.00 0.00 0.00
75.82=85.71 100.00 100.00 100.00 100.00 100.00 100.00 100.00 100.00 100.00 0.00 0.00 0.00
83.33=100.00 100.00 100.00 100.00 100.00 100.00 100.00 100.00 100.00 100.00 0.00 0.00
76.92=100.00 100.00 100.00 100.00 100.00 100.00 100.00 100.00 100.00 100.00 0.00 0.00 0.00
75.63=97.96 97.78 100.00 100.00 95.83 93.88 97.78 100.00 100.00 100.00 0.00 0.00 0.00
75.43=97.96 100.00 100.00 97.73 97.83 95.74 93.62 97.73 100.00 100.00 0.00 0.00 0.00
75.73=97.67 100.00 100.00 100.00 95.65 97.83 93.33 100.00 100.00 100.00 0.00 0.00 0.00
75.82=97.87 100.00 100.00 100.00 95.83 92.00 100.00 100.00 100.00 100.00 0.00 0.00 0.00
75.74=100.00 100.00 100.00 97.56 95.65 93.75 97.67 100.00 100.00 100.00 0.00 0.00 0.00
76.37=100.00 100.00 100.00 100.00 100.00 100.00 100.00 100.00 92.86 100.00 0.00 0.00 0.00
76.92=100.00 100.00 100.00 100.00 100.00 100.00 100.00 100.00 100.00 100.00 0.00 0.00 0.00
82.81=93.75 100.00 100.00 100.00 100.00 100.00 100.00 100.00 100.00 100.00 0.00 0.00
81.81=100.00 100.00 100.00 100.00 100.00 88.89 100.00 100.00 92.86 100.00 0.00 0.00
76.33=100.00 100.00 100.00 100.00 100.00 100.00 100.00 92.31 100.00 100.00 0.00 0.00 0.00
76.47=100.00 100.00 100.00 100.00 100.00 94.12 100.00 100.00 100.00 100.00 0.00 0.00 0.00
76.92=100.00 100.00 100.00 100.00 100.00 100.00 100.00 100.00 100.00 100.00 0.00 0.00 0.00
76.37=100.00 100.00 100.00 100.00 100.00 100.00 100.00 92.86 100.00 100.00 0.00 0.00 0.00
75.80=100.00 100.00 100.00 100.00 100.00 93.75 91.67 100.00 100.00 100.00 0.00 0.00 0.00
76.37=100.00 100.00 100.00 100.00 100.00 100.00 100.00 92.86 100.00 100.00 0.00 0.00 0.00
90.91=100.00 100.00 100.00 100.00 100.00 100.00 100.00 100.00 100.00 100.00 0.00
83.33=100.00 100.00 100.00 100.00 100.00 100.00 100.00 100.00 100.00 100.00 0.00 0.00
76.92=100.00 100.00 100.00 100.00 100.00 100.00 100.00 100.00 100.00 100.00 0.00 0.00 0.00
83.33=100.00 100.00 100.00 100.00 100.00 100.00 100.00 100.00 100.00 100.00 0.00 0.00
83.33=100.00 100.00 100.00 100.00 100.00 100.00 100.00 100.00 100.00 100.00 0.00 0.00
76.37=100.00 100.00 100.00 100.00 100.00 100.00 100.00 92.86 100.00 100.00 0.00 0.00 0.00
83.33=100.00 100.00 100.00 100.00 100.00 100.00 100.00 100.00 100.00 100.00 0.00 0.00
83.33=100.00 100.00 100.00 100.00 100.00 100.00 100.00 100.00 100.00 100.00 0.00 0.00
82.81=93.75 100.00 100.00 100.00 100.00 100.00 100.00 100.00 100.00 100.00 0.00 0.00
82.64=100.00 100.00 100.00 91.67 100.00 100.00 100.00 100.00 100.00 100.00 0.00 0.00
70.19=100.00 100.00 100.00 100.00 97.87 93.88 93.02 100.00 97.83 100.00 0.00 0.00 0.00 0.00
70.04=100.00 100.00 100.00 97.83 95.83 93.88 93.02 100.00 100.00 100.00 0.00 0.00 0.00 0.00
64.91=100.00 100.00 97.73 95.45 95.74 91.84 95.12 100.00 97.83 100.00 0.00 0.00 0.00 0.00 0.00
65.63=100.00 100.00 100.00 100.00 97.87 95.65 90.91 100.00 100.00 100.00 0.00 0.00 0.00 0.00 0.00
65.64=100.00 100.00 100.00 100.00 97.87 93.88 95.00 97.78 100.00 100.00 0.00 0.00 0.00 0.00 0.00
74.54=100.00 100.00 100.00 100.00 100.00 85.71 100.00 83.33 100.00 100.00 0.00 0.00 0.00
76.92=100.00 100.00 100.00 100.00 100.00 100.00 100.00 100.00 100.00 100.00 0.00 0.00 0.00
83.33=100.00 100.00 100.00 100.00 100.00 100.00 100.00 100.00 100.00 100.00 0.00 0.00
82.64=100.00 100.00 100.00 100.00 100.00 100.00 91.67 100.00 100.00 100.00 0.00 0.00
83.33=100.00 100.00 100.00 100.00 100.00 100.00 100.00 100.00 100.00 100.00 0.00 0.00
75.62=98.00 100.00 100.00 100.00 95.74 93.75 97.67 100.00 97.83 100.00 0.00 0.00 0.00
74.92=98.00 100.00 100.00 97.73 95.83 91.84 95.12 97.83 97.67 100.00 0.00 0.00 0.00
69.88=97.96 100.00 100.00 100.00 95.83 91.67 95.12 97.78 100.00 100.00 0.00 0.00 0.00 0.00
75.64=97.92 100.00 100.00 100.00 97.83 92.00 95.56 100.00 100.00 100.00 0.00 0.00 0.00
65.37=100.00 97.78 100.00 100.00 97.78 91.84 95.35 97.78 100.00 100.00 0.00 0.00 0.00 0.00 0.00
66.67=100.00 100.00 100.00 100.00 100.00 100.00 100.00 100.00 100.00 100.00 0.00 0.00 0.00 0.00 0.00
61.63=100.00 100.00 100.00 100.00 93.75 100.00 92.31 100.00 100.00 100.00 0.00 0.00 0.00 0.00 0.00 0.00
70.92=100.00 100.00 100.00 100.00 100.00 100.00 92.86 100.00 100.00 100.00 0.00 0.00 0.00 0.00
65.00=100.00 100.00 100.00 88.89 100.00 93.75 92.31 100.00 100.00 100.00 0.00 0.00 0.00 0.00 0.00
70.00=100.00 100.00 100.00 100.00 100.00 100.00 80.00 100.00 100.00 100.00 0.00 0.00 0.00 0.00
65.23=97.87 100.00 100.00 100.00 95.83 91.67 95.35 97.78 100.00 100.00 0.00 0.00 0.00 0.00 0.00
65.09=100.00 100.00 100.00 100.00 95.74 91.84 97.62 95.74 97.83 97.56 0.00 0.00 0.00 0.00 0.00
70.34=97.92 100.00 100.00 100.00 97.83 95.74 95.56 97.78 100.00 100.00 0.00 0.00 0.00 0.00
65.78=97.67 100.00 100.00 100.00 97.87 95.65 95.56 100.00 100.00 100.00 0.00 0.00 0.00 0.00 0.00
69.43=97.67 100.00 97.92 100.00 93.88 93.48 91.30 100.00 97.78 100.00 0.00 0.00 0.00 0.00
70.18=100.00 100.00 100.00 97.83 97.87 93.75 93.02 100.00 100.00 100.00 0.00 0.00 0.00 0.00
65.34=100.00 100.00 100.00 100.00 97.83 92.00 92.50 97.78 100.00 100.00 0.00 0.00 0.00 0.00 0.00
61.30=100.00 100.00 100.00 100.00 97.87 88.24 94.74 100.00 100.00 100.00 0.00 0.00 0.00 0.00 0.00 0.00
65.16=100.00 100.00 100.00 100.00 97.78 91.67 90.24 97.73 100.00 100.00 0.00 0.00 0.00 0.00 0.00
65.49=100.00 100.00 100.00 100.00 95.74 95.65 95.24 95.74 100.00 100.00 0.00 0.00 0.00 0.00 0.00
66.07=100.00 100.00 100.00 100.00 97.83 97.73 95.56 100.00 100.00 100.00 0.00 0.00 0.00 0.00 0.00
65.94=100.00 100.00 100.00 100.00 95.83 95.74 97.56 100.00 100.00 100.00 0.00 0.00 0.00 0.00 0.00
61.54=100.00 100.00 100.00 97.37 95.74 93.88 97.67 100.00 100.00 100.00 0.00 0.00 0.00 0.00 0.00 0.00
65.84=100.00 100.00 100.00 100.00 95.74 91.84 100.00 100.00 100.00 100.00 0.00 0.00 0.00 0.00 0.00
65.17=97.22 100.00 97.83 100.00 97.87 93.62 93.18 100.00 97.78 100.00 0.00 0.00 0.00 0.00 0.00
65.16=100.00 100.00 100.00 97.62 97.83 93.75 90.48 97.78 100.00 100.00 0.00 0.00 0.00 0.00 0.00
65.03=100.00 97.83 100.00 100.00 97.83 93.48 90.70 97.83 97.83 100.00 0.00 0.00 0.00 0.00 0.00
65.49=100.00 100.00 100.00 100.00 95.83 93.88 92.68 100.00 100.00 100.00 0.00 0.00 0.00 0.00 0.00
65.20=100.00 100.00 100.00 100.00 97.78 91.84 88.37 100.00 100.00 100.00 0.00 0.00 0.00 0.00 0.00
64.88=100.00 100.00 100.00 100.00 97.78 89.58 88.10 97.73 100.00 100.00 0.00 0.00 0.00 0.00 0.00
88.64=100.00 100.00 100.00 100.00 100.00 100.00 91.67 83.33 100.00 100.00 0.00
83.33=100.00 100.00 100.00 100.00 100.00 100.00 100.00 100.00 100.00 100.00 0.00 0.00
90.91=100.00 100.00 100.00 100.00 100.00 100.00 100.00 100.00 100.00 100.00 0.00
83.33=100.00 100.00 100.00 100.00 100.00 100.00 100.00 100.00 100.00 100.00 0.00 0.00
75.64=100.00 100.00 100.00 100.00 100.00 100.00 100.00 83.33 100.00 100.00 0.00 0.00 0.00
61.56=100.00 100.00 100.00 100.00 95.74 93.88 97.67 100.00 100.00 97.62 0.00 0.00 0.00 0.00 0.00 0.00
65.84=100.00 100.00 100.00 100.00 95.83 93.88 100.00 97.83 100.00 100.00 0.00 0.00 0.00 0.00 0.00
65.81=100.00 100.00 100.00 100.00 95.83 95.74 95.56 100.00 100.00 100.00 0.00 0.00 0.00 0.00 0.00
65.65=100.00 100.00 97.87 100.00 95.83 95.65 95.45 100.00 100.00 100.00 0.00 0.00 0.00 0.00 0.00
65.83=100.00 100.00 100.00 100.00 93.88 95.74 97.78 100.00 100.00 100.00 0.00 0.00 0.00 0.00 0.00
71.43=100.00 100.00 100.00 100.00 100.00 100.00 100.00 100.00 100.00 100.00 0.00 0.00 0.00 0.00
76.92=100.00 100.00 100.00 100.00 100.00 100.00 100.00 100.00 100.00 100.00 0.00 0.00 0.00
76.92=100.00 100.00 100.00 100.00 100.00 100.00 100.00 100.00 100.00 100.00 0.00 0.00 0.00
75.82=100.00 100.00 100.00 100.00 100.00 100.00 85.71 100.00 100.00 100.00 0.00 0.00 0.00
76.92=100.00 100.00 100.00 100.00 100.00 100.00 100.00 100.00 100.00 100.00 0.00 0.00 0.00
66.30=100.00 100.00 100.00 100.00 100.00 94.44 100.00 100.00 100.00 100.00 0.00 0.00 0.00 0.00 0.00
66.22=100.00 93.33 100.00 100.00 100.00 100.00 100.00 100.00 100.00 100.00 0.00 0.00 0.00 0.00 0.00
62.05=100.00 100.00 100.00 100.00 100.00 100.00 92.86 100.00 100.00 100.00 0.00 0.00 0.00 0.00 0.00 0.00
66.67=100.00 100.00 100.00 100.00 100.00 100.00 100.00 100.00 100.00 100.00 0.00 0.00 0.00 0.00 0.00
66.11=100.00 100.00 100.00 100.00 100.00 100.00 91.67 100.00 100.00 100.00 0.00 0.00 0.00 0.00 0.00
76.92=100.00 100.00 100.00 100.00 100.00 100.00 100.00 100.00 100.00 100.00 0.00 0.00 0.00
76.92=100.00 100.00 100.00 100.00 100.00 100.00 100.00 100.00 100.00 100.00 0.00 0.00 0.00
75.96=100.00 100.00 100.00 100.00 100.00 87.50 100.00 100.00 100.00 100.00 0.00 0.00 0.00
71.43=100.00 100.00 100.00 100.00 100.00 100.00 100.00 100.00 100.00 100.00 0.00 0.00 0.00 0.00
75.38=100.00 100.00 100.00 100.00 100.00 100.00 100.00 100.00 80.00 100.00 0.00 0.00 0.00
66.67=100.00 100.00 100.00 100.00 100.00 100.00 100.00 100.00 100.00 100.00 0.00 0.00 0.00 0.00 0.00
71.43=100.00 100.00 100.00 100.00 100.00 100.00 100.00 100.00 100.00 100.00 0.00 0.00 0.00 0.00
65.71=100.00 100.00 100.00 100.00 100.00 100.00 100.00 92.86 92.86 100.00 0.00 0.00 0.00 0.00 0.00
66.67=100.00 100.00 100.00 100.00 100.00 100.00 100.00 100.00 100.00 100.00 0.00 0.00 0.00 0.00 0.00
62.50=100.00 100.00 100.00 100.00 100.00 100.00 100.00 100.00 100.00 100.00 0.00 0.00 0.00 0.00 0.00 0.00
69.29=100.00 93.33 100.00 100.00 93.33 100.00 83.33 100.00 100.00 100.00 0.00 0.00 0.00 0.00
61.54=100.00 100.00 100.00 92.31 100.00 100.00 92.31 100.00 100.00 100.00 0.00 0.00 0.00 0.00 0.00 0.00
66.19=100.00 100.00 100.00 100.00 100.00 100.00 92.86 100.00 100.00 100.00 0.00 0.00 0.00 0.00 0.00
0.00=0.00 0.00 0.00 0.00 0.00 0.00 0.00 0.00 0.00 0.00 0.00
65.69=100.00 100.00 100.00 100.00 93.75 100.00 91.67 100.00 100.00 100.00 0.00 0.00 0.00 0.00 0.00
57.68=100.00 97.73 97.87 100.00 95.74 91.67 97.56 100.00 100.00 100.00 0.00 0.00 0.00 0.00 0.00 0.00 0.00
61.02=100.00 100.00 97.92 100.00 97.87 93.33 89.36 97.78 100.00 100.00 0.00 0.00 0.00 0.00 0.00 0.00
61.57=100.00 100.00 100.00 100.00 93.88 95.74 95.45 100.00 100.00 100.00 0.00 0.00 0.00 0.00 0.00 0.00
61.79=100.00 100.00 100.00 97.50 95.74 97.78 97.62 100.00 100.00 100.00 0.00 0.00 0.00 0.00 0.00 0.00
61.39=100.00 100.00 100.00 97.37 95.83 93.62 97.67 100.00 97.83 100.00 0.00 0.00 0.00 0.00 0.00 0.00
0.00=0.00 0.00 0.00 0.00 0.00 0.00 0.00 0.00 0.00 0.00 0.00
75.38=100.00 100.00 100.00 100.00 100.00 100.00 100.00 100.00 80.00 100.00 0.00 0.00 0.00
75.18=100.00 85.71 100.00 100.00 100.00 91.67 100.00 100.00 100.00 100.00 0.00 0.00 0.00
83.33=100.00 100.00 100.00 100.00 100.00 100.00 100.00 100.00 100.00 100.00 0.00 0.00
70.83=100.00 100.00 100.00 100.00 100.00 100.00 91.67 100.00 100.00 100.00 0.00 0.00 0.00 0.00
75.64=100.00 100.00 100.00 100.00 100.00 100.00 100.00 83.33 100.00 100.00 0.00 0.00 0.00
90.91=100.00 100.00 100.00 100.00 100.00 100.00 100.00 100.00 100.00 100.00 0.00
76.92=100.00 100.00 100.00 100.00 100.00 100.00 100.00 100.00 100.00 100.00 0.00 0.00 0.00
76.92=100.00 100.00 100.00 100.00 100.00 100.00 100.00 100.00 100.00 100.00 0.00 0.00 0.00
64.38=100.00 100.00 100.00 100.00 85.71 100.00 80.00 100.00 100.00 100.00 0.00 0.00 0.00 0.00 0.00
83.33=100.00 100.00 100.00 100.00 100.00 100.00 100.00 100.00 100.00 100.00 0.00 0.00
70.83=100.00 100.00 100.00 100.00 100.00 91.67 100.00 100.00 100.00 100.00 0.00 0.00 0.00 0.00
71.43=100.00 100.00 100.00 100.00 100.00 100.00 100.00 100.00 100.00 100.00 0.00 0.00 0.00 0.00
76.92=100.00 100.00 100.00 100.00 100.00 100.00 100.00 100.00 100.00 100.00 0.00 0.00 0.00
70.83=100.00 100.00 100.00 100.00 100.00 91.67 100.00 100.00 100.00 100.00 0.00 0.00 0.00 0.00
66.67=100.00 100.00 100.00 100.00 100.00 100.00 100.00 100.00 100.00 100.00 0.00 0.00 0.00 0.00 0.00
70.95=100.00 100.00 100.00 100.00 100.00 100.00 93.33 100.00 100.00 100.00 0.00 0.00 0.00 0.00
66.19=100.00 100.00 100.00 100.00 100.00 100.00 92.86 100.00 100.00 100.00 0.00 0.00 0.00 0.00 0.00
58.48=100.00 100.00 100.00 100.00 100.00 94.12 100.00 100.00 100.00 100.00 0.00 0.00 0.00 0.00 0.00 0.00 0.00
65.75=100.00 100.00 92.86 100.00 100.00 100.00 93.33 100.00 100.00 100.00 0.00 0.00 0.00 0.00 0.00
57.36=100.00 100.00 100.00 100.00 95.74 93.33 88.37 97.62 100.00 100.00 0.00 0.00 0.00 0.00 0.00 0.00 0.00
65.38=100.00 97.87 100.00 100.00 97.87 92.16 95.00 97.78 100.00 100.00 0.00 0.00 0.00 0.00 0.00
65.19=100.00 100.00 100.00 100.00 97.78 91.67 88.37 100.00 100.00 100.00 0.00 0.00 0.00 0.00 0.00
65.78=100.00 100.00 100.00 100.00 97.83 93.75 95.12 100.00 100.00 100.00 0.00 0.00 0.00 0.00 0.00
65.00=100.00 100.00 100.00 100.00 97.83 91.49 88.10 100.00 100.00 97.56 0.00 0.00 0.00 0.00 0.00
66.67=100.00 100.00 100.00 100.00 100.00 100.00 100.00 100.00 100.00 100.00 0.00 0.00 0.00 0.00 0.00
71.43=100.00 100.00 100.00 100.00 100.00 100.00 100.00 100.00 100.00 100.00 0.00 0.00 0.00 0.00
66.19=100.00 100.00 100.00 100.00 100.00 100.00 92.86 100.00 100.00 100.00 0.00 0.00 0.00 0.00 0.00
66.67=100.00 100.00 100.00 100.00 100.00 100.00 100.00 100.00 100.00 100.00 0.00 0.00 0.00 0.00 0.00
71.43=100.00 100.00 100.00 100.00 100.00 100.00 100.00 100.00 100.00 100.00 0.00 0.00 0.00 0.00
70.83=100.00 100.00 100.00 100.00 100.00 91.67 100.00 100.00 100.00 100.00 0.00 0.00 0.00 0.00
75.82=100.00 100.00 100.00 100.00 85.71 100.00 100.00 100.00 100.00 100.00 0.00 0.00 0.00
70.12=100.00 100.00 100.00 100.00 100.00 91.67 90.00 100.00 100.00 100.00 0.00 0.00 0.00 0.00
71.43=100.00 100.00 100.00 100.00 100.00 100.00 100.00 100.00 100.00 100.00 0.00 0.00 0.00 0.00
76.92=100.00 100.00 100.00 100.00 100.00 100.00 100.00 100.00 100.00 100.00 0.00 0.00 0.00
71.43=100.00 100.00 100.00 100.00 100.00 100.00 100.00 100.00 100.00 100.00 0.00 0.00 0.00 0.00
75.64=100.00 100.00 100.00 100.00 100.00 100.00 100.00 83.33 100.00 100.00 0.00 0.00 0.00
82.69=100.00 100.00 100.00 100.00 100.00 100.00 92.31 100.00 100.00 100.00 0.00 0.00
83.33=100.00 100.00 100.00 100.00 100.00 100.00 100.00 100.00 100.00 100.00 0.00 0.00
62.50=100.00 100.00 100.00 100.00 100.00 100.00 100.00 100.00 100.00 100.00 0.00 0.00 0.00 0.00 0.00 0.00
70.40=100.00 100.00 100.00 100.00 93.33 100.00 92.31 100.00 100.00 100.00 0.00 0.00 0.00 0.00
62.50=100.00 100.00 100.00 100.00 100.00 100.00 100.00 100.00 100.00 100.00 0.00 0.00 0.00 0.00 0.00 0.00
66.19=100.00 100.00 100.00 100.00 100.00 100.00 92.86 100.00 100.00 100.00 0.00 0.00 0.00 0.00 0.00
66.22=100.00 93.33 100.00 100.00 100.00 100.00 100.00 100.00 100.00 100.00 0.00 0.00 0.00 0.00 0.00
65.29=100.00 100.00 100.00 100.00 93.75 93.33 92.31 100.00 100.00 100.00 0.00 0.00 0.00 0.00 0.00
66.67=100.00 100.00 100.00 100.00 100.00 100.00 100.00 100.00 100.00 100.00 0.00 0.00 0.00 0.00 0.00
70.98=100.00 100.00 100.00 100.00 93.75 100.00 100.00 100.00 100.00 100.00 0.00 0.00 0.00 0.00
65.75=100.00 100.00 100.00 100.00 93.33 100.00 100.00 100.00 92.86 100.00 0.00 0.00 0.00 0.00 0.00
62.50=100.00 100.00 100.00 100.00 100.00 100.00 100.00 100.00 100.00 100.00 0.00 0.00 0.00 0.00 0.00 0.00
66.25=100.00 100.00 100.00 100.00 100.00 93.75 100.00 100.00 100.00 100.00 0.00 0.00 0.00 0.00 0.00
57.27=100.00 100.00 97.83 100.00 95.83 93.62 93.02 97.78 95.45 100.00 0.00 0.00 0.00 0.00 0.00 0.00 0.00
61.69=100.00 100.00 100.00 100.00 95.74 93.62 97.62 100.00 100.00 100.00 0.00 0.00 0.00 0.00 0.00 0.00
61.53=100.00 100.00 100.00 97.73 95.65 97.83 95.56 100.00 97.78 100.00 0.00 0.00 0.00 0.00 0.00 0.00
65.38=100.00 100.00 95.83 100.00 93.88 95.65 97.78 100.00 100.00 97.56 0.00 0.00 0.00 0.00 0.00
65.21=100.00 100.00 100.00 100.00 95.83 93.62 90.91 100.00 97.78 100.00 0.00 0.00 0.00 0.00 0.00
70.88=100.00 100.00 100.00 100.00 100.00 100.00 92.31 100.00 100.00 100.00 0.00 0.00 0.00 0.00
71.43=100.00 100.00 100.00 100.00 100.00 100.00 100.00 100.00 100.00 100.00 0.00 0.00 0.00 0.00
75.38=100.00 100.00 100.00 100.00 100.00 100.00 100.00 100.00 80.00 100.00 0.00 0.00 0.00
71.43=100.00 100.00 100.00 100.00 100.00 100.00 100.00 100.00 100.00 100.00 0.00 0.00 0.00 0.00
74.42=100.00 100.00 100.00 100.00 100.00 87.50 100.00 80.00 100.00 100.00 0.00 0.00 0.00
61.66=100.00 100.00 100.00 97.50 95.83 97.73 95.45 100.00 100.00 100.00 0.00 0.00 0.00 0.00 0.00 0.00
65.97=100.00 100.00 100.00 100.00 95.83 93.75 100.00 100.00 100.00 100.00 0.00 0.00 0.00 0.00 0.00
61.68=100.00 97.78 100.00 100.00 97.87 95.74 97.67 97.83 100.00 100.00 0.00 0.00 0.00 0.00 0.00 0.00
61.74=100.00 100.00 100.00 100.00 95.83 92.00 100.00 100.00 100.00 100.00 0.00 0.00 0.00 0.00 0.00 0.00
65.71=100.00 97.78 100.00 100.00 95.83 92.00 100.00 100.00 100.00 100.00 0.00 0.00 0.00 0.00 0.00
75.64=100.00 100.00 100.00 100.00 100.00 100.00 100.00 83.33 100.00 100.00 0.00 0.00 0.00
75.64=100.00 100.00 100.00 100.00 100.00 100.00 100.00 83.33 100.00 100.00 0.00 0.00 0.00
71.43=100.00 100.00 100.00 100.00 100.00 100.00 100.00 100.00 100.00 100.00 0.00 0.00 0.00 0.00
76.92=100.00 100.00 100.00 100.00 100.00 100.00 100.00 100.00 100.00 100.00 0.00 0.00 0.00
71.43=100.00 100.00 100.00 100.00 100.00 100.00 100.00 100.00 100.00 100.00 0.00 0.00 0.00 0.00
61.83=100.00 100.00 100.00 100.00 95.83 95.74 97.67 100.00 100.00 100.00 0.00 0.00 0.00 0.00 0.00 0.00
58.32=100.00 100.00 97.92 100.00 97.87 95.65 100.00 100.00 100.00 100.00 0.00 0.00 0.00 0.00 0.00 0.00 0.00
61.81=100.00 100.00 100.00 100.00 95.83 97.73 97.67 97.78 100.00 100.00 0.00 0.00 0.00 0.00 0.00 0.00
57.92=100.00 100.00 100.00 97.67 95.74 93.48 97.67 100.00 100.00 100.00 0.00 0.00 0.00 0.00 0.00 0.00 0.00
58.19=100.00 100.00 100.00 100.00 95.83 97.78 97.67 97.87 100.00 100.00 0.00 0.00 0.00 0.00 0.00 0.00 0.00
65.33=100.00 100.00 97.92 100.00 97.78 93.88 92.68 100.00 97.73 100.00 0.00 0.00 0.00 0.00 0.00
65.47=100.00 100.00 100.00 100.00 97.78 93.62 90.70 100.00 100.00 100.00 0.00 0.00 0.00 0.00 0.00
57.92=100.00 100.00 100.00 100.00 97.83 93.88 92.86 100.00 100.00 100.00 0.00 0.00 0.00 0.00 0.00 0.00 0.00
61.25=100.00 100.00 100.00 100.00 97.87 91.84 92.50 97.78 100.00 100.00 0.00 0.00 0.00 0.00 0.00 0.00
65.31=100.00 100.00 100.00 97.14 97.83 93.88 93.02 97.78 100.00 100.00 0.00 0.00 0.00 0.00 0.00
82.64=100.00 100.00 100.00 100.00 100.00 91.67 100.00 100.00 100.00 100.00 0.00 0.00
74.29=100.00 100.00 100.00 100.00 85.71 100.00 100.00 100.00 80.00 100.00 0.00 0.00 0.00
70.41=100.00 100.00 85.71 100.00 100.00 100.00 100.00 100.00 100.00 100.00 0.00 0.00 0.00 0.00
71.43=100.00 100.00 100.00 100.00 100.00 100.00 100.00 100.00 100.00 100.00 0.00 0.00 0.00 0.00
76.22=100.00 100.00 100.00 100.00 100.00 90.91 100.00 100.00 100.00 100.00 0.00 0.00 0.00
71.43=100.00 100.00 100.00 100.00 100.00 100.00 100.00 100.00 100.00 100.00 0.00 0.00 0.00 0.00
75.82=100.00 100.00 100.00 100.00 85.71 100.00 100.00 100.00 100.00 100.00 0.00 0.00 0.00
71.43=100.00 100.00 100.00 100.00 100.00 100.00 100.00 100.00 100.00 100.00 0.00 0.00 0.00 0.00
76.28=100.00 100.00 100.00 100.00 100.00 91.67 100.00 100.00 100.00 100.00 0.00 0.00 0.00
76.92=100.00 100.00 100.00 100.00 100.00 100.00 100.00 100.00 100.00 100.00 0.00 0.00 0.00
69.45=100.00 100.00 92.31 100.00 100.00 93.75 93.33 92.86 100.00 100.00 0.00 0.00 0.00 0.00
76.44=100.00 100.00 100.00 100.00 100.00 100.00 93.75 100.00 100.00 100.00 0.00 0.00 0.00
76.92=100.00 100.00 100.00 100.00 100.00 100.00 100.00 100.00 100.00 100.00 0.00 0.00 0.00
70.98=100.00 100.00 100.00 100.00 100.00 100.00 93.75 100.00 100.00 100.00 0.00 0.00 0.00 0.00
70.92=100.00 100.00 100.00 100.00 100.00 100.00 100.00 92.86 100.00 100.00 0.00 0.00 0.00 0.00
71.43=100.00 100.00 100.00 100.00 100.00 100.00 100.00 100.00 100.00 100.00 0.00 0.00 0.00 0.00
69.22=100.00 100.00 85.71 100.00 100.00 100.00 100.00 83.33 100.00 100.00 0.00 0.00 0.00 0.00
70.24=100.00 100.00 100.00 100.00 100.00 100.00 100.00 83.33 100.00 100.00 0.00 0.00 0.00 0.00
71.43=100.00 100.00 100.00 100.00 100.00 100.00 100.00 100.00 100.00 100.00 0.00 0.00 0.00 0.00
76.92=100.00 100.00 100.00 100.00 100.00 100.00 100.00 100.00 100.00 100.00 0.00 0.00 0.00
70.41=100.00 100.00 92.86 100.00 100.00 100.00 100.00 92.86 100.00 100.00 0.00 0.00 0.00 0.00
76.28=100.00 100.00 100.00 91.67 100.00 100.00 100.00 100.00 100.00 100.00 0.00 0.00 0.00
70.95=100.00 100.00 100.00 100.00 100.00 100.00 93.33 100.00 100.00 100.00 0.00 0.00 0.00 0.00
70.92=100.00 100.00 92.86 100.00 100.00 100.00 100.00 100.00 100.00 100.00 0.00 0.00 0.00 0.00
76.37=100.00 100.00 100.00 100.00 100.00 100.00 92.86 100.00 100.00 100.00 0.00 0.00 0.00
76.92=100.00 100.00 100.00 100.00 100.00 100.00 100.00 100.00 100.00 100.00 0.00 0.00 0.00
76.92=100.00 100.00 100.00 100.00 100.00 100.00 100.00 100.00 100.00 100.00 0.00 0.00 0.00
75.82=100.00 100.00 100.00 100.00 85.71 100.00 100.00 100.00 100.00 100.00 0.00 0.00 0.00
76.92=100.00 100.00 100.00 100.00 100.00 100.00 100.00 100.00 100.00 100.00 0.00 0.00 0.00
75.96=100.00 100.00 100.00 100.00 100.00 100.00 87.50 100.00 100.00 100.00 0.00 0.00 0.00
65.56=100.00 100.00 83.33 100.00 100.00 100.00 100.00 100.00 100.00 100.00 0.00 0.00 0.00 0.00 0.00
76.92=100.00 100.00 100.00 100.00 100.00 100.00 100.00 100.00 100.00 100.00 0.00 0.00 0.00
76.92=100.00 100.00 100.00 100.00 100.00 100.00 100.00 100.00 100.00 100.00 0.00 0.00 0.00
76.92=100.00 100.00 100.00 100.00 100.00 100.00 100.00 100.00 100.00 100.00 0.00 0.00 0.00
76.28=100.00 100.00 100.00 100.00 100.00 91.67 100.00 100.00 100.00 100.00 0.00 0.00 0.00
61.56=100.00 97.78 100.00 100.00 95.83 93.62 97.67 100.00 100.00 100.00 0.00 0.00 0.00 0.00 0.00 0.00
57.67=100.00 97.78 97.87 100.00 95.74 93.62 97.62 97.78 100.00 100.00 0.00 0.00 0.00 0.00 0.00 0.00 0.00
57.80=100.00 100.00 100.00 100.00 93.48 93.75 97.62 97.78 100.00 100.00 0.00 0.00 0.00 0.00 0.00 0.00 0.00
58.06=100.00 100.00 97.78 100.00 95.74 95.83 100.00 97.73 100.00 100.00 0.00 0.00 0.00 0.00 0.00 0.00 0.00
55.07=100.00 100.00 100.00 100.00 95.74 97.87 97.62 100.00 100.00 100.00 0.00 0.00 0.00 0.00 0.00 0.00 0.00 0.00
76.92=100.00 100.00 100.00 100.00 100.00 100.00 100.00 100.00 100.00 100.00 0.00 0.00 0.00
71.43=100.00 100.00 100.00 100.00 100.00 100.00 100.00 100.00 100.00 100.00 0.00 0.00 0.00 0.00
66.67=100.00 100.00 100.00 100.00 100.00 100.00 100.00 100.00 100.00 100.00 0.00 0.00 0.00 0.00 0.00
76.92=100.00 100.00 100.00 100.00 100.00 100.00 100.00 100.00 100.00 100.00 0.00 0.00 0.00
76.28=100.00 100.00 100.00 100.00 100.00 91.67 100.00 100.00 100.00 100.00 0.00 0.00 0.00
75.86=100.00 100.00 92.86 100.00 100.00 93.33 100.00 100.00 100.00 100.00 0.00 0.00 0.00
70.92=100.00 100.00 100.00 100.00 100.00 92.86 100.00 100.00 100.00 100.00 0.00 0.00 0.00 0.00
65.36=100.00 100.00 100.00 100.00 100.00 100.00 87.50 100.00 92.86 100.00 0.00 0.00 0.00 0.00 0.00
76.92=100.00 100.00 100.00 100.00 100.00 100.00 100.00 100.00 100.00 100.00 0.00 0.00 0.00
76.37=100.00 100.00 100.00 100.00 100.00 100.00 100.00 92.86 100.00 100.00 0.00 0.00 0.00
76.92=100.00 100.00 100.00 100.00 100.00 100.00 100.00 100.00 100.00 100.00 0.00 0.00 0.00
62.08=100.00 100.00 100.00 100.00 100.00 100.00 93.33 100.00 100.00 100.00 0.00 0.00 0.00 0.00 0.00 0.00
70.98=100.00 100.00 100.00 100.00 100.00 93.75 100.00 100.00 100.00 100.00 0.00 0.00 0.00 0.00
76.37=100.00 100.00 100.00 100.00 100.00 100.00 100.00 92.86 100.00 100.00 0.00 0.00 0.00
65.82=100.00 100.00 100.00 100.00 100.00 94.44 100.00 92.86 100.00 100.00 0.00 0.00 0.00 0.00 0.00
58.08=100.00 100.00 100.00 100.00 95.83 93.75 100.00 97.73 100.00 100.00 0.00 0.00 0.00 0.00 0.00 0.00 0.00
54.85=100.00 100.00 100.00 100.00 93.88 93.48 100.00 100.00 100.00 100.00 0.00 0.00 0.00 0.00 0.00 0.00 0.00 0.00
54.95=100.00 100.00 100.00 100.00 95.83 95.65 97.62 100.00 100.00 100.00 0.00 0.00 0.00 0.00 0.00 0.00 0.00 0.00
58.32=100.00 100.00 100.00 100.00 95.83 95.65 100.00 100.00 100.00 100.00 0.00 0.00 0.00 0.00 0.00 0.00 0.00
57.91=100.00 100.00 100.00 100.00 95.74 93.75 100.00 97.78 97.14 100.00 0.00 0.00 0.00 0.00 0.00 0.00 0.00
71.43=100.00 100.00 100.00 100.00 100.00 100.00 100.00 100.00 100.00 100.00 0.00 0.00 0.00 0.00
70.41=100.00 100.00 85.71 100.00 100.00 100.00 100.00 100.00 100.00 100.00 0.00 0.00 0.00 0.00
76.92=100.00 100.00 100.00 100.00 100.00 100.00 100.00 100.00 100.00 100.00 0.00 0.00 0.00
65.83=100.00 100.00 100.00 100.00 100.00 87.50 100.00 100.00 100.00 100.00 0.00 0.00 0.00 0.00 0.00
66.67=100.00 100.00 100.00 100.00 100.00 100.00 100.00 100.00 100.00 100.00 0.00 0.00 0.00 0.00 0.00
70.83=100.00 100.00 100.00 100.00 100.00 91.67 100.00 100.00 100.00 100.00 0.00 0.00 0.00 0.00
70.83=100.00 100.00 100.00 100.00 100.00 100.00 91.67 100.00 100.00 100.00 0.00 0.00 0.00 0.00
71.43=100.00 100.00 100.00 100.00 100.00 100.00 100.00 100.00 100.00 100.00 0.00 0.00 0.00 0.00
76.92=100.00 100.00 100.00 100.00 100.00 100.00 100.00 100.00 100.00 100.00 0.00 0.00 0.00
70.83=100.00 100.00 100.00 100.00 100.00 91.67 100.00 100.00 100.00 100.00 0.00 0.00 0.00 0.00
75.82=100.00 100.00 100.00 100.00 85.71 100.00 100.00 100.00 100.00 100.00 0.00 0.00 0.00
71.43=100.00 100.00 100.00 100.00 100.00 100.00 100.00 100.00 100.00 100.00 0.00 0.00 0.00 0.00
71.43=100.00 100.00 100.00 100.00 100.00 100.00 100.00 100.00 100.00 100.00 0.00 0.00 0.00 0.00
70.54=100.00 100.00 100.00 100.00 100.00 87.50 100.00 100.00 100.00 100.00 0.00 0.00 0.00 0.00
65.83=100.00 100.00 100.00 100.00 100.00 87.50 100.00 100.00 100.00 100.00 0.00 0.00 0.00 0.00 0.00
69.96=100.00 100.00 100.00 100.00 93.75 92.86 92.86 100.00 100.00 100.00 0.00 0.00 0.00 0.00
62.08=100.00 93.33 100.00 100.00 100.00 100.00 100.00 100.00 100.00 100.00 0.00 0.00 0.00 0.00 0.00 0.00
66.15=100.00 100.00 100.00 100.00 100.00 92.31 100.00 100.00 100.00 100.00 0.00 0.00 0.00 0.00 0.00
66.15=100.00 100.00 100.00 100.00 100.00 100.00 92.31 100.00 100.00 100.00 0.00 0.00 0.00 0.00 0.00
66.67=100.00 100.00 100.00 100.00 100.00 100.00 100.00 100.00 100.00 100.00 0.00 0.00 0.00 0.00 0.00
54.71=100.00 100.00 100.00 100.00 95.83 93.62 97.50 97.83 100.00 100.00 0.00 0.00 0.00 0.00 0.00 0.00 0.00 0.00
55.09=100.00 100.00 100.00 100.00 95.83 95.74 100.00 100.00 100.00 100.00 0.00 0.00 0.00 0.00 0.00 0.00 0.00 0.00
54.94=100.00 100.00 100.00 100.00 97.78 93.62 97.50 100.00 100.00 100.00 0.00 0.00 0.00 0.00 0.00 0.00 0.00 0.00
58.04=100.00 100.00 97.78 100.00 97.83 95.65 95.45 100.00 100.00 100.00 0.00 0.00 0.00 0.00 0.00 0.00 0.00
55.07=100.00 100.00 100.00 100.00 95.74 97.83 97.67 100.00 100.00 100.00 0.00 0.00 0.00 0.00 0.00 0.00 0.00 0.00
61.25=100.00 93.33 100.00 100.00 93.33 100.00 93.33 100.00 100.00 100.00 0.00 0.00 0.00 0.00 0.00 0.00
58.43=100.00 100.00 100.00 100.00 100.00 100.00 93.33 100.00 100.00 100.00 0.00 0.00 0.00 0.00 0.00 0.00 0.00
62.11=100.00 100.00 100.00 100.00 93.75 100.00 100.00 100.00 100.00 100.00 0.00 0.00 0.00 0.00 0.00 0.00
58.82=100.00 100.00 100.00 100.00 100.00 100.00 100.00 100.00 100.00 100.00 0.00 0.00 0.00 0.00 0.00 0.00 0.00
62.50=100.00 100.00 100.00 100.00 100.00 100.00 100.00 100.00 100.00 100.00 0.00 0.00 0.00 0.00 0.00 0.00
71.43=100.00 100.00 100.00 100.00 100.00 100.00 100.00 100.00 100.00 100.00 0.00 0.00 0.00 0.00
76.92=100.00 100.00 100.00 100.00 100.00 100.00 100.00 100.00 100.00 100.00 0.00 0.00 0.00
76.28=100.00 100.00 100.00 100.00 100.00 91.67 100.00 100.00 100.00 100.00 0.00 0.00 0.00
76.28=100.00 100.00 100.00 100.00 100.00 91.67 100.00 100.00 100.00 100.00 0.00 0.00 0.00
76.28=100.00 100.00 100.00 100.00 100.00 91.67 100.00 100.00 100.00 100.00 0.00 0.00 0.00
66.67=100.00 100.00 100.00 100.00 100.00 100.00 100.00 100.00 100.00 100.00 0.00 0.00 0.00 0.00 0.00
58.40=100.00 100.00 100.00 100.00 100.00 100.00 100.00 92.86 100.00 100.00 0.00 0.00 0.00 0.00 0.00 0.00 0.00
58.40=100.00 100.00 100.00 100.00 100.00 92.86 100.00 100.00 100.00 100.00 0.00 0.00 0.00 0.00 0.00 0.00 0.00
58.40=100.00 100.00 100.00 100.00 100.00 92.86 100.00 100.00 100.00 100.00 0.00 0.00 0.00 0.00 0.00 0.00 0.00
58.82=100.00 100.00 100.00 100.00 100.00 100.00 100.00 100.00 100.00 100.00 0.00 0.00 0.00 0.00 0.00 0.00 0.00
62.50=100.00 100.00 100.00 100.00 100.00 100.00 100.00 100.00 100.00 100.00 0.00 0.00 0.00 0.00 0.00 0.00
71.43=100.00 100.00 100.00 100.00 100.00 100.00 100.00 100.00 100.00 100.00 0.00 0.00 0.00 0.00
66.67=100.00 100.00 100.00 100.00 100.00 100.00 100.00 100.00 100.00 100.00 0.00 0.00 0.00 0.00 0.00
66.67=100.00 100.00 100.00 100.00 100.00 100.00 100.00 100.00 100.00 100.00 0.00 0.00 0.00 0.00 0.00
61.72=100.00 100.00 100.00 100.00 100.00 87.50 100.00 100.00 100.00 100.00 0.00 0.00 0.00 0.00 0.00 0.00
58.37=100.00 100.00 100.00 100.00 100.00 100.00 100.00 92.31 100.00 100.00 0.00 0.00 0.00 0.00 0.00 0.00 0.00
58.82=100.00 100.00 100.00 100.00 100.00 100.00 100.00 100.00 100.00 100.00 0.00 0.00 0.00 0.00 0.00 0.00 0.00
58.82=100.00 100.00 100.00 100.00 100.00 100.00 100.00 100.00 100.00 100.00 0.00 0.00 0.00 0.00 0.00 0.00 0.00
55.56=100.00 100.00 100.00 100.00 100.00 100.00 100.00 100.00 100.00 100.00 0.00 0.00 0.00 0.00 0.00 0.00 0.00 0.00
52.63=100.00 100.00 100.00 100.00 100.00 100.00 100.00 100.00 100.00 100.00 0.00 0.00 0.00 0.00 0.00 0.00 0.00 0.00 0.00
54.70=100.00 100.00 100.00 100.00 97.78 93.88 92.86 100.00 100.00 100.00 0.00 0.00 0.00 0.00 0.00 0.00 0.00 0.00
54.71=100.00 100.00 100.00 100.00 97.73 92.00 95.00 100.00 100.00 100.00 0.00 0.00 0.00 0.00 0.00 0.00 0.00 0.00
57.79=100.00 100.00 100.00 100.00 97.83 93.88 90.70 100.00 100.00 100.00 0.00 0.00 0.00 0.00 0.00 0.00 0.00
54.36=100.00 100.00 100.00 100.00 97.44 88.46 92.50 100.00 100.00 100.00 0.00 0.00 0.00 0.00 0.00 0.00 0.00 0.00
54.34=100.00 100.00 100.00 100.00 97.30 88.46 92.31 100.00 100.00 100.00 0.00 0.00 0.00 0.00 0.00 0.00 0.00 0.00
71.43=100.00 100.00 100.00 100.00 100.00 100.00 100.00 100.00 100.00 100.00 0.00 0.00 0.00 0.00
66.11=100.00 100.00 100.00 100.00 100.00 91.67 100.00 100.00 100.00 100.00 0.00 0.00 0.00 0.00 0.00
71.43=100.00 100.00 100.00 100.00 100.00 100.00 100.00 100.00 100.00 100.00 0.00 0.00 0.00 0.00
70.24=100.00 100.00 100.00 100.00 100.00 100.00 100.00 83.33 100.00 100.00 0.00 0.00 0.00 0.00
66.67=100.00 100.00 100.00 100.00 100.00 100.00 100.00 100.00 100.00 100.00 0.00 0.00 0.00 0.00 0.00
65.56=100.00 100.00 100.00 100.00 100.00 100.00 100.00 83.33 100.00 100.00 0.00 0.00 0.00 0.00 0.00
65.56=100.00 100.00 100.00 100.00 100.00 100.00 100.00 83.33 100.00 100.00 0.00 0.00 0.00 0.00 0.00
66.67=100.00 100.00 100.00 100.00 100.00 100.00 100.00 100.00 100.00 100.00 0.00 0.00 0.00 0.00 0.00
70.54=100.00 100.00 100.00 100.00 100.00 87.50 100.00 100.00 100.00 100.00 0.00 0.00 0.00 0.00
61.46=100.00 100.00 100.00 100.00 100.00 100.00 100.00 83.33 100.00 100.00 0.00 0.00 0.00 0.00 0.00 0.00
62.50=100.00 100.00 100.00 100.00 100.00 100.00 100.00 100.00 100.00 100.00 0.00 0.00 0.00 0.00 0.00 0.00
66.67=100.00 100.00 100.00 100.00 100.00 100.00 100.00 100.00 100.00 100.00 0.00 0.00 0.00 0.00 0.00
66.67=100.00 100.00 100.00 100.00 100.00 100.00 100.00 100.00 100.00 100.00 0.00 0.00 0.00 0.00 0.00
66.67=100.00 100.00 100.00 100.00 100.00 100.00 100.00 100.00 100.00 100.00 0.00 0.00 0.00 0.00 0.00
62.50=100.00 100.00 100.00 100.00 100.00 100.00 100.00 100.00 100.00 100.00 0.00 0.00 0.00 0.00 0.00 0.00
71.43=100.00 100.00 100.00 100.00 100.00 100.00 100.00 100.00 100.00 100.00 0.00 0.00 0.00 0.00
71.43=100.00 100.00 100.00 100.00 100.00 100.00 100.00 100.00 100.00 100.00 0.00 0.00 0.00 0.00
71.43=100.00 100.00 100.00 100.00 100.00 100.00 100.00 100.00 100.00 100.00 0.00 0.00 0.00 0.00
71.43=100.00 100.00 100.00 100.00 100.00 100.00 100.00 100.00 100.00 100.00 0.00 0.00 0.00 0.00
66.67=100.00 100.00 100.00 100.00 100.00 100.00 100.00 100.00 100.00 100.00 0.00 0.00 0.00 0.00 0.00
54.72=100.00 100.00 100.00 100.00 100.00 93.33 91.67 100.00 100.00 100.00 0.00 0.00 0.00 0.00 0.00 0.00 0.00 0.00
55.56=100.00 100.00 100.00 100.00 100.00 100.00 100.00 100.00 100.00 100.00 0.00 0.00 0.00 0.00 0.00 0.00 0.00 0.00
58.04=100.00 100.00 100.00 100.00 100.00 93.75 100.00 92.86 100.00 100.00 0.00 0.00 0.00 0.00 0.00 0.00 0.00
58.43=100.00 100.00 100.00 100.00 100.00 100.00 93.33 100.00 100.00 100.00 0.00 0.00 0.00 0.00 0.00 0.00 0.00
55.16=100.00 100.00 100.00 100.00 100.00 100.00 92.86 100.00 100.00 100.00 0.00 0.00 0.00 0.00 0.00 0.00 0.00 0.00
54.50=96.30 97.78 100.00 100.00 97.62 91.67 97.56 100.00 100.00 100.00 0.00 0.00 0.00 0.00 0.00 0.00 0.00 0.00
52.04=100.00 100.00 100.00 100.00 97.44 93.62 97.62 100.00 100.00 100.00 0.00 0.00 0.00 0.00 0.00 0.00 0.00 0.00 0.00
51.57=96.30 97.78 100.00 100.00 100.00 90.00 100.00 95.74 100.00 100.00 0.00 0.00 0.00 0.00 0.00 0.00 0.00 0.00 0.00
52.05=100.00 97.78 100.00 100.00 100.00 93.62 97.62 100.00 100.00 100.00 0.00 0.00 0.00 0.00 0.00 0.00 0.00 0.00 0.00
52.05=100.00 100.00 100.00 100.00 95.45 95.74 100.00 97.83 100.00 100.00 0.00 0.00 0.00 0.00 0.00 0.00 0.00 0.00 0.00
71.43=100.00 100.00 100.00 100.00 100.00 100.00 100.00 100.00 100.00 100.00 0.00 0.00 0.00 0.00
66.11=100.00 100.00 100.00 100.00 100.00 91.67 100.00 100.00 100.00 100.00 0.00 0.00 0.00 0.00 0.00
69.39=100.00 100.00 100.00 100.00 100.00 100.00 100.00 71.43 100.00 100.00 0.00 0.00 0.00 0.00
71.43=100.00 100.00 100.00 100.00 100.00 100.00 100.00 100.00 100.00 100.00 0.00 0.00 0.00 0.00
76.28=100.00 100.00 100.00 100.00 100.00 91.67 100.00 100.00 100.00 100.00 0.00 0.00 0.00
66.67=100.00 100.00 100.00 100.00 100.00 100.00 100.00 100.00 100.00 100.00 0.00 0.00 0.00 0.00 0.00
66.67=100.00 100.00 100.00 100.00 100.00 100.00 100.00 100.00 100.00 100.00 0.00 0.00 0.00 0.00 0.00
71.43=100.00 100.00 100.00 100.00 100.00 100.00 100.00 100.00 100.00 100.00 0.00 0.00 0.00 0.00
62.50=100.00 100.00 100.00 100.00 100.00 100.00 100.00 100.00 100.00 100.00 0.00 0.00 0.00 0.00 0.00 0.00
66.67=100.00 100.00 100.00 100.00 100.00 100.00 100.00 100.00 100.00 100.00 0.00 0.00 0.00 0.00 0.00
66.67=100.00 100.00 100.00 100.00 100.00 100.00 100.00 100.00 100.00 100.00 0.00 0.00 0.00 0.00 0.00
65.19=100.00 100.00 100.00 100.00 100.00 77.78 100.00 100.00 100.00 100.00 0.00 0.00 0.00 0.00 0.00
66.67=100.00 100.00 100.00 100.00 100.00 100.00 100.00 100.00 100.00 100.00 0.00 0.00 0.00 0.00 0.00
60.94=100.00 100.00 100.00 100.00 100.00 100.00 100.00 100.00 75.00 100.00 0.00 0.00 0.00 0.00 0.00 0.00
66.67=100.00 100.00 100.00 100.00 100.00 100.00 100.00 100.00 100.00 100.00 0.00 0.00 0.00 0.00 0.00
55.19=100.00 100.00 100.00 100.00 100.00 93.33 100.00 100.00 100.00 100.00 0.00 0.00 0.00 0.00 0.00 0.00 0.00 0.00
52.63=100.00 100.00 100.00 100.00 100.00 100.00 100.00 100.00 100.00 100.00 0.00 0.00 0.00 0.00 0.00 0.00 0.00 0.00 0.00
55.56=100.00 100.00 100.00 100.00 100.00 100.00 100.00 100.00 100.00 100.00 0.00 0.00 0.00 0.00 0.00 0.00 0.00 0.00
55.56=100.00 100.00 100.00 100.00 100.00 100.00 100.00 100.00 100.00 100.00 0.00 0.00 0.00 0.00 0.00 0.00 0.00 0.00
52.63=100.00 100.00 100.00 100.00 100.00 100.00 100.00 100.00 100.00 100.00 0.00 0.00 0.00 0.00 0.00 0.00 0.00 0.00 0.00
51.47=100.00 100.00 97.87 100.00 100.00 89.80 92.50 97.78 100.00 100.00 0.00 0.00 0.00 0.00 0.00 0.00 0.00 0.00 0.00
54.60=100.00 100.00 100.00 100.00 100.00 88.24 94.59 100.00 100.00 100.00 0.00 0.00 0.00 0.00 0.00 0.00 0.00 0.00
51.82=100.00 100.00 100.00 100.00 100.00 93.88 90.70 100.00 100.00 100.00 0.00 0.00 0.00 0.00 0.00 0.00 0.00 0.00 0.00
49.43=100.00 100.00 100.00 100.00 100.00 95.56 93.02 100.00 100.00 100.00 0.00 0.00 0.00 0.00 0.00 0.00 0.00 0.00 0.00 0.00
51.80=100.00 100.00 100.00 100.00 100.00 93.48 90.70 100.00 100.00 100.00 0.00 0.00 0.00 0.00 0.00 0.00 0.00 0.00 0.00
62.50=100.00 100.00 100.00 100.00 100.00 100.00 100.00 100.00 100.00 100.00 0.00 0.00 0.00 0.00 0.00 0.00
58.43=100.00 100.00 100.00 100.00 100.00 100.00 93.33 100.00 100.00 100.00 0.00 0.00 0.00 0.00 0.00 0.00 0.00
55.56=100.00 100.00 100.00 100.00 100.00 100.00 100.00 100.00 100.00 100.00 0.00 0.00 0.00 0.00 0.00 0.00 0.00 0.00
58.82=100.00 100.00 100.00 100.00 100.00 100.00 100.00 100.00 100.00 100.00 0.00 0.00 0.00 0.00 0.00 0.00 0.00
58.40=100.00 100.00 100.00 100.00 100.00 100.00 100.00 92.86 100.00 100.00 0.00 0.00 0.00 0.00 0.00 0.00 0.00
55.19=100.00 100.00 100.00 100.00 100.00 95.65 100.00 97.73 100.00 100.00 0.00 0.00 0.00 0.00 0.00 0.00 0.00 0.00
55.05=100.00 100.00 100.00 100.00 100.00 95.56 97.62 97.78 100.00 100.00 0.00 0.00 0.00 0.00 0.00 0.00 0.00 0.00
54.47=100.00 100.00 100.00 100.00 100.00 87.76 95.00 97.78 100.00 100.00 0.00 0.00 0.00 0.00 0.00 0.00 0.00 0.00
49.67=100.00 100.00 100.00 100.00 95.65 97.78 100.00 100.00 100.00 100.00 0.00 0.00 0.00 0.00 0.00 0.00 0.00 0.00 0.00 0.00
51.93=100.00 97.78 100.00 100.00 100.00 95.65 97.62 95.65 100.00 100.00 0.00 0.00 0.00 0.00 0.00 0.00 0.00 0.00 0.00
62.50=100.00 100.00 100.00 100.00 100.00 100.00 100.00 100.00 100.00 100.00 0.00 0.00 0.00 0.00 0.00 0.00
71.43=100.00 100.00 100.00 100.00 100.00 100.00 100.00 100.00 100.00 100.00 0.00 0.00 0.00 0.00
70.78=100.00 100.00 100.00 100.00 100.00 90.91 100.00 100.00 100.00 100.00 0.00 0.00 0.00 0.00
76.92=100.00 100.00 100.00 100.00 100.00 100.00 100.00 100.00 100.00 100.00 0.00 0.00 0.00
71.43=100.00 100.00 100.00 100.00 100.00 100.00 100.00 100.00 100.00 100.00 0.00 0.00 0.00 0.00
58.37=100.00 100.00 100.00 100.00 100.00 92.31 100.00 100.00 100.00 100.00 0.00 0.00 0.00 0.00 0.00 0.00 0.00
66.67=100.00 100.00 100.00 100.00 100.00 100.00 100.00 100.00 100.00 100.00 0.00 0.00 0.00 0.00 0.00
58.82=100.00 100.00 100.00 100.00 100.00 100.00 100.00 100.00 100.00 100.00 0.00 0.00 0.00 0.00 0.00 0.00 0.00
62.50=100.00 100.00 100.00 100.00 100.00 100.00 100.00 100.00 100.00 100.00 0.00 0.00 0.00 0.00 0.00 0.00
62.08=100.00 100.00 100.00 100.00 100.00 100.00 93.33 100.00 100.00 100.00 0.00 0.00 0.00 0.00 0.00 0.00
58.40=100.00 100.00 100.00 100.00 100.00 100.00 92.86 100.00 100.00 100.00 0.00 0.00 0.00 0.00 0.00 0.00 0.00
52.23=100.00 100.00 100.00 100.00 100.00 100.00 92.31 100.00 100.00 100.00 0.00 0.00 0.00 0.00 0.00 0.00 0.00 0.00 0.00
52.30=100.00 100.00 100.00 100.00 100.00 93.75 100.00 100.00 100.00 100.00 0.00 0.00 0.00 0.00 0.00 0.00 0.00 0.00 0.00
55.09=100.00 100.00 100.00 100.00 100.00 100.00 100.00 91.67 100.00 100.00 0.00 0.00 0.00 0.00 0.00 0.00 0.00 0.00
49.69=100.00 100.00 100.00 100.00 100.00 93.75 100.00 100.00 100.00 100.00 0.00 0.00 0.00 0.00 0.00 0.00 0.00 0.00 0.00 0.00
76.92=100.00 100.00 100.00 100.00 100.00 100.00 100.00 100.00 100.00 100.00 0.00 0.00 0.00
71.43=100.00 100.00 100.00 100.00 100.00 100.00 100.00 100.00 100.00 100.00 0.00 0.00 0.00 0.00
66.67=100.00 100.00 100.00 100.00 100.00 100.00 100.00 100.00 100.00 100.00 0.00 0.00 0.00 0.00 0.00
66.06=100.00 100.00 100.00 100.00 100.00 90.91 100.00 100.00 100.00 100.00 0.00 0.00 0.00 0.00 0.00
62.50=100.00 100.00 100.00 100.00 100.00 100.00 100.00 100.00 100.00 100.00 0.00 0.00 0.00 0.00 0.00 0.00
55.16=100.00 100.00 100.00 100.00 100.00 100.00 100.00 92.86 100.00 100.00 0.00 0.00 0.00 0.00 0.00 0.00 0.00 0.00
54.65=100.00 100.00 100.00 100.00 100.00 92.86 90.91 100.00 100.00 100.00 0.00 0.00 0.00 0.00 0.00 0.00 0.00 0.00
51.78=100.00 100.00 100.00 100.00 100.00 100.00 90.91 92.86 100.00 100.00 0.00 0.00 0.00 0.00 0.00 0.00 0.00 0.00 0.00
58.82=100.00 100.00 100.00 100.00 100.00 100.00 100.00 100.00 100.00 100.00 0.00 0.00 0.00 0.00 0.00 0.00 0.00
51.93=100.00 100.00 100.00 100.00 100.00 100.00 100.00 86.67 100.00 100.00 0.00 0.00 0.00 0.00 0.00 0.00 0.00 0.00 0.00
71.43=100.00 100.00 100.00 100.00 100.00 100.00 100.00 100.00 100.00 100.00 0.00 0.00 0.00 0.00
62.50=100.00 100.00 100.00 100.00 100.00 100.00 100.00 100.00 100.00 100.00 0.00 0.00 0.00 0.00 0.00 0.00
61.72=100.00 100.00 100.00 100.00 100.00 87.50 100.00 100.00 100.00 100.00 0.00 0.00 0.00 0.00 0.00 0.00
58.82=100.00 100.00 100.00 100.00 100.00 100.00 100.00 100.00 100.00 100.00 0.00 0.00 0.00 0.00 0.00 0.00 0.00
57.98=100.00 100.00 100.00 100.00 100.00 85.71 100.00 100.00 100.00 100.00 0.00 0.00 0.00 0.00 0.00 0.00 0.00
66.67=100.00 100.00 100.00 100.00 100.00 100.00 100.00 100.00 100.00 100.00 0.00 0.00 0.00 0.00 0.00
71.43=100.00 100.00 100.00 100.00 100.00 100.00 100.00 100.00 100.00 100.00 0.00 0.00 0.00 0.00
71.43=100.00 100.00 100.00 100.00 100.00 100.00 100.00 100.00 100.00 100.00 0.00 0.00 0.00 0.00
71.43=100.00 100.00 100.00 100.00 100.00 100.00 100.00 100.00 100.00 100.00 0.00 0.00 0.00 0.00
66.67=100.00 100.00 100.00 100.00 100.00 100.00 100.00 100.00 100.00 100.00 0.00 0.00 0.00 0.00 0.00
51.82=100.00 100.00 97.83 100.00 100.00 93.88 92.86 100.00 100.00 100.00 0.00 0.00 0.00 0.00 0.00 0.00 0.00 0.00 0.00
51.64=100.00 100.00 100.00 100.00 96.88 91.67 92.68 100.00 100.00 100.00 0.00 0.00 0.00 0.00 0.00 0.00 0.00 0.00 0.00
49.28=100.00 100.00 100.00 100.00 96.88 95.74 93.02 100.00 100.00 100.00 0.00 0.00 0.00 0.00 0.00 0.00 0.00 0.00 0.00 0.00
54.32=100.00 100.00 100.00 100.00 100.00 88.00 91.89 97.83 100.00 100.00 0.00 0.00 0.00 0.00 0.00 0.00 0.00 0.00
51.70=100.00 100.00 100.00 100.00 100.00 93.62 88.64 100.00 100.00 100.00 0.00 0.00 0.00 0.00 0.00 0.00 0.00 0.00 0.00
62.05=100.00 100.00 100.00 100.00 100.00 100.00 100.00 92.86 100.00 100.00 0.00 0.00 0.00 0.00 0.00 0.00
58.82=100.00 100.00 100.00 100.00 100.00 100.00 100.00 100.00 100.00 100.00 0.00 0.00 0.00 0.00 0.00 0.00 0.00
62.50=100.00 100.00 100.00 100.00 100.00 100.00 100.00 100.00 100.00 100.00 0.00 0.00 0.00 0.00 0.00 0.00
58.37=100.00 100.00 100.00 100.00 100.00 92.31 100.00 100.00 100.00 100.00 0.00 0.00 0.00 0.00 0.00 0.00 0.00
62.50=100.00 100.00 100.00 100.00 100.00 100.00 100.00 100.00 100.00 100.00 0.00 0.00 0.00 0.00 0.00 0.00
62.50=100.00 100.00 100.00 100.00 100.00 100.00 100.00 100.00 100.00 100.00 0.00 0.00 0.00 0.00 0.00 0.00
58.82=100.00 100.00 100.00 100.00 100.00 100.00 100.00 100.00 100.00 100.00 0.00 0.00 0.00 0.00 0.00 0.00 0.00
66.67=100.00 100.00 100.00 100.00 100.00 100.00 100.00 100.00 100.00 100.00 0.00 0.00 0.00 0.00 0.00
66.67=100.00 100.00 100.00 100.00 100.00 100.00 100.00 100.00 100.00 100.00 0.00 0.00 0.00 0.00 0.00
58.82=100.00 100.00 100.00 100.00 100.00 100.00 100.00 100.00 100.00 100.00 0.00 0.00 0.00 0.00 0.00 0.00 0.00
49.55=100.00 97.78 100.00 100.00 100.00 95.65 97.62 100.00 100.00 100.00 0.00 0.00 0.00 0.00 0.00 0.00 0.00 0.00 0.00 0.00
52.18=100.00 100.00 100.00 100.00 95.83 95.65 100.00 100.00 100.00 100.00 0.00 0.00 0.00 0.00 0.00 0.00 0.00 0.00 0.00
52.27=100.00 100.00 100.00 100.00 100.00 95.56 97.62 100.00 100.00 100.00 0.00 0.00 0.00 0.00 0.00 0.00 0.00 0.00 0.00
55.07=100.00 100.00 100.00 100.00 100.00 93.62 97.62 100.00 100.00 100.00 0.00 0.00 0.00 0.00 0.00 0.00 0.00 0.00
52.51=100.00 100.00 100.00 100.00 100.00 97.78 100.00 100.00 100.00 100.00 0.00 0.00 0.00 0.00 0.00 0.00 0.00 0.00 0.00
51.82=100.00 100.00 100.00 100.00 100.00 91.84 92.68 100.00 100.00 100.00 0.00 0.00 0.00 0.00 0.00 0.00 0.00 0.00 0.00
51.92=100.00 100.00 100.00 100.00 100.00 93.75 92.68 100.00 100.00 100.00 0.00 0.00 0.00 0.00 0.00 0.00 0.00 0.00 0.00
51.93=100.00 100.00 100.00 100.00 100.00 93.88 92.86 100.00 100.00 100.00 0.00 0.00 0.00 0.00 0.00 0.00 0.00 0.00 0.00
51.82=100.00 100.00 100.00 100.00 100.00 91.84 92.68 100.00 100.00 100.00 0.00 0.00 0.00 0.00 0.00 0.00 0.00 0.00 0.00
51.81=100.00 100.00 100.00 100.00 100.00 93.62 90.70 100.00 100.00 100.00 0.00 0.00 0.00 0.00 0.00 0.00 0.00 0.00 0.00
58.82=100.00 100.00 100.00 100.00 100.00 100.00 100.00 100.00 100.00 100.00 0.00 0.00 0.00 0.00 0.00 0.00 0.00
51.41=100.00 100.00 100.00 91.67 100.00 92.86 92.31 100.00 100.00 100.00 0.00 0.00 0.00 0.00 0.00 0.00 0.00 0.00 0.00
58.43=100.00 93.33 100.00 100.00 100.00 100.00 100.00 100.00 100.00 100.00 0.00 0.00 0.00 0.00 0.00 0.00 0.00
52.63=100.00 100.00 100.00 100.00 100.00 100.00 100.00 100.00 100.00 100.00 0.00 0.00 0.00 0.00 0.00 0.00 0.00 0.00 0.00
52.63=100.00 100.00 100.00 100.00 100.00 100.00 100.00 100.00 100.00 100.00 0.00 0.00 0.00 0.00 0.00 0.00 0.00 0.00 0.00
51.52=100.00 100.00 100.00 96.97 97.14 92.00 92.68 100.00 100.00 100.00 0.00 0.00 0.00 0.00 0.00 0.00 0.00 0.00 0.00
51.80=100.00 100.00 100.00 100.00 100.00 93.75 92.68 97.78 100.00 100.00 0.00 0.00 0.00 0.00 0.00 0.00 0.00 0.00 0.00
51.59=95.83 100.00 100.00 100.00 100.00 93.75 90.70 100.00 100.00 100.00 0.00 0.00 0.00 0.00 0.00 0.00 0.00 0.00 0.00
51.92=100.00 100.00 100.00 100.00 100.00 93.75 92.68 100.00 100.00 100.00 0.00 0.00 0.00 0.00 0.00 0.00 0.00 0.00 0.00
51.69=100.00 97.87 100.00 100.00 100.00 93.62 90.70 100.00 100.00 100.00 0.00 0.00 0.00 0.00 0.00 0.00 0.00 0.00 0.00
76.92=100.00 100.00 100.00 100.00 100.00 100.00 100.00 100.00 100.00 100.00 0.00 0.00 0.00
66.67=100.00 100.00 100.00 100.00 100.00 100.00 100.00 100.00 100.00 100.00 0.00 0.00 0.00 0.00 0.00
76.28=100.00 100.00 100.00 100.00 100.00 91.67 100.00 100.00 100.00 100.00 0.00 0.00 0.00
65.93=100.00 100.00 100.00 88.89 100.00 100.00 100.00 100.00 100.00 100.00 0.00 0.00 0.00 0.00 0.00
65.56=100.00 100.00 100.00 100.00 100.00 100.00 100.00 83.33 100.00 100.00 0.00 0.00 0.00 0.00 0.00
58.82=100.00 100.00 100.00 100.00 100.00 100.00 100.00 100.00 100.00 100.00 0.00 0.00 0.00 0.00 0.00 0.00 0.00
65.81=100.00 93.33 100.00 100.00 100.00 93.75 100.00 100.00 100.00 100.00 0.00 0.00 0.00 0.00 0.00
62.05=100.00 100.00 100.00 100.00 100.00 100.00 92.86 100.00 100.00 100.00 0.00 0.00 0.00 0.00 0.00 0.00
58.82=100.00 100.00 100.00 100.00 100.00 100.00 100.00 100.00 100.00 100.00 0.00 0.00 0.00 0.00 0.00 0.00 0.00
66.06=100.00 100.00 100.00 100.00 100.00 100.00 100.00 100.00 100.00 90.91 0.00 0.00 0.00 0.00 0.00
66.67=100.00 100.00 100.00 100.00 100.00 100.00 100.00 100.00 100.00 100.00 0.00 0.00 0.00 0.00 0.00
70.41=100.00 100.00 85.71 100.00 100.00 100.00 100.00 100.00 100.00 100.00 0.00 0.00 0.00 0.00
71.43=100.00 100.00 100.00 100.00 100.00 100.00 100.00 100.00 100.00 100.00 0.00 0.00 0.00 0.00
0.00=0.00 0.00 0.00 0.00 0.00 0.00 0.00 0.00 0.00 0.00 0.00
62.50=100.00 100.00 100.00 100.00 100.00 100.00 100.00 100.00 100.00 100.00 0.00 0.00 0.00 0.00 0.00 0.00
58.46=100.00 100.00 100.00 100.00 93.75 100.00 100.00 100.00 100.00 100.00 0.00 0.00 0.00 0.00 0.00 0.00 0.00
55.56=100.00 100.00 100.00 100.00 100.00 100.00 100.00 100.00 100.00 100.00 0.00 0.00 0.00 0.00 0.00 0.00 0.00 0.00
55.21=100.00 100.00 100.00 100.00 93.75 100.00 100.00 100.00 100.00 100.00 0.00 0.00 0.00 0.00 0.00 0.00 0.00 0.00
51.40=83.33 93.33 100.00 100.00 100.00 100.00 100.00 100.00 100.00 100.00 0.00 0.00 0.00 0.00 0.00 0.00 0.00 0.00 0.00
52.63=100.00 100.00 100.00 100.00 100.00 100.00 100.00 100.00 100.00 100.00 0.00 0.00 0.00 0.00 0.00 0.00 0.00 0.00 0.00
51.82=100.00 100.00 100.00 100.00 100.00 91.84 92.68 100.00 100.00 100.00 0.00 0.00 0.00 0.00 0.00 0.00 0.00 0.00 0.00
51.77=100.00 100.00 100.00 100.00 96.88 93.88 92.86 100.00 100.00 100.00 0.00 0.00 0.00 0.00 0.00 0.00 0.00 0.00 0.00
51.61=96.15 100.00 100.00 100.00 100.00 91.84 92.68 100.00 100.00 100.00 0.00 0.00 0.00 0.00 0.00 0.00 0.00 0.00 0.00
51.81=100.00 100.00 100.00 100.00 100.00 93.75 90.70 100.00 100.00 100.00 0.00 0.00 0.00 0.00 0.00 0.00 0.00 0.00 0.00
51.94=100.00 100.00 100.00 100.00 100.00 91.84 95.00 100.00 100.00 100.00 0.00 0.00 0.00 0.00 0.00 0.00 0.00 0.00 0.00
52.09=100.00 100.00 100.00 100.00 96.00 93.75 100.00 100.00 100.00 100.00 0.00 0.00 0.00 0.00 0.00 0.00 0.00 0.00 0.00
52.04=100.00 97.78 100.00 100.00 100.00 95.56 97.62 97.78 100.00 100.00 0.00 0.00 0.00 0.00 0.00 0.00 0.00 0.00 0.00
52.04=100.00 97.78 100.00 100.00 100.00 95.65 97.62 97.67 100.00 100.00 0.00 0.00 0.00 0.00 0.00 0.00 0.00 0.00 0.00
52.18=96.00 100.00 100.00 100.00 100.00 95.35 100.00 100.00 100.00 100.00 0.00 0.00 0.00 0.00 0.00 0.00 0.00 0.00 0.00
52.38=100.00 100.00 100.00 97.44 100.00 97.83 100.00 100.00 100.00 100.00 0.00 0.00 0.00 0.00 0.00 0.00 0.00 0.00 0.00
49.44=100.00 100.00 100.00 100.00 100.00 93.62 95.12 100.00 100.00 100.00 0.00 0.00 0.00 0.00 0.00 0.00 0.00 0.00 0.00 0.00
51.69=100.00 100.00 100.00 100.00 100.00 93.62 90.70 97.83 100.00 100.00 0.00 0.00 0.00 0.00 0.00 0.00 0.00 0.00 0.00
51.55=100.00 100.00 97.87 100.00 96.97 91.84 94.87 97.83 100.00 100.00 0.00 0.00 0.00 0.00 0.00 0.00 0.00 0.00 0.00
51.76=100.00 100.00 100.00 96.67 100.00 91.84 95.00 100.00 100.00 100.00 0.00 0.00 0.00 0.00 0.00 0.00 0.00 0.00 0.00
51.93=100.00 100.00 100.00 100.00 100.00 93.75 92.86 100.00 100.00 100.00 0.00 0.00 0.00 0.00 0.00 0.00 0.00 0.00 0.00
66.67=100.00 100.00 100.00 100.00 100.00 100.00 100.00 100.00 100.00 100.00 0.00 0.00 0.00 0.00 0.00
66.67=100.00 100.00 100.00 100.00 100.00 100.00 100.00 100.00 100.00 100.00 0.00 0.00 0.00 0.00 0.00
66.11=100.00 100.00 100.00 100.00 100.00 91.67 100.00 100.00 100.00 100.00 0.00 0.00 0.00 0.00 0.00
61.46=100.00 100.00 100.00 100.00 100.00 100.00 100.00 83.33 100.00 100.00 0.00 0.00 0.00 0.00 0.00 0.00
66.67=100.00 100.00 100.00 100.00 100.00 100.00 100.00 100.00 100.00 100.00 0.00 0.00 0.00 0.00 0.00
71.43=100.00 100.00 100.00 100.00 100.00 100.00 100.00 100.00 100.00 100.00 0.00 0.00 0.00 0.00
70.83=100.00 100.00 100.00 100.00 100.00 91.67 100.00 100.00 100.00 100.00 0.00 0.00 0.00 0.00
66.67=100.00 100.00 100.00 100.00 100.00 100.00 100.00 100.00 100.00 100.00 0.00 0.00 0.00 0.00 0.00
65.51=100.00 100.00 100.00 100.00 100.00 91.67 90.91 100.00 100.00 100.00 0.00 0.00 0.00 0.00 0.00
62.50=100.00 100.00 100.00 100.00 100.00 100.00 100.00 100.00 100.00 100.00 0.00 0.00 0.00 0.00 0.00 0.00
0.00=0.00 0.00 0.00 0.00 0.00 0.00 0.00 0.00 0.00 0.00 0.00
52.63=100.00 100.00 100.00 100.00 100.00 100.00 100.00 100.00 100.00 100.00 0.00 0.00 0.00 0.00 0.00 0.00 0.00 0.00 0.00
55.16=100.00 92.86 100.00 100.00 100.00 100.00 100.00 100.00 100.00 100.00 0.00 0.00 0.00 0.00 0.00 0.00 0.00 0.00
57.95=100.00 100.00 100.00 100.00 100.00 100.00 92.31 92.86 100.00 100.00 0.00 0.00 0.00 0.00 0.00 0.00 0.00
58.46=100.00 100.00 100.00 100.00 93.75 100.00 100.00 100.00 100.00 100.00 0.00 0.00 0.00 0.00 0.00 0.00 0.00
52.25=100.00 100.00 100.00 97.30 100.00 97.73 97.67 100.00 100.00 100.00 0.00 0.00 0.00 0.00 0.00 0.00 0.00 0.00 0.00
52.30=100.00 100.00 100.00 100.00 100.00 93.75 100.00 100.00 100.00 100.00 0.00 0.00 0.00 0.00 0.00 0.00 0.00 0.00 0.00
49.62=96.67 100.00 100.00 100.00 100.00 95.74 100.00 100.00 100.00 100.00 0.00 0.00 0.00 0.00 0.00 0.00 0.00 0.00 0.00 0.00
52.16=100.00 100.00 100.00 100.00 100.00 93.48 97.56 100.00 100.00 100.00 0.00 0.00 0.00 0.00 0.00 0.00 0.00 0.00 0.00
52.20=100.00 100.00 100.00 100.00 100.00 91.84 100.00 100.00 100.00 100.00 0.00 0.00 0.00 0.00 0.00 0.00 0.00 0.00 0.00
51.88=100.00 100.00 100.00 100.00 100.00 100.00 100.00 85.71 100.00 100.00 0.00 0.00 0.00 0.00 0.00 0.00 0.00 0.00 0.00
52.63=100.00 100.00 100.00 100.00 100.00 100.00 100.00 100.00 100.00 100.00 0.00 0.00 0.00 0.00 0.00 0.00 0.00 0.00 0.00
51.80=100.00 100.00 100.00 90.91 100.00 100.00 93.33 100.00 100.00 100.00 0.00 0.00 0.00 0.00 0.00 0.00 0.00 0.00 0.00
52.11=100.00 100.00 100.00 90.00 100.00 100.00 100.00 100.00 100.00 100.00 0.00 0.00 0.00 0.00 0.00 0.00 0.00 0.00 0.00
0.00=0.00 0.00 0.00 0.00 0.00 0.00 0.00 0.00 0.00 0.00 0.00
54.63=100.00 100.00 100.00 100.00 100.00 100.00 100.00 83.33 100.00 100.00 0.00 0.00 0.00 0.00 0.00 0.00 0.00 0.00
55.56=100.00 100.00 100.00 100.00 100.00 100.00 100.00 100.00 100.00 100.00 0.00 0.00 0.00 0.00 0.00 0.00 0.00 0.00
57.84=100.00 100.00 100.00 100.00 100.00 100.00 100.00 83.33 100.00 100.00 0.00 0.00 0.00 0.00 0.00 0.00 0.00
66.67=100.00 100.00 100.00 100.00 100.00 100.00 100.00 100.00 100.00 100.00 0.00 0.00 0.00 0.00 0.00
58.82=100.00 100.00 100.00 100.00 100.00 100.00 100.00 100.00 100.00 100.00 0.00 0.00 0.00 0.00 0.00 0.00 0.00
58.82=100.00 100.00 100.00 100.00 100.00 100.00 100.00 100.00 100.00 100.00 0.00 0.00 0.00 0.00 0.00 0.00 0.00
57.84=100.00 100.00 100.00 100.00 100.00 100.00 100.00 83.33 100.00 100.00 0.00 0.00 0.00 0.00 0.00 0.00 0.00
58.82=100.00 100.00 100.00 100.00 100.00 100.00 100.00 100.00 100.00 100.00 0.00 0.00 0.00 0.00 0.00 0.00 0.00
58.82=100.00 100.00 100.00 100.00 100.00 100.00 100.00 100.00 100.00 100.00 0.00 0.00 0.00 0.00 0.00 0.00 0.00
58.82=100.00 100.00 100.00 100.00 100.00 100.00 100.00 100.00 100.00 100.00 0.00 0.00 0.00 0.00 0.00 0.00 0.00
