59.463667105867486
52.47274646905204
54.44656499266757
54.3388728023965
58.62350858698212
53.82762816767991
53.83654849752076
52.62973147984605
54.546314966573135
58.59811402715401
91.43113159242193
91.19943676395289
90.9662291113904
92.5204813108039
93.03996183028443
75.43427003104424
83.45494111623144
82.70021197440553
83.99356020323764
80.94844223876483
85.21074803332868
85.66308243727599
85.68786947819206
88.54035749197041
86.51131126937578
62.038518163727254
60.65655816960859
59.66489284358555
63.36515646283729
65.86087009905243
59.54932208693624
60.748918445447195
62.0482081605927
60.60263776216464
62.698517385416686
84.57675836708094
83.08732486151843
87.75089605734767
83.60436158823258
83.96173718754366
82.89089047153563
81.1530047013918
84.33691756272403
83.26095051901504
85.05055876023617
61.70657567102646
62.16621315136823
62.86489336088513
62.718987165400975
60.889023340556506
83.69501466275659
86.73963133640554
85.5460131266583
84.62202671880091
86.31720430107528
81.50097214613342
82.38060326770004
84.67092047737209
81.32488479262673
87.2094214029698
60.52440899225293
61.61278207142518
62.658374114373586
61.9808117511318
62.13675043823551
78.59791642049706
81.4549876646651
84.8596564725597
79.88339617371876
85.30401498143434
63.3180189874385
65.65619760410023
65.90283015625494
66.28670086099564
63.415103361584606
82.17328370554179
85.14935781064814
82.93906810035843
86.77780105199462
85.34788688014494
78.72375832053253
86.45771790933081
80.23297491039426
85.01536098310292
84.13466461853561
63.27165198927325
61.41500679973417
61.850098354686956
62.71965246795535
62.81020957574517
85.54496578690127
81.55483405483405
83.00731974119071
85.79463547205482
83.17716333845367
85.5656798398734
83.51224939934617
80.45954941116233
83.80131517228291
85.43394777265746
64.3620609198084
63.60045663083353
63.526827028398195
63.60181229459131
65.4731255573769
64.64764303020085
64.07776368880768
64.84028266633847
64.49555996616462
64.8511363247515
64.27678861348134
60.51116976361349
64.2134734445518
63.60523206979884
64.19589365220115
81.94798928669896
82.29134664618536
87.35279057859704
81.32104454685101
85.06370869274096
60.76409089412575
59.90366851221251
60.33544455416063
64.03087329343452
61.499566391161004
83.26717189620416
82.72145417306709
85.24565935856258
84.8843808521228
85.7998184611088
62.49957636402521
67.40771824641055
64.70219972525209
67.67152594692007
66.97046484888955
79.82433337272046
79.48068956133473
79.98966087675765
84.55039584071844
79.59933435739886
64.93732096929847
65.96244103907875
66.15276578652293
67.02597217130445
66.4264692405579
60.9014782390048
62.73499947992569
62.22684528933986
60.50487425468638
62.18680819466177
77.47823860727087
81.38493227202905
83.56502816180237
84.37374453503486
83.62135176651307
64.0522497093386
67.21318161930994
65.82805521605009
68.08079910345256
66.91621267093211
61.40646465760988
60.56907350062978
61.82362669885425
63.478393049035
62.79383962371208
65.10552535912069
63.25345484694089
64.8758574566884
66.50977578755725
63.730948280983995
74.68719452590419
81.90190633739023
80.64248475538798
78.62509354444838
83.20107312042795
60.788943404419705
60.761089236096446
62.214903520357225
62.54300614382025
62.84086010375536
77.73651975264877
78.11899569964088
81.41577060931903
82.25028555673717
78.21905692873435
65.51575346120508
65.20230614252138
62.95579828649601
64.45508124630162
65.07354069603159
79.31249753830399
74.68661267048363
82.16205837173581
84.64669738863287
81.1993203928688
82.61357817809431
81.19478192058838
80.91909882232463
81.22567396760945
77.00160054998766
66.17489714715443
66.84340715143331
67.2354192297931
67.36018253441121
67.74882788996749
78.54425144747725
81.32174277335568
82.63789973467392
81.83532417403384
82.34737484737484
75.2636968766001
79.17149159084644
81.6702115089212
83.53430619559651
77.56272401433691
78.75054157312219
82.4525205976819
83.91594964175609
75.7329229909875
80.03042656268464
61.298620296194656
63.444229722413716
61.58635802275582
63.4410367679002
63.70413753949176
61.150364722020775
64.43213362010879
62.935678316496436
60.792162746185106
64.76528128034424
82.70143834659964
81.07887632081182
83.3277475212959
84.01270772238513
81.97388632872506
64.25763004574002
63.614925598545305
64.39593383860998
64.43963591083093
64.74785966888858
64.59807100399227
64.20219421505679
64.89094456416011
66.37493176639583
67.5736042532878
77.12749615975423
82.16688329591555
81.28444136508652
82.9147465437788
81.51049667178698
62.610194349434025
62.28384977173936
63.403533576466074
63.8921515166994
62.91907292368415
80.60995456156746
80.68070818070818
80.84869431643625
83.73975486878713
79.3053809989294
63.97133761778529
65.732116907109
65.50659299948795
65.90544845670595
66.38236666428213
60.89029849852029
62.05630629886255
62.48395385561429
61.48055059060665
64.32199325532518
79.31870101224939
78.06160685192944
77.5715682167295
80.64579685547427
76.34002198518327
65.3295745291737
67.37797463801898
67.95080508760161
66.46484264332855
67.29499605527357
78.32984220080995
76.4068100358423
78.20404505888378
78.10792254340642
73.38930782479169
75.95472627730693
84.1026625704045
84.27389814486591
82.42499436047824
82.99283154121862
76.8674889310563
79.15834165834167
78.81580784806592
79.23323092677931
80.87545966578224
76.49996061286383
76.64828003537681
80.3405017921147
82.10305823209049
80.95622119815668
81.6793690180787
77.19522413070801
81.23015873015872
81.34734441186052
80.15339499210467
82.33969435582337
79.22636503281666
77.47777312293444
79.93041009170044
77.52245961923381
67.21877425835936
66.2389596702875
65.77276865239058
67.31502693591665
66.26275383731767
77.49231950844855
80.52822625403272
81.71298235814365
80.4646697388633
77.09363217427733
66.64690225187071
68.47643888899796
65.51597682835823
66.7257048333697
67.20265746597788
81.05851138109203
81.50910021877765
83.35893497183821
82.357910906298
83.13171595429661
65.56675076562267
66.04273960611091
66.23143378565986
66.18309574821583
66.39355575740245
62.55998396117295
62.87366904295808
62.758396351708654
61.59482580520016
63.55869561838986
83.62606031960871
81.69087185216218
85.80507306313757
82.1297609200835
79.44271678142645
82.51762574343219
81.2029816062074
81.67167062328352
79.60031903580291
80.873069582747
65.828811144256
67.35050912292436
63.7017082301783
67.98621469003882
66.0699046823916
65.67208083818808
67.94909046897159
66.981015687494
66.84508237716149
65.89708048242062
66.52638906819158
66.24486438988043
66.35373691951261
66.76582312142034
64.55372028697691
75.45256714611554
78.48694316436251
82.0477819671368
82.89251966671321
82.07582739840804
80.9385954547245
79.3108504398827
81.01859609924126
82.77620229233132
77.09933435739887
