59.80=91.67 100.00 81.82 82.61 2.50 55.26 76.92 73.68 29.63 81.25 52.63 88.46 57.58 39.13 73.91 80.77 73.33 70.00 56.25 76.47 30.77 79.31 80.77 31.25 33.33 53.12 41.18 40.00 33.33 50.00 36.84
54.19=75.00 91.30 62.96 83.33 2.86 40.00 80.00 55.56 29.41 75.00 67.74 78.57 41.94 27.78 76.19 65.71 70.97 70.37 28.57 63.64 0.00 76.67 61.11 37.50 27.27 48.00 63.64 43.75 42.86 50.00 42.11
54.67=88.00 95.45 73.08 68.97 0.00 45.28 90.91 50.00 30.77 73.68 50.00 88.00 50.00 42.86 84.00 67.65 70.59 63.89 31.82 72.22 0.00 77.42 75.00 33.33 42.86 50.00 50.00 64.29 31.25 0.00 33.33
57.19=84.62 91.30 81.82 71.43 2.13 44.90 72.73 64.71 26.67 87.50 56.41 81.48 51.35 27.27 75.00 75.86 72.41 74.19 52.63 58.82 0.00 71.88 79.17 33.33 35.00 50.00 41.18 52.17 31.25 55.56 70.00
58.66=96.00 100.00 76.00 70.37 0.00 45.10 80.77 59.09 41.67 100.00 57.14 76.67 48.65 40.00 80.77 75.76 77.78 64.86 52.94 52.94 0.00 78.12 84.00 47.06 34.62 58.33 33.33 55.00 37.50 40.00 53.85
53.59=95.24 100.00 78.26 75.00 3.33 56.10 76.92 50.00 16.67 43.33 73.33 87.50 78.12 57.14 25.00 79.17 74.19 66.67 15.00 55.00 15.38 86.36 78.26 9.09 29.63 45.45 61.90 22.22 23.53 50.00 33.33
52.76=90.48 100.00 80.95 60.61 0.00 45.28 90.91 56.00 18.18 65.00 60.00 76.00 58.06 55.56 35.00 68.00 68.57 70.97 33.33 52.38 0.00 82.14 72.00 5.00 30.43 57.69 55.56 64.29 9.09 38.46 35.71
54.49=100.00 100.00 72.00 67.86 0.00 46.30 90.48 44.83 28.00 76.47 73.53 63.89 73.33 75.00 20.00 76.00 58.54 68.75 35.29 47.62 0.00 70.37 88.89 11.76 45.45 48.48 59.09 55.00 15.79 36.36 40.00
55.98=100.00 100.00 95.00 70.83 0.00 43.86 95.00 58.33 34.78 70.59 56.82 65.71 68.75 45.83 38.89 76.19 72.73 68.75 35.29 58.82 0.00 77.78 86.36 6.67 22.73 57.14 61.90 75.00 14.29 46.15 31.25
57.00=91.30 100.00 89.47 62.50 0.00 42.37 90.48 63.64 25.00 81.25 55.56 67.65 65.62 50.00 44.44 66.67 77.42 64.71 31.58 63.16 0.00 88.46 77.78 5.56 35.71 62.50 71.43 87.50 16.67 50.00 38.46
87.23=100.00 100.00 87.50 100.00 100.00 100.00 100.00 80.00 57.14 83.33 77.78 100.00 66.67 71.43 88.89 80.00 88.89 100.00 100.00 100.00 100.00 100.00 100.00 100.00 66.67 60.00 100.00 75.00 62.50 75.00 83.33
89.64=100.00 100.00 87.50 100.00 50.00 88.89 100.00 66.67 100.00 83.33 100.00 100.00 85.71 62.50 87.50 90.00 100.00 100.00 100.00 100.00 100.00 60.00 77.78 83.33 88.89 100.00 100.00 100.00 83.33 100.00 83.33
92.32=100.00 100.00 87.50 100.00 80.00 88.89 100.00 80.00 100.00 100.00 77.78 100.00 85.71 100.00 100.00 84.62 87.50 100.00 100.00 100.00 100.00 83.33 87.50 66.67 100.00 100.00 85.71 100.00 66.67 100.00 100.00
91.21=100.00 100.00 85.71 100.00 100.00 88.89 90.91 57.14 71.43 83.33 100.00 100.00 83.33 83.33 100.00 90.00 88.89 100.00 100.00 88.89 100.00 80.00 100.00 83.33 100.00 100.00 100.00 100.00 85.71 100.00 66.67
90.38=100.00 100.00 87.50 100.00 100.00 100.00 100.00 66.67 66.67 100.00 100.00 100.00 77.78 100.00 87.50 100.00 100.00 100.00 100.00 72.73 100.00 100.00 100.00 75.00 100.00 66.67 100.00 87.50 71.43 62.50 80.00
78.80=77.78 100.00 77.78 75.00 75.00 54.55 100.00 75.00 83.33 100.00 100.00 77.78 100.00 100.00 83.33 90.91 87.50 77.78 80.00 100.00 0.00 60.00 100.00 71.43 50.00 40.00 80.00 100.00 80.00 85.71 60.00
84.52=77.78 100.00 100.00 75.00 60.00 54.55 100.00 66.67 83.33 100.00 100.00 87.50 100.00 100.00 100.00 100.00 88.89 100.00 85.71 88.89 0.00 100.00 100.00 83.33 72.73 33.33 100.00 100.00 62.50 100.00 100.00
85.73=100.00 100.00 100.00 100.00 100.00 58.33 100.00 80.00 100.00 100.00 100.00 77.78 85.71 100.00 71.43 83.33 87.50 100.00 85.71 87.50 0.00 100.00 100.00 83.33 61.54 40.00 100.00 88.89 66.67 100.00 100.00
83.64=87.50 80.00 100.00 100.00 100.00 58.33 100.00 60.00 100.00 100.00 100.00 85.71 100.00 100.00 66.67 100.00 100.00 77.78 83.33 77.78 0.00 100.00 80.00 83.33 87.50 16.67 100.00 87.50 75.00 85.71 100.00
83.60=87.50 100.00 100.00 75.00 100.00 53.85 100.00 57.14 83.33 100.00 100.00 87.50 100.00 80.00 80.00 87.50 80.00 87.50 100.00 100.00 0.00 100.00 100.00 83.33 88.89 37.50 100.00 100.00 62.50 100.00 60.00
78.29=53.85 100.00 100.00 66.67 100.00 58.33 100.00 66.67 83.33 100.00 100.00 87.50 88.89 66.67 100.00 91.67 75.00 87.50 100.00 100.00 0.00 71.43 100.00 33.33 60.00 75.00 85.71 70.00 45.45 100.00 60.00
83.71=70.00 100.00 100.00 100.00 100.00 66.67 90.91 100.00 100.00 83.33 87.50 100.00 88.89 60.00 100.00 90.91 80.00 100.00 100.00 100.00 0.00 71.43 100.00 57.14 71.43 100.00 85.71 88.89 55.56 80.00 66.67
83.17=63.64 100.00 100.00 60.00 80.00 61.54 88.89 100.00 100.00 100.00 100.00 100.00 85.71 100.00 100.00 78.57 72.73 100.00 100.00 100.00 0.00 83.33 100.00 75.00 57.14 75.00 100.00 80.00 66.67 100.00 50.00
86.65=87.50 100.00 100.00 100.00 100.00 70.00 100.00 80.00 100.00 100.00 87.50 87.50 100.00 80.00 100.00 66.67 80.00 87.50 100.00 100.00 0.00 80.00 87.50 80.00 75.00 100.00 100.00 88.89 62.50 85.71 100.00
85.29=87.50 100.00 100.00 75.00 66.67 63.64 100.00 100.00 100.00 83.33 87.50 100.00 100.00 100.00 88.89 90.91 80.00 85.71 100.00 80.00 0.00 100.00 87.50 100.00 83.33 75.00 83.33 87.50 71.43 100.00 66.67
62.19=100.00 100.00 94.12 90.48 0.00 50.00 95.24 72.22 34.62 88.24 68.97 84.00 67.86 65.38 74.07 75.00 70.27 53.49 31.82 88.89 0.00 88.89 84.62 28.57 31.25 54.17 57.89 58.62 35.00 53.33 30.77
59.01=87.50 100.00 93.33 86.96 2.56 46.15 95.65 55.56 22.73 88.89 62.16 86.36 56.25 56.00 67.86 67.65 67.57 43.75 52.17 77.78 0.00 96.15 88.46 26.32 20.00 68.75 40.00 60.00 33.33 57.14 22.22
59.74=95.83 100.00 85.00 90.91 0.00 53.49 74.07 55.00 36.00 88.89 61.54 78.57 62.07 50.00 77.78 62.50 72.73 45.65 37.93 77.78 0.00 82.76 87.50 11.76 56.25 61.11 44.00 69.57 30.77 62.50 40.00
60.48=84.62 100.00 90.00 73.08 0.00 52.27 92.00 72.73 30.43 88.24 70.59 65.52 64.29 69.57 70.00 72.73 83.87 45.65 39.29 84.21 0.00 86.67 84.00 26.09 40.00 73.33 43.48 70.00 13.33 55.56 33.33
62.45=92.00 95.45 81.82 79.17 2.94 48.98 95.65 68.00 45.45 93.75 65.71 80.77 67.74 58.33 75.00 70.97 86.21 52.27 38.46 82.35 0.00 82.76 85.19 27.78 40.00 64.71 54.55 82.35 23.53 66.67 27.27
59.29=88.46 100.00 66.67 76.92 0.00 45.10 80.00 90.00 26.32 84.62 60.61 75.86 52.63 44.44 54.29 76.92 70.97 62.16 46.15 56.25 0.00 79.31 76.00 50.00 41.18 60.00 38.10 85.71 40.00 55.56 53.85
59.00=87.50 91.30 75.00 68.97 0.00 50.00 80.00 61.11 25.00 88.24 55.56 73.33 60.00 52.38 80.77 81.48 57.89 66.67 40.00 57.89 0.00 73.53 70.37 46.67 26.32 70.00 43.48 85.71 22.22 100.00 37.50
59.34=88.46 91.30 78.26 74.07 0.00 46.94 90.91 81.25 15.00 93.33 57.50 65.62 47.06 46.15 63.89 77.78 62.86 57.14 52.38 80.00 0.00 88.46 84.00 46.15 35.29 61.90 44.44 66.67 30.00 66.67 46.15
59.40=84.62 95.45 69.23 71.43 0.00 47.73 73.91 81.25 10.53 78.95 55.00 76.67 48.78 50.00 71.88 72.41 67.65 62.16 47.83 75.00 0.00 85.19 84.00 46.67 29.17 72.22 50.00 63.16 37.50 87.50 45.45
59.96=100.00 100.00 70.37 80.00 0.00 41.18 73.08 78.57 15.38 77.78 57.89 76.67 52.63 60.00 68.75 76.67 65.62 63.16 38.89 90.91 0.00 76.67 77.78 40.00 17.65 66.67 57.14 72.22 30.00 71.43 61.54
85.69=77.78 100.00 100.00 100.00 66.67 60.00 100.00 100.00 100.00 83.33 100.00 87.50 83.33 71.43 70.00 100.00 77.78 100.00 77.78 87.50 0.00 100.00 100.00 66.67 66.67 100.00 100.00 100.00 80.00 100.00 100.00
83.93=70.00 100.00 100.00 100.00 100.00 60.00 100.00 100.00 83.33 100.00 87.50 100.00 100.00 71.43 100.00 84.62 66.67 80.00 85.71 88.89 0.00 100.00 100.00 60.00 62.50 100.00 85.71 100.00 55.56 100.00 60.00
86.21=77.78 100.00 100.00 66.67 100.00 66.67 100.00 100.00 71.43 100.00 100.00 87.50 100.00 80.00 100.00 100.00 66.67 100.00 100.00 87.50 0.00 100.00 100.00 66.67 87.50 42.86 100.00 100.00 71.43 100.00 100.00
84.78=87.50 100.00 100.00 100.00 100.00 70.00 100.00 75.00 100.00 83.33 77.78 75.00 100.00 62.50 100.00 100.00 88.89 100.00 100.00 88.89 0.00 100.00 85.71 75.00 87.50 60.00 100.00 88.89 55.56 83.33 83.33
85.28=70.00 100.00 100.00 100.00 100.00 66.67 100.00 80.00 100.00 100.00 87.50 100.00 87.50 83.33 100.00 100.00 75.00 100.00 100.00 100.00 0.00 100.00 100.00 50.00 72.73 75.00 83.33 100.00 62.50 50.00 100.00
84.39=70.00 100.00 100.00 75.00 100.00 72.73 100.00 50.00 100.00 100.00 87.50 70.00 71.43 100.00 100.00 100.00 100.00 87.50 100.00 80.00 0.00 83.33 83.33 85.71 88.89 25.00 100.00 100.00 85.71 100.00 100.00
81.10=55.56 100.00 100.00 75.00 80.00 58.33 100.00 44.44 83.33 100.00 87.50 87.50 88.89 100.00 62.50 87.50 88.89 100.00 85.71 80.00 0.00 100.00 100.00 80.00 100.00 33.33 100.00 85.71 50.00 100.00 100.00
80.63=87.50 100.00 100.00 75.00 100.00 60.00 100.00 33.33 100.00 83.33 100.00 100.00 88.89 100.00 70.00 88.89 100.00 100.00 100.00 66.67 0.00 100.00 80.00 71.43 62.50 0.00 85.71 100.00 71.43 100.00 75.00
77.23=70.00 100.00 100.00 75.00 57.14 61.54 100.00 50.00 57.14 83.33 100.00 75.00 71.43 100.00 72.73 70.00 87.50 87.50 87.50 72.73 0.00 83.33 100.00 71.43 100.00 100.00 100.00 100.00 75.00 85.71 0.00
81.69=87.50 100.00 100.00 75.00 100.00 63.64 100.00 44.44 83.33 71.43 100.00 100.00 88.89 100.00 66.67 87.50 100.00 87.50 100.00 72.73 0.00 75.00 100.00 71.43 88.89 33.33 100.00 100.00 60.00 100.00 75.00
59.69=85.19 100.00 78.26 63.33 5.88 46.15 73.08 68.42 33.33 88.89 52.63 80.00 56.10 71.43 73.33 78.57 66.67 61.54 42.86 52.94 0.00 78.57 80.00 42.86 28.57 59.09 38.89 90.91 33.33 57.14 62.50
59.54=88.46 100.00 80.95 76.92 0.00 45.28 66.67 57.14 25.00 87.50 56.67 74.19 51.35 45.83 71.43 80.77 56.10 61.11 36.36 43.48 0.00 78.12 90.91 45.45 30.43 70.00 47.37 87.50 38.10 88.89 63.64
61.58=75.86 100.00 72.00 66.67 0.00 51.11 73.08 75.00 21.43 84.21 60.00 69.70 50.00 47.37 79.31 80.00 68.57 64.71 47.83 62.50 0.00 83.33 74.07 70.00 40.00 56.00 61.54 86.67 44.00 85.71 58.33
60.95=95.83 100.00 72.00 76.00 0.00 46.67 74.07 68.75 21.05 93.33 61.76 82.14 51.28 50.00 66.67 80.00 66.67 61.11 40.00 45.00 0.00 86.21 85.19 38.46 47.83 65.22 52.94 100.00 35.00 62.50 63.64
59.92=88.89 100.00 73.08 70.37 0.00 40.82 84.00 90.91 20.00 77.78 57.89 77.78 50.00 41.67 74.07 79.31 65.71 64.10 57.14 47.62 0.00 80.00 84.00 43.75 28.57 68.18 40.00 63.16 31.58 71.43 85.71
81.48=70.00 100.00 100.00 75.00 80.00 66.67 100.00 80.00 50.00 83.33 87.50 85.71 83.33 83.33 87.50 100.00 72.73 85.71 100.00 100.00 0.00 75.00 100.00 60.00 100.00 75.00 100.00 100.00 50.00 100.00 75.00
85.98=87.50 100.00 100.00 100.00 100.00 72.73 100.00 100.00 83.33 83.33 87.50 100.00 100.00 83.33 77.78 100.00 80.00 87.50 100.00 100.00 0.00 100.00 100.00 60.00 88.89 60.00 100.00 80.00 50.00 83.33 100.00
83.97=70.00 100.00 100.00 100.00 100.00 63.64 100.00 66.67 71.43 100.00 87.50 87.50 100.00 100.00 87.50 90.91 80.00 75.00 100.00 100.00 0.00 100.00 100.00 66.67 85.71 75.00 100.00 87.50 55.56 85.71 66.67
84.08=70.00 100.00 100.00 66.67 80.00 70.00 100.00 100.00 83.33 83.33 87.50 87.50 100.00 100.00 80.00 84.62 80.00 100.00 100.00 100.00 0.00 83.33 100.00 66.67 71.43 75.00 100.00 100.00 57.14 100.00 80.00
85.47=77.78 100.00 100.00 100.00 80.00 66.67 100.00 100.00 83.33 100.00 75.00 85.71 87.50 83.33 100.00 100.00 77.78 83.33 87.50 100.00 0.00 83.33 100.00 80.00 75.00 100.00 100.00 100.00 60.00 83.33 80.00
81.26=63.64 100.00 100.00 66.67 60.00 60.00 100.00 50.00 100.00 83.33 100.00 100.00 80.00 80.00 57.14 100.00 88.89 83.33 100.00 88.89 0.00 100.00 100.00 100.00 100.00 33.33 66.67 100.00 57.14 100.00 100.00
82.69=85.71 100.00 100.00 75.00 100.00 53.33 100.00 66.67 33.33 83.33 100.00 85.71 100.00 100.00 85.71 100.00 88.89 87.50 100.00 77.78 0.00 80.00 100.00 71.43 100.00 20.00 85.71 100.00 83.33 100.00 100.00
86.03=87.50 100.00 100.00 100.00 100.00 53.33 100.00 66.67 100.00 71.43 100.00 100.00 100.00 100.00 54.55 88.89 100.00 87.50 100.00 88.89 0.00 100.00 83.33 85.71 100.00 50.00 85.71 100.00 80.00 100.00 83.33
81.95=70.00 100.00 100.00 100.00 100.00 66.67 100.00 66.67 57.14 100.00 100.00 87.50 87.50 100.00 77.78 100.00 87.50 100.00 100.00 72.73 0.00 100.00 85.71 80.00 100.00 0.00 100.00 100.00 42.86 83.33 75.00
87.23=87.50 100.00 100.00 75.00 100.00 61.54 100.00 66.67 100.00 100.00 100.00 100.00 88.89 100.00 77.78 90.00 100.00 77.78 100.00 80.00 0.00 100.00 100.00 85.71 100.00 33.33 100.00 100.00 80.00 100.00 100.00
59.38=92.00 95.45 69.23 64.52 0.00 47.92 83.33 84.62 15.79 87.50 52.50 63.89 52.78 56.52 72.41 78.57 68.75 61.11 45.83 76.92 0.00 79.31 84.00 33.33 33.33 72.22 38.10 73.68 35.00 55.56 66.67
59.72=96.00 100.00 75.00 74.07 0.00 45.10 74.07 81.82 11.11 87.50 51.22 77.42 54.29 52.17 67.74 74.07 66.67 57.89 50.00 62.50 0.00 73.53 88.00 42.11 31.58 73.68 45.00 75.00 25.00 88.89 50.00
61.21=88.00 95.65 81.82 80.00 0.00 50.00 82.61 72.22 5.56 86.67 48.84 82.76 52.78 52.38 66.67 67.57 67.65 62.16 54.55 57.89 0.00 78.57 73.33 40.00 44.44 77.78 46.67 71.43 29.41 80.00 100.00
60.00=100.00 100.00 79.17 70.37 0.00 43.75 84.00 75.00 19.23 85.71 55.26 77.78 50.00 60.87 76.67 76.67 76.67 59.52 42.11 56.25 0.00 86.21 84.62 43.75 17.65 66.67 58.82 66.67 36.84 63.64 46.15
60.60=96.00 95.45 81.82 68.97 0.00 46.00 90.91 73.33 22.22 93.75 51.22 76.67 51.43 52.63 70.97 75.86 75.00 59.52 53.57 66.67 0.00 72.22 86.36 26.32 42.11 60.87 50.00 72.73 27.78 71.43 66.67
81.32=77.78 100.00 100.00 75.00 100.00 66.67 100.00 66.67 50.00 100.00 100.00 100.00 55.56 100.00 87.50 75.00 88.89 100.00 85.71 88.89 0.00 62.50 100.00 83.33 66.67 66.67 100.00 77.78 71.43 100.00 75.00
82.73=87.50 100.00 87.50 100.00 100.00 63.64 100.00 50.00 100.00 83.33 87.50 77.78 100.00 100.00 72.73 100.00 100.00 100.00 100.00 100.00 0.00 50.00 66.67 55.56 100.00 66.67 85.71 100.00 80.00 100.00 50.00
80.36=100.00 100.00 75.00 100.00 100.00 63.64 83.33 66.67 62.50 83.33 100.00 77.78 62.50 66.67 77.78 100.00 88.89 100.00 100.00 72.73 0.00 80.00 100.00 66.67 100.00 66.67 80.00 85.71 71.43 100.00 60.00
82.54=100.00 100.00 75.00 100.00 66.67 50.00 90.91 66.67 57.14 100.00 87.50 100.00 87.50 100.00 60.00 81.82 100.00 100.00 100.00 100.00 0.00 71.43 100.00 62.50 100.00 60.00 100.00 100.00 83.33 83.33 75.00
81.84=100.00 100.00 85.71 100.00 75.00 66.67 90.91 80.00 83.33 100.00 87.50 100.00 80.00 83.33 88.89 88.89 80.00 87.50 87.50 87.50 0.00 83.33 75.00 62.50 100.00 66.67 83.33 80.00 83.33 100.00 50.00
61.09=76.92 95.45 80.95 79.17 2.63 48.00 100.00 81.82 20.83 84.21 58.54 77.78 69.23 64.00 62.50 66.67 74.19 56.10 37.93 84.21 0.00 78.57 76.67 22.22 21.43 57.89 63.16 76.47 33.33 55.56 87.50
62.76=95.83 100.00 75.00 76.92 0.00 47.83 84.62 65.00 29.17 81.82 72.22 79.31 66.67 80.00 86.96 57.58 71.43 56.41 44.44 80.95 0.00 88.46 80.00 33.33 45.00 66.67 55.00 65.00 37.50 60.00 62.50
65.08=92.00 100.00 66.67 90.48 0.00 48.98 95.24 69.57 37.50 88.89 69.70 77.78 62.96 75.00 73.33 64.86 77.42 61.76 37.93 93.33 0.00 92.31 82.14 22.73 50.00 60.00 55.56 59.09 40.91 71.43 100.00
60.86=100.00 100.00 76.00 80.77 0.00 51.11 83.33 65.00 36.36 72.73 64.86 87.50 62.50 45.83 79.31 63.64 82.76 52.38 52.17 80.00 0.00 82.76 82.14 20.00 35.29 57.14 58.82 73.68 26.32 57.14 57.14
61.34=92.31 95.45 72.73 82.61 0.00 52.17 88.00 63.16 32.00 85.71 71.43 73.33 62.07 64.00 82.61 70.97 75.00 60.00 31.03 88.24 0.00 85.71 82.76 22.22 35.00 55.00 55.56 65.38 28.57 57.14 71.43
79.38=87.50 80.00 100.00 100.00 80.00 66.67 90.91 33.33 62.50 83.33 100.00 100.00 87.50 75.00 80.00 88.89 100.00 70.00 85.71 100.00 0.00 57.14 80.00 50.00 100.00 100.00 75.00 85.71 75.00 100.00 66.67
83.47=77.78 100.00 100.00 50.00 100.00 66.67 100.00 57.14 40.00 100.00 100.00 100.00 88.89 100.00 100.00 100.00 80.00 100.00 100.00 88.89 0.00 80.00 100.00 75.00 100.00 50.00 100.00 100.00 83.33 100.00 50.00
83.15=100.00 100.00 85.71 75.00 80.00 66.67 100.00 66.67 62.50 100.00 87.50 100.00 77.78 75.00 100.00 100.00 87.50 87.50 85.71 87.50 0.00 57.14 100.00 75.00 85.71 100.00 85.71 85.71 83.33 100.00 80.00
86.16=100.00 100.00 85.71 100.00 100.00 66.67 100.00 80.00 71.43 100.00 100.00 100.00 100.00 100.00 100.00 81.82 88.89 87.50 100.00 70.00 0.00 100.00 85.71 60.00 87.50 40.00 85.71 100.00 100.00 100.00 80.00
84.05=77.78 100.00 100.00 100.00 80.00 58.33 100.00 66.67 57.14 100.00 77.78 85.71 75.00 83.33 88.89 88.89 87.50 100.00 100.00 100.00 0.00 83.33 100.00 85.71 85.71 100.00 85.71 85.71 85.71 100.00 66.67
80.96=100.00 100.00 100.00 60.00 100.00 55.56 100.00 100.00 66.67 100.00 87.50 66.67 88.89 62.50 100.00 81.82 72.73 75.00 100.00 100.00 0.00 100.00 100.00 50.00 80.00 60.00 85.71 100.00 83.33 83.33 50.00
83.37=77.78 83.33 100.00 75.00 100.00 61.54 100.00 100.00 80.00 83.33 100.00 100.00 87.50 80.00 100.00 100.00 72.73 87.50 100.00 100.00 0.00 50.00 100.00 100.00 85.71 75.00 83.33 77.78 57.14 100.00 66.67
81.87=77.78 100.00 100.00 100.00 66.67 50.00 100.00 100.00 83.33 100.00 100.00 75.00 100.00 50.00 100.00 100.00 72.73 100.00 87.50 88.89 0.00 83.33 100.00 50.00 83.33 60.00 85.71 85.71 66.67 71.43 100.00
83.63=77.78 100.00 100.00 50.00 100.00 66.67 100.00 80.00 71.43 83.33 100.00 100.00 100.00 50.00 100.00 100.00 80.00 77.78 100.00 88.89 0.00 66.67 75.00 100.00 75.00 100.00 100.00 100.00 75.00 100.00 75.00
83.63=77.78 100.00 100.00 75.00 100.00 63.64 100.00 100.00 71.43 80.00 87.50 100.00 100.00 100.00 100.00 90.00 72.73 100.00 87.50 100.00 0.00 66.67 85.71 100.00 66.67 75.00 100.00 100.00 50.00 71.43 71.43
59.81=95.83 95.45 75.00 76.00 0.00 46.81 73.08 66.67 28.57 87.50 52.63 81.48 56.76 66.67 64.86 81.48 72.73 58.54 43.48 62.50 0.00 80.00 80.00 29.41 36.36 61.54 47.06 76.92 27.27 75.00 54.55
59.52=92.00 100.00 73.91 74.07 0.00 47.62 80.77 76.47 22.73 65.00 51.35 62.86 54.05 44.00 73.33 84.62 62.86 58.97 48.15 58.82 0.00 82.14 88.00 35.71 28.57 81.25 53.33 65.00 21.05 100.00 58.33
60.24=92.00 100.00 73.91 74.07 0.00 48.98 83.33 70.59 11.76 93.75 67.65 80.77 50.00 52.17 74.19 82.76 67.57 54.76 58.33 50.00 0.00 83.33 80.77 35.71 36.84 65.00 47.37 81.25 30.00 75.00 45.45
61.34=95.65 95.45 72.00 73.08 0.00 48.89 80.00 50.00 15.38 94.12 61.11 76.67 53.85 50.00 69.44 79.31 70.59 64.86 50.00 66.67 0.00 75.00 75.00 41.67 55.00 65.00 66.67 72.22 36.00 77.78 70.00
58.48=91.67 100.00 78.26 74.07 0.00 47.73 83.33 66.67 22.22 82.35 45.24 70.59 50.00 52.38 82.76 81.48 68.75 62.16 48.00 64.71 0.00 74.19 85.19 35.71 42.11 65.00 42.86 77.27 28.57 36.36 53.33
82.42=70.00 100.00 100.00 60.00 80.00 57.14 100.00 57.14 57.14 100.00 100.00 100.00 100.00 100.00 75.00 100.00 88.89 100.00 77.78 85.71 0.00 80.00 100.00 83.33 100.00 40.00 85.71 100.00 57.14 100.00 100.00
80.33=70.00 100.00 100.00 100.00 100.00 66.67 100.00 57.14 62.50 100.00 100.00 100.00 77.78 83.33 66.67 100.00 87.50 100.00 85.71 66.67 0.00 100.00 57.14 83.33 100.00 0.00 85.71 100.00 40.00 100.00 100.00
83.88=100.00 83.33 100.00 100.00 100.00 54.55 100.00 42.86 71.43 100.00 100.00 100.00 88.89 100.00 50.00 80.00 87.50 100.00 100.00 100.00 0.00 100.00 100.00 85.71 100.00 60.00 66.67 88.89 57.14 100.00 83.33
86.17=77.78 100.00 100.00 60.00 100.00 61.54 100.00 80.00 57.14 100.00 100.00 87.50 100.00 100.00 75.00 87.50 100.00 100.00 85.71 100.00 0.00 83.33 100.00 85.71 100.00 50.00 100.00 100.00 80.00 100.00 100.00
83.03=77.78 100.00 100.00 75.00 80.00 58.33 100.00 66.67 100.00 80.00 100.00 70.00 100.00 100.00 70.00 80.00 100.00 100.00 100.00 88.89 0.00 75.00 100.00 75.00 100.00 60.00 100.00 100.00 60.00 100.00 57.14
84.54=100.00 100.00 85.71 100.00 80.00 63.64 90.91 66.67 71.43 66.67 100.00 87.50 87.50 100.00 100.00 100.00 88.89 87.50 100.00 100.00 0.00 100.00 100.00 71.43 100.00 60.00 100.00 77.78 75.00 100.00 60.00
80.70=100.00 100.00 87.50 100.00 100.00 66.67 100.00 75.00 75.00 100.00 70.00 100.00 87.50 62.50 100.00 100.00 100.00 77.78 87.50 77.78 0.00 62.50 60.00 57.14 100.00 66.67 85.71 100.00 66.67 85.71 50.00
79.58=77.78 100.00 100.00 100.00 100.00 58.33 90.91 42.86 40.00 83.33 100.00 71.43 100.00 100.00 85.71 87.50 87.50 100.00 87.50 77.78 0.00 80.00 85.71 100.00 100.00 50.00 71.43 100.00 71.43 75.00 42.86
81.58=100.00 100.00 85.71 100.00 80.00 66.67 81.82 66.67 80.00 100.00 87.50 100.00 77.78 80.00 100.00 100.00 87.50 85.71 100.00 100.00 0.00 62.50 40.00 66.67 100.00 60.00 100.00 88.89 71.43 100.00 60.00
83.89=100.00 100.00 85.71 100.00 100.00 66.67 90.00 66.67 57.14 100.00 87.50 87.50 70.00 100.00 100.00 100.00 80.00 100.00 100.00 88.89 0.00 80.00 80.00 62.50 100.00 66.67 85.71 100.00 80.00 85.71 80.00
60.57=85.19 95.45 81.82 76.92 0.00 50.00 82.61 66.67 13.33 93.75 57.50 68.75 52.94 55.56 69.70 79.31 63.89 60.00 46.67 83.33 0.00 85.19 81.48 37.50 29.41 76.47 40.00 92.86 33.33 62.50 55.56
60.45=87.50 95.45 81.82 79.17 0.00 48.00 86.96 60.00 18.75 82.35 56.41 71.88 56.76 54.17 70.97 82.76 66.67 64.86 44.44 66.67 0.00 73.53 88.00 42.86 26.67 59.09 44.44 84.62 42.86 72.73 63.64
62.86=100.00 95.24 60.71 67.86 0.00 48.94 100.00 58.82 25.00 83.33 48.78 79.31 52.50 57.89 81.48 79.31 63.89 61.54 57.69 63.16 0.00 80.00 76.92 46.67 50.00 70.59 58.82 86.67 31.58 80.00 81.82
61.44=95.45 95.45 65.38 67.86 2.78 50.00 82.61 68.18 20.00 70.00 57.89 80.00 59.46 50.00 70.59 84.62 64.71 57.89 55.17 68.75 0.00 85.71 90.48 37.50 43.75 73.68 66.67 75.00 31.82 66.67 66.67
62.56=96.00 100.00 82.61 66.67 0.00 46.00 83.33 68.75 14.29 100.00 56.76 73.33 57.50 47.37 72.41 86.21 72.73 58.14 48.00 66.67 0.00 72.73 87.50 37.50 52.94 65.00 50.00 93.75 33.33 62.50 87.50
66.05=95.65 95.45 75.00 76.92 0.00 50.00 95.45 84.62 37.04 100.00 75.00 73.08 74.07 75.00 57.50 88.00 73.53 52.27 43.33 84.21 0.00 88.46 88.89 23.81 70.59 57.89 47.62 75.00 26.67 62.50 100.00
62.28=92.31 100.00 73.08 76.00 0.00 47.83 85.71 81.82 31.82 94.44 61.11 90.48 60.61 69.57 67.74 65.62 73.53 50.00 38.71 88.89 0.00 80.65 86.21 22.22 40.00 61.11 50.00 69.57 54.55 60.00 57.14
63.42=88.89 100.00 67.86 86.36 2.78 50.00 91.30 76.92 47.37 80.00 67.57 81.48 68.00 66.67 76.67 65.62 73.53 45.83 37.04 62.50 0.00 85.71 82.14 22.22 73.33 68.75 55.00 90.00 37.50 75.00 40.00
60.98=92.00 100.00 68.00 85.71 0.00 50.00 91.67 78.57 33.33 89.47 71.43 76.92 61.54 66.67 75.86 63.16 68.57 52.38 44.44 68.42 0.00 75.76 88.00 6.25 43.75 61.11 45.45 66.67 22.73 62.50 80.00
61.64=92.00 100.00 73.08 85.71 0.00 51.06 88.00 72.22 34.78 88.89 65.79 77.78 63.33 64.00 69.70 62.86 76.47 52.63 44.00 82.35 0.00 80.00 82.14 7.69 60.00 48.00 50.00 77.27 30.00 66.67 64.29
61.41=100.00 95.45 76.19 76.00 0.00 47.83 76.00 73.33 27.78 88.24 55.26 60.53 55.88 50.00 70.97 75.00 59.46 52.50 45.16 71.43 0.00 68.57 90.48 47.06 50.00 61.90 50.00 73.68 45.00 100.00 60.00
59.44=92.00 100.00 79.17 76.92 0.00 47.83 86.96 62.50 25.00 72.73 53.49 67.74 55.88 55.56 73.33 71.88 63.64 51.22 50.00 58.82 0.00 75.76 88.00 21.43 31.25 63.64 53.33 84.62 35.29 87.50 57.14
58.77=85.19 95.45 69.23 79.17 0.00 48.84 85.71 83.33 17.65 84.21 51.16 76.67 51.35 52.63 58.06 75.00 71.88 57.89 53.85 52.94 0.00 75.00 81.82 37.50 30.77 60.87 50.00 82.35 26.09 72.73 54.55
60.84=92.00 100.00 69.23 80.00 0.00 50.00 87.50 82.35 21.05 86.67 57.89 73.08 57.14 52.38 75.00 68.75 65.71 60.00 57.69 61.11 0.00 77.42 85.19 41.67 27.78 65.00 69.23 76.47 21.74 62.50 61.54
59.55=100.00 95.45 78.26 79.17 0.00 46.81 82.61 83.33 15.79 88.24 51.28 75.86 51.43 55.00 65.52 75.00 60.00 55.81 40.91 50.00 0.00 73.53 91.30 31.58 26.32 66.67 75.00 75.00 31.25 66.67 58.33
81.08=83.33 100.00 100.00 60.00 57.14 61.54 88.89 80.00 62.50 100.00 77.78 100.00 87.50 75.00 88.89 100.00 77.78 100.00 77.78 100.00 0.00 66.67 100.00 55.56 87.50 100.00 100.00 85.71 80.00 100.00 60.00
82.01=100.00 100.00 87.50 75.00 57.14 70.00 100.00 80.00 83.33 100.00 100.00 87.50 87.50 100.00 77.78 88.89 100.00 85.71 83.33 100.00 0.00 80.00 100.00 55.56 100.00 50.00 66.67 85.71 75.00 85.71 80.00
84.12=87.50 100.00 87.50 100.00 66.67 66.67 100.00 80.00 80.00 83.33 87.50 87.50 85.71 80.00 100.00 100.00 100.00 100.00 100.00 100.00 0.00 66.67 83.33 50.00 100.00 100.00 85.71 71.43 83.33 75.00 100.00
79.91=87.50 100.00 100.00 75.00 66.67 61.54 90.91 60.00 57.14 100.00 85.71 100.00 100.00 100.00 85.71 87.50 77.78 100.00 85.71 88.89 0.00 71.43 62.50 57.14 100.00 66.67 100.00 100.00 66.67 85.71 57.14
80.29=75.00 100.00 100.00 75.00 80.00 61.54 100.00 100.00 66.67 100.00 70.00 100.00 87.50 100.00 85.71 100.00 100.00 100.00 71.43 100.00 0.00 66.67 80.00 40.00 100.00 60.00 100.00 88.89 50.00 55.56 75.00
59.82=91.30 100.00 77.27 73.91 0.00 50.00 86.36 70.59 33.33 88.24 54.55 63.89 56.76 61.90 60.61 91.30 70.59 60.00 57.14 69.23 0.00 75.00 71.43 7.69 46.67 53.33 59.09 70.59 41.18 62.50 50.00
57.96=91.67 100.00 70.83 71.43 6.90 46.81 95.00 60.87 25.00 56.52 56.82 63.89 58.82 65.22 67.86 80.77 69.70 52.63 47.62 44.44 0.00 79.31 76.00 6.67 58.33 60.00 65.00 86.67 27.78 62.50 41.67
60.89=91.30 100.00 85.71 76.00 0.00 60.53 95.24 72.73 27.27 75.00 55.56 58.54 58.33 80.00 70.00 70.37 78.57 58.82 68.42 55.00 0.00 67.65 73.08 5.00 53.33 69.57 66.67 63.16 34.78 71.43 45.45
61.67=95.83 100.00 85.71 73.91 0.00 55.56 90.48 68.18 30.77 72.73 60.47 61.54 60.00 76.47 65.62 80.77 77.42 59.46 56.52 57.14 0.00 88.89 80.00 9.52 50.00 70.00 73.68 77.78 28.00 62.50 42.86
60.99=95.65 100.00 85.00 73.08 0.00 53.33 95.24 72.22 24.00 68.18 59.52 65.71 64.71 60.87 66.67 83.33 71.43 61.11 54.55 54.17 0.00 75.86 81.82 4.76 52.63 72.73 55.00 81.25 20.00 54.55 83.33
82.33=66.67 100.00 100.00 100.00 100.00 66.67 100.00 100.00 62.50 100.00 87.50 100.00 100.00 60.00 70.00 81.82 77.78 85.71 66.67 87.50 0.00 50.00 100.00 75.00 100.00 60.00 100.00 100.00 54.55 100.00 100.00
82.44=77.78 100.00 100.00 60.00 80.00 66.67 100.00 80.00 57.14 100.00 87.50 100.00 85.71 60.00 85.71 100.00 77.78 100.00 87.50 88.89 0.00 44.44 100.00 100.00 75.00 75.00 100.00 100.00 66.67 100.00 100.00
85.61=87.50 100.00 100.00 100.00 100.00 61.54 100.00 80.00 66.67 100.00 100.00 85.71 85.71 100.00 87.50 100.00 72.73 100.00 100.00 100.00 0.00 71.43 83.33 75.00 88.89 100.00 85.71 88.89 50.00 100.00 83.33
83.31=77.78 100.00 100.00 100.00 80.00 63.64 100.00 80.00 71.43 100.00 100.00 87.50 100.00 80.00 100.00 90.00 53.85 100.00 100.00 100.00 0.00 83.33 100.00 66.67 71.43 75.00 85.71 87.50 45.45 83.33 100.00
86.99=100.00 100.00 100.00 75.00 100.00 61.54 100.00 100.00 83.33 100.00 100.00 87.50 100.00 83.33 87.50 75.00 80.00 100.00 100.00 100.00 0.00 83.33 100.00 100.00 90.00 75.00 100.00 100.00 40.00 75.00 100.00
63.07=85.71 95.45 77.27 79.17 2.78 54.55 91.67 81.25 38.89 85.00 70.27 71.88 62.96 67.86 81.48 65.71 75.86 48.84 41.67 85.00 0.00 72.73 82.14 30.77 33.33 72.22 47.37 83.33 30.00 60.00 80.00
63.30=92.00 100.00 64.29 83.33 0.00 50.00 100.00 72.22 35.00 85.00 62.16 80.77 60.71 76.00 81.48 64.71 86.21 45.65 41.94 78.95 0.00 80.65 86.21 23.81 60.00 68.75 55.00 76.19 22.22 62.50 66.67
63.18=95.83 100.00 73.91 80.00 0.00 48.84 95.00 72.22 33.33 100.00 68.42 73.33 56.25 72.41 77.42 70.97 70.27 45.45 37.93 94.12 0.00 83.87 84.62 21.05 47.37 75.00 64.71 60.00 18.75 50.00 87.50
65.04=91.67 100.00 68.00 86.96 0.00 51.06 95.65 76.47 29.63 85.00 68.57 79.31 66.67 76.92 81.48 77.78 83.33 50.00 35.71 83.33 0.00 85.19 85.19 33.33 41.18 61.11 50.00 89.47 33.33 75.00 75.00
64.51=92.00 100.00 66.67 79.17 3.03 50.00 95.45 72.73 40.91 72.00 65.79 81.48 65.52 65.38 84.62 67.74 67.65 62.50 36.36 75.00 0.00 83.33 88.46 27.78 45.00 71.43 68.75 94.44 26.67 66.67 83.33
81.13=58.33 100.00 100.00 75.00 100.00 58.33 100.00 57.14 83.33 100.00 100.00 87.50 85.71 80.00 75.00 83.33 100.00 87.50 85.71 87.50 0.00 83.33 100.00 75.00 83.33 66.67 85.71 100.00 50.00 100.00 66.67
78.68=77.78 100.00 87.50 75.00 100.00 61.54 100.00 80.00 36.36 100.00 77.78 83.33 87.50 100.00 62.50 100.00 75.00 85.71 75.00 72.73 0.00 71.43 83.33 66.67 80.00 66.67 100.00 100.00 33.33 100.00 100.00
82.11=77.78 83.33 87.50 100.00 80.00 53.85 100.00 80.00 44.44 100.00 87.50 100.00 88.89 100.00 63.64 87.50 100.00 85.71 100.00 70.00 0.00 83.33 100.00 85.71 100.00 33.33 100.00 77.78 75.00 100.00 100.00
82.56=77.78 100.00 100.00 100.00 80.00 61.54 100.00 57.14 62.50 100.00 100.00 100.00 100.00 100.00 62.50 100.00 80.00 100.00 100.00 88.89 0.00 100.00 100.00 80.00 71.43 66.67 83.33 87.50 75.00 75.00 50.00
75.85=70.00 100.00 100.00 60.00 80.00 58.33 100.00 50.00 33.33 100.00 87.50 100.00 88.89 100.00 54.55 100.00 100.00 85.71 100.00 88.89 0.00 57.14 100.00 80.00 85.71 33.33 83.33 100.00 50.00 71.43 33.33
63.17=96.00 90.91 68.00 86.36 0.00 54.55 91.67 76.47 28.57 85.00 60.98 72.41 58.82 71.43 73.53 79.31 75.00 48.78 39.29 78.95 0.00 80.00 96.15 18.18 46.67 65.00 50.00 83.33 42.86 50.00 90.00
64.79=96.00 100.00 78.26 80.00 0.00 50.00 95.65 71.43 45.45 88.24 68.57 79.17 67.74 71.43 78.57 66.67 72.22 48.65 44.44 80.00 0.00 83.87 95.24 25.00 46.67 59.09 47.83 95.45 33.33 62.50 76.92
65.90=96.00 100.00 69.23 83.33 0.00 46.94 88.46 60.87 46.67 93.75 65.71 82.61 57.58 67.74 84.00 58.82 86.21 51.22 50.00 71.43 0.00 85.71 91.67 25.00 66.67 72.22 61.54 78.26 41.18 60.00 100.00
63.63=95.65 100.00 72.00 76.92 0.00 54.76 92.00 76.92 37.50 85.00 75.76 76.92 56.76 73.08 82.14 65.52 81.25 45.24 33.33 77.78 0.00 75.00 92.31 31.58 33.33 60.00 50.00 76.19 35.00 85.71 75.00
63.06=95.24 100.00 69.23 77.27 0.00 55.00 95.65 70.59 33.33 75.00 67.57 71.43 58.82 67.86 85.71 58.33 79.31 48.78 42.86 88.24 0.00 86.21 86.21 15.79 55.56 50.00 55.00 84.21 35.00 66.67 80.00
60.11=78.57 95.65 81.82 70.37 0.00 56.82 90.00 72.22 35.00 70.00 60.53 61.54 65.38 68.18 70.37 80.95 70.59 60.61 48.28 47.83 0.00 88.89 90.48 6.25 47.37 64.00 50.00 89.47 20.00 77.78 44.44
61.76=100.00 100.00 85.00 62.96 0.00 53.19 88.46 61.54 29.63 68.42 68.57 63.89 61.76 70.83 75.00 82.61 71.88 58.97 38.46 62.50 0.00 82.76 67.86 4.17 66.67 75.00 66.67 93.75 20.00 62.50 71.43
58.74=95.65 100.00 88.24 71.43 0.00 53.19 90.48 59.26 25.00 75.00 54.35 67.65 64.52 62.50 66.67 77.78 71.43 50.00 40.00 55.56 0.00 78.57 72.00 10.53 38.89 69.57 70.00 87.50 26.32 36.36 62.50
60.08=100.00 100.00 94.74 64.29 0.00 54.76 90.91 71.43 26.32 60.87 63.41 63.89 64.86 65.22 73.33 90.48 75.76 53.85 41.67 64.71 0.00 68.75 83.33 5.56 73.68 72.73 71.43 73.68 12.50 37.50 42.86
59.83=100.00 100.00 84.21 60.71 3.45 56.82 84.62 60.00 23.08 63.64 65.71 68.57 57.50 73.68 57.14 93.75 68.57 62.16 42.31 52.94 0.00 77.42 81.82 0.00 50.00 66.67 72.22 87.50 39.13 55.56 45.45
75.62=54.55 100.00 100.00 66.67 75.00 66.67 100.00 100.00 50.00 71.43 70.00 85.71 83.33 80.00 83.33 100.00 72.73 50.00 100.00 100.00 0.00 66.67 100.00 75.00 83.33 60.00 100.00 80.00 36.36 83.33 50.00
83.05=100.00 100.00 100.00 75.00 100.00 61.54 100.00 100.00 50.00 83.33 100.00 100.00 100.00 80.00 71.43 100.00 72.73 100.00 100.00 100.00 0.00 50.00 100.00 66.67 75.00 60.00 100.00 100.00 45.45 83.33 100.00
81.37=70.00 100.00 100.00 100.00 66.67 58.33 100.00 80.00 71.43 100.00 75.00 75.00 100.00 100.00 87.50 100.00 77.78 80.00 100.00 100.00 0.00 100.00 100.00 40.00 85.71 50.00 75.00 85.71 44.44 100.00 100.00
84.71=87.50 100.00 100.00 75.00 100.00 61.54 100.00 100.00 66.67 66.67 70.00 87.50 100.00 100.00 85.71 100.00 80.00 83.33 100.00 100.00 0.00 66.67 100.00 100.00 88.89 75.00 100.00 100.00 60.00 71.43 100.00
82.71=87.50 100.00 100.00 75.00 100.00 61.54 100.00 66.67 83.33 100.00 63.64 75.00 71.43 100.00 63.64 81.82 80.00 100.00 100.00 100.00 0.00 100.00 100.00 66.67 100.00 60.00 100.00 100.00 44.44 83.33 100.00
62.74=88.00 95.24 80.95 86.36 0.00 53.33 90.91 59.09 22.73 61.54 69.70 57.89 66.67 75.00 63.64 76.92 71.88 61.76 38.46 83.33 0.00 82.76 85.71 23.53 87.50 38.71 50.00 85.00 46.67 66.67 75.00
64.81=92.00 100.00 73.91 90.91 3.23 51.06 95.24 66.67 34.78 81.82 68.57 72.41 66.67 70.00 84.62 67.65 68.57 52.63 45.83 80.95 0.00 82.76 92.00 27.78 47.06 76.47 52.63 100.00 27.27 55.56 80.00
64.03=96.00 100.00 78.26 83.33 0.00 55.81 85.19 75.00 36.84 78.26 66.67 75.00 59.38 75.00 66.67 68.57 75.76 47.62 34.62 78.95 0.00 85.71 88.46 14.29 44.44 76.47 50.00 90.48 28.57 77.78 91.67
65.08=100.00 100.00 63.64 90.00 3.33 47.83 84.00 80.95 33.33 90.00 70.59 84.62 60.00 60.87 84.00 60.53 78.79 46.94 46.15 88.89 0.00 88.89 92.31 26.32 47.37 57.89 52.94 90.91 29.17 100.00 57.14
62.81=95.65 100.00 70.83 77.27 0.00 48.00 84.62 63.16 32.00 77.27 70.27 73.08 62.96 76.00 80.00 63.64 76.67 54.76 35.71 71.43 0.00 92.31 80.65 23.53 43.75 47.83 62.50 85.00 33.33 75.00 90.00
59.90=91.67 100.00 80.95 59.26 0.00 54.55 95.24 52.17 38.89 48.15 66.67 57.14 66.67 65.00 68.97 86.36 76.67 63.89 44.83 58.82 0.00 85.19 78.26 6.25 61.11 72.73 68.42 86.67 19.23 46.15 57.14
60.26=100.00 100.00 73.91 76.00 0.00 62.50 95.65 61.54 21.74 57.69 61.54 61.54 62.86 77.78 76.67 83.33 75.00 56.10 46.15 50.00 0.00 85.19 81.82 5.88 42.11 64.00 70.59 92.86 20.00 50.00 55.56
61.08=95.45 100.00 89.47 69.23 0.00 64.86 100.00 57.89 19.35 65.22 60.53 57.14 55.00 80.00 67.57 90.48 68.57 57.14 57.14 58.82 0.00 85.19 90.48 4.76 57.14 66.67 60.00 63.16 27.27 50.00 75.00
59.00=95.65 100.00 94.44 66.67 0.00 60.53 90.00 63.64 19.35 56.00 64.10 67.65 64.52 63.64 64.71 76.47 67.57 57.89 38.46 55.00 0.00 75.86 70.37 9.09 50.00 84.21 65.00 81.25 22.73 66.67 37.50
60.68=95.83 100.00 93.75 65.52 0.00 55.00 95.65 54.55 38.89 76.47 60.53 68.57 65.62 61.54 70.97 83.33 69.44 57.58 54.17 50.00 0.00 75.86 80.00 5.00 54.55 83.33 70.00 88.89 21.74 44.44 40.00
62.73=95.45 95.45 72.00 79.17 0.00 48.98 86.96 75.00 31.58 87.50 50.00 56.41 51.43 58.06 71.43 76.92 66.67 65.79 42.31 64.29 0.00 79.31 86.96 33.33 76.92 61.90 53.85 75.00 33.33 77.78 90.91
63.67=100.00 100.00 78.26 74.07 0.00 53.33 83.33 83.33 29.41 88.24 52.38 72.41 54.05 71.43 82.76 75.00 65.71 60.00 48.15 64.29 0.00 76.47 80.77 45.45 52.63 57.69 52.94 88.89 40.00 70.00 72.73
60.61=92.00 100.00 64.00 73.08 0.00 52.27 80.00 76.47 12.50 88.89 53.85 70.59 57.14 60.00 82.14 75.00 74.19 55.00 42.11 66.67 0.00 70.59 80.77 27.27 35.71 63.64 50.00 82.35 25.00 77.78 90.00
63.32=100.00 95.45 72.00 64.52 0.00 47.83 95.45 76.92 21.05 87.50 51.11 78.57 53.85 60.71 70.97 84.00 73.33 62.16 41.67 76.92 0.00 89.66 79.31 35.29 41.67 63.64 53.33 82.35 40.00 63.64 100.00
60.94=88.46 90.91 79.17 70.37 0.00 50.00 84.00 77.78 15.79 73.68 48.84 67.65 50.00 66.67 74.19 71.88 82.14 60.00 45.45 71.43 0.00 80.00 86.36 27.78 50.00 70.00 56.25 75.00 31.58 63.64 80.00
76.16=70.00 100.00 100.00 50.00 100.00 50.00 100.00 100.00 66.67 71.43 63.64 62.50 100.00 66.67 71.43 100.00 75.00 55.56 100.00 100.00 0.00 57.14 100.00 75.00 77.78 50.00 85.71 62.50 50.00 100.00 100.00
80.00=77.78 100.00 100.00 75.00 100.00 61.54 100.00 100.00 66.67 71.43 77.78 85.71 100.00 40.00 87.50 100.00 75.00 62.50 87.50 100.00 0.00 57.14 100.00 50.00 100.00 75.00 83.33 100.00 46.15 100.00 100.00
79.88=77.78 100.00 83.33 75.00 66.67 53.33 100.00 100.00 80.00 100.00 66.67 100.00 100.00 100.00 83.33 100.00 80.00 55.56 100.00 100.00 0.00 60.00 83.33 66.67 66.67 60.00 100.00 100.00 42.86 100.00 75.00
77.03=85.71 100.00 100.00 75.00 100.00 50.00 100.00 100.00 60.00 71.43 87.50 66.67 83.33 57.14 62.50 100.00 77.78 100.00 100.00 100.00 0.00 50.00 66.67 66.67 66.67 60.00 75.00 85.71 40.00 100.00 100.00
86.47=87.50 100.00 100.00 100.00 100.00 66.67 90.91 100.00 66.67 100.00 87.50 87.50 100.00 100.00 87.50 100.00 80.00 100.00 77.78 100.00 0.00 100.00 100.00 66.67 77.78 100.00 100.00 87.50 41.67 100.00 75.00
59.18=88.46 100.00 90.00 68.00 0.00 57.14 90.48 57.89 31.82 65.00 64.10 54.76 67.57 62.96 74.19 80.95 64.71 62.86 51.85 52.63 0.00 84.62 70.83 4.76 47.06 62.50 76.47 66.67 26.32 60.00 50.00
59.98=88.46 95.65 80.00 66.67 0.00 58.54 91.67 66.67 21.74 81.25 58.97 64.86 61.76 60.00 65.52 83.33 67.57 63.89 50.00 55.00 0.00 76.67 76.00 5.56 40.91 78.95 60.87 88.89 30.43 62.50 57.14
60.75=88.46 100.00 85.00 64.29 0.00 59.52 92.00 71.43 23.08 88.24 60.47 56.10 60.61 63.64 72.41 75.00 74.19 58.33 50.00 64.71 0.00 75.00 79.17 6.67 50.00 72.73 60.00 87.50 34.78 60.00 50.00
59.53=92.00 100.00 85.00 68.00 0.00 59.52 91.30 65.00 24.14 68.42 62.50 65.71 56.76 60.00 77.78 71.43 80.00 57.50 42.31 55.00 0.00 76.92 73.91 0.00 58.82 76.19 68.18 87.50 11.54 60.00 50.00
61.35=95.45 100.00 80.00 64.29 0.00 56.82 91.67 66.67 24.00 71.43 58.14 63.89 65.71 62.50 72.41 79.17 75.76 55.26 57.69 68.75 0.00 71.88 79.17 5.56 64.29 83.33 63.64 84.21 21.74 58.33 60.00
79.54=87.50 83.33 100.00 40.00 100.00 53.33 90.91 33.33 80.00 100.00 87.50 85.71 85.71 75.00 71.43 100.00 100.00 75.00 100.00 100.00 0.00 100.00 87.50 100.00 88.89 100.00 75.00 85.71 50.00 80.00 50.00
75.42=70.00 100.00 100.00 60.00 100.00 50.00 100.00 50.00 50.00 100.00 77.78 87.50 100.00 80.00 75.00 87.50 100.00 75.00 80.00 100.00 0.00 80.00 100.00 83.33 83.33 20.00 66.67 85.71 42.86 83.33 50.00
77.83=87.50 100.00 87.50 100.00 100.00 53.85 100.00 66.67 42.86 100.00 100.00 85.71 80.00 83.33 71.43 100.00 100.00 87.50 100.00 88.89 0.00 62.50 85.71 50.00 100.00 0.00 66.67 100.00 37.50 100.00 75.00
80.50=87.50 100.00 100.00 75.00 80.00 53.85 100.00 57.14 40.00 80.00 87.50 87.50 100.00 83.33 60.00 80.00 100.00 85.71 100.00 100.00 0.00 100.00 100.00 66.67 83.33 75.00 75.00 85.71 66.67 85.71 100.00
79.45=70.00 100.00 87.50 100.00 100.00 58.33 100.00 57.14 62.50 83.33 77.78 71.43 77.78 100.00 77.78 83.33 100.00 55.56 100.00 88.89 0.00 100.00 100.00 75.00 83.33 66.67 83.33 83.33 40.00 80.00 100.00
64.20=88.00 95.45 85.71 76.92 0.00 50.00 80.00 76.92 13.33 92.86 56.10 75.00 50.00 51.52 70.59 78.57 74.19 57.50 42.31 64.29 0.00 85.19 82.14 40.00 71.43 73.68 55.00 85.71 40.00 77.78 100.00
62.87=88.00 100.00 69.23 76.92 0.00 56.10 77.78 70.59 20.00 83.33 51.28 77.42 55.56 61.90 73.53 85.71 74.19 61.54 43.33 60.00 0.00 78.79 84.62 37.50 53.33 61.11 60.00 83.33 26.09 77.78 100.00
59.01=95.45 95.45 85.00 74.07 0.00 55.00 87.50 57.89 9.52 76.19 58.97 73.33 51.35 66.67 80.65 70.00 75.00 59.52 38.46 76.92 0.00 71.88 80.00 22.73 28.57 59.09 42.11 71.43 16.67 75.00 75.00
62.04=95.65 91.30 66.67 69.23 0.00 51.22 73.08 75.00 9.09 93.75 55.26 79.31 46.34 68.18 69.44 81.48 74.19 57.14 56.00 53.33 0.00 78.79 100.00 37.50 52.94 68.18 36.84 100.00 28.57 71.43 83.33
61.55=92.00 95.45 68.00 73.08 0.00 48.94 84.00 72.22 15.00 88.89 57.89 74.19 51.22 66.67 77.42 86.21 66.67 59.52 45.83 75.00 0.00 74.29 80.77 25.00 41.67 57.89 69.23 72.22 22.22 66.67 100.00
80.59=75.00 100.00 100.00 100.00 80.00 53.85 90.91 100.00 60.00 62.50 75.00 75.00 75.00 80.00 100.00 90.91 70.00 85.71 100.00 100.00 0.00 57.14 100.00 66.67 100.00 100.00 75.00 100.00 40.00 85.71 100.00
77.53=62.50 100.00 83.33 100.00 100.00 50.00 100.00 100.00 71.43 83.33 77.78 54.55 87.50 71.43 85.71 100.00 70.00 55.56 87.50 100.00 0.00 83.33 100.00 66.67 87.50 42.86 100.00 71.43 44.44 66.67 100.00
77.14=77.78 100.00 80.00 75.00 100.00 60.00 100.00 75.00 80.00 71.43 77.78 75.00 83.33 50.00 54.55 100.00 77.78 75.00 100.00 100.00 0.00 60.00 100.00 66.67 57.14 100.00 75.00 100.00 40.00 100.00 80.00
81.65=100.00 100.00 100.00 100.00 100.00 57.14 100.00 75.00 57.14 83.33 87.50 87.50 100.00 71.43 100.00 100.00 70.00 63.64 100.00 100.00 0.00 83.33 100.00 66.67 87.50 75.00 85.71 71.43 45.45 80.00 83.33
78.54=63.64 100.00 80.00 75.00 100.00 50.00 100.00 80.00 50.00 83.33 70.00 63.64 100.00 57.14 100.00 100.00 75.00 71.43 100.00 80.00 0.00 60.00 100.00 60.00 80.00 100.00 100.00 85.71 50.00 100.00 100.00
78.87=87.50 100.00 100.00 75.00 60.00 61.54 83.33 37.50 50.00 83.33 100.00 100.00 70.00 100.00 62.50 57.14 88.89 85.71 100.00 80.00 0.00 100.00 100.00 80.00 85.71 50.00 80.00 100.00 83.33 100.00 83.33
80.80=100.00 100.00 100.00 75.00 100.00 46.67 100.00 66.67 66.67 100.00 87.50 77.78 85.71 80.00 42.86 90.00 88.89 100.00 100.00 88.89 0.00 83.33 100.00 60.00 85.71 66.67 100.00 100.00 37.50 100.00 75.00
83.56=77.78 100.00 87.50 75.00 100.00 58.33 100.00 66.67 45.45 100.00 100.00 75.00 87.50 83.33 75.00 100.00 72.73 77.78 100.00 100.00 0.00 100.00 100.00 100.00 100.00 100.00 100.00 83.33 50.00 100.00 75.00
81.54=70.00 100.00 100.00 75.00 100.00 61.54 90.00 50.00 40.00 100.00 100.00 71.43 85.71 100.00 77.78 100.00 88.89 100.00 100.00 100.00 0.00 83.33 100.00 66.67 100.00 50.00 85.71 88.89 42.86 100.00 100.00
78.80=85.71 100.00 87.50 60.00 100.00 50.00 100.00 50.00 100.00 100.00 100.00 77.78 70.00 83.33 75.00 77.78 87.50 100.00 100.00 80.00 0.00 100.00 80.00 100.00 70.00 33.33 75.00 100.00 50.00 100.00 50.00
64.91=88.89 95.65 70.83 80.00 0.00 54.76 95.83 75.00 42.11 90.00 68.57 62.86 62.86 75.00 88.46 67.86 85.71 50.00 34.48 72.73 0.00 86.67 91.30 25.00 62.50 43.48 47.62 100.00 27.27 66.67 100.00
65.56=92.31 100.00 70.83 90.91 0.00 50.00 88.00 73.68 28.00 76.19 64.10 88.00 61.76 77.78 82.76 68.57 78.79 57.89 40.91 72.73 0.00 83.33 91.30 31.25 50.00 57.14 40.00 100.00 41.18 75.00 100.00
64.25=88.89 95.45 72.00 95.24 0.00 52.08 88.46 66.67 36.36 80.95 72.22 70.37 63.33 76.92 84.62 61.76 82.14 48.84 41.67 78.95 0.00 86.67 92.00 18.75 50.00 55.00 58.82 94.12 40.00 66.67 72.73
63.95=85.71 100.00 66.67 82.61 0.00 55.81 95.65 60.00 37.50 85.00 75.76 76.92 65.52 64.52 83.33 63.89 78.79 48.78 45.45 94.44 0.00 86.67 92.31 26.32 38.89 63.16 55.00 85.00 29.41 66.67 72.73
65.50=88.46 100.00 69.57 83.33 0.00 50.00 91.67 64.71 33.33 75.00 74.29 84.62 55.56 79.17 75.00 70.37 80.65 47.83 43.33 75.00 0.00 85.19 92.00 25.00 64.71 75.00 62.50 90.00 31.82 71.43 90.91
79.25=70.00 100.00 83.33 100.00 100.00 63.64 100.00 100.00 57.14 71.43 70.00 71.43 71.43 50.00 87.50 100.00 70.00 71.43 100.00 100.00 0.00 57.14 100.00 100.00 57.14 75.00 100.00 100.00 44.44 85.71 100.00
76.71=77.78 100.00 71.43 60.00 100.00 53.85 100.00 100.00 42.86 62.50 63.64 66.67 66.67 50.00 100.00 100.00 77.78 66.67 87.50 100.00 0.00 50.00 100.00 75.00 100.00 100.00 100.00 83.33 62.50 100.00 60.00
80.01=70.00 100.00 83.33 60.00 100.00 61.54 100.00 100.00 66.67 100.00 87.50 85.71 87.50 57.14 100.00 90.00 72.73 83.33 100.00 100.00 0.00 83.33 83.33 37.50 75.00 75.00 100.00 77.78 42.86 100.00 100.00
83.16=53.85 100.00 83.33 100.00 100.00 53.85 90.91 100.00 80.00 83.33 77.78 85.71 88.89 71.43 85.71 100.00 88.89 85.71 100.00 88.89 0.00 80.00 100.00 75.00 83.33 100.00 100.00 85.71 50.00 85.71 100.00
80.38=77.78 100.00 100.00 100.00 100.00 58.33 100.00 100.00 66.67 71.43 87.50 83.33 77.78 50.00 87.50 100.00 75.00 85.71 75.00 100.00 0.00 57.14 100.00 75.00 80.00 100.00 85.71 70.00 44.44 83.33 100.00
76.78=100.00 100.00 85.71 75.00 44.44 63.64 100.00 66.67 33.33 83.33 75.00 87.50 77.78 100.00 100.00 100.00 88.89 44.44 87.50 88.89 0.00 36.36 66.67 62.50 83.33 100.00 85.71 100.00 83.33 100.00 60.00
79.42=87.50 100.00 100.00 75.00 100.00 61.54 100.00 66.67 83.33 83.33 87.50 85.71 83.33 75.00 88.89 87.50 88.89 77.78 100.00 88.89 0.00 50.00 100.00 62.50 85.71 100.00 85.71 100.00 66.67 57.14 33.33
80.90=87.50 100.00 100.00 75.00 80.00 66.67 100.00 80.00 71.43 83.33 100.00 85.71 66.67 100.00 100.00 100.00 80.00 87.50 87.50 100.00 0.00 42.86 100.00 62.50 100.00 66.67 83.33 77.78 83.33 100.00 40.00
82.33=87.50 100.00 85.71 75.00 100.00 63.64 100.00 80.00 62.50 100.00 87.50 77.78 75.00 62.50 88.89 100.00 88.89 100.00 100.00 87.50 0.00 75.00 100.00 80.00 100.00 66.67 85.71 100.00 62.50 100.00 60.00
79.67=100.00 83.33 85.71 100.00 100.00 66.67 100.00 50.00 42.86 83.33 100.00 100.00 80.00 83.33 80.00 100.00 70.00 87.50 85.71 85.71 0.00 60.00 100.00 66.67 100.00 50.00 100.00 71.43 62.50 100.00 75.00
78.48=77.78 100.00 100.00 100.00 100.00 50.00 100.00 100.00 80.00 83.33 70.00 75.00 87.50 100.00 83.33 90.00 87.50 50.00 100.00 100.00 0.00 71.43 100.00 50.00 75.00 75.00 66.67 66.67 22.22 71.43 100.00
81.31=77.78 100.00 100.00 100.00 100.00 58.33 100.00 100.00 66.67 100.00 70.00 77.78 100.00 83.33 83.33 91.67 80.00 100.00 66.67 100.00 0.00 100.00 100.00 66.67 55.56 60.00 100.00 75.00 44.44 83.33 80.00
82.68=70.00 100.00 71.43 100.00 100.00 66.67 100.00 100.00 62.50 71.43 87.50 100.00 87.50 100.00 85.71 90.91 72.73 83.33 100.00 88.89 0.00 50.00 100.00 66.67 62.50 100.00 100.00 100.00 45.45 100.00 100.00
73.84=70.00 83.33 100.00 50.00 75.00 58.33 100.00 80.00 50.00 42.86 75.00 85.71 57.14 66.67 87.50 100.00 75.00 66.67 100.00 100.00 0.00 60.00 100.00 42.86 66.67 100.00 85.71 75.00 55.56 80.00 100.00
78.92=63.64 100.00 100.00 100.00 100.00 63.64 100.00 66.67 80.00 100.00 70.00 75.00 75.00 57.14 83.33 75.00 70.00 80.00 77.78 100.00 0.00 80.00 100.00 100.00 83.33 60.00 75.00 66.67 44.44 100.00 100.00
60.07=100.00 100.00 84.21 61.54 0.00 56.10 95.65 60.87 33.33 78.95 63.16 55.81 60.61 68.42 75.86 80.77 75.86 58.33 37.04 52.94 0.00 78.57 83.33 9.52 62.50 51.61 71.43 80.00 22.22 40.00 63.64
61.43=95.65 100.00 88.89 61.29 0.00 58.54 90.48 69.57 29.17 68.18 55.00 63.89 70.59 80.00 75.86 79.17 78.12 55.56 41.67 50.00 0.00 73.33 86.36 10.53 80.00 64.00 56.00 86.67 30.43 63.64 41.67
61.62=100.00 100.00 84.21 70.00 3.57 60.00 86.96 65.00 24.14 70.59 65.79 61.54 53.85 85.71 61.29 100.00 70.59 58.54 40.91 63.16 0.00 85.71 80.00 0.00 50.00 61.54 60.00 93.33 27.27 66.67 60.00
59.33=92.00 100.00 81.82 67.86 0.00 58.14 81.82 66.67 16.67 70.00 58.54 58.97 66.67 73.68 63.64 78.57 75.00 65.71 47.37 60.00 0.00 73.33 75.00 13.33 52.38 65.22 65.00 85.71 25.00 63.64 37.50
60.57=95.45 100.00 80.00 64.29 0.00 58.97 88.00 62.50 30.43 60.00 65.00 68.57 62.16 70.00 68.57 78.95 80.00 54.29 47.83 50.00 0.00 92.00 73.08 4.76 63.64 72.73 75.00 88.24 25.00 58.33 40.00
