62.68=95.65 100.00 94.44 90.00 18.75 58.33 90.00 45.83 17.65 82.35 69.70 70.00 76.67 45.95 68.97 77.27 71.43 84.00 31.03 50.00 41.18 87.50 80.77 32.00 33.33 66.67 66.67 17.65 50.00 62.50 66.67
55.01=80.77 100.00 69.23 77.27 35.71 46.94 70.37 61.90 20.00 68.42 68.57 56.41 69.23 33.33 40.91 64.52 63.89 82.14 31.11 60.87 18.18 77.78 78.26 25.81 42.86 50.00 56.25 20.00 20.00 54.55 60.00
56.20=88.00 95.24 70.83 67.86 35.71 43.86 75.00 52.94 30.00 75.00 66.67 69.70 78.26 46.15 61.90 56.41 72.73 73.33 29.17 48.48 11.11 76.67 76.92 24.00 52.00 61.54 60.00 0.00 20.00 42.86 80.00
56.99=81.48 95.24 77.27 76.00 41.67 43.10 80.77 55.00 22.22 93.75 56.82 61.76 80.95 47.06 68.97 60.53 59.46 62.50 30.91 50.00 0.00 92.59 78.26 25.93 50.00 69.23 45.45 12.50 18.18 62.50 66.67
56.67=82.14 95.45 79.17 86.36 35.71 46.15 72.41 47.62 0.00 71.43 61.54 67.65 66.67 53.33 54.84 55.26 77.42 73.33 32.73 45.71 0.00 82.76 82.61 20.00 51.85 53.33 64.29 8.33 25.00 63.64 100.00
61.82=100.00 91.67 75.00 69.23 10.71 61.54 95.45 80.95 31.58 65.22 62.16 85.19 64.52 62.07 45.45 69.23 80.00 100.00 39.47 60.00 66.67 78.12 88.46 23.33 47.83 82.35 66.67 30.00 0.00 38.10 45.45
53.81=95.83 88.00 70.83 57.14 5.26 51.06 75.00 60.87 26.67 70.00 73.53 72.73 70.37 36.00 30.77 62.86 64.10 65.38 53.57 68.42 7.14 85.71 68.57 12.50 42.31 59.09 47.62 42.86 0.00 50.00 53.85
57.49=88.46 95.65 68.00 62.50 0.00 41.07 87.50 64.29 23.08 76.47 62.16 77.42 64.52 75.00 35.71 52.50 65.71 77.78 42.86 73.68 10.00 65.62 77.42 28.57 46.15 54.17 52.94 54.55 22.22 58.33 77.78
58.17=100.00 95.65 68.00 57.14 15.38 37.50 82.61 66.67 40.00 84.21 57.50 82.76 62.96 76.19 26.32 58.82 65.79 60.00 50.00 57.69 0.00 75.00 79.31 20.00 51.72 56.52 63.64 66.67 14.29 58.33 72.73
56.42=95.83 95.65 76.19 63.64 4.55 40.00 80.00 72.73 9.09 76.19 60.00 82.14 57.89 80.00 33.33 64.86 60.53 68.97 43.75 54.17 0.00 83.87 75.76 5.88 58.33 66.67 66.67 37.50 16.67 45.45 72.73
92.94=100.00 100.00 100.00 100.00 100.00 100.00 100.00 100.00 100.00 75.00 100.00 66.67 100.00 100.00 100.00 100.00 75.00 100.00 100.00 100.00 75.00 42.86 100.00 80.00 66.67 100.00 100.00 100.00 100.00 100.00 100.00
97.82=100.00 100.00 100.00 100.00 100.00 100.00 100.00 100.00 100.00 80.00 100.00 100.00 100.00 100.00 100.00 85.71 100.00 100.00 100.00 100.00 100.00 100.00 100.00 66.67 100.00 100.00 100.00 100.00 100.00 100.00 100.00
94.80=75.00 100.00 100.00 100.00 100.00 100.00 100.00 75.00 100.00 100.00 100.00 100.00 100.00 100.00 88.89 100.00 100.00 100.00 100.00 100.00 100.00 100.00 100.00 66.67 66.67 66.67 100.00 100.00 100.00 100.00 100.00
97.74=100.00 100.00 100.00 75.00 100.00 100.00 100.00 75.00 100.00 100.00 100.00 100.00 100.00 100.00 80.00 100.00 100.00 100.00 100.00 100.00 100.00 100.00 100.00 100.00 100.00 100.00 100.00 100.00 100.00 100.00 100.00
95.62=100.00 100.00 100.00 100.00 100.00 100.00 100.00 100.00 100.00 100.00 100.00 66.67 100.00 100.00 87.50 100.00 100.00 100.00 100.00 100.00 100.00 100.00 100.00 80.00 50.00 100.00 100.00 100.00 80.00 100.00 100.00
85.67=100.00 100.00 100.00 100.00 100.00 37.50 100.00 100.00 0.00 100.00 100.00 100.00 100.00 100.00 87.50 62.50 100.00 100.00 100.00 50.00 0.00 80.00 83.33 75.00 100.00 100.00 100.00 100.00 100.00 80.00 100.00
90.41=100.00 100.00 100.00 100.00 100.00 42.86 100.00 100.00 100.00 100.00 100.00 66.67 100.00 100.00 100.00 100.00 100.00 100.00 66.67 66.67 0.00 80.00 100.00 80.00 100.00 100.00 100.00 100.00 100.00 100.00 100.00
88.35=100.00 100.00 100.00 100.00 100.00 50.00 100.00 100.00 100.00 100.00 75.00 50.00 80.00 100.00 85.71 100.00 100.00 100.00 100.00 66.67 0.00 100.00 100.00 80.00 100.00 100.00 100.00 100.00 71.43 100.00 80.00
88.06=100.00 100.00 100.00 75.00 100.00 50.00 100.00 100.00 100.00 100.00 100.00 66.67 100.00 80.00 100.00 100.00 75.00 50.00 66.67 100.00 0.00 100.00 100.00 100.00 66.67 100.00 100.00 100.00 100.00 100.00 100.00
88.60=100.00 100.00 100.00 100.00 100.00 50.00 100.00 100.00 100.00 100.00 100.00 66.67 100.00 100.00 100.00 100.00 100.00 100.00 33.33 100.00 0.00 80.00 100.00 100.00 66.67 66.67 100.00 100.00 100.00 83.33 100.00
83.01=100.00 100.00 100.00 100.00 100.00 42.86 100.00 75.00 100.00 100.00 100.00 100.00 100.00 66.67 100.00 75.00 60.00 100.00 66.67 50.00 0.00 57.14 100.00 80.00 0.00 100.00 100.00 100.00 100.00 100.00 100.00
84.78=100.00 100.00 100.00 75.00 100.00 50.00 100.00 100.00 100.00 80.00 75.00 66.67 80.00 100.00 100.00 60.00 100.00 50.00 100.00 100.00 0.00 100.00 100.00 100.00 25.00 66.67 100.00 100.00 100.00 100.00 100.00
85.67=100.00 100.00 100.00 100.00 100.00 50.00 100.00 100.00 100.00 80.00 75.00 100.00 100.00 100.00 87.50 100.00 50.00 66.67 100.00 33.33 0.00 100.00 100.00 80.00 33.33 100.00 100.00 100.00 100.00 100.00 100.00
82.06=75.00 100.00 100.00 75.00 100.00 50.00 100.00 100.00 100.00 100.00 75.00 66.67 100.00 100.00 88.89 100.00 60.00 66.67 50.00 40.00 0.00 80.00 100.00 66.67 50.00 100.00 100.00 100.00 100.00 100.00 100.00
90.86=100.00 100.00 100.00 100.00 100.00 50.00 100.00 100.00 100.00 100.00 100.00 100.00 100.00 100.00 100.00 100.00 50.00 100.00 50.00 100.00 0.00 66.67 100.00 100.00 100.00 100.00 100.00 100.00 100.00 100.00 100.00
61.26=100.00 100.00 100.00 94.44 26.92 36.67 77.27 87.50 0.00 80.00 80.65 79.17 64.71 63.33 25.58 61.11 70.59 95.65 24.53 50.00 0.00 68.97 95.65 17.65 56.52 100.00 100.00 13.64 0.00 28.57 100.00
62.70=88.46 100.00 85.00 71.43 21.43 40.68 80.77 72.73 47.06 84.21 65.00 75.00 69.70 82.35 46.15 66.67 71.88 79.31 31.71 48.00 0.00 63.33 85.19 23.81 57.14 66.67 78.95 25.00 100.00 27.27 88.89
61.85=95.65 100.00 100.00 74.07 25.00 37.70 81.48 77.27 57.14 77.27 65.71 74.19 62.86 82.35 32.14 69.70 68.57 80.00 35.00 60.00 0.00 78.57 75.00 20.00 51.52 75.00 73.68 37.50 0.00 50.00 100.00
63.19=92.00 100.00 100.00 72.41 35.29 44.44 88.00 75.00 36.84 94.44 64.86 61.11 62.50 80.00 27.59 75.00 63.89 79.31 20.41 52.00 0.00 74.07 88.00 31.58 51.61 72.22 83.33 14.29 100.00 28.57 90.00
59.00=92.00 100.00 100.00 75.00 33.33 35.94 87.50 66.67 44.44 80.00 67.57 66.67 61.11 76.19 25.00 88.00 68.75 77.78 26.83 50.00 0.00 82.61 83.33 22.22 50.00 73.68 66.67 25.00 0.00 25.00 77.78
58.45=96.00 95.24 94.44 86.96 35.71 35.94 76.92 56.25 36.36 73.91 53.33 50.00 64.52 62.96 40.74 64.71 63.16 86.96 28.30 68.18 0.00 82.14 85.71 30.43 52.17 62.50 47.37 14.29 0.00 88.89 77.78
59.56=92.00 100.00 85.71 86.36 40.00 40.32 63.33 62.50 25.00 88.89 57.50 57.50 70.97 68.00 48.39 76.67 70.97 77.78 28.57 51.72 0.00 70.97 86.36 25.00 55.17 71.43 72.73 10.00 0.00 62.50 100.00
62.59=92.31 95.24 94.74 90.00 23.53 40.35 81.82 65.00 60.00 85.00 58.54 60.53 81.48 76.19 50.00 67.65 70.97 85.71 31.91 65.52 0.00 76.47 86.36 26.92 51.61 58.82 60.00 0.00 28.57 75.00 100.00
60.95=100.00 100.00 85.71 83.33 31.25 42.11 81.48 60.00 50.00 82.35 60.00 61.11 75.00 72.41 50.00 64.71 65.71 88.46 32.00 85.00 0.00 73.53 89.47 24.14 50.00 62.50 64.29 0.00 0.00 75.00 80.00
61.01=91.67 95.45 94.74 86.36 33.33 37.93 75.00 59.09 45.45 83.33 52.38 63.89 90.00 70.83 51.43 62.16 71.88 75.86 26.92 68.00 0.00 76.67 83.33 25.93 45.71 62.50 57.14 0.00 50.00 66.67 87.50
82.82=100.00 100.00 100.00 100.00 100.00 37.50 100.00 75.00 100.00 100.00 75.00 40.00 100.00 100.00 100.00 100.00 60.00 100.00 50.00 66.67 0.00 80.00 100.00 50.00 33.33 100.00 100.00 100.00 100.00 100.00 100.00
85.04=100.00 100.00 100.00 100.00 75.00 42.86 100.00 100.00 100.00 80.00 100.00 100.00 100.00 100.00 77.78 100.00 60.00 100.00 66.67 66.67 0.00 60.00 100.00 57.14 50.00 100.00 100.00 100.00 100.00 100.00 100.00
87.03=100.00 100.00 100.00 100.00 100.00 50.00 100.00 100.00 100.00 80.00 100.00 66.67 100.00 100.00 88.89 85.71 60.00 100.00 66.67 100.00 0.00 100.00 100.00 66.67 33.33 100.00 100.00 100.00 100.00 100.00 100.00
77.46=100.00 100.00 100.00 100.00 100.00 42.86 100.00 100.00 100.00 100.00 60.00 66.67 100.00 100.00 100.00 100.00 75.00 100.00 66.67 40.00 0.00 100.00 100.00 50.00 25.00 0.00 75.00 100.00 0.00 100.00 100.00
85.36=100.00 100.00 100.00 75.00 100.00 42.86 75.00 100.00 100.00 100.00 75.00 50.00 100.00 100.00 100.00 100.00 75.00 100.00 66.67 66.67 0.00 100.00 100.00 100.00 20.00 100.00 100.00 100.00 100.00 100.00 100.00
90.95=100.00 100.00 100.00 100.00 100.00 42.86 100.00 100.00 100.00 100.00 100.00 66.67 100.00 100.00 77.78 100.00 75.00 100.00 100.00 100.00 0.00 57.14 100.00 100.00 100.00 100.00 100.00 100.00 100.00 100.00 100.00
87.89=100.00 100.00 100.00 100.00 100.00 42.86 100.00 75.00 100.00 80.00 100.00 50.00 100.00 100.00 100.00 100.00 100.00 100.00 50.00 100.00 0.00 80.00 100.00 100.00 100.00 66.67 100.00 100.00 100.00 100.00 80.00
84.23=100.00 100.00 100.00 100.00 100.00 42.86 100.00 100.00 100.00 100.00 100.00 66.67 100.00 100.00 75.00 100.00 100.00 66.67 100.00 66.67 0.00 100.00 100.00 100.00 0.00 50.00 80.00 100.00 80.00 83.33 100.00
91.47=100.00 100.00 100.00 100.00 100.00 60.00 100.00 100.00 100.00 100.00 100.00 66.67 71.43 100.00 87.50 100.00 100.00 100.00 100.00 100.00 0.00 100.00 100.00 100.00 100.00 66.67 100.00 100.00 100.00 83.33 100.00
90.08=100.00 100.00 100.00 75.00 100.00 50.00 100.00 100.00 80.00 100.00 100.00 66.67 100.00 100.00 87.50 100.00 100.00 100.00 100.00 66.67 0.00 100.00 100.00 100.00 100.00 66.67 100.00 100.00 100.00 100.00 100.00
61.36=91.67 100.00 94.74 86.36 50.00 39.06 91.67 68.18 66.67 88.89 52.17 53.33 84.62 63.33 56.67 71.43 67.65 81.48 31.37 68.00 0.00 84.00 78.26 22.73 57.69 45.83 53.85 0.00 0.00 61.54 90.91
61.53=88.46 100.00 94.74 90.91 28.57 42.86 68.75 54.55 40.00 88.89 60.53 67.74 82.14 69.57 53.12 64.71 70.59 80.77 32.65 57.14 0.00 82.76 87.50 17.24 53.57 55.56 64.29 0.00 33.33 87.50 88.89
61.58=100.00 100.00 94.44 86.96 26.67 40.68 75.86 57.14 36.36 84.21 58.14 65.71 70.83 64.00 58.62 57.50 69.70 88.46 33.33 68.00 0.00 81.25 82.61 29.17 53.85 62.50 64.29 11.11 25.00 90.00 72.73
62.38=84.62 100.00 100.00 90.48 38.46 40.00 85.00 54.17 55.56 88.24 55.81 61.11 88.89 66.67 51.61 53.66 68.57 88.00 30.00 60.71 0.00 85.19 86.36 26.92 50.00 52.63 69.23 0.00 50.00 70.00 81.82
60.69=85.19 100.00 100.00 86.96 33.33 39.34 71.43 41.18 44.44 80.00 54.55 60.53 83.33 80.00 54.84 62.16 62.86 82.76 31.25 61.54 0.00 76.67 82.61 27.27 50.00 64.71 63.64 0.00 33.33 87.50 80.00
84.81=75.00 100.00 100.00 75.00 100.00 42.86 100.00 100.00 100.00 100.00 100.00 66.67 100.00 100.00 87.50 100.00 75.00 66.67 66.67 66.67 0.00 100.00 100.00 57.14 50.00 100.00 100.00 100.00 100.00 100.00 100.00
83.99=100.00 100.00 100.00 100.00 100.00 37.50 100.00 100.00 100.00 75.00 100.00 66.67 100.00 80.00 85.71 100.00 60.00 100.00 50.00 66.67 0.00 100.00 100.00 57.14 25.00 100.00 100.00 100.00 100.00 100.00 100.00
86.56=75.00 100.00 100.00 75.00 100.00 50.00 100.00 100.00 100.00 80.00 100.00 100.00 100.00 100.00 100.00 100.00 60.00 66.67 66.67 100.00 0.00 100.00 100.00 80.00 50.00 100.00 80.00 100.00 100.00 100.00 100.00
78.58=75.00 100.00 100.00 100.00 100.00 28.57 100.00 100.00 100.00 100.00 75.00 50.00 100.00 80.00 100.00 85.71 75.00 66.67 66.67 50.00 0.00 100.00 100.00 50.00 0.00 50.00 100.00 83.33 100.00 100.00 100.00
88.31=100.00 100.00 100.00 100.00 100.00 50.00 100.00 100.00 100.00 100.00 100.00 40.00 100.00 80.00 88.89 100.00 75.00 100.00 100.00 66.67 0.00 80.00 100.00 57.14 100.00 100.00 100.00 100.00 100.00 100.00 100.00
82.85=100.00 100.00 100.00 100.00 100.00 33.33 100.00 100.00 100.00 100.00 100.00 50.00 100.00 100.00 57.14 100.00 100.00 100.00 66.67 66.67 0.00 100.00 100.00 44.44 100.00 66.67 100.00 83.33 0.00 100.00 100.00
83.59=100.00 100.00 100.00 100.00 100.00 50.00 100.00 60.00 66.67 75.00 100.00 66.67 100.00 75.00 71.43 100.00 100.00 100.00 66.67 50.00 0.00 80.00 100.00 80.00 66.67 100.00 100.00 100.00 100.00 83.33 100.00
84.77=100.00 100.00 100.00 75.00 100.00 50.00 100.00 100.00 80.00 100.00 100.00 66.67 100.00 100.00 77.78 100.00 100.00 100.00 100.00 50.00 0.00 80.00 100.00 40.00 66.67 66.67 100.00 100.00 100.00 75.00 100.00
85.68=100.00 100.00 83.33 100.00 100.00 42.86 75.00 100.00 100.00 100.00 100.00 100.00 100.00 66.67 75.00 100.00 75.00 100.00 66.67 50.00 0.00 80.00 100.00 66.67 100.00 100.00 100.00 100.00 100.00 100.00 75.00
88.44=100.00 100.00 100.00 100.00 100.00 33.33 100.00 100.00 100.00 100.00 100.00 100.00 85.71 100.00 62.50 100.00 100.00 100.00 100.00 66.67 0.00 80.00 100.00 80.00 33.33 100.00 100.00 100.00 100.00 100.00 100.00
63.46=85.19 95.24 94.74 86.36 30.00 39.34 84.62 66.67 71.43 88.89 57.50 54.76 83.33 66.67 47.22 71.88 74.19 79.31 32.08 62.96 0.00 85.71 90.00 25.81 52.00 57.89 75.00 0.00 28.57 80.00 100.00
62.68=95.83 95.65 94.74 86.96 31.58 41.07 81.48 64.71 36.36 93.75 57.14 63.89 75.00 80.00 48.39 62.86 74.19 78.57 32.65 57.14 0.00 86.21 87.50 25.81 53.57 62.50 60.00 11.11 28.57 85.71 90.00
62.75=88.89 95.00 95.00 83.33 44.44 39.66 77.78 59.26 54.55 88.89 60.00 61.11 80.77 69.57 53.12 62.16 71.88 90.91 27.45 70.83 0.00 80.65 86.36 24.14 48.15 55.56 64.29 8.33 33.33 80.00 90.00
62.95=82.76 95.45 85.71 86.96 55.56 46.30 81.48 47.62 40.00 87.50 57.14 61.11 84.00 86.36 55.88 66.67 71.88 78.57 30.36 62.96 0.00 85.71 86.96 22.58 48.28 52.94 61.54 18.18 33.33 77.78 100.00
63.11=95.83 95.45 90.00 86.96 31.25 40.00 77.78 59.09 45.45 88.89 52.27 62.16 80.95 66.67 66.67 59.46 76.67 81.48 31.37 69.23 0.00 79.31 79.17 29.17 48.15 58.82 60.00 16.67 50.00 90.00 87.50
77.53=100.00 100.00 100.00 100.00 100.00 33.33 100.00 60.00 100.00 100.00 100.00 100.00 100.00 80.00 60.00 80.00 60.00 100.00 100.00 33.33 0.00 66.67 83.33 80.00 66.67 0.00 100.00 100.00 0.00 100.00 100.00
80.33=100.00 100.00 100.00 100.00 100.00 37.50 100.00 42.86 100.00 80.00 100.00 100.00 100.00 80.00 50.00 66.67 60.00 100.00 100.00 40.00 0.00 100.00 100.00 66.67 66.67 0.00 100.00 100.00 100.00 100.00 100.00
87.15=100.00 100.00 100.00 100.00 100.00 50.00 100.00 75.00 100.00 100.00 100.00 100.00 100.00 100.00 66.67 100.00 66.67 100.00 100.00 66.67 0.00 80.00 83.33 80.00 66.67 66.67 100.00 100.00 100.00 100.00 100.00
80.71=100.00 100.00 100.00 100.00 100.00 25.00 100.00 42.86 100.00 80.00 100.00 66.67 100.00 80.00 62.50 100.00 60.00 100.00 50.00 66.67 0.00 100.00 83.33 60.00 50.00 100.00 100.00 100.00 75.00 100.00 100.00
77.53=100.00 100.00 100.00 100.00 100.00 33.33 75.00 40.00 75.00 100.00 100.00 66.67 80.00 100.00 50.00 100.00 60.00 100.00 100.00 50.00 0.00 80.00 80.00 80.00 33.33 0.00 100.00 100.00 100.00 100.00 100.00
63.92=100.00 95.45 90.48 80.00 53.85 35.82 81.48 61.90 64.71 75.00 71.43 56.10 65.71 67.65 16.67 81.48 71.88 88.89 31.43 63.64 0.00 77.42 82.61 42.86 51.61 77.27 70.59 9.09 100.00 33.33 83.33
62.09=95.83 100.00 95.00 71.43 63.64 40.00 81.48 66.67 50.00 83.33 64.10 67.74 61.11 80.00 28.57 63.64 77.42 85.19 24.39 51.72 0.00 79.31 84.62 25.00 51.61 70.00 75.00 33.33 0.00 54.55 100.00
64.56=95.83 100.00 90.00 90.00 53.85 38.71 78.57 79.17 33.33 76.19 62.50 69.70 64.10 83.33 29.03 75.86 77.42 76.92 25.71 60.71 0.00 85.19 81.48 27.78 61.54 75.00 81.25 16.67 72.73 55.56 83.33
66.49=95.83 95.24 100.00 75.00 44.44 41.82 78.57 73.91 55.56 78.95 61.54 75.86 63.64 78.57 34.29 75.86 73.33 88.89 26.67 53.85 0.00 68.57 95.24 35.00 54.84 82.35 88.24 22.22 77.78 83.33 81.82
61.54=96.00 100.00 94.74 76.92 46.15 40.68 77.78 78.26 28.57 77.27 70.59 65.62 70.97 91.67 30.00 79.31 82.76 83.33 28.21 50.00 0.00 77.42 90.91 27.27 48.39 78.95 76.19 12.50 0.00 45.45 81.82
80.30=75.00 100.00 100.00 75.00 100.00 25.00 100.00 50.00 75.00 100.00 100.00 50.00 100.00 100.00 44.44 100.00 100.00 100.00 66.67 40.00 0.00 80.00 100.00 75.00 66.67 100.00 100.00 100.00 66.67 100.00 100.00
80.35=100.00 100.00 100.00 100.00 100.00 37.50 100.00 50.00 100.00 100.00 100.00 100.00 100.00 100.00 50.00 100.00 100.00 100.00 66.67 40.00 0.00 100.00 100.00 66.67 66.67 0.00 100.00 100.00 33.33 100.00 80.00
84.07=100.00 100.00 100.00 100.00 100.00 42.86 100.00 50.00 100.00 75.00 100.00 66.67 100.00 66.67 100.00 100.00 66.67 66.67 66.67 100.00 0.00 75.00 100.00 100.00 100.00 50.00 80.00 100.00 100.00 100.00 100.00
83.95=100.00 100.00 100.00 100.00 100.00 37.50 100.00 60.00 100.00 100.00 100.00 100.00 100.00 100.00 50.00 100.00 75.00 100.00 100.00 33.33 0.00 100.00 100.00 80.00 66.67 0.00 100.00 100.00 100.00 100.00 100.00
78.34=100.00 100.00 100.00 100.00 100.00 42.86 75.00 50.00 75.00 66.67 75.00 100.00 100.00 100.00 55.56 100.00 75.00 100.00 66.67 33.33 0.00 100.00 83.33 80.00 50.00 0.00 100.00 100.00 100.00 100.00 100.00
79.84=100.00 100.00 100.00 100.00 100.00 33.33 100.00 100.00 75.00 100.00 75.00 50.00 100.00 100.00 75.00 75.00 50.00 50.00 50.00 50.00 0.00 100.00 100.00 66.67 25.00 100.00 100.00 100.00 100.00 100.00 100.00
85.63=100.00 100.00 83.33 75.00 100.00 50.00 100.00 100.00 100.00 100.00 100.00 100.00 100.00 100.00 100.00 75.00 60.00 100.00 66.67 100.00 0.00 100.00 100.00 44.44 100.00 100.00 100.00 100.00 0.00 100.00 100.00
85.91=100.00 100.00 100.00 75.00 100.00 50.00 100.00 100.00 100.00 100.00 100.00 100.00 85.71 100.00 87.50 100.00 75.00 100.00 66.67 40.00 0.00 100.00 100.00 50.00 33.33 100.00 100.00 100.00 100.00 100.00 100.00
81.94=100.00 100.00 100.00 100.00 100.00 42.86 100.00 66.67 100.00 100.00 100.00 66.67 83.33 100.00 85.71 100.00 75.00 66.67 50.00 33.33 0.00 100.00 100.00 50.00 20.00 100.00 100.00 100.00 100.00 100.00 100.00
85.55=100.00 100.00 100.00 100.00 100.00 42.86 75.00 100.00 75.00 100.00 100.00 100.00 100.00 80.00 87.50 100.00 75.00 100.00 50.00 100.00 0.00 100.00 100.00 50.00 50.00 66.67 100.00 100.00 100.00 100.00 100.00
59.83=96.00 95.45 85.71 90.48 36.36 38.46 74.07 61.11 36.36 87.50 57.50 48.89 90.48 70.83 50.00 68.75 63.89 88.46 29.17 64.00 0.00 78.12 81.82 23.08 53.57 47.83 60.00 0.00 0.00 100.00 76.92
61.95=92.00 100.00 90.00 81.82 35.71 46.15 83.33 65.22 33.33 84.21 57.50 60.00 81.48 76.19 51.35 64.71 75.00 84.62 34.04 65.38 0.00 81.25 81.82 26.67 42.86 52.38 69.23 0.00 33.33 88.89 81.82
60.45=82.76 100.00 90.00 82.61 30.77 40.68 82.61 50.00 40.00 94.12 54.76 59.46 72.41 68.18 64.00 73.33 65.71 82.14 29.41 50.00 0.00 82.76 86.96 24.14 42.42 62.50 61.54 20.00 25.00 66.67 88.89
62.62=95.83 95.65 90.00 90.48 42.86 42.59 75.86 47.06 55.56 88.89 67.65 69.70 84.62 75.00 52.78 66.67 72.22 83.33 28.57 54.84 0.00 89.29 86.96 20.69 46.88 57.89 66.67 8.33 14.29 80.00 90.00
60.60=92.31 100.00 94.74 83.33 33.33 43.40 78.26 66.67 40.00 75.00 55.81 70.00 73.33 69.23 52.63 68.75 70.97 84.62 33.33 65.38 0.00 77.42 85.00 24.14 53.12 52.63 58.82 0.00 0.00 88.89 87.50
81.01=100.00 100.00 100.00 100.00 100.00 42.86 100.00 100.00 80.00 60.00 100.00 100.00 100.00 100.00 75.00 100.00 75.00 66.67 100.00 66.67 0.00 75.00 100.00 50.00 40.00 100.00 100.00 80.00 0.00 100.00 100.00
84.34=100.00 100.00 100.00 100.00 100.00 42.86 100.00 100.00 100.00 80.00 75.00 40.00 100.00 100.00 66.67 100.00 66.67 100.00 100.00 100.00 0.00 80.00 100.00 66.67 66.67 50.00 100.00 100.00 100.00 80.00 100.00
76.20=75.00 100.00 100.00 100.00 100.00 42.86 100.00 75.00 100.00 100.00 75.00 50.00 100.00 100.00 75.00 100.00 100.00 50.00 66.67 66.67 0.00 66.67 100.00 44.44 33.33 66.67 100.00 100.00 0.00 100.00 75.00
86.85=100.00 100.00 100.00 100.00 100.00 37.50 100.00 100.00 100.00 100.00 100.00 40.00 100.00 100.00 71.43 100.00 100.00 66.67 100.00 100.00 0.00 80.00 100.00 100.00 66.67 66.67 100.00 100.00 80.00 83.33 100.00
87.00=100.00 100.00 100.00 100.00 100.00 42.86 100.00 100.00 100.00 100.00 75.00 66.67 83.33 100.00 85.71 100.00 60.00 66.67 100.00 100.00 0.00 100.00 100.00 66.67 50.00 100.00 100.00 100.00 100.00 100.00 100.00
81.22=100.00 100.00 100.00 100.00 100.00 14.29 100.00 60.00 100.00 100.00 100.00 50.00 100.00 66.67 57.14 80.00 75.00 100.00 100.00 100.00 0.00 80.00 71.43 80.00 50.00 66.67 100.00 100.00 66.67 100.00 100.00
78.86=60.00 100.00 100.00 75.00 100.00 22.22 100.00 60.00 66.67 80.00 100.00 50.00 83.33 100.00 62.50 100.00 75.00 100.00 66.67 66.67 0.00 75.00 75.00 80.00 66.67 100.00 100.00 80.00 100.00 100.00 100.00
76.92=75.00 100.00 100.00 100.00 100.00 33.33 75.00 50.00 100.00 80.00 100.00 66.67 100.00 100.00 42.86 100.00 50.00 100.00 66.67 40.00 0.00 75.00 100.00 80.00 50.00 0.00 100.00 100.00 100.00 100.00 100.00
79.96=100.00 100.00 100.00 75.00 100.00 37.50 100.00 50.00 100.00 80.00 100.00 100.00 71.43 100.00 71.43 80.00 60.00 100.00 100.00 66.67 0.00 60.00 60.00 66.67 33.33 100.00 100.00 100.00 66.67 100.00 100.00
81.31=100.00 100.00 100.00 75.00 100.00 42.86 100.00 42.86 100.00 80.00 100.00 100.00 100.00 100.00 58.33 100.00 60.00 100.00 100.00 40.00 0.00 75.00 100.00 80.00 66.67 0.00 100.00 100.00 100.00 100.00 100.00
62.97=92.31 100.00 94.12 90.91 36.36 41.67 76.92 66.67 40.00 88.89 58.54 48.89 81.82 64.29 50.00 57.89 70.59 75.00 30.61 71.43 0.00 85.19 90.48 29.17 44.44 73.33 50.00 0.00 75.00 87.50 80.00
62.59=82.14 90.48 90.00 95.00 26.67 35.09 79.31 58.33 54.55 94.12 63.16 57.89 82.61 79.17 53.12 69.70 70.59 87.50 30.91 77.27 0.00 72.22 79.17 22.22 48.15 61.11 90.91 0.00 0.00 88.89 100.00
60.99=91.67 100.00 94.44 91.30 26.67 43.40 81.48 61.11 33.33 80.00 64.86 60.00 69.70 67.86 51.43 75.00 68.57 82.14 31.37 66.67 0.00 80.00 82.61 21.88 53.57 50.00 61.54 0.00 33.33 66.67 100.00
62.90=91.67 95.45 90.00 82.61 23.53 38.71 86.96 56.52 36.36 94.12 55.81 66.67 77.78 69.57 50.00 65.71 79.31 95.83 30.00 64.00 0.00 78.12 86.36 22.22 51.61 50.00 64.29 11.11 66.67 80.00 88.89
63.61=85.19 100.00 90.00 90.91 33.33 43.40 78.57 60.87 50.00 94.12 54.55 60.00 80.00 66.67 57.58 63.89 77.42 85.19 34.69 80.95 0.00 78.12 86.36 22.58 51.61 66.67 57.14 0.00 33.33 100.00 88.89
61.02=91.30 100.00 86.36 86.96 60.00 39.34 75.86 70.83 41.18 78.95 68.42 65.71 57.89 74.19 40.00 80.00 67.65 85.19 27.27 72.73 0.00 69.70 79.17 31.82 44.83 83.33 78.95 28.57 0.00 22.22 83.33
66.27=100.00 100.00 100.00 77.78 54.55 38.98 82.14 78.26 58.82 89.47 65.00 70.00 64.71 84.62 30.77 69.70 71.88 82.14 31.58 71.43 0.00 86.21 90.48 26.92 46.88 77.27 66.67 12.50 75.00 72.73 77.78
65.01=95.83 100.00 90.00 80.77 44.44 35.38 78.57 70.83 46.67 76.19 62.16 75.86 62.16 75.86 26.92 77.78 75.00 80.00 30.00 59.26 0.00 74.19 90.48 31.58 45.45 72.22 88.24 25.00 88.89 66.67 88.89
62.43=92.31 95.65 95.00 80.00 33.33 40.35 84.62 74.07 45.00 70.00 63.16 66.67 63.89 84.00 30.00 91.67 86.21 88.46 31.58 61.54 0.00 80.00 87.50 28.00 51.72 76.19 78.95 20.00 0.00 45.45 90.00
64.14=91.30 100.00 95.00 87.50 25.00 37.29 87.50 72.00 34.78 83.33 67.57 61.76 67.65 75.86 34.62 84.62 69.70 92.00 27.50 69.23 0.00 80.00 84.62 29.41 44.44 77.27 83.33 25.00 100.00 37.50 62.50
60.66=88.46 100.00 81.82 90.91 45.45 40.32 88.00 59.09 44.44 88.89 62.50 48.89 72.41 60.00 57.14 61.76 71.43 81.48 30.61 66.67 0.00 78.12 86.36 25.00 58.33 57.89 69.23 0.00 0.00 83.33 81.82
62.78=88.00 95.45 94.74 79.17 33.33 40.32 84.62 61.90 50.00 89.47 55.81 62.16 75.00 78.26 67.86 68.57 70.59 95.83 26.09 62.96 0.00 80.00 82.61 23.08 60.00 62.50 64.29 10.00 14.29 87.50 81.82
61.63=95.83 100.00 78.26 86.96 33.33 46.15 75.86 68.42 38.46 88.24 61.54 64.71 75.00 66.67 54.84 66.67 74.19 80.77 29.41 62.96 0.00 77.42 86.96 21.88 55.17 68.75 64.29 10.00 20.00 80.00 77.78
63.40=88.00 91.67 94.74 83.33 35.71 39.29 84.00 55.00 62.50 84.21 57.14 64.71 80.00 71.43 48.65 69.70 69.70 85.71 27.45 64.00 0.00 86.21 90.48 25.00 50.00 50.00 64.29 9.09 33.33 100.00 100.00
62.62=91.67 95.24 94.44 82.61 26.67 45.10 86.96 66.67 58.33 88.24 56.10 62.16 83.33 70.37 58.33 61.54 70.59 92.31 32.00 70.83 0.00 67.65 81.82 30.00 51.61 70.59 71.43 0.00 20.00 81.82 72.73
80.87=100.00 100.00 100.00 100.00 66.67 28.57 100.00 20.00 100.00 80.00 100.00 100.00 100.00 80.00 66.67 100.00 60.00 66.67 100.00 66.67 0.00 75.00 100.00 80.00 100.00 50.00 100.00 100.00 66.67 100.00 100.00
83.00=100.00 100.00 100.00 100.00 100.00 33.33 100.00 66.67 75.00 80.00 100.00 66.67 100.00 80.00 71.43 100.00 100.00 100.00 100.00 50.00 0.00 60.00 80.00 60.00 50.00 100.00 100.00 100.00 100.00 100.00 100.00
87.19=100.00 100.00 100.00 100.00 100.00 37.50 100.00 60.00 75.00 80.00 100.00 100.00 100.00 66.67 71.43 100.00 66.67 100.00 100.00 100.00 0.00 100.00 85.71 80.00 100.00 100.00 100.00 100.00 100.00 100.00 80.00
77.76=75.00 100.00 100.00 75.00 100.00 25.00 100.00 60.00 100.00 80.00 60.00 50.00 100.00 100.00 55.56 80.00 75.00 100.00 100.00 66.67 0.00 66.67 100.00 50.00 100.00 50.00 100.00 100.00 66.67 100.00 75.00
82.70=75.00 100.00 100.00 100.00 100.00 33.33 100.00 50.00 100.00 80.00 100.00 100.00 100.00 80.00 57.14 100.00 60.00 100.00 100.00 66.67 0.00 60.00 71.43 80.00 50.00 100.00 100.00 100.00 100.00 100.00 100.00
60.39=96.00 100.00 100.00 85.71 26.67 33.33 78.57 85.71 40.00 76.47 66.67 69.70 51.35 70.83 43.33 68.75 75.00 88.46 34.29 88.89 0.00 71.88 88.00 6.25 45.45 51.85 45.00 0.00 20.00 75.00 88.89
61.34=96.00 95.65 94.12 76.92 17.65 42.86 87.50 94.44 57.14 88.89 60.98 76.67 66.67 74.07 40.62 57.89 79.31 80.00 31.71 50.00 0.00 83.33 83.33 16.00 57.69 65.22 66.67 0.00 0.00 69.23 90.91
60.50=92.00 95.65 80.95 74.07 27.27 44.44 91.30 85.71 30.77 86.67 60.00 75.00 59.38 70.37 50.00 58.97 80.00 91.30 33.33 58.62 0.00 78.12 86.21 17.39 54.84 58.33 57.89 11.11 0.00 75.00 90.91
60.76=100.00 100.00 94.44 67.86 13.33 40.00 81.48 85.71 60.00 87.50 59.52 95.83 66.67 67.86 35.48 60.53 83.33 91.30 27.78 60.71 0.00 80.65 82.14 8.70 57.69 50.00 55.00 16.67 33.33 50.00 70.00
61.88=88.46 95.65 89.47 63.33 18.18 41.38 95.45 86.96 58.82 82.35 65.00 79.31 71.43 72.00 50.00 56.10 79.31 90.91 30.23 53.12 0.00 86.21 86.21 12.50 53.33 59.09 60.00 0.00 33.33 72.73 87.50
77.44=75.00 100.00 100.00 100.00 100.00 50.00 100.00 100.00 100.00 80.00 100.00 50.00 83.33 100.00 100.00 100.00 50.00 100.00 100.00 28.57 0.00 60.00 100.00 57.14 33.33 33.33 100.00 100.00 0.00 100.00 100.00
83.12=100.00 100.00 100.00 100.00 100.00 42.86 100.00 100.00 100.00 100.00 100.00 66.67 100.00 100.00 83.33 100.00 60.00 66.67 50.00 50.00 0.00 100.00 100.00 57.14 50.00 100.00 100.00 100.00 50.00 100.00 100.00
84.74=100.00 100.00 100.00 100.00 100.00 42.86 100.00 100.00 100.00 80.00 100.00 100.00 100.00 100.00 87.50 100.00 75.00 100.00 50.00 50.00 0.00 100.00 100.00 66.67 0.00 100.00 100.00 100.00 75.00 100.00 100.00
84.14=100.00 100.00 100.00 75.00 100.00 60.00 100.00 100.00 100.00 100.00 60.00 66.67 100.00 80.00 85.71 85.71 60.00 100.00 66.67 40.00 0.00 100.00 85.71 42.86 100.00 100.00 100.00 100.00 100.00 100.00 100.00
82.63=100.00 100.00 100.00 100.00 100.00 42.86 100.00 100.00 100.00 100.00 100.00 100.00 80.00 80.00 71.43 75.00 60.00 100.00 50.00 66.67 0.00 66.67 85.71 50.00 33.33 100.00 100.00 100.00 100.00 100.00 100.00
61.44=95.65 100.00 79.17 86.36 38.46 37.10 88.00 66.67 38.89 71.43 73.53 63.89 58.54 67.65 25.93 95.45 69.70 87.50 35.14 80.95 0.00 71.88 86.96 24.00 53.57 72.73 75.00 9.09 0.00 80.00 71.43
64.72=88.46 100.00 100.00 83.33 50.00 44.23 88.00 72.41 58.82 80.00 62.86 68.75 66.67 71.43 37.50 76.67 80.00 88.00 29.41 60.00 0.00 79.31 86.96 25.00 54.84 75.00 68.42 28.57 0.00 90.91 90.91
63.22=92.31 100.00 90.00 80.00 46.67 36.36 84.62 73.08 41.18 80.95 67.57 71.43 62.86 90.48 30.00 75.00 73.33 96.00 33.33 59.26 0.00 78.12 88.46 25.00 58.62 76.19 82.35 25.00 0.00 58.33 83.33
63.78=84.62 100.00 89.47 83.33 50.00 39.66 86.96 62.96 33.33 80.95 64.10 58.82 60.53 80.77 30.77 75.00 75.00 95.65 30.56 58.06 0.00 78.57 85.19 27.78 55.56 71.43 76.47 20.00 75.00 66.67 80.00
64.78=88.89 100.00 90.48 76.92 46.67 35.94 82.14 77.78 42.86 89.47 66.67 75.86 68.57 84.00 24.14 77.78 85.71 91.67 29.73 68.00 0.00 75.00 84.62 26.09 48.28 80.00 93.33 25.00 0.00 72.73 100.00
85.67=100.00 100.00 100.00 100.00 100.00 37.50 100.00 100.00 100.00 100.00 100.00 66.67 100.00 75.00 100.00 100.00 100.00 66.67 100.00 66.67 0.00 80.00 100.00 66.67 66.67 100.00 100.00 100.00 50.00 80.00 100.00
86.52=100.00 100.00 100.00 75.00 100.00 37.50 100.00 100.00 100.00 100.00 75.00 66.67 100.00 75.00 71.43 100.00 75.00 100.00 66.67 100.00 0.00 100.00 100.00 80.00 100.00 100.00 100.00 100.00 100.00 80.00 80.00
90.38=100.00 100.00 100.00 100.00 100.00 37.50 100.00 100.00 100.00 100.00 100.00 100.00 100.00 100.00 62.50 100.00 75.00 100.00 100.00 100.00 0.00 80.00 100.00 66.67 100.00 100.00 100.00 100.00 100.00 100.00 80.00
87.30=100.00 100.00 100.00 100.00 100.00 42.86 100.00 100.00 100.00 100.00 100.00 50.00 100.00 100.00 75.00 100.00 75.00 100.00 66.67 66.67 0.00 100.00 100.00 50.00 100.00 100.00 100.00 100.00 100.00 80.00 100.00
89.78=75.00 100.00 100.00 100.00 100.00 50.00 75.00 100.00 100.00 100.00 100.00 40.00 100.00 100.00 100.00 100.00 100.00 100.00 100.00 100.00 0.00 80.00 100.00 80.00 100.00 100.00 100.00 100.00 100.00 83.33 100.00
60.90=100.00 100.00 95.00 80.00 66.67 41.07 88.00 68.18 44.44 84.21 66.67 57.50 61.11 73.33 23.08 70.37 69.70 88.89 25.00 65.38 0.00 82.14 86.36 20.83 48.28 73.91 73.68 10.00 0.00 45.45 78.57
62.98=91.67 100.00 95.00 71.43 31.25 35.59 84.62 76.00 47.62 78.95 69.44 68.75 61.76 91.67 25.00 62.86 78.12 95.83 27.50 78.26 0.00 75.86 83.33 26.92 53.57 84.21 75.00 22.22 0.00 60.00 100.00
61.86=96.00 100.00 100.00 75.00 33.33 38.71 80.77 76.92 44.44 94.12 63.16 64.71 60.00 86.96 28.00 72.41 75.00 87.50 21.62 62.96 0.00 76.67 85.19 17.86 48.39 82.35 82.35 25.00 0.00 58.33 80.00
64.39=100.00 100.00 95.00 86.36 33.33 38.71 88.46 70.37 38.10 72.73 64.86 75.86 55.81 76.92 28.00 79.31 78.57 88.46 28.95 62.96 0.00 77.78 84.00 24.00 50.00 84.21 83.33 33.33 66.67 40.00 90.00
62.95=100.00 100.00 100.00 79.17 41.18 36.67 82.14 69.57 56.25 94.74 61.54 70.97 61.11 80.00 15.38 65.52 79.31 88.46 26.19 65.38 0.00 82.76 83.33 25.00 53.12 84.21 78.95 25.00 0.00 63.64 81.82
58.95=92.31 95.65 85.00 70.37 25.00 33.33 84.00 75.00 64.29 83.33 58.97 70.97 64.52 74.07 35.71 66.67 70.97 86.96 34.38 66.67 0.00 86.67 80.00 20.83 60.00 40.62 57.89 0.00 0.00 61.54 81.82
61.37=88.89 100.00 90.00 65.52 30.00 42.86 87.50 87.50 46.15 81.25 61.54 81.48 63.64 70.37 41.67 61.76 83.33 81.82 34.29 63.33 0.00 81.25 81.48 10.00 58.62 58.33 68.75 11.11 42.86 54.55 72.73
60.00=92.31 95.65 89.47 53.33 15.38 40.68 87.50 83.33 61.11 86.67 59.52 88.00 64.29 69.57 30.00 61.11 82.76 91.67 35.29 54.55 0.00 76.47 88.00 23.08 54.84 66.67 50.00 10.00 0.00 60.00 88.89
60.95=96.00 100.00 100.00 71.43 25.00 41.51 81.48 78.26 40.00 82.35 61.11 82.14 56.76 73.08 39.39 70.97 69.44 84.62 35.14 62.96 0.00 83.87 84.62 15.79 55.56 57.69 64.29 0.00 33.33 72.73 70.00
59.95=92.31 91.67 90.00 68.97 44.44 40.00 86.36 90.00 37.50 78.95 67.57 85.19 61.11 73.91 35.48 65.62 82.76 88.00 25.00 63.33 0.00 83.87 88.46 17.24 60.87 59.09 64.71 0.00 0.00 46.67 69.23
82.80=100.00 100.00 100.00 100.00 100.00 42.86 100.00 75.00 100.00 80.00 75.00 50.00 100.00 80.00 100.00 100.00 50.00 66.67 66.67 40.00 0.00 75.00 85.71 100.00 100.00 100.00 100.00 80.00 100.00 100.00 100.00
83.66=100.00 100.00 100.00 100.00 100.00 42.86 100.00 100.00 100.00 100.00 100.00 100.00 85.71 100.00 100.00 100.00 75.00 100.00 50.00 66.67 0.00 100.00 100.00 40.00 33.33 100.00 100.00 100.00 0.00 100.00 100.00
84.77=100.00 100.00 100.00 100.00 100.00 37.50 100.00 100.00 100.00 75.00 75.00 66.67 100.00 66.67 100.00 100.00 75.00 100.00 66.67 50.00 0.00 75.00 83.33 57.14 100.00 100.00 100.00 100.00 100.00 100.00 100.00
76.00=100.00 100.00 100.00 100.00 75.00 50.00 100.00 100.00 75.00 80.00 75.00 66.67 75.00 100.00 87.50 83.33 50.00 100.00 66.67 100.00 0.00 60.00 100.00 28.57 33.33 50.00 100.00 100.00 0.00 100.00 100.00
85.63=100.00 100.00 100.00 100.00 100.00 42.86 100.00 100.00 100.00 80.00 75.00 100.00 100.00 100.00 75.00 100.00 60.00 100.00 33.33 66.67 0.00 75.00 100.00 66.67 100.00 100.00 100.00 100.00 100.00 80.00 100.00
62.14=95.83 100.00 100.00 76.92 46.67 37.10 91.67 85.00 31.58 89.47 67.65 65.71 62.50 72.41 27.27 80.00 77.42 92.00 27.78 64.00 0.00 75.00 78.57 28.57 50.00 68.18 71.43 16.67 0.00 63.64 83.33
63.50=92.00 100.00 95.00 84.00 50.00 36.92 88.00 70.37 45.00 94.12 65.71 78.57 54.55 84.00 13.64 91.30 75.00 88.00 30.77 69.57 0.00 80.00 82.14 27.27 54.84 77.27 93.75 25.00 0.00 46.67 75.00
65.52=96.00 100.00 100.00 87.50 47.37 38.10 91.67 70.00 33.33 82.35 61.11 76.67 53.19 80.00 29.17 95.45 70.97 88.46 22.86 76.00 0.00 82.14 88.00 33.33 53.12 77.27 72.22 12.50 66.67 55.56 90.00
62.66=92.00 100.00 100.00 80.77 53.33 39.34 85.19 67.74 22.73 88.89 70.97 75.00 55.56 79.31 24.00 75.86 82.76 88.00 28.57 66.67 0.00 77.42 82.14 24.00 53.33 73.91 80.00 25.00 0.00 60.00 90.00
66.41=88.00 100.00 100.00 74.07 61.54 35.82 91.67 66.67 42.86 100.00 66.67 74.19 58.54 84.00 20.83 91.67 81.48 92.00 22.22 69.57 0.00 80.00 91.30 28.57 48.39 84.21 77.78 25.00 60.00 58.33 83.33
58.99=96.00 87.50 89.47 68.97 23.08 40.00 87.50 77.78 58.82 77.78 58.97 69.70 56.76 76.00 34.62 81.48 88.46 91.30 33.33 60.71 0.00 78.79 85.71 12.50 52.38 51.61 58.82 0.00 0.00 53.85 76.92
59.75=100.00 95.24 90.00 67.86 20.00 35.59 95.65 81.82 53.33 69.57 63.16 82.14 54.55 76.00 32.14 63.64 85.71 87.50 34.29 58.62 0.00 78.79 78.57 9.52 50.00 53.85 56.25 10.00 25.00 60.00 83.33
60.89=92.00 95.65 94.74 71.43 20.00 43.64 84.62 90.91 30.00 89.47 69.44 79.31 66.67 76.00 34.62 63.89 78.12 91.67 30.56 58.06 0.00 81.25 85.71 9.09 65.00 63.64 64.71 8.33 11.11 66.67 71.43
61.55=96.00 91.67 100.00 67.86 33.33 39.66 84.00 89.47 35.71 88.24 60.00 88.46 63.64 75.00 40.74 65.71 86.21 85.71 36.67 60.00 0.00 74.29 88.46 9.09 62.50 56.52 64.71 7.69 18.18 63.64 75.00
62.07=100.00 100.00 78.95 64.52 33.33 40.35 80.77 90.00 44.44 84.21 54.55 82.14 62.16 80.00 36.67 67.74 79.31 92.00 35.71 66.67 0.00 88.89 86.67 18.18 62.96 51.85 58.82 0.00 33.33 70.00 80.00
59.49=100.00 95.65 94.74 90.91 38.46 37.50 87.50 60.87 42.86 84.21 57.89 56.10 70.97 76.92 48.15 66.67 68.75 84.00 26.83 62.07 0.00 71.43 76.00 31.82 42.31 47.62 61.54 0.00 0.00 87.50 75.00
62.61=100.00 95.24 100.00 83.33 40.00 37.93 77.78 63.64 50.00 88.24 58.97 56.41 75.00 68.97 43.33 79.31 67.65 92.00 28.89 69.23 0.00 72.73 86.96 25.00 51.85 58.82 75.00 5.88 0.00 100.00 88.89
61.02=92.31 100.00 90.00 90.91 33.33 37.70 83.33 62.96 33.33 94.12 56.10 61.76 81.48 86.36 46.43 68.57 71.88 95.83 26.67 75.00 0.00 78.79 85.71 26.92 42.31 45.83 64.29 0.00 0.00 77.78 81.82
60.11=85.19 91.30 89.47 80.00 25.00 38.71 80.77 65.22 28.57 87.50 62.16 61.54 68.75 78.26 44.83 62.86 70.59 95.83 32.56 75.00 0.00 80.00 86.36 26.92 48.28 52.63 75.00 0.00 0.00 80.00 90.00
60.72=88.46 95.24 90.00 90.91 30.00 34.85 71.43 57.14 31.25 84.21 62.86 60.00 69.23 77.27 40.62 59.46 70.59 95.65 23.40 77.27 0.00 86.67 86.36 29.17 55.17 50.00 75.00 0.00 0.00 90.00 100.00
79.12=100.00 100.00 100.00 100.00 100.00 50.00 75.00 100.00 100.00 80.00 100.00 50.00 80.00 100.00 57.14 85.71 75.00 100.00 66.67 66.67 0.00 50.00 100.00 50.00 33.33 100.00 100.00 100.00 33.33 100.00 100.00
78.10=75.00 100.00 100.00 100.00 80.00 37.50 75.00 75.00 75.00 100.00 100.00 100.00 100.00 100.00 66.67 83.33 75.00 100.00 50.00 66.67 0.00 100.00 100.00 28.57 33.33 100.00 100.00 100.00 0.00 100.00 100.00
84.55=100.00 100.00 100.00 75.00 100.00 42.86 100.00 100.00 100.00 80.00 100.00 100.00 85.71 100.00 85.71 83.33 75.00 100.00 100.00 50.00 0.00 100.00 100.00 60.00 33.33 50.00 100.00 100.00 100.00 100.00 100.00
82.12=100.00 100.00 100.00 60.00 100.00 33.33 100.00 75.00 100.00 100.00 100.00 50.00 100.00 100.00 100.00 100.00 75.00 100.00 50.00 50.00 0.00 100.00 100.00 50.00 50.00 66.67 100.00 85.71 100.00 100.00 100.00
81.85=100.00 100.00 100.00 100.00 100.00 42.86 100.00 100.00 100.00 100.00 100.00 50.00 83.33 100.00 100.00 100.00 75.00 66.67 50.00 50.00 0.00 100.00 100.00 44.44 25.00 50.00 100.00 100.00 100.00 100.00 100.00
59.36=96.00 95.45 85.71 70.37 33.33 39.06 81.48 90.00 53.33 82.35 68.75 79.31 60.00 73.91 36.36 68.97 69.70 84.62 35.48 62.07 0.00 88.89 83.33 21.74 51.72 50.00 47.37 0.00 0.00 66.67 64.29
61.49=92.31 100.00 94.44 64.52 27.27 39.34 88.00 81.82 58.82 78.95 57.78 92.00 68.75 78.26 32.14 69.70 76.67 88.00 35.29 64.29 0.00 92.59 82.14 16.67 56.00 54.55 62.50 0.00 16.67 70.00 66.67
60.02=100.00 100.00 80.00 68.97 33.33 35.48 80.77 85.00 40.00 76.47 68.42 85.19 66.67 70.83 34.62 65.62 82.14 87.50 28.21 62.96 0.00 83.33 85.71 17.24 60.87 50.00 55.56 6.67 0.00 77.78 71.43
62.36=84.62 100.00 94.44 68.97 25.00 39.06 88.00 88.89 47.06 70.00 64.10 88.46 63.64 73.91 36.00 65.71 74.19 95.24 32.35 62.07 0.00 80.65 89.29 22.22 62.96 56.00 57.14 0.00 40.00 80.00 83.33
60.41=92.31 100.00 94.12 74.07 23.08 38.71 91.67 86.36 64.29 78.95 64.10 78.57 68.97 65.38 32.00 58.82 71.88 87.50 36.36 69.23 0.00 80.00 85.71 5.56 60.71 53.85 58.82 7.14 18.18 70.00 56.25
79.96=100.00 100.00 100.00 100.00 100.00 42.86 75.00 100.00 100.00 100.00 100.00 66.67 80.00 100.00 66.67 100.00 100.00 100.00 50.00 100.00 0.00 50.00 100.00 14.29 66.67 66.67 100.00 100.00 0.00 100.00 100.00
84.27=100.00 100.00 100.00 100.00 100.00 27.27 100.00 66.67 100.00 100.00 100.00 100.00 100.00 100.00 33.33 85.71 75.00 100.00 100.00 100.00 0.00 80.00 100.00 44.44 100.00 100.00 100.00 100.00 0.00 100.00 100.00
79.26=100.00 100.00 100.00 100.00 100.00 33.33 100.00 66.67 100.00 100.00 100.00 50.00 100.00 100.00 33.33 100.00 75.00 100.00 100.00 66.67 0.00 57.14 75.00 33.33 100.00 66.67 100.00 100.00 0.00 100.00 100.00
81.75=100.00 100.00 100.00 100.00 100.00 33.33 100.00 100.00 80.00 100.00 100.00 66.67 100.00 100.00 71.43 100.00 75.00 100.00 50.00 66.67 0.00 80.00 100.00 44.44 100.00 66.67 100.00 100.00 0.00 100.00 100.00
77.80=75.00 100.00 100.00 100.00 100.00 25.00 100.00 100.00 100.00 100.00 100.00 50.00 100.00 100.00 60.00 100.00 75.00 100.00 33.33 66.67 0.00 80.00 100.00 33.33 66.67 66.67 100.00 100.00 0.00 80.00 100.00
59.51=96.00 95.45 94.44 90.91 50.00 35.82 77.78 58.82 47.06 78.95 57.50 60.00 79.17 73.08 50.00 64.71 67.65 85.19 25.58 66.67 0.00 82.76 76.92 28.57 48.28 47.83 57.14 0.00 0.00 66.67 81.82
60.37=95.65 100.00 90.00 74.07 27.78 36.36 84.00 60.00 50.00 84.21 62.86 65.71 84.62 76.00 52.17 62.86 68.75 95.45 22.22 62.96 0.00 83.33 83.33 25.00 46.67 40.00 66.67 0.00 0.00 88.89 81.82
61.17=95.83 100.00 94.74 95.24 29.41 39.34 80.00 68.18 50.00 78.95 56.41 65.71 74.07 68.97 37.93 63.64 74.19 91.67 25.49 69.57 0.00 89.29 90.91 21.43 45.45 41.67 69.23 0.00 0.00 88.89 90.00
60.61=88.00 91.67 90.00 86.96 23.53 35.29 84.62 61.90 41.67 94.12 63.89 65.71 81.48 72.00 50.00 63.89 73.33 95.24 20.45 64.00 0.00 83.33 83.33 23.53 51.52 42.86 66.67 0.00 0.00 100.00 80.00
61.06=88.46 100.00 85.71 84.00 28.57 34.29 81.48 71.43 38.46 94.12 62.16 61.11 78.57 89.47 39.13 69.70 65.71 88.89 22.00 68.00 0.00 86.21 86.96 23.08 44.83 58.82 66.67 0.00 0.00 100.00 75.00
74.74=100.00 100.00 100.00 100.00 100.00 42.86 100.00 100.00 100.00 75.00 100.00 66.67 100.00 80.00 85.71 100.00 75.00 50.00 50.00 33.33 0.00 50.00 100.00 50.00 25.00 33.33 100.00 100.00 0.00 100.00 100.00
76.03=100.00 100.00 100.00 66.67 100.00 37.50 75.00 100.00 100.00 75.00 75.00 50.00 100.00 75.00 100.00 100.00 100.00 100.00 50.00 50.00 0.00 75.00 100.00 44.44 33.33 50.00 100.00 100.00 0.00 100.00 100.00
79.62=100.00 100.00 100.00 50.00 100.00 42.86 75.00 100.00 100.00 100.00 100.00 66.67 100.00 100.00 100.00 100.00 75.00 100.00 50.00 100.00 0.00 80.00 100.00 42.86 50.00 50.00 100.00 85.71 0.00 100.00 100.00
79.32=100.00 100.00 100.00 100.00 100.00 42.86 100.00 75.00 100.00 66.67 100.00 100.00 100.00 80.00 77.78 100.00 75.00 100.00 66.67 50.00 0.00 100.00 100.00 50.00 50.00 50.00 100.00 100.00 0.00 100.00 75.00
78.78=100.00 100.00 100.00 75.00 100.00 40.00 100.00 100.00 100.00 100.00 100.00 66.67 100.00 100.00 88.89 100.00 50.00 100.00 50.00 50.00 0.00 80.00 100.00 50.00 25.00 66.67 100.00 100.00 0.00 100.00 100.00
82.46=100.00 100.00 100.00 100.00 100.00 33.33 100.00 100.00 100.00 66.67 100.00 66.67 100.00 100.00 66.67 100.00 75.00 100.00 100.00 100.00 0.00 75.00 100.00 42.86 100.00 50.00 100.00 80.00 0.00 100.00 100.00
86.26=100.00 100.00 100.00 100.00 80.00 27.27 100.00 100.00 100.00 100.00 75.00 100.00 100.00 100.00 40.00 75.00 100.00 100.00 100.00 100.00 0.00 80.00 100.00 50.00 66.67 100.00 100.00 100.00 100.00 80.00 100.00
76.00=100.00 100.00 100.00 100.00 100.00 37.50 100.00 100.00 80.00 80.00 75.00 66.67 80.00 100.00 50.00 85.71 75.00 100.00 66.67 50.00 0.00 66.67 100.00 42.86 66.67 66.67 100.00 100.00 0.00 66.67 100.00
82.20=100.00 100.00 100.00 100.00 100.00 30.00 75.00 100.00 100.00 100.00 100.00 66.67 100.00 100.00 60.00 100.00 100.00 100.00 66.67 66.67 0.00 66.67 100.00 33.33 100.00 100.00 100.00 83.33 0.00 100.00 100.00
89.36=100.00 100.00 100.00 75.00 100.00 37.50 100.00 100.00 100.00 100.00 100.00 100.00 100.00 100.00 71.43 100.00 100.00 100.00 100.00 100.00 0.00 75.00 100.00 44.44 66.67 100.00 100.00 100.00 100.00 100.00 100.00
62.02=100.00 100.00 89.47 86.36 50.00 36.67 77.78 62.50 57.89 100.00 75.76 59.46 52.63 75.86 26.92 73.08 77.42 88.46 29.41 80.00 0.00 80.00 75.00 13.33 50.00 62.96 77.78 11.76 30.00 37.50 84.62
63.66=91.67 100.00 95.00 80.77 54.55 39.34 85.19 70.83 47.62 85.00 66.67 84.62 64.71 92.00 26.09 75.86 75.76 85.71 32.43 74.07 0.00 79.31 82.14 24.00 50.00 69.57 77.78 20.00 0.00 42.86 100.00
62.95=85.71 95.24 94.74 80.77 61.54 36.36 84.62 71.43 50.00 93.75 69.70 73.33 63.64 76.67 16.67 76.67 71.88 96.00 31.43 73.08 0.00 82.76 88.00 26.09 50.00 75.00 72.22 22.22 0.00 50.00 81.82
62.93=91.30 100.00 95.00 80.77 58.33 36.21 84.00 70.37 47.83 77.27 64.86 64.86 60.00 80.77 28.57 76.67 78.12 88.46 26.47 64.29 0.00 81.48 92.31 27.27 50.00 72.73 93.33 11.11 0.00 71.43 76.92
66.46=92.31 100.00 90.00 77.78 50.00 37.70 88.46 77.27 38.10 80.00 68.57 68.75 64.86 82.76 25.00 76.67 80.00 88.89 26.32 73.91 0.00 75.86 95.24 27.27 51.85 66.67 77.78 25.00 100.00 70.00 83.33
79.78=100.00 100.00 100.00 100.00 100.00 37.50 100.00 75.00 100.00 100.00 100.00 50.00 100.00 100.00 77.78 83.33 75.00 66.67 66.67 66.67 0.00 80.00 100.00 44.44 50.00 100.00 100.00 100.00 0.00 100.00 100.00
76.93=100.00 100.00 83.33 100.00 100.00 37.50 100.00 100.00 75.00 80.00 100.00 50.00 100.00 80.00 75.00 83.33 42.86 100.00 33.33 100.00 0.00 100.00 100.00 44.44 33.33 66.67 100.00 100.00 0.00 100.00 100.00
79.05=75.00 100.00 85.71 75.00 100.00 37.50 100.00 100.00 100.00 100.00 100.00 66.67 100.00 100.00 83.33 100.00 75.00 50.00 66.67 66.67 0.00 100.00 85.71 50.00 33.33 100.00 100.00 100.00 0.00 100.00 100.00
79.34=100.00 100.00 100.00 60.00 100.00 37.50 75.00 100.00 75.00 80.00 100.00 50.00 100.00 100.00 83.33 100.00 75.00 100.00 66.67 0.00 0.00 100.00 100.00 57.14 100.00 33.33 100.00 100.00 66.67 100.00 100.00
79.98=100.00 100.00 100.00 75.00 100.00 50.00 100.00 100.00 100.00 66.67 60.00 100.00 100.00 100.00 75.00 100.00 75.00 100.00 66.67 66.67 0.00 100.00 100.00 44.44 33.33 66.67 100.00 100.00 0.00 100.00 100.00
79.17=100.00 100.00 100.00 100.00 100.00 20.00 100.00 60.00 100.00 66.67 100.00 50.00 100.00 80.00 37.50 100.00 100.00 100.00 100.00 66.67 0.00 33.33 50.00 100.00 40.00 50.00 100.00 100.00 100.00 100.00 100.00
80.01=100.00 100.00 100.00 100.00 80.00 42.86 100.00 50.00 75.00 75.00 100.00 100.00 85.71 66.67 44.44 83.33 60.00 100.00 100.00 66.67 0.00 66.67 57.14 60.00 66.67 100.00 100.00 100.00 100.00 100.00 100.00
78.50=100.00 100.00 100.00 75.00 100.00 33.33 100.00 33.33 100.00 66.67 75.00 100.00 100.00 50.00 22.22 80.00 75.00 100.00 100.00 100.00 0.00 60.00 71.43 66.67 50.00 100.00 100.00 100.00 100.00 75.00 100.00
82.20=100.00 100.00 100.00 100.00 100.00 25.00 100.00 60.00 100.00 66.67 100.00 66.67 100.00 100.00 50.00 100.00 100.00 100.00 100.00 40.00 0.00 60.00 75.00 75.00 100.00 50.00 100.00 100.00 100.00 100.00 80.00
80.06=100.00 100.00 100.00 60.00 100.00 27.27 100.00 100.00 75.00 80.00 100.00 100.00 83.33 100.00 42.86 100.00 60.00 100.00 66.67 40.00 0.00 100.00 100.00 66.67 33.33 100.00 100.00 80.00 66.67 100.00 100.00
77.36=75.00 100.00 100.00 100.00 100.00 42.86 100.00 75.00 100.00 100.00 100.00 40.00 80.00 100.00 87.50 100.00 75.00 100.00 50.00 50.00 0.00 80.00 100.00 42.86 50.00 50.00 100.00 100.00 0.00 100.00 100.00
77.01=100.00 100.00 100.00 100.00 100.00 42.86 100.00 100.00 100.00 66.67 75.00 50.00 100.00 100.00 100.00 100.00 75.00 100.00 40.00 66.67 0.00 60.00 100.00 44.44 50.00 50.00 100.00 100.00 0.00 100.00 66.67
80.28=75.00 100.00 100.00 100.00 66.67 42.86 100.00 100.00 100.00 80.00 100.00 66.67 80.00 100.00 85.71 100.00 75.00 100.00 50.00 50.00 0.00 100.00 100.00 50.00 33.33 33.33 100.00 100.00 100.00 100.00 100.00
78.48=100.00 100.00 85.71 100.00 100.00 37.50 100.00 75.00 100.00 75.00 100.00 66.67 100.00 66.67 75.00 100.00 75.00 100.00 66.67 66.67 0.00 50.00 100.00 42.86 100.00 50.00 100.00 100.00 0.00 100.00 100.00
77.12=100.00 100.00 100.00 75.00 100.00 42.86 100.00 100.00 75.00 80.00 60.00 50.00 80.00 100.00 100.00 100.00 66.67 100.00 66.67 50.00 0.00 100.00 100.00 44.44 50.00 50.00 100.00 100.00 0.00 100.00 100.00
60.00=95.83 91.67 90.00 71.43 26.67 34.78 95.24 85.00 50.00 68.42 64.86 76.67 55.00 64.29 28.57 70.00 79.31 81.48 35.48 60.71 0.00 92.00 86.21 17.24 65.22 60.87 58.82 0.00 0.00 87.50 66.67
60.64=92.31 100.00 100.00 76.92 30.77 39.66 83.33 80.00 41.18 78.95 60.00 73.33 66.67 81.82 41.67 58.82 80.00 92.00 27.78 61.54 0.00 83.87 83.87 16.67 65.22 56.00 50.00 10.00 16.67 53.85 76.92
59.26=95.83 91.30 88.89 57.14 23.08 39.66 84.00 77.78 42.86 83.33 64.86 79.31 72.41 80.95 36.00 55.56 76.92 90.91 24.32 48.57 0.00 88.89 81.48 19.23 57.14 54.17 56.25 0.00 14.29 75.00 76.92
61.30=100.00 95.65 100.00 62.50 30.77 37.50 87.50 85.00 61.54 71.43 64.71 85.19 73.08 78.26 37.04 61.54 69.70 84.62 27.03 56.67 0.00 89.29 92.31 19.05 64.00 48.15 54.55 12.50 14.29 63.64 72.73
60.69=100.00 95.65 89.47 68.97 23.08 36.21 91.30 93.33 50.00 70.00 55.56 79.31 72.73 81.82 38.10 64.52 83.33 90.91 35.29 51.52 0.00 76.67 77.42 20.83 62.96 54.17 64.71 5.00 0.00 66.67 81.82
58.54=92.00 91.30 94.74 71.43 30.00 38.10 80.00 77.27 43.75 68.42 66.67 65.71 62.50 70.83 41.67 56.41 75.76 88.00 41.38 61.54 0.00 82.14 82.76 14.81 63.64 48.28 50.00 7.14 0.00 71.43 76.92
60.30=100.00 91.67 81.82 55.88 15.38 37.70 87.50 73.91 62.50 66.67 59.52 77.42 74.07 80.95 39.13 63.89 75.76 91.30 31.25 72.00 0.00 83.87 82.76 16.00 66.67 46.43 64.29 9.09 0.00 81.82 80.00
60.48=92.31 100.00 94.44 67.86 16.67 39.34 84.00 76.00 57.14 82.35 64.86 88.00 62.50 71.43 37.93 64.71 82.76 88.46 32.43 58.62 0.00 79.31 85.71 15.38 59.26 53.85 52.94 8.33 0.00 75.00 83.33
62.11=96.00 100.00 94.44 76.00 25.00 36.92 84.00 79.17 44.44 80.00 64.10 81.48 66.67 77.27 36.00 62.16 82.76 95.65 28.95 57.58 0.00 96.00 86.67 16.67 55.17 54.55 62.50 0.00 28.57 75.00 81.82
62.09=95.83 91.67 94.44 68.97 40.00 37.10 80.77 86.96 50.00 78.95 68.57 78.57 75.86 70.37 34.62 58.97 80.00 91.67 27.78 57.14 0.00 88.89 86.21 20.00 61.54 50.00 61.11 0.00 20.00 77.78 90.91
79.96=100.00 100.00 100.00 100.00 100.00 37.50 100.00 100.00 100.00 80.00 100.00 50.00 100.00 100.00 80.00 100.00 42.86 100.00 66.67 66.67 0.00 75.00 85.71 44.44 50.00 100.00 100.00 100.00 0.00 100.00 100.00
80.28=75.00 100.00 100.00 100.00 100.00 42.86 100.00 100.00 100.00 100.00 100.00 50.00 100.00 100.00 85.71 85.71 75.00 100.00 50.00 66.67 0.00 80.00 100.00 44.44 33.33 100.00 100.00 100.00 0.00 100.00 100.00
78.09=100.00 100.00 85.71 100.00 100.00 42.86 100.00 66.67 100.00 80.00 100.00 50.00 100.00 100.00 75.00 83.33 100.00 100.00 66.67 66.67 0.00 42.86 100.00 44.44 50.00 66.67 100.00 100.00 0.00 100.00 100.00
77.17=100.00 100.00 100.00 100.00 100.00 33.33 100.00 100.00 100.00 100.00 100.00 50.00 80.00 100.00 66.67 100.00 50.00 100.00 50.00 50.00 0.00 80.00 100.00 57.14 50.00 50.00 100.00 75.00 0.00 100.00 100.00
77.84=75.00 100.00 100.00 50.00 100.00 42.86 100.00 100.00 100.00 75.00 100.00 66.67 83.33 100.00 87.50 100.00 75.00 66.67 50.00 100.00 0.00 80.00 100.00 44.44 50.00 66.67 100.00 100.00 0.00 100.00 100.00
62.63=92.00 95.24 89.47 90.48 33.33 33.78 78.57 76.19 50.00 84.21 70.59 61.54 88.46 70.37 45.45 68.75 71.43 88.00 27.03 80.95 0.00 83.33 87.50 27.27 50.00 57.89 60.00 0.00 0.00 88.89 90.91
60.22=92.31 91.67 95.00 86.96 28.57 36.23 80.77 59.26 42.86 77.27 59.46 56.76 81.48 76.19 48.15 63.64 73.33 84.62 29.27 62.07 0.00 75.00 78.26 23.33 52.00 52.38 69.23 0.00 0.00 100.00 90.91
59.82=82.76 100.00 94.74 80.00 41.67 37.88 72.41 60.87 30.00 84.21 59.46 65.62 83.33 72.73 48.15 56.76 75.00 85.71 27.27 67.86 0.00 89.29 87.50 24.14 34.48 43.48 80.00 0.00 0.00 100.00 69.23
64.64=100.00 100.00 90.00 90.91 35.29 39.68 78.57 70.83 38.46 85.00 57.50 62.86 84.62 68.97 50.00 67.65 82.76 92.31 29.55 73.08 0.00 96.30 86.36 17.24 45.16 58.82 70.00 0.00 50.00 81.82 100.00
62.11=92.31 100.00 90.00 86.96 29.41 36.76 73.33 66.67 60.00 88.24 62.16 68.75 81.48 78.26 42.86 68.75 71.88 85.19 29.55 59.38 0.00 81.25 86.96 29.63 55.17 55.00 66.67 0.00 0.00 88.89 90.00
61.55=92.31 100.00 90.00 91.30 23.08 32.00 80.77 75.00 53.85 83.33 58.97 59.46 70.59 73.08 40.00 73.33 75.00 82.14 28.21 81.82 0.00 82.61 82.61 33.33 42.42 44.00 58.82 0.00 33.33 66.67 100.00
61.55=95.83 100.00 90.00 86.36 28.57 37.31 86.36 65.22 30.00 78.95 57.50 67.74 79.31 73.08 43.75 68.75 70.59 88.46 22.92 73.91 0.00 78.12 76.00 30.77 40.00 50.00 63.64 0.00 25.00 100.00 100.00
60.66=88.00 100.00 85.71 86.96 31.25 36.76 78.57 63.64 35.71 80.00 55.56 69.70 74.19 75.86 48.00 69.70 68.75 86.96 23.40 72.00 0.00 82.76 79.17 20.83 50.00 47.62 69.23 0.00 0.00 100.00 100.00
61.36=82.76 95.45 89.47 83.33 35.71 35.71 75.00 65.00 60.00 88.89 58.82 67.65 88.00 82.61 44.44 61.29 74.19 91.67 30.23 64.29 0.00 82.76 86.36 28.00 53.12 47.83 58.82 7.14 0.00 72.73 90.91
63.22=95.65 95.65 94.74 83.33 31.58 35.21 84.62 65.00 66.67 94.44 63.16 62.86 72.41 75.00 48.15 63.89 73.33 92.00 24.49 73.91 0.00 84.00 83.33 27.27 48.28 52.38 83.33 0.00 33.33 70.00 81.82
76.36=100.00 100.00 100.00 100.00 100.00 27.27 75.00 100.00 100.00 75.00 75.00 66.67 100.00 100.00 40.00 100.00 75.00 100.00 100.00 40.00 0.00 60.00 100.00 20.00 33.33 100.00 100.00 80.00 0.00 100.00 100.00
82.39=100.00 100.00 100.00 100.00 100.00 37.50 100.00 66.67 100.00 100.00 75.00 40.00 100.00 100.00 75.00 100.00 100.00 100.00 100.00 100.00 0.00 80.00 100.00 50.00 100.00 50.00 100.00 100.00 0.00 80.00 100.00
81.67=100.00 100.00 100.00 100.00 100.00 37.50 100.00 100.00 100.00 100.00 60.00 66.67 83.33 100.00 62.50 100.00 75.00 100.00 50.00 100.00 0.00 80.00 100.00 33.33 100.00 100.00 100.00 83.33 0.00 100.00 100.00
79.63=100.00 100.00 100.00 100.00 100.00 30.00 100.00 75.00 80.00 100.00 75.00 66.67 100.00 100.00 71.43 100.00 50.00 100.00 100.00 100.00 0.00 66.67 100.00 57.14 50.00 66.67 100.00 80.00 0.00 100.00 100.00
79.93=100.00 100.00 83.33 100.00 100.00 42.86 75.00 100.00 80.00 100.00 75.00 50.00 100.00 100.00 75.00 100.00 75.00 100.00 66.67 100.00 0.00 80.00 100.00 33.33 66.67 100.00 100.00 100.00 0.00 100.00 75.00
62.03=95.83 95.45 90.00 74.07 30.77 38.98 84.00 84.21 47.06 86.67 64.86 60.53 57.58 80.00 38.46 62.86 77.42 92.00 31.43 64.00 0.00 88.00 88.89 13.04 66.67 48.15 68.75 6.25 40.00 63.64 83.33
61.60=100.00 95.65 94.44 68.97 36.36 35.38 87.50 90.48 47.37 75.00 63.16 82.14 70.97 80.95 28.00 67.65 85.19 91.30 33.33 62.50 0.00 86.21 83.33 15.00 51.85 53.85 61.11 0.00 33.33 57.14 71.43
59.75=92.00 95.45 89.47 66.67 30.77 36.51 84.00 86.96 50.00 65.00 60.00 82.14 66.67 75.00 42.86 60.53 82.76 91.30 33.33 57.14 0.00 86.67 82.76 16.67 51.72 54.17 64.71 0.00 14.29 63.64 69.23
60.10=100.00 100.00 85.00 70.37 25.00 38.33 73.33 78.57 40.00 75.00 65.79 73.33 66.67 69.23 37.50 57.50 82.14 88.00 36.36 54.55 0.00 88.89 75.86 21.74 62.07 60.87 64.29 0.00 20.00 77.78 75.00
61.40=95.65 95.65 94.74 74.07 16.67 40.68 90.91 82.61 35.00 71.43 62.50 79.31 66.67 75.00 40.00 63.64 80.65 95.24 28.95 68.00 0.00 78.12 92.31 14.81 64.00 51.85 64.71 0.00 33.33 70.00 76.92
81.69=75.00 100.00 100.00 100.00 100.00 42.86 100.00 100.00 100.00 66.67 100.00 100.00 85.71 100.00 77.78 100.00 100.00 100.00 50.00 100.00 0.00 66.67 100.00 42.86 25.00 100.00 100.00 100.00 0.00 100.00 100.00
75.90=100.00 100.00 100.00 100.00 100.00 42.86 100.00 100.00 80.00 80.00 100.00 33.33 100.00 100.00 100.00 75.00 75.00 66.67 50.00 33.33 0.00 100.00 100.00 50.00 33.33 33.33 100.00 100.00 0.00 100.00 100.00
80.59=100.00 100.00 100.00 100.00 100.00 33.33 75.00 100.00 100.00 80.00 100.00 66.67 83.33 100.00 71.43 100.00 75.00 66.67 66.67 100.00 0.00 100.00 85.71 44.44 50.00 100.00 100.00 100.00 0.00 100.00 100.00
77.83=100.00 100.00 85.71 75.00 100.00 42.86 100.00 100.00 100.00 75.00 100.00 50.00 80.00 100.00 85.71 100.00 75.00 66.67 50.00 100.00 0.00 100.00 85.71 44.44 50.00 100.00 100.00 80.00 0.00 100.00 66.67
81.02=100.00 100.00 100.00 100.00 100.00 42.86 100.00 100.00 100.00 60.00 100.00 100.00 100.00 100.00 87.50 100.00 60.00 100.00 66.67 50.00 0.00 50.00 100.00 44.44 50.00 100.00 100.00 100.00 0.00 100.00 100.00
59.98=100.00 91.30 90.00 86.96 33.33 32.43 75.00 68.42 41.67 88.89 58.97 62.16 73.33 74.07 42.86 70.00 76.67 84.62 24.39 80.95 0.00 74.19 83.33 19.05 51.85 45.45 58.82 0.00 0.00 88.89 81.82
63.21=92.00 100.00 89.47 86.96 22.22 37.50 80.77 60.00 45.45 90.00 56.10 62.16 81.48 80.77 53.85 64.71 76.67 92.31 24.44 70.37 0.00 86.67 89.47 26.92 45.16 55.56 81.82 9.09 20.00 87.50 90.00
61.45=88.89 95.45 90.00 90.91 27.78 32.35 73.33 68.18 45.45 88.24 62.16 59.46 84.00 80.00 46.15 62.86 70.59 91.67 23.91 70.37 0.00 82.14 86.36 26.92 45.45 47.37 75.00 0.00 0.00 90.00 100.00
61.20=92.00 95.65 81.82 86.96 21.05 34.33 82.61 60.87 50.00 88.89 61.11 68.57 82.14 82.61 48.00 63.64 73.53 91.67 29.55 66.67 0.00 75.76 82.61 17.24 48.28 47.62 75.00 0.00 0.00 88.89 100.00
61.54=92.00 95.45 79.17 82.61 33.33 35.21 78.57 65.38 33.33 89.47 62.16 68.75 80.00 82.61 44.00 60.53 68.57 95.83 21.57 72.00 0.00 88.46 86.36 29.17 45.16 56.25 81.82 0.00 0.00 100.00 80.00
59.69=92.31 100.00 94.74 76.00 16.67 33.85 74.07 90.48 46.67 88.24 63.16 64.71 55.88 79.17 31.03 68.97 81.48 77.78 29.03 73.91 0.00 82.76 89.66 13.04 61.54 43.75 68.75 0.00 0.00 80.00 72.73
60.20=92.31 100.00 85.71 83.33 16.67 39.34 84.00 86.36 46.67 78.95 63.16 82.14 64.71 73.91 37.04 56.76 78.57 95.45 37.50 58.06 0.00 80.00 85.19 18.52 60.00 54.17 60.00 0.00 0.00 72.73 75.00
61.61=96.00 100.00 90.00 66.67 20.00 35.82 84.00 91.30 42.11 81.25 67.57 88.46 64.71 79.17 30.77 66.67 85.71 92.00 29.41 72.00 0.00 89.29 88.89 17.39 65.22 56.00 66.67 7.14 0.00 57.14 78.57
59.55=100.00 100.00 94.44 68.97 26.67 37.50 95.65 82.61 50.00 68.18 57.50 82.14 64.52 65.22 31.82 62.86 83.33 91.67 35.29 60.00 0.00 86.67 85.19 17.39 52.17 50.00 61.11 0.00 0.00 58.33 76.92
61.91=95.65 95.65 90.00 69.23 18.18 40.00 87.50 90.00 50.00 68.18 62.50 88.89 62.16 77.27 39.29 65.71 85.71 90.91 29.73 66.67 0.00 92.86 89.29 21.43 70.37 54.17 64.71 8.33 0.00 80.00 64.71
79.43=100.00 100.00 100.00 100.00 100.00 18.18 100.00 60.00 80.00 75.00 100.00 66.67 100.00 60.00 20.00 100.00 75.00 100.00 100.00 100.00 0.00 75.00 85.71 80.00 33.33 66.67 100.00 100.00 66.67 100.00 100.00
76.12=100.00 100.00 100.00 100.00 100.00 37.50 100.00 50.00 100.00 66.67 100.00 66.67 83.33 75.00 40.00 100.00 75.00 66.67 100.00 100.00 0.00 75.00 50.00 57.14 50.00 100.00 100.00 100.00 0.00 66.67 100.00
81.54=100.00 100.00 100.00 75.00 100.00 33.33 66.67 60.00 100.00 66.67 100.00 100.00 100.00 100.00 42.86 100.00 60.00 100.00 100.00 66.67 0.00 60.00 71.43 100.00 50.00 100.00 100.00 100.00 75.00 100.00 100.00
81.01=100.00 100.00 100.00 100.00 100.00 30.00 100.00 50.00 75.00 80.00 100.00 50.00 83.33 80.00 50.00 100.00 100.00 66.67 100.00 100.00 0.00 75.00 71.43 60.00 40.00 100.00 100.00 100.00 100.00 100.00 100.00
79.94=75.00 100.00 100.00 100.00 100.00 22.22 75.00 50.00 100.00 80.00 100.00 66.67 100.00 57.14 33.33 100.00 60.00 100.00 100.00 66.67 0.00 60.00 57.14 75.00 100.00 100.00 100.00 100.00 100.00 100.00 100.00
62.26=96.00 100.00 90.00 82.61 50.00 34.78 91.67 65.38 36.36 100.00 69.44 71.88 62.16 70.00 14.81 81.48 69.70 92.31 27.27 85.00 0.00 77.42 88.00 21.74 43.33 68.00 82.35 10.00 0.00 71.43 76.92
63.40=100.00 100.00 95.00 72.41 41.18 37.10 75.00 65.52 52.63 85.00 62.86 77.78 61.11 85.19 21.88 84.62 80.77 91.67 26.32 64.29 0.00 82.76 91.67 24.00 53.57 73.91 72.22 28.57 0.00 58.33 100.00
63.85=95.83 100.00 100.00 83.33 61.54 35.48 78.57 85.71 47.62 84.21 64.10 80.00 55.00 85.19 20.69 79.31 88.89 88.89 30.00 78.26 0.00 70.00 95.24 24.00 50.00 70.83 87.50 16.67 0.00 45.45 76.92
63.07=95.83 100.00 94.74 76.92 42.86 34.85 79.31 78.26 43.48 80.95 71.43 74.19 57.14 88.00 26.09 78.57 85.71 81.48 27.27 75.00 0.00 80.00 92.00 17.39 48.48 72.73 88.24 28.57 0.00 50.00 85.71
62.84=95.83 100.00 100.00 77.78 44.44 37.10 81.48 76.00 55.00 71.43 75.00 69.70 62.86 85.19 20.83 67.74 85.71 91.67 25.00 61.54 0.00 83.33 84.00 20.83 48.39 78.95 83.33 20.00 0.00 53.33 91.67
79.70=100.00 100.00 100.00 100.00 100.00 27.27 100.00 100.00 66.67 66.67 60.00 100.00 100.00 100.00 66.67 100.00 75.00 100.00 66.67 100.00 0.00 75.00 100.00 20.00 66.67 100.00 100.00 80.00 0.00 100.00 100.00
78.19=100.00 100.00 100.00 75.00 100.00 42.86 100.00 100.00 100.00 80.00 100.00 50.00 80.00 75.00 62.50 100.00 100.00 100.00 100.00 100.00 0.00 60.00 100.00 28.57 50.00 40.00 100.00 80.00 0.00 100.00 100.00
82.92=100.00 100.00 100.00 100.00 100.00 33.33 60.00 100.00 100.00 100.00 66.67 50.00 100.00 100.00 57.14 100.00 60.00 100.00 100.00 100.00 0.00 80.00 100.00 33.33 50.00 100.00 100.00 100.00 100.00 100.00 80.00
87.06=100.00 100.00 100.00 100.00 100.00 37.50 100.00 100.00 100.00 100.00 100.00 50.00 66.67 100.00 71.43 100.00 100.00 100.00 100.00 100.00 0.00 80.00 100.00 80.00 50.00 100.00 100.00 100.00 100.00 83.33 80.00
88.25=100.00 100.00 100.00 100.00 100.00 37.50 75.00 100.00 80.00 66.67 100.00 100.00 100.00 100.00 75.00 100.00 100.00 100.00 100.00 100.00 0.00 75.00 100.00 66.67 100.00 100.00 100.00 80.00 100.00 100.00 80.00
76.56=100.00 100.00 100.00 50.00 100.00 42.86 100.00 100.00 100.00 66.67 100.00 66.67 83.33 100.00 62.50 100.00 66.67 100.00 66.67 66.67 0.00 33.33 75.00 42.86 50.00 100.00 100.00 100.00 0.00 100.00 100.00
77.71=100.00 100.00 100.00 100.00 100.00 37.50 100.00 100.00 66.67 66.67 100.00 66.67 100.00 100.00 71.43 100.00 75.00 100.00 66.67 66.67 0.00 100.00 100.00 33.33 25.00 33.33 100.00 100.00 0.00 100.00 100.00
81.89=100.00 100.00 100.00 66.67 100.00 42.86 100.00 100.00 80.00 100.00 60.00 66.67 100.00 100.00 71.43 100.00 60.00 100.00 66.67 100.00 0.00 80.00 100.00 44.44 100.00 100.00 100.00 100.00 0.00 100.00 100.00
80.02=75.00 100.00 100.00 75.00 100.00 33.33 100.00 100.00 100.00 66.67 100.00 66.67 80.00 100.00 100.00 85.71 75.00 100.00 50.00 100.00 0.00 100.00 100.00 40.00 33.33 100.00 100.00 100.00 0.00 100.00 100.00
78.05=100.00 100.00 100.00 100.00 100.00 42.86 100.00 100.00 100.00 80.00 100.00 50.00 100.00 100.00 75.00 100.00 66.67 100.00 40.00 50.00 0.00 75.00 85.71 37.50 50.00 66.67 100.00 100.00 0.00 100.00 100.00
80.60=100.00 100.00 100.00 100.00 100.00 42.86 100.00 75.00 100.00 80.00 75.00 66.67 100.00 100.00 60.00 100.00 75.00 100.00 100.00 100.00 0.00 66.67 85.71 25.00 100.00 66.67 100.00 80.00 0.00 100.00 100.00
83.09=100.00 100.00 100.00 100.00 100.00 37.50 75.00 100.00 100.00 100.00 100.00 100.00 100.00 100.00 55.56 100.00 100.00 100.00 66.67 100.00 0.00 80.00 85.71 28.57 66.67 100.00 100.00 100.00 0.00 80.00 100.00
80.52=100.00 100.00 100.00 100.00 100.00 37.50 75.00 100.00 100.00 100.00 75.00 66.67 100.00 75.00 42.86 85.71 100.00 100.00 100.00 100.00 0.00 80.00 100.00 25.00 66.67 100.00 100.00 100.00 0.00 66.67 100.00
77.44=100.00 100.00 100.00 100.00 80.00 28.57 100.00 100.00 100.00 100.00 60.00 66.67 100.00 100.00 71.43 85.71 75.00 100.00 66.67 66.67 0.00 66.67 100.00 16.67 66.67 50.00 100.00 100.00 0.00 100.00 100.00
83.44=100.00 100.00 100.00 100.00 100.00 42.86 100.00 100.00 100.00 100.00 100.00 66.67 100.00 100.00 70.00 85.71 100.00 100.00 100.00 100.00 0.00 75.00 71.43 50.00 100.00 50.00 100.00 100.00 0.00 75.00 100.00
73.20=75.00 100.00 100.00 66.67 80.00 20.00 75.00 60.00 66.67 66.67 100.00 50.00 100.00 100.00 37.50 100.00 75.00 100.00 100.00 50.00 0.00 75.00 80.00 50.00 66.67 100.00 100.00 100.00 0.00 100.00 75.00
78.96=100.00 100.00 100.00 60.00 80.00 28.57 100.00 60.00 75.00 80.00 75.00 66.67 100.00 100.00 28.57 80.00 100.00 100.00 100.00 66.67 0.00 60.00 80.00 57.14 50.00 100.00 100.00 100.00 100.00 100.00 100.00
80.08=100.00 100.00 100.00 75.00 100.00 37.50 100.00 40.00 100.00 66.67 100.00 66.67 80.00 100.00 50.00 100.00 75.00 66.67 100.00 100.00 0.00 75.00 66.67 75.00 33.33 100.00 100.00 100.00 75.00 100.00 100.00
72.73=50.00 100.00 100.00 75.00 100.00 33.33 75.00 50.00 50.00 80.00 100.00 100.00 100.00 100.00 42.86 100.00 75.00 100.00 50.00 100.00 0.00 75.00 83.33 75.00 25.00 40.00 100.00 100.00 100.00 75.00 0.00
83.36=100.00 100.00 100.00 75.00 100.00 33.33 100.00 60.00 100.00 80.00 75.00 100.00 100.00 100.00 28.57 100.00 60.00 100.00 100.00 100.00 0.00 100.00 85.71 80.00 40.00 100.00 100.00 100.00 66.67 100.00 100.00
