60.70=96.00 100.00 90.00 75.00 8.82 50.00 90.91 60.00 46.67 100.00 66.67 78.57 81.82 31.82 30.77 70.00 71.88 83.33 45.24 71.43 0.00 88.00 90.00 23.53 42.86 52.17 52.94 25.00 33.33 45.00 80.00
52.29=83.33 94.74 75.00 82.61 4.55 48.00 88.00 50.00 13.33 70.00 67.74 84.62 65.71 11.76 53.33 76.19 61.76 73.33 24.39 65.22 0.00 85.19 82.61 17.14 43.24 44.44 53.33 31.25 0.00 62.50 7.69
54.27=86.36 95.45 90.00 86.36 0.00 48.00 92.00 31.82 33.33 73.68 63.89 79.31 78.26 16.00 47.62 73.08 72.41 72.41 35.71 57.69 6.67 91.30 76.19 21.43 40.00 35.71 56.25 33.33 0.00 43.75 44.44
56.01=90.91 100.00 85.71 79.17 0.00 48.98 77.78 33.33 50.00 88.24 61.76 82.76 80.00 13.64 42.86 64.00 79.17 78.57 43.90 54.17 0.00 90.00 80.00 25.71 38.24 35.71 50.00 41.67 0.00 60.00 60.00
56.97=100.00 100.00 90.00 83.33 5.56 46.00 86.96 31.43 40.00 94.12 60.53 66.67 66.67 14.81 16.67 68.18 84.62 80.00 37.21 55.56 0.00 94.74 84.21 22.22 38.46 47.37 69.23 38.46 0.00 55.56 87.50
59.77=100.00 100.00 83.33 80.00 3.23 50.00 90.91 68.42 45.00 71.43 62.16 74.19 78.95 55.00 50.00 63.89 69.70 77.78 48.57 59.09 7.14 70.97 81.82 17.39 43.75 83.33 55.56 38.10 28.57 40.00 54.55
56.95=91.67 95.45 66.67 63.33 8.57 53.66 95.65 54.17 54.55 87.50 57.89 81.48 65.38 52.17 21.43 60.00 62.16 77.78 52.94 72.22 8.70 80.00 91.30 14.29 42.86 37.50 50.00 46.15 0.00 70.00 50.00
56.60=100.00 95.65 62.96 57.58 5.26 48.89 90.91 64.71 36.36 90.91 61.54 84.62 60.00 52.38 23.53 54.05 65.79 65.62 44.44 70.00 13.33 78.57 84.00 13.04 38.71 50.00 52.17 61.11 0.00 57.14 71.43
55.97=95.83 95.65 73.91 64.52 3.23 51.02 95.45 54.55 30.00 80.00 58.33 82.14 54.05 44.00 16.67 62.86 70.97 55.26 51.72 76.47 0.00 80.00 90.00 16.00 46.43 52.00 52.94 66.67 0.00 54.55 60.00
56.23=100.00 100.00 66.67 74.07 2.70 51.06 80.77 57.89 30.00 80.00 57.14 84.00 51.35 40.91 14.29 63.89 80.00 58.82 41.38 81.25 5.88 81.48 91.30 15.79 35.48 48.15 57.89 66.67 0.00 64.29 60.00
94.97=100.00 100.00 100.00 100.00 100.00 100.00 100.00 100.00 100.00 100.00 100.00 100.00 100.00 100.00 100.00 100.00 50.00 100.00 66.67 100.00 100.00 100.00 85.71 75.00 66.67 100.00 100.00 100.00 100.00 100.00 100.00
96.15=100.00 100.00 100.00 100.00 80.00 100.00 100.00 75.00 100.00 100.00 100.00 100.00 85.71 80.00 100.00 100.00 100.00 100.00 100.00 100.00 100.00 100.00 100.00 80.00 100.00 100.00 100.00 100.00 80.00 100.00 100.00
97.71=100.00 100.00 100.00 100.00 100.00 100.00 100.00 100.00 100.00 100.00 100.00 100.00 100.00 100.00 88.89 100.00 100.00 100.00 100.00 100.00 100.00 100.00 100.00 100.00 40.00 100.00 100.00 100.00 100.00 100.00 100.00
94.49=100.00 100.00 100.00 100.00 100.00 100.00 100.00 100.00 100.00 75.00 100.00 100.00 85.71 100.00 100.00 100.00 75.00 100.00 100.00 100.00 100.00 100.00 100.00 80.00 66.67 66.67 100.00 100.00 80.00 100.00 100.00
98.66=100.00 100.00 100.00 100.00 100.00 100.00 100.00 100.00 100.00 100.00 100.00 100.00 100.00 100.00 100.00 100.00 75.00 100.00 100.00 100.00 100.00 100.00 100.00 100.00 100.00 100.00 100.00 100.00 83.33 100.00 100.00
86.93=100.00 100.00 100.00 100.00 100.00 60.00 100.00 75.00 100.00 80.00 100.00 100.00 100.00 100.00 71.43 100.00 75.00 100.00 100.00 100.00 60.00 66.67 100.00 80.00 100.00 66.67 100.00 100.00 0.00 60.00 100.00
91.74=100.00 100.00 100.00 100.00 100.00 75.00 100.00 100.00 100.00 100.00 100.00 100.00 85.71 100.00 100.00 100.00 100.00 100.00 100.00 100.00 100.00 100.00 100.00 50.00 66.67 100.00 100.00 100.00 0.00 100.00 66.67
95.59=100.00 100.00 100.00 100.00 100.00 75.00 100.00 75.00 100.00 100.00 100.00 100.00 100.00 80.00 100.00 100.00 100.00 100.00 100.00 100.00 100.00 100.00 100.00 66.67 100.00 66.67 100.00 100.00 100.00 100.00 100.00
92.17=100.00 100.00 100.00 100.00 100.00 100.00 100.00 75.00 100.00 100.00 100.00 100.00 100.00 100.00 100.00 100.00 100.00 100.00 66.67 66.67 100.00 100.00 85.71 66.67 66.67 50.00 80.00 100.00 100.00 100.00 100.00
96.94=100.00 100.00 100.00 100.00 100.00 100.00 100.00 75.00 80.00 100.00 100.00 66.67 100.00 100.00 100.00 100.00 100.00 100.00 100.00 100.00 100.00 100.00 100.00 100.00 100.00 100.00 100.00 100.00 100.00 83.33 100.00
86.83=100.00 100.00 100.00 50.00 100.00 100.00 100.00 100.00 75.00 100.00 100.00 100.00 100.00 60.00 100.00 100.00 100.00 100.00 66.67 66.67 100.00 100.00 100.00 40.00 33.33 100.00 100.00 100.00 0.00 100.00 100.00
88.58=100.00 100.00 100.00 100.00 100.00 75.00 100.00 100.00 80.00 100.00 100.00 100.00 100.00 80.00 100.00 100.00 100.00 100.00 66.67 100.00 100.00 100.00 100.00 44.44 33.33 66.67 100.00 100.00 0.00 100.00 100.00
89.00=100.00 100.00 100.00 75.00 100.00 100.00 100.00 100.00 100.00 100.00 100.00 100.00 100.00 100.00 85.71 83.33 75.00 66.67 40.00 50.00 100.00 100.00 100.00 50.00 33.33 100.00 100.00 100.00 100.00 100.00 100.00
87.37=100.00 100.00 100.00 100.00 100.00 100.00 100.00 100.00 66.67 100.00 100.00 100.00 100.00 100.00 100.00 100.00 75.00 100.00 50.00 66.67 100.00 100.00 100.00 50.00 50.00 66.67 100.00 100.00 0.00 83.33 100.00
94.62=100.00 100.00 100.00 100.00 100.00 100.00 100.00 100.00 100.00 100.00 100.00 100.00 100.00 100.00 100.00 100.00 100.00 100.00 66.67 100.00 100.00 100.00 100.00 50.00 50.00 66.67 100.00 100.00 100.00 100.00 100.00
59.95=100.00 100.00 78.26 85.71 7.69 50.00 90.48 63.64 44.00 88.24 71.43 92.00 70.00 42.86 0.00 82.61 72.73 82.61 48.48 50.00 4.17 72.41 88.00 22.22 51.85 93.75 76.47 31.25 0.00 25.00 72.73
56.85=100.00 100.00 69.23 72.41 11.63 48.98 83.33 72.73 44.00 93.33 64.71 83.33 63.89 50.00 6.25 95.00 65.62 75.86 44.83 45.00 0.00 84.00 72.00 26.92 28.57 69.57 72.22 33.33 0.00 28.57 57.14
55.75=95.65 100.00 70.83 86.36 9.76 42.86 83.33 54.17 39.29 71.43 72.73 86.96 66.67 37.50 0.00 90.91 80.00 78.12 40.00 50.00 0.00 76.92 78.26 20.00 37.50 68.18 75.00 44.44 0.00 14.29 57.14
55.81=95.83 100.00 66.67 83.33 2.56 45.10 86.36 61.54 55.00 85.00 61.11 87.50 64.71 47.83 6.67 80.95 75.00 62.16 53.85 54.55 0.00 83.33 73.08 21.74 36.36 78.95 82.35 42.86 0.00 0.00 35.71
57.88=95.83 100.00 77.27 80.95 5.88 44.68 91.30 55.56 40.00 71.43 80.65 88.00 63.89 52.94 6.25 80.77 78.57 72.41 40.91 58.82 0.00 82.76 77.78 26.92 46.88 61.54 69.57 70.00 0.00 31.58 41.18
54.12=95.65 95.24 78.26 94.44 0.00 40.00 86.36 45.45 38.89 93.75 53.85 63.64 67.74 42.86 14.29 86.36 74.19 60.00 43.75 53.57 0.00 82.14 78.26 17.86 42.86 40.91 50.00 37.50 0.00 33.33 66.67
57.74=92.00 100.00 80.00 80.00 0.00 45.10 91.67 50.00 36.36 84.21 53.49 72.41 70.00 26.67 22.22 81.82 70.97 59.46 42.22 68.18 0.00 82.14 80.95 16.28 62.50 68.75 64.29 54.55 0.00 70.00 63.64
56.00=95.45 100.00 82.61 86.96 0.00 45.10 80.77 46.67 30.77 77.78 55.26 75.86 74.07 34.78 27.78 65.38 62.50 58.33 40.00 68.18 0.00 91.30 86.96 21.05 50.00 71.43 50.00 33.33 0.00 69.23 54.55
54.88=95.83 100.00 88.89 74.07 0.00 46.15 79.31 54.55 37.50 100.00 62.86 69.70 75.00 8.70 20.00 62.07 61.76 52.38 33.33 51.85 0.00 86.96 90.00 17.14 48.28 66.67 70.00 27.27 0.00 46.15 75.00
56.74=95.65 100.00 81.82 70.37 0.00 44.23 92.00 45.00 33.33 75.00 60.61 67.65 79.17 27.27 22.22 76.92 80.77 60.00 40.00 55.56 0.00 92.31 85.00 20.00 53.12 76.92 56.25 47.06 0.00 33.33 87.50
90.57=100.00 100.00 100.00 100.00 100.00 100.00 100.00 100.00 100.00 100.00 100.00 100.00 100.00 80.00 100.00 100.00 100.00 100.00 66.67 66.67 100.00 100.00 100.00 44.44 50.00 100.00 100.00 100.00 0.00 100.00 100.00
87.03=100.00 100.00 100.00 100.00 100.00 100.00 100.00 100.00 100.00 100.00 100.00 66.67 100.00 80.00 100.00 100.00 100.00 66.67 40.00 50.00 100.00 100.00 100.00 44.44 50.00 100.00 100.00 100.00 0.00 100.00 100.00
87.50=100.00 100.00 100.00 75.00 100.00 100.00 100.00 75.00 100.00 80.00 100.00 100.00 100.00 100.00 100.00 85.71 75.00 100.00 66.67 100.00 100.00 75.00 100.00 50.00 50.00 100.00 80.00 100.00 0.00 100.00 100.00
89.09=100.00 100.00 100.00 100.00 100.00 100.00 100.00 75.00 100.00 80.00 100.00 100.00 100.00 75.00 100.00 100.00 75.00 100.00 66.67 100.00 100.00 100.00 100.00 40.00 50.00 100.00 100.00 100.00 0.00 100.00 100.00
85.69=75.00 100.00 100.00 100.00 100.00 100.00 100.00 100.00 80.00 100.00 100.00 66.67 100.00 100.00 88.89 100.00 75.00 100.00 50.00 50.00 100.00 100.00 100.00 37.50 33.33 100.00 100.00 100.00 0.00 100.00 100.00
84.73=100.00 100.00 100.00 100.00 100.00 75.00 100.00 100.00 100.00 80.00 100.00 66.67 100.00 100.00 100.00 100.00 75.00 100.00 50.00 66.67 100.00 100.00 100.00 33.33 50.00 50.00 100.00 100.00 0.00 80.00 100.00
91.43=100.00 100.00 100.00 100.00 100.00 100.00 100.00 100.00 100.00 80.00 100.00 50.00 100.00 100.00 100.00 100.00 100.00 100.00 100.00 100.00 100.00 100.00 100.00 44.44 100.00 100.00 80.00 100.00 0.00 80.00 100.00
89.55=100.00 100.00 100.00 100.00 100.00 75.00 100.00 100.00 100.00 100.00 75.00 66.67 100.00 100.00 100.00 100.00 100.00 100.00 100.00 66.67 100.00 100.00 100.00 42.86 100.00 66.67 100.00 100.00 0.00 83.33 100.00
91.65=100.00 100.00 100.00 100.00 80.00 100.00 100.00 100.00 100.00 100.00 75.00 66.67 100.00 100.00 87.50 100.00 100.00 100.00 100.00 100.00 100.00 100.00 100.00 44.44 100.00 100.00 100.00 87.50 0.00 100.00 100.00
91.92=100.00 100.00 100.00 100.00 100.00 100.00 100.00 75.00 100.00 100.00 100.00 100.00 100.00 80.00 100.00 100.00 100.00 100.00 100.00 100.00 100.00 100.00 100.00 44.44 66.67 100.00 100.00 100.00 0.00 83.33 100.00
55.77=95.65 95.24 73.91 76.00 0.00 46.15 91.67 37.50 36.36 94.12 55.00 57.50 70.00 29.63 17.65 87.50 83.33 67.74 37.93 55.56 0.00 86.96 76.19 26.47 54.17 52.63 56.25 41.18 0.00 39.13 87.50
59.36=100.00 100.00 90.48 79.17 0.00 48.00 86.96 56.52 40.00 88.89 53.66 73.33 67.86 47.62 23.08 75.86 78.57 55.26 47.37 82.35 0.00 84.62 82.61 25.81 58.33 71.43 50.00 47.37 0.00 66.67 58.33
55.81=88.00 100.00 78.26 76.92 0.00 47.92 100.00 33.33 26.67 88.89 52.27 71.88 70.00 20.00 12.50 77.78 72.41 67.74 35.48 60.00 0.00 87.50 81.82 22.58 53.85 62.50 60.00 52.94 0.00 53.85 75.00
57.62=85.19 100.00 85.00 73.08 0.00 50.00 78.26 46.43 41.18 89.47 63.16 68.75 76.92 36.36 0.00 81.48 70.97 70.97 35.90 71.43 0.00 85.19 85.71 20.00 56.52 76.92 64.29 28.57 0.00 77.78 66.67
57.71=91.67 100.00 75.00 76.92 0.00 48.98 85.71 52.17 30.77 89.47 54.76 76.67 73.33 33.33 7.69 76.92 73.33 67.65 41.03 64.00 0.00 92.00 79.17 27.27 56.52 52.63 81.82 35.71 0.00 66.67 77.78
87.37=100.00 100.00 100.00 100.00 100.00 100.00 100.00 75.00 100.00 100.00 100.00 66.67 100.00 100.00 100.00 100.00 100.00 100.00 66.67 66.67 100.00 100.00 100.00 33.33 25.00 100.00 75.00 100.00 0.00 100.00 100.00
84.25=100.00 100.00 100.00 75.00 80.00 100.00 75.00 100.00 100.00 100.00 100.00 66.67 100.00 80.00 100.00 100.00 66.67 100.00 66.67 66.67 100.00 100.00 100.00 50.00 25.00 100.00 60.00 100.00 0.00 100.00 100.00
87.13=75.00 100.00 100.00 100.00 100.00 100.00 100.00 100.00 75.00 100.00 100.00 100.00 100.00 100.00 100.00 100.00 75.00 100.00 40.00 66.67 100.00 100.00 100.00 44.44 25.00 100.00 100.00 100.00 0.00 100.00 100.00
83.18=100.00 100.00 100.00 100.00 100.00 75.00 100.00 100.00 100.00 80.00 100.00 66.67 100.00 100.00 100.00 100.00 60.00 66.67 50.00 50.00 100.00 100.00 100.00 44.44 50.00 50.00 100.00 85.71 0.00 100.00 100.00
82.93=100.00 100.00 100.00 100.00 100.00 75.00 100.00 75.00 100.00 100.00 75.00 66.67 100.00 66.67 100.00 100.00 60.00 100.00 50.00 100.00 100.00 100.00 100.00 37.50 25.00 40.00 100.00 100.00 0.00 100.00 100.00
89.54=100.00 100.00 100.00 75.00 100.00 60.00 100.00 75.00 100.00 100.00 100.00 66.67 100.00 100.00 85.71 100.00 100.00 100.00 100.00 100.00 100.00 80.00 100.00 50.00 100.00 100.00 100.00 100.00 0.00 83.33 100.00
86.82=100.00 100.00 100.00 100.00 100.00 75.00 100.00 100.00 66.67 80.00 75.00 66.67 100.00 100.00 100.00 85.71 100.00 66.67 100.00 100.00 100.00 100.00 100.00 50.00 40.00 100.00 100.00 85.71 0.00 100.00 100.00
88.48=100.00 100.00 100.00 100.00 100.00 75.00 100.00 66.67 100.00 100.00 100.00 66.67 100.00 100.00 100.00 75.00 100.00 100.00 66.67 66.67 100.00 100.00 100.00 42.86 100.00 100.00 100.00 100.00 0.00 83.33 100.00
89.36=100.00 100.00 100.00 75.00 100.00 75.00 75.00 100.00 100.00 100.00 100.00 66.67 100.00 100.00 85.71 100.00 100.00 100.00 100.00 100.00 100.00 100.00 100.00 42.86 100.00 66.67 100.00 100.00 0.00 83.33 100.00
89.69=100.00 100.00 100.00 100.00 100.00 100.00 100.00 100.00 100.00 100.00 100.00 66.67 100.00 75.00 88.89 100.00 100.00 100.00 100.00 66.67 100.00 80.00 100.00 36.36 100.00 66.67 100.00 100.00 0.00 100.00 100.00
56.23=95.24 95.45 81.82 80.00 3.12 41.51 86.96 45.45 25.00 100.00 62.86 64.71 61.76 38.46 0.00 90.91 77.78 55.26 41.67 50.00 0.00 85.19 83.33 21.88 60.87 78.57 54.55 43.75 0.00 61.54 55.56
54.77=100.00 100.00 78.26 73.08 0.00 44.90 87.50 54.55 36.36 78.95 57.50 66.67 66.67 29.41 23.81 63.64 78.57 54.55 41.67 78.95 0.00 87.50 79.17 16.67 52.00 62.50 50.00 53.33 0.00 40.00 41.67
