46.16417388164802
49.516664767957764
50.323721173822655
51.41855354298794
51.73451912578775
58.713111674650136
60.62642483075919
60.730735301585504
63.45505299125209
63.667658384852956
83.61530714132523
81.85153006872463
83.45502943776343
85.52236914602956
83.65890790033443
68.03698865237327
67.42962592962593
67.3503196150255
63.72639866418147
68.67842481405235
62.724174049072836
62.11196571151323
63.78031100703164
61.84842934842935
62.847067462452074
69.09172187792097
66.53372987785943
64.60893606142474
65.90142549757935
67.50932827855904
66.54349013559539
62.49462795414212
68.27150627150627
62.83090627321396
64.83866165588003
81.85230281348406
82.094159227822
81.26146368251631
83.20290482585077
81.53422115710755
51.084821073460816
52.68530861630409
53.561219563875476
53.178107436970315
53.07511961590314
65.71298517047505
64.70102547025624
63.70254506679846
64.18408665241245
66.70945781745971
64.68722943722943
67.38972138972139
64.70780715011485
65.18412783797399
62.160529641298865
66.50491815876431
68.99014874014875
65.357492934416
66.52620180221992
65.43966817496229
69.57510639184846
65.43177913087416
67.49992679517568
69.75521487059949
67.66227265893853
82.18987065962536
80.89206436044968
82.67033012633155
82.8523054437558
80.53863030139732
52.21852191174338
51.195297704867784
49.31774905917559
51.47512891166644
51.664717364348235
