60.13=100.00 100.00 90.00 78.26 10.71 52.38 86.96 57.14 42.11 100.00 66.67 78.57 85.71 30.43 26.09 70.00 67.65 83.33 43.18 73.68 0.00 91.67 90.00 25.00 38.89 52.17 62.50 20.00 16.67 40.91 83.33
54.22=84.62 94.74 78.26 86.36 4.76 48.98 91.30 50.00 18.75 75.00 72.41 84.62 66.67 20.00 36.84 73.91 65.62 73.33 24.39 62.50 0.00 85.71 82.61 19.44 43.24 54.55 50.00 29.41 0.00 64.29 38.46
55.95=94.74 95.65 90.00 86.36 9.09 44.44 95.83 30.00 38.46 81.25 67.65 82.14 75.00 18.18 40.00 80.00 68.97 74.19 36.36 60.00 0.00 91.67 80.00 21.21 40.00 55.00 64.29 28.57 0.00 43.75 41.67
57.06=90.91 100.00 100.00 90.48 6.90 49.02 75.00 41.67 37.50 83.33 62.86 82.14 80.00 25.00 31.25 66.67 83.33 76.92 40.82 55.56 0.00 92.00 82.61 24.32 35.14 71.43 50.00 13.33 0.00 63.64 57.14
58.17=100.00 100.00 100.00 86.96 6.25 44.44 77.78 39.29 30.77 84.21 59.46 74.19 69.23 35.00 28.57 75.00 71.88 86.96 36.73 60.00 0.00 88.46 85.00 23.53 38.10 75.00 57.14 25.00 0.00 66.67 77.78
60.25=100.00 100.00 85.00 86.36 3.23 52.50 90.91 68.42 44.44 70.59 62.86 74.19 75.00 59.09 50.00 63.89 68.57 77.78 47.06 68.42 18.75 69.70 78.26 20.00 35.71 83.33 55.00 40.00 28.57 40.00 50.00
58.88=100.00 95.45 75.00 66.67 7.69 51.16 95.65 76.47 46.67 93.33 63.16 78.57 65.38 60.00 29.41 60.00 63.89 73.33 58.06 61.90 4.55 83.33 95.83 16.67 36.67 42.86 52.63 55.56 0.00 70.00 45.45
58.34=92.31 95.65 69.23 61.29 5.00 47.73 95.24 80.00 42.86 84.62 63.16 81.48 64.29 56.00 26.67 57.89 68.57 70.00 52.00 78.95 9.52 80.00 91.30 17.39 50.00 54.17 52.38 57.14 0.00 45.45 58.33
58.84=95.83 95.65 70.83 74.07 2.63 54.35 100.00 64.71 27.27 83.33 56.10 88.46 55.56 50.00 0.00 61.76 70.97 70.00 59.09 81.25 4.17 81.25 91.67 17.39 48.00 60.00 60.00 56.25 0.00 66.67 76.92
56.83=100.00 100.00 69.23 70.37 7.32 53.33 86.96 69.23 30.00 82.35 58.54 87.50 54.05 53.85 0.00 65.71 77.42 60.00 46.15 68.42 3.85 82.76 91.30 11.11 42.86 59.09 52.38 66.67 0.00 52.94 58.33
93.51=100.00 100.00 100.00 100.00 100.00 100.00 100.00 100.00 100.00 100.00 100.00 100.00 100.00 100.00 100.00 85.71 75.00 100.00 66.67 100.00 100.00 66.67 71.43 66.67 66.67 100.00 100.00 100.00 100.00 100.00 100.00
94.92=100.00 100.00 100.00 100.00 80.00 100.00 100.00 75.00 100.00 100.00 75.00 100.00 85.71 80.00 100.00 100.00 100.00 100.00 100.00 100.00 100.00 100.00 100.00 80.00 100.00 100.00 100.00 100.00 66.67 100.00 100.00
98.06=100.00 100.00 100.00 100.00 100.00 100.00 100.00 100.00 100.00 100.00 100.00 100.00 100.00 100.00 100.00 100.00 100.00 100.00 100.00 100.00 100.00 100.00 100.00 100.00 40.00 100.00 100.00 100.00 100.00 100.00 100.00
95.29=100.00 100.00 100.00 100.00 100.00 100.00 100.00 100.00 100.00 100.00 100.00 100.00 85.71 100.00 100.00 100.00 75.00 100.00 100.00 100.00 100.00 100.00 100.00 80.00 66.67 66.67 100.00 100.00 80.00 100.00 100.00
98.66=100.00 100.00 100.00 100.00 100.00 100.00 100.00 100.00 100.00 100.00 100.00 100.00 100.00 100.00 100.00 100.00 75.00 100.00 100.00 100.00 100.00 100.00 100.00 100.00 100.00 100.00 100.00 100.00 83.33 100.00 100.00
85.01=100.00 100.00 100.00 100.00 100.00 42.86 100.00 100.00 80.00 80.00 100.00 66.67 100.00 80.00 83.33 85.71 75.00 100.00 100.00 100.00 66.67 66.67 100.00 66.67 100.00 66.67 100.00 100.00 0.00 75.00 100.00
89.81=100.00 100.00 100.00 100.00 100.00 60.00 100.00 100.00 100.00 100.00 100.00 100.00 85.71 100.00 100.00 100.00 100.00 100.00 100.00 100.00 75.00 80.00 100.00 50.00 66.67 100.00 100.00 100.00 0.00 100.00 66.67
87.90=100.00 100.00 100.00 100.00 100.00 60.00 100.00 75.00 100.00 100.00 100.00 50.00 100.00 100.00 100.00 100.00 100.00 100.00 100.00 66.67 100.00 100.00 85.71 50.00 100.00 50.00 100.00 87.50 0.00 100.00 100.00
87.06=100.00 100.00 100.00 100.00 100.00 66.67 100.00 75.00 100.00 100.00 100.00 66.67 100.00 100.00 100.00 100.00 100.00 100.00 50.00 50.00 100.00 100.00 100.00 57.14 66.67 66.67 100.00 100.00 0.00 100.00 100.00
90.22=100.00 100.00 100.00 100.00 100.00 50.00 100.00 100.00 100.00 100.00 100.00 66.67 100.00 100.00 83.33 100.00 100.00 100.00 100.00 100.00 100.00 100.00 100.00 50.00 66.67 100.00 100.00 100.00 0.00 80.00 100.00
84.09=100.00 100.00 100.00 50.00 100.00 60.00 100.00 100.00 75.00 100.00 100.00 100.00 100.00 80.00 100.00 100.00 100.00 100.00 66.67 66.67 100.00 66.67 100.00 42.86 33.33 100.00 100.00 85.71 0.00 80.00 100.00
87.78=100.00 100.00 100.00 100.00 100.00 75.00 100.00 100.00 80.00 100.00 100.00 100.00 100.00 80.00 100.00 100.00 100.00 100.00 66.67 66.67 75.00 100.00 100.00 44.44 33.33 100.00 100.00 100.00 0.00 100.00 100.00
85.70=100.00 100.00 100.00 75.00 100.00 100.00 100.00 100.00 100.00 100.00 100.00 100.00 83.33 100.00 83.33 85.71 75.00 66.67 50.00 50.00 100.00 100.00 100.00 37.50 50.00 100.00 100.00 100.00 0.00 100.00 100.00
86.56=100.00 100.00 100.00 75.00 100.00 100.00 100.00 100.00 75.00 100.00 100.00 100.00 100.00 100.00 100.00 100.00 75.00 100.00 50.00 50.00 100.00 100.00 100.00 50.00 50.00 100.00 100.00 100.00 0.00 83.33 75.00
90.41=100.00 100.00 100.00 100.00 100.00 100.00 100.00 100.00 100.00 100.00 100.00 100.00 100.00 100.00 100.00 100.00 75.00 100.00 66.67 100.00 100.00 100.00 100.00 44.44 50.00 66.67 100.00 100.00 0.00 100.00 100.00
59.97=100.00 100.00 85.71 90.00 9.43 51.02 90.00 86.67 30.77 84.21 65.79 91.67 58.33 60.00 0.00 84.00 67.86 79.17 42.86 40.00 0.00 76.92 87.50 14.29 52.17 86.67 70.59 23.53 0.00 50.00 80.00
58.11=100.00 100.00 75.00 71.43 7.50 48.00 80.00 80.95 45.45 82.35 58.82 90.91 67.65 68.42 0.00 76.92 73.33 73.33 51.85 37.04 0.00 84.62 100.00 23.08 32.26 93.75 77.78 27.27 0.00 20.00 53.85
57.25=95.65 100.00 90.00 82.61 5.26 46.00 84.00 53.85 46.15 84.21 73.53 82.61 65.62 60.00 0.00 90.91 82.14 76.67 35.48 50.00 0.00 80.77 78.26 18.52 37.50 80.00 75.00 33.33 0.00 16.67 50.00
58.54=100.00 100.00 81.82 66.67 5.13 52.27 86.96 72.73 45.00 89.47 56.41 81.48 60.53 80.00 0.00 90.00 71.43 69.44 52.00 52.38 0.00 86.21 83.33 26.09 45.16 87.50 83.33 28.57 0.00 6.25 54.55
58.49=100.00 100.00 94.44 77.27 3.03 48.84 95.83 72.73 39.13 78.95 68.42 75.00 58.97 66.67 5.00 84.00 73.33 76.92 45.00 45.83 0.00 82.14 87.50 26.67 50.00 80.00 70.83 28.57 0.00 41.18 36.84
54.32=92.31 95.24 89.47 89.47 3.23 46.00 82.61 64.29 28.57 66.67 53.85 61.11 72.41 42.31 11.11 91.30 72.41 68.97 36.67 62.50 0.00 82.76 85.71 13.79 37.93 55.56 56.25 21.43 0.00 33.33 66.67
56.50=85.19 100.00 88.89 86.96 0.00 46.00 81.48 55.56 27.27 76.19 52.50 70.97 67.74 56.52 12.50 95.00 70.97 62.86 43.24 68.18 0.00 79.31 80.95 13.16 51.85 75.00 46.67 25.00 0.00 61.54 70.00
54.19=100.00 100.00 86.36 86.36 0.00 43.40 77.78 47.06 28.57 66.67 52.78 65.71 72.41 50.00 13.33 76.92 62.86 60.00 46.88 71.43 0.00 75.00 87.50 27.59 45.83 58.82 50.00 20.00 0.00 46.67 60.00
54.48=92.00 100.00 84.21 83.33 0.00 48.00 76.67 52.38 29.41 80.95 62.86 71.88 69.57 43.48 7.69 72.41 55.88 55.56 37.14 57.69 0.00 75.00 85.71 20.69 41.67 80.00 72.73 12.50 0.00 41.67 77.78
56.79=95.65 100.00 81.82 90.48 0.00 43.40 85.19 50.00 22.22 84.21 57.89 68.57 74.07 56.67 22.22 74.07 73.33 65.62 43.75 69.57 0.00 81.25 77.27 25.93 52.38 66.67 60.00 13.33 0.00 37.50 87.50
88.15=100.00 100.00 100.00 100.00 100.00 100.00 100.00 100.00 100.00 100.00 100.00 100.00 100.00 57.14 100.00 100.00 60.00 100.00 66.67 66.67 75.00 100.00 100.00 57.14 50.00 100.00 100.00 100.00 0.00 100.00 100.00
84.65=100.00 100.00 100.00 75.00 100.00 100.00 100.00 100.00 100.00 75.00 100.00 66.67 100.00 80.00 87.50 100.00 100.00 66.67 40.00 50.00 100.00 100.00 83.33 50.00 50.00 100.00 100.00 100.00 0.00 100.00 100.00
86.88=100.00 100.00 100.00 75.00 100.00 100.00 100.00 100.00 100.00 80.00 100.00 66.67 100.00 100.00 100.00 75.00 75.00 100.00 66.67 100.00 100.00 75.00 100.00 50.00 50.00 100.00 80.00 100.00 0.00 100.00 100.00
88.15=100.00 100.00 100.00 100.00 100.00 100.00 100.00 75.00 100.00 80.00 100.00 100.00 100.00 100.00 100.00 100.00 75.00 100.00 66.67 66.67 100.00 75.00 100.00 44.44 50.00 100.00 100.00 100.00 0.00 100.00 100.00
84.93=100.00 100.00 100.00 100.00 100.00 100.00 100.00 100.00 66.67 100.00 100.00 66.67 100.00 100.00 88.89 85.71 75.00 100.00 50.00 50.00 100.00 100.00 100.00 50.00 25.00 100.00 75.00 100.00 0.00 100.00 100.00
81.37=100.00 100.00 100.00 100.00 100.00 50.00 100.00 100.00 75.00 75.00 100.00 66.67 100.00 80.00 85.71 100.00 75.00 100.00 50.00 50.00 100.00 75.00 100.00 33.33 40.00 66.67 100.00 100.00 0.00 100.00 100.00
87.37=100.00 100.00 100.00 100.00 100.00 100.00 100.00 100.00 100.00 80.00 100.00 50.00 100.00 100.00 87.50 100.00 75.00 100.00 100.00 66.67 75.00 100.00 100.00 44.44 66.67 100.00 100.00 83.33 0.00 100.00 80.00
87.23=100.00 100.00 100.00 100.00 100.00 75.00 75.00 100.00 100.00 100.00 75.00 66.67 100.00 100.00 87.50 100.00 75.00 100.00 100.00 66.67 100.00 100.00 100.00 33.33 100.00 66.67 100.00 100.00 0.00 83.33 100.00
86.17=100.00 100.00 100.00 100.00 80.00 60.00 75.00 100.00 100.00 100.00 75.00 66.67 100.00 100.00 83.33 100.00 100.00 100.00 100.00 66.67 75.00 100.00 100.00 57.14 66.67 100.00 100.00 85.71 0.00 100.00 80.00
91.05=100.00 100.00 100.00 100.00 100.00 100.00 100.00 75.00 100.00 100.00 100.00 66.67 100.00 66.67 100.00 85.71 100.00 100.00 100.00 100.00 100.00 100.00 100.00 57.14 100.00 100.00 100.00 100.00 0.00 71.43 100.00
55.63=95.65 95.24 75.00 86.36 0.00 48.98 88.00 60.00 20.00 75.00 56.41 60.00 74.07 48.28 4.76 79.17 80.77 62.50 37.04 62.50 0.00 81.48 80.00 32.14 36.36 62.50 66.67 23.08 0.00 45.00 87.50
57.27=91.30 100.00 89.47 90.48 0.00 48.00 80.77 60.00 23.53 76.19 53.66 68.75 67.86 53.57 0.00 71.88 78.57 67.74 48.48 93.75 0.00 82.14 80.00 25.00 52.38 78.57 56.25 15.38 0.00 61.54 60.00
56.39=84.62 100.00 85.00 83.33 0.00 45.28 90.00 42.11 25.00 76.19 50.00 71.88 68.75 53.33 0.00 85.19 70.00 58.82 43.75 65.22 0.00 79.31 79.17 25.93 55.00 90.91 81.82 18.18 0.00 44.44 75.00
56.35=92.00 100.00 89.47 90.48 0.00 48.00 73.08 59.09 33.33 69.57 62.16 68.75 74.07 50.00 0.00 78.57 68.75 62.86 40.74 71.43 0.00 88.89 82.61 19.23 50.00 68.75 75.00 18.75 0.00 41.18 70.00
58.39=91.30 100.00 81.82 83.33 0.00 48.00 86.96 52.38 20.00 80.00 56.10 77.42 66.67 73.08 0.00 84.00 68.75 65.62 43.75 69.57 0.00 85.71 76.00 31.03 54.17 73.33 81.82 11.76 0.00 60.00 87.50
82.08=100.00 100.00 100.00 100.00 100.00 75.00 100.00 75.00 100.00 100.00 100.00 40.00 100.00 100.00 100.00 100.00 60.00 100.00 66.67 33.33 75.00 66.67 100.00 42.86 50.00 100.00 100.00 100.00 0.00 100.00 60.00
82.15=100.00 100.00 100.00 66.67 100.00 100.00 75.00 100.00 100.00 75.00 100.00 50.00 100.00 80.00 100.00 100.00 75.00 100.00 66.67 66.67 66.67 75.00 100.00 50.00 25.00 100.00 75.00 100.00 0.00 100.00 100.00
84.03=100.00 100.00 100.00 100.00 100.00 100.00 100.00 75.00 75.00 100.00 100.00 50.00 100.00 100.00 100.00 100.00 60.00 100.00 40.00 66.67 75.00 100.00 83.33 50.00 50.00 100.00 100.00 80.00 0.00 100.00 100.00
80.85=100.00 100.00 100.00 100.00 100.00 75.00 100.00 100.00 66.67 100.00 100.00 50.00 100.00 100.00 83.33 100.00 60.00 50.00 50.00 50.00 100.00 100.00 85.71 50.00 50.00 50.00 100.00 85.71 0.00 100.00 100.00
81.37=100.00 100.00 100.00 100.00 100.00 75.00 100.00 100.00 66.67 100.00 75.00 66.67 100.00 66.67 100.00 100.00 60.00 100.00 50.00 66.67 100.00 100.00 100.00 37.50 33.33 50.00 75.00 100.00 0.00 100.00 100.00
84.92=100.00 100.00 100.00 75.00 100.00 50.00 100.00 75.00 80.00 100.00 100.00 50.00 100.00 100.00 85.71 100.00 100.00 100.00 100.00 66.67 66.67 60.00 100.00 60.00 100.00 100.00 100.00 100.00 0.00 83.33 80.00
81.19=100.00 100.00 100.00 100.00 100.00 60.00 100.00 100.00 66.67 80.00 100.00 50.00 100.00 100.00 66.67 85.71 100.00 66.67 100.00 66.67 40.00 75.00 100.00 42.86 50.00 66.67 100.00 100.00 0.00 100.00 100.00
85.27=100.00 100.00 100.00 100.00 100.00 60.00 100.00 66.67 100.00 100.00 100.00 50.00 100.00 100.00 100.00 75.00 100.00 66.67 50.00 66.67 100.00 100.00 100.00 50.00 100.00 100.00 100.00 100.00 0.00 83.33 75.00
87.40=100.00 100.00 100.00 100.00 100.00 60.00 100.00 100.00 100.00 100.00 100.00 50.00 100.00 100.00 100.00 100.00 100.00 100.00 66.67 100.00 60.00 100.00 100.00 42.86 66.67 100.00 100.00 100.00 0.00 83.33 80.00
84.98=100.00 100.00 100.00 100.00 100.00 75.00 75.00 100.00 100.00 100.00 100.00 66.67 100.00 66.67 100.00 100.00 100.00 100.00 66.67 100.00 60.00 66.67 100.00 44.44 66.67 66.67 100.00 100.00 0.00 80.00 100.00
56.53=95.45 95.45 85.71 86.96 3.45 45.28 86.96 47.83 14.29 84.21 53.85 74.19 55.56 66.67 0.00 91.67 80.00 65.62 50.00 55.17 0.00 77.42 83.33 23.33 57.14 73.33 80.00 12.50 0.00 47.06 60.00
55.15=100.00 100.00 81.82 95.00 0.00 41.18 87.50 54.55 20.00 81.82 62.16 69.70 63.33 60.00 0.00 75.86 68.75 53.12 46.67 75.00 0.00 84.62 79.17 21.88 60.00 64.71 69.23 11.76 0.00 35.71 46.15
57.54=96.00 91.30 81.82 90.91 0.00 46.15 84.62 52.63 35.71 80.00 54.76 72.73 73.33 53.57 5.00 77.42 73.33 62.86 41.94 83.33 0.00 89.29 83.33 21.88 55.00 78.57 69.23 9.09 0.00 50.00 70.00
57.14=91.67 100.00 89.47 86.96 0.00 51.06 85.19 52.38 21.05 78.95 51.11 82.14 64.52 61.90 5.26 82.14 78.57 67.65 48.48 75.00 0.00 80.00 82.61 19.23 42.31 61.11 60.00 6.67 0.00 57.14 88.89
56.33=96.00 95.45 80.00 90.91 0.00 51.02 79.17 47.37 17.65 83.33 60.53 65.71 62.50 62.50 6.67 79.31 69.70 57.50 34.38 78.95 3.45 86.67 83.33 18.52 48.00 78.57 75.00 15.38 0.00 31.25 87.50
72.87=100.00 100.00 100.00 100.00 100.00 25.00 100.00 33.33 80.00 50.00 75.00 40.00 85.71 100.00 100.00 60.00 66.67 66.67 66.67 50.00 0.00 75.00 100.00 60.00 50.00 100.00 100.00 100.00 0.00 75.00 100.00
77.64=100.00 100.00 100.00 100.00 100.00 28.57 100.00 60.00 100.00 75.00 100.00 66.67 100.00 100.00 60.00 100.00 60.00 100.00 100.00 50.00 0.00 66.67 100.00 40.00 50.00 100.00 100.00 100.00 0.00 50.00 100.00
79.46=100.00 100.00 100.00 100.00 100.00 22.22 100.00 50.00 75.00 100.00 100.00 66.67 85.71 100.00 66.67 100.00 60.00 100.00 100.00 66.67 0.00 80.00 100.00 57.14 33.33 100.00 100.00 100.00 0.00 100.00 100.00
82.34=100.00 100.00 100.00 100.00 100.00 60.00 75.00 75.00 100.00 75.00 100.00 100.00 100.00 100.00 100.00 100.00 60.00 100.00 100.00 50.00 14.29 60.00 100.00 50.00 33.33 100.00 100.00 100.00 0.00 100.00 100.00
85.79=100.00 100.00 100.00 100.00 100.00 75.00 100.00 75.00 100.00 100.00 75.00 66.67 100.00 100.00 83.33 100.00 60.00 100.00 100.00 100.00 37.50 80.00 100.00 57.14 50.00 100.00 100.00 100.00 0.00 100.00 100.00
57.18=95.45 100.00 90.48 78.26 5.71 53.33 95.24 76.19 44.00 78.95 65.79 58.82 63.64 62.50 4.17 73.08 78.57 72.41 38.46 64.29 0.00 72.41 90.48 28.00 37.50 100.00 87.50 8.33 0.00 17.65 31.25
57.85=95.65 100.00 81.82 73.08 2.78 48.89 91.67 72.73 50.00 68.00 57.50 75.00 58.82 83.33 0.00 77.78 77.42 75.86 50.00 42.31 0.00 80.00 83.33 35.71 42.31 84.21 75.00 14.29 0.00 35.71 60.00
58.25=92.00 100.00 100.00 79.17 4.88 58.54 90.00 73.91 44.44 66.67 58.33 71.88 58.97 79.17 5.26 81.48 73.33 71.88 50.00 42.86 0.00 74.19 79.17 25.00 39.29 73.68 87.50 25.00 0.00 26.32 72.73
57.94=92.00 95.45 81.82 80.00 6.06 54.76 91.67 70.00 26.09 73.91 60.00 68.97 61.54 73.91 0.00 84.00 75.00 74.07 54.17 40.74 0.00 91.30 81.48 29.63 60.87 93.75 75.00 15.38 0.00 23.08 61.54
57.97=100.00 100.00 84.21 71.43 5.71 57.50 83.33 62.50 29.63 65.38 61.54 64.71 57.14 100.00 5.26 84.62 71.88 77.78 52.38 40.00 0.00 86.96 87.50 32.00 50.00 88.24 82.35 16.67 0.00 25.00 53.33
80.78=100.00 100.00 100.00 75.00 100.00 40.00 100.00 60.00 60.00 100.00 100.00 50.00 83.33 100.00 80.00 100.00 75.00 100.00 66.67 100.00 14.29 100.00 100.00 50.00 50.00 100.00 100.00 100.00 0.00 100.00 100.00
78.92=100.00 100.00 100.00 100.00 100.00 50.00 75.00 100.00 75.00 100.00 100.00 100.00 100.00 80.00 66.67 100.00 60.00 100.00 100.00 66.67 0.00 80.00 75.00 60.00 33.33 100.00 100.00 100.00 0.00 50.00 75.00
79.98=100.00 100.00 100.00 75.00 100.00 33.33 100.00 60.00 80.00 100.00 100.00 66.67 100.00 100.00 57.14 100.00 50.00 100.00 100.00 66.67 0.00 100.00 100.00 57.14 33.33 100.00 100.00 100.00 0.00 100.00 100.00
79.55=100.00 100.00 100.00 75.00 100.00 50.00 100.00 75.00 100.00 80.00 100.00 66.67 83.33 100.00 42.86 100.00 60.00 66.67 100.00 100.00 16.67 100.00 100.00 50.00 33.33 100.00 100.00 100.00 0.00 66.67 100.00
82.62=100.00 100.00 100.00 100.00 100.00 50.00 100.00 75.00 80.00 80.00 75.00 100.00 100.00 100.00 42.86 100.00 75.00 100.00 100.00 66.67 16.67 100.00 100.00 80.00 40.00 100.00 80.00 100.00 0.00 100.00 100.00
85.22=100.00 100.00 100.00 100.00 100.00 75.00 100.00 100.00 80.00 80.00 100.00 40.00 100.00 100.00 100.00 100.00 75.00 100.00 66.67 50.00 100.00 75.00 100.00 50.00 50.00 100.00 100.00 100.00 0.00 100.00 100.00
84.77=100.00 100.00 100.00 100.00 100.00 60.00 100.00 100.00 100.00 100.00 100.00 33.33 100.00 80.00 100.00 83.33 100.00 100.00 66.67 100.00 60.00 100.00 100.00 44.44 25.00 100.00 100.00 100.00 0.00 100.00 75.00
83.18=100.00 100.00 100.00 100.00 100.00 75.00 100.00 100.00 100.00 100.00 75.00 50.00 100.00 57.14 100.00 85.71 75.00 66.67 66.67 66.67 75.00 100.00 100.00 50.00 50.00 100.00 100.00 85.71 0.00 100.00 100.00
85.11=100.00 100.00 100.00 40.00 100.00 75.00 100.00 100.00 100.00 100.00 100.00 50.00 100.00 100.00 100.00 100.00 60.00 100.00 66.67 100.00 100.00 80.00 100.00 50.00 50.00 66.67 100.00 100.00 0.00 100.00 100.00
82.50=100.00 100.00 100.00 75.00 100.00 100.00 100.00 100.00 75.00 100.00 75.00 66.67 100.00 100.00 80.00 100.00 100.00 100.00 50.00 66.67 100.00 100.00 85.71 33.33 50.00 66.67 100.00 100.00 0.00 100.00 33.33
52.65=81.48 100.00 89.47 86.96 0.00 46.00 71.43 56.25 26.67 75.00 56.10 66.67 62.50 61.54 0.00 73.08 79.31 58.82 34.38 53.57 3.23 66.67 86.96 25.00 52.38 57.89 50.00 14.29 0.00 30.00 66.67
56.63=100.00 100.00 86.36 83.33 0.00 44.23 78.57 50.00 42.86 77.78 57.50 67.65 77.27 46.67 6.67 64.71 71.88 64.71 45.45 65.22 0.00 92.86 86.36 23.81 53.85 78.57 56.25 14.29 0.00 31.25 87.50
55.75=95.83 100.00 85.00 86.36 0.00 50.00 86.96 52.38 26.67 72.73 53.66 70.97 69.70 63.64 0.00 75.86 72.73 63.64 41.38 50.00 0.00 85.19 76.92 15.62 50.00 63.16 87.50 0.00 0.00 62.50 70.00
57.72=92.00 100.00 85.71 90.48 0.00 47.17 73.08 52.63 23.53 80.95 60.53 80.00 70.00 68.00 12.50 78.57 81.48 62.50 41.18 50.00 0.00 88.89 83.33 25.00 50.00 78.57 70.00 8.33 0.00 47.37 87.50
55.75=95.65 100.00 90.00 86.36 0.00 46.30 84.00 52.63 28.57 72.73 57.50 75.86 54.84 42.31 5.56 71.88 77.78 61.76 40.00 60.00 0.00 96.00 90.00 21.43 42.86 76.92 61.54 12.50 0.00 35.71 87.50
81.84=100.00 100.00 100.00 100.00 100.00 50.00 100.00 100.00 80.00 75.00 75.00 66.67 80.00 100.00 83.33 100.00 100.00 100.00 100.00 66.67 0.00 80.00 100.00 57.14 40.00 100.00 100.00 100.00 0.00 83.33 100.00
87.47=100.00 100.00 100.00 100.00 100.00 50.00 100.00 100.00 100.00 100.00 100.00 50.00 100.00 100.00 100.00 100.00 75.00 100.00 100.00 100.00 40.00 80.00 100.00 33.33 100.00 100.00 100.00 100.00 0.00 83.33 100.00
84.14=100.00 100.00 83.33 75.00 100.00 100.00 100.00 100.00 100.00 100.00 75.00 66.67 83.33 100.00 75.00 100.00 75.00 66.67 66.67 100.00 75.00 100.00 100.00 50.00 100.00 66.67 100.00 100.00 0.00 83.33 66.67
84.98=100.00 100.00 100.00 100.00 100.00 42.86 100.00 100.00 80.00 80.00 75.00 50.00 100.00 100.00 71.43 100.00 100.00 100.00 100.00 66.67 66.67 75.00 100.00 60.00 66.67 100.00 100.00 100.00 0.00 100.00 100.00
85.88=100.00 100.00 100.00 100.00 100.00 60.00 100.00 100.00 80.00 80.00 100.00 50.00 66.67 80.00 75.00 100.00 100.00 100.00 100.00 100.00 66.67 80.00 100.00 57.14 100.00 66.67 100.00 100.00 0.00 100.00 100.00
81.06=100.00 100.00 100.00 75.00 100.00 37.50 100.00 66.67 80.00 75.00 100.00 100.00 100.00 100.00 50.00 83.33 75.00 100.00 100.00 100.00 0.00 75.00 100.00 66.67 28.57 100.00 100.00 100.00 0.00 100.00 100.00
80.06=100.00 100.00 100.00 100.00 100.00 60.00 100.00 100.00 100.00 80.00 100.00 100.00 100.00 100.00 33.33 100.00 60.00 100.00 100.00 50.00 42.86 100.00 80.00 50.00 40.00 66.67 100.00 85.71 0.00 33.33 100.00
82.23=100.00 100.00 100.00 100.00 100.00 42.86 100.00 60.00 80.00 100.00 100.00 100.00 100.00 100.00 66.67 100.00 50.00 100.00 100.00 100.00 0.00 100.00 100.00 42.86 40.00 100.00 100.00 100.00 0.00 100.00 66.67
80.83=100.00 100.00 100.00 100.00 100.00 28.57 100.00 50.00 80.00 80.00 100.00 100.00 100.00 100.00 50.00 100.00 60.00 100.00 100.00 100.00 0.00 100.00 100.00 57.14 33.33 66.67 100.00 100.00 0.00 100.00 100.00
78.64=100.00 100.00 100.00 100.00 100.00 42.86 100.00 75.00 66.67 80.00 100.00 66.67 100.00 100.00 57.14 80.00 60.00 100.00 100.00 66.67 0.00 50.00 100.00 42.86 50.00 100.00 100.00 100.00 0.00 100.00 100.00
55.43=85.19 100.00 94.44 86.96 0.00 43.40 87.50 47.37 20.00 68.18 56.10 67.65 60.61 54.17 0.00 77.78 70.97 61.76 37.93 60.00 0.00 86.21 85.71 21.43 45.83 84.62 60.00 13.33 0.00 41.18 100.00
56.01=86.96 95.24 90.00 90.48 0.00 47.06 80.95 47.37 37.50 72.73 56.41 77.42 84.00 58.33 0.00 72.73 80.00 61.29 39.39 65.22 0.00 78.79 84.00 26.67 50.00 75.00 56.25 12.50 0.00 40.00 70.00
56.98=96.00 95.24 81.82 86.96 0.00 45.10 78.57 47.83 20.00 80.00 53.49 88.89 64.71 55.88 0.00 75.86 84.62 70.37 44.83 68.18 0.00 96.15 82.61 27.59 52.63 66.67 64.29 21.43 0.00 50.00 66.67
56.27=95.83 95.45 90.00 90.91 0.00 46.94 84.00 47.06 25.00 69.57 56.76 64.71 73.33 55.56 5.88 90.91 75.00 62.50 41.38 59.26 0.00 77.42 77.27 20.69 50.00 64.71 66.67 12.50 0.00 45.00 100.00
56.13=100.00 100.00 94.74 85.71 0.00 48.08 74.07 57.14 26.32 77.78 50.00 71.88 75.00 53.85 0.00 92.31 70.00 62.16 36.36 65.22 0.00 76.67 72.73 26.67 44.44 68.75 72.73 16.67 0.00 33.33 87.50
57.16=95.65 95.45 94.12 78.26 5.26 46.81 81.48 70.59 30.43 89.47 59.46 67.86 58.97 67.74 0.00 79.31 70.97 73.33 46.67 36.00 0.00 71.88 94.74 25.00 56.52 80.00 83.33 20.00 0.00 15.00 77.78
58.98=100.00 100.00 88.24 73.91 0.00 57.50 87.50 78.95 45.45 83.33 57.14 77.78 63.89 75.86 0.00 88.00 74.19 66.67 37.93 36.67 0.00 74.19 95.83 37.50 46.43 88.89 85.71 25.00 0.00 12.50 69.23
58.05=85.19 100.00 100.00 71.43 0.00 51.22 90.91 81.25 30.43 75.00 58.54 67.65 57.50 77.78 0.00 90.91 80.65 76.67 55.00 37.93 0.00 79.31 90.48 23.08 46.15 94.12 71.43 10.00 0.00 38.46 58.33
57.84=100.00 100.00 80.95 74.07 2.86 57.89 86.96 66.67 45.00 77.27 55.81 73.33 62.16 82.61 0.00 82.14 68.57 72.73 52.63 48.00 0.00 80.00 100.00 33.33 54.17 75.00 60.00 25.00 0.00 14.29 61.54
58.28=100.00 100.00 90.00 80.00 6.45 53.85 83.33 76.19 50.00 76.19 58.14 66.67 60.98 72.73 0.00 95.24 73.33 70.97 57.89 47.83 0.00 79.31 95.65 33.33 37.84 85.00 70.00 14.29 0.00 21.43 50.00
55.73=95.65 95.45 85.71 83.33 4.00 50.00 83.33 64.71 50.00 77.27 53.85 60.00 70.97 64.00 0.00 75.00 78.57 64.71 39.29 56.00 0.00 76.67 81.82 25.81 66.67 36.36 53.33 12.50 0.00 50.00 72.73
55.76=92.00 95.45 86.36 86.96 0.00 50.00 87.50 47.83 27.78 72.73 56.10 70.97 62.86 53.85 0.00 84.00 78.57 68.75 40.74 55.56 0.00 82.14 73.91 26.47 57.14 61.11 72.73 13.33 0.00 36.36 87.50
56.57=100.00 100.00 85.71 86.96 0.00 47.92 80.00 52.63 26.67 75.00 58.97 65.71 68.75 61.54 5.00 84.62 70.97 63.33 43.33 68.18 3.23 88.46 83.33 22.58 50.00 64.71 61.54 8.33 0.00 56.25 70.00
57.21=100.00 100.00 89.47 86.96 0.00 51.16 78.57 57.89 33.33 80.95 54.76 66.67 63.89 55.17 0.00 86.96 72.41 64.71 40.00 65.22 0.00 83.33 78.26 22.22 59.09 70.59 61.54 17.65 0.00 47.06 85.71
56.08=100.00 100.00 73.91 95.24 0.00 47.06 84.62 50.00 31.58 80.95 52.27 72.41 66.67 52.17 0.00 73.08 75.00 69.70 44.00 65.22 0.00 78.57 85.00 25.81 60.00 68.75 60.00 14.29 0.00 53.85 58.33
79.13=75.00 100.00 100.00 75.00 100.00 50.00 100.00 50.00 75.00 100.00 100.00 100.00 100.00 66.67 66.67 100.00 42.86 100.00 66.67 40.00 28.57 100.00 100.00 66.67 50.00 100.00 100.00 100.00 0.00 100.00 100.00
74.96=100.00 100.00 100.00 75.00 100.00 33.33 75.00 50.00 100.00 75.00 75.00 66.67 100.00 100.00 60.00 100.00 60.00 100.00 50.00 66.67 20.00 60.00 100.00 57.14 33.33 66.67 100.00 100.00 0.00 100.00 100.00
76.84=100.00 100.00 100.00 100.00 100.00 28.57 100.00 60.00 100.00 80.00 100.00 50.00 83.33 80.00 50.00 100.00 75.00 66.67 66.67 100.00 0.00 75.00 100.00 50.00 50.00 66.67 100.00 100.00 0.00 100.00 100.00
76.24=75.00 100.00 100.00 75.00 100.00 50.00 100.00 60.00 100.00 80.00 100.00 66.67 100.00 100.00 50.00 100.00 40.00 33.33 100.00 66.67 25.00 75.00 100.00 66.67 33.33 66.67 100.00 100.00 0.00 100.00 100.00
81.11=100.00 100.00 100.00 100.00 100.00 42.86 75.00 100.00 100.00 100.00 100.00 100.00 100.00 80.00 66.67 100.00 50.00 100.00 100.00 50.00 0.00 66.67 100.00 50.00 33.33 100.00 100.00 100.00 0.00 100.00 100.00
56.50=95.24 100.00 89.47 80.00 0.00 48.94 91.30 86.67 30.77 82.35 53.33 64.86 50.00 73.91 0.00 76.92 81.48 65.71 45.83 57.14 0.00 77.42 86.36 12.50 52.38 66.67 66.67 7.14 0.00 38.46 70.00
56.93=95.45 95.45 85.71 71.43 2.63 52.38 95.24 81.25 38.46 78.95 58.54 81.48 62.86 57.69 0.00 76.67 73.53 61.76 56.00 54.17 0.00 78.79 86.36 22.73 52.38 66.67 62.50 21.43 0.00 27.78 66.67
58.67=100.00 95.65 94.44 63.33 2.63 52.38 95.45 91.67 37.50 80.00 52.27 79.31 57.58 70.83 6.25 78.57 84.62 62.86 63.64 60.00 0.00 71.88 95.65 21.05 58.33 63.64 50.00 23.08 0.00 33.33 72.73
