76.81985862741031
76.81985862741031
80.62600473717296
79.42524007418639
80.3898665911581
80.39106297049574
75.7996614642813
78.19143439565791
77.5827795237234
79.33669638918995
78.21716116826023
98.38709677419355
98.27956989247312
99.35483870967742
98.99641577060932
97.8494623655914
95.3225806451613
97.62672811059909
95.80645161290323
96.82795698924731
94.66973886328725
94.6505376344086
96.66666666666666
94.94623655913978
95.18817204301074
96.14695340501792
78.14631924701344
77.10825633845808
77.39562537566991
78.51743128487864
77.74836274590604
81.39793752200401
78.91752546670942
79.97391326119268
80.02953622902294
79.02736851576982
93.2258064516129
96.93548387096774
96.53225806451613
88.49462365591398
97.1146953405018
98.27188940092167
94.94623655913979
95.91397849462366
95.32258064516131
96.17511520737328
79.97566502531836
78.42463484114532
80.32049179618816
80.33489292224986
79.2042218901822
92.43727598566309
90.7706093189964
90.80645161290323
91.29032258064517
91.0215053763441
88.73655913978493
94.94623655913979
93.6021505376344
95.64516129032258
93.87096774193549
79.16684090355695
79.18460321013599
79.93150604215442
79.57552622233982
79.93866963918599
87.76497695852535
88.87096774193549
89.51612903225806
88.54838709677419
89.13978494623656
77.86822259268469
79.28225284323456
78.4070083269385
78.54082911225005
78.57852301651933
87.95698924731182
90.21505376344085
92.63440860215053
85.39938556067588
92.09677419354838
90.69892473118279
91.02150537634408
91.41705069124424
89.36251920122886
93.70967741935483
78.46465654727517
78.8460663914289
79.02388014803276
79.68239909409128
80.61215276182197
90.21505376344086
91.82795698924733
90.21505376344086
93.4331797235023
88.7557603686636
93.2258064516129
90.86021505376344
87.79569892473118
87.90322580645162
87.8225806451613
80.37186224813121
80.21661536097662
79.60730969622463
81.10301895377471
81.07983505706986
77.07828113846563
78.62113580707874
77.95591921448933
78.33829268882113
77.34123158380372
80.35727921540143
80.17232602694709
79.80882556919123
80.59233245002399
80.71579732586439
91.39784946236558
88.54838709677419
89.6774193548387
91.37096774193549
91.20583717357911
80.41839134282435
80.78080854472799
80.40483082106871
80.57859041915808
80.11754021295381
94.46236559139784
91.20071684587813
91.55913978494623
90.16129032258064
91.45161290322581
79.19359277215202
77.71717081610134
76.73418986684709
79.33949839172104
77.15770517657002
89.83870967741936
89.03225806451613
88.59447004608295
88.06451612903226
95.13056835637481
78.87703802198327
79.13406999248659
76.89651102442325
77.65439020624521
77.35904488581365
81.55032460947417
80.51087296824484
80.67335405383443
81.38687634547512
81.1182970883735
91.55913978494623
89.83870967741936
90.55555555555556
91.58602150537634
87.95698924731182
77.85698741032351
78.27089940873424
78.37367815281083
77.60025293620349
78.19967375197251
82.41925998062968
80.89909224720851
81.25357629170442
80.41360159029632
81.68444229332505
79.13441184596962
80.80802155639945
80.01237385903529
79.22827554162735
79.27504464563881
88.83256528417819
90.96774193548387
89.13978494623655
90.3763440860215
89.42652329749104
81.36103692230299
81.65553864164514
81.25412715299835
81.28346253787599
81.40356027797141
91.20583717357913
90.69892473118279
91.0215053763441
92.36559139784947
91.29032258064517
78.89852802492857
79.03953823806313
80.27007655298169
80.04535778706135
80.0775816016131
91.29032258064517
85.16129032258064
90.64516129032258
88.49462365591397
91.66666666666666
91.01382488479263
88.2258064516129
90.05376344086022
90.3379416282642
89.03225806451614
78.22733687526542
78.33098543457669
79.58583861253233
78.09961990902366
78.44842743596973
92.09677419354838
90.10752688172042
92.09677419354838
89.21658986175116
89.94623655913979
89.51612903225806
87.79569892473118
91.02150537634408
90.752688172043
93.44086021505376
91.55913978494623
91.25960061443934
90.21505376344085
90.0
87.68817204301074
81.46475445815696
81.67128537114681
81.4411522055436
81.84071202653062
82.37227118434481
81.40926084790686
81.72958840362514
80.97367405107516
81.85148890826254
80.27182245236567
88.5215053763441
90.91397849462365
92.63440860215053
91.45161290322581
88.38709677419355
78.81924760436864
79.40887762164009
79.82319690077802
79.38600011497898
80.43527366989727
80.9112491365313
80.22667068653409
79.6586401287419
79.80546156963605
80.40716267538657
88.11827956989247
90.4531490015361
89.30107526881721
89.73118279569891
91.0215053763441
82.63110088259563
80.47700911132081
80.67304524576528
81.38232939758123
81.63713730096201
84.89247311827958
85.75268817204302
87.23118279569893
89.51612903225806
90.96774193548387
80.31769947104803
80.66755872294658
80.10207480170007
80.70190207878122
79.54503124165312
81.86637858937571
80.63236760501117
82.64844357207652
81.87696516947513
81.13595198522897
88.6021505376344
87.23118279569891
92.36559139784946
87.5
88.51766513056836
77.65900472676705
79.34297843518655
78.24296023903429
78.83321839726656
78.38892719248595
90.91397849462366
90.7757296466974
89.247311827957
89.08602150537634
91.82795698924733
89.18586789554531
84.57757296466974
85.86021505376344
89.85663082437276
90.5837173579109
88.94777265745007
90.55555555555556
95.59139784946237
94.94623655913979
89.54301075268818
87.68817204301074
84.64669738863286
89.78494623655914
88.49462365591397
84.94623655913978
