93.36533538146442
95.14464925755249
94.05116388987356
95.78818135269748
95.5908159940418
91.33512544802868
92.64336917562726
93.84408602150538
94.20762928827443
94.51612903225806
72.28482490947333
75.14838522123495
78.58055515256628
77.40406273578041
77.46910726503036
78.19552996101284
78.38177990467065
76.85372267934139
78.72666928975676
80.44551808718587
76.66023036680681
79.25489947868749
79.92488100120228
80.34558718886429
79.03736644404023
93.74249406507471
92.59600614439327
93.9541730670763
95.35702648605876
96.40424987199181
90.1993257638419
90.37250384024577
92.59426057813155
89.82189853157598
92.72226877065587
81.26579616195501
79.85113700241926
79.54610482062196
79.77968470086343
80.61143058094065
77.27744239792715
77.64536120604974
78.56766686099684
77.32829094996137
77.82990523552704
94.430596285435
91.05816226783968
88.05171530977982
88.52488013778337
89.8497649304101
80.46253762092155
80.31586794496849
80.52629817194938
79.33182027390356
80.07235063552125
77.15575849698305
79.2295696494921
77.86583514955962
78.17058890174594
77.57746311526111
89.29770050737794
88.23686170460365
88.59831029185868
89.61550993809058
91.43881208397339
79.33522481436484
78.82059445216663
78.5081596365674
79.39404853592715
78.61452590907777
87.87826420890937
90.41710819225051
88.94792325532364
88.87851395915912
89.365719406042
79.78404638585988
78.17591370823766
77.69896992280215
78.9025409219087
78.2490902381775
80.15126132686237
79.57977580465696
80.37321391994219
78.58400375829352
79.61906997534716
88.44167481264256
88.14981613368711
91.24249406507471
92.10270911883815
88.52360005585813
77.47626790423968
78.10666851030285
78.88088815933173
77.86405662152741
79.60794151035812
78.79072239943599
79.28257118370375
79.09154252938899
79.05539647077238
78.7581300578305
90.73523250942606
90.70229949262206
90.2752176139273
89.61824913437816
88.66149979053206
90.07616487455196
87.97584136293814
92.04749103942652
91.94316436251921
86.76395289298516
87.09502862728671
90.42836196062002
88.56491179071826
88.87690266722524
89.16794674859192
80.15931259725147
79.8069173522046
80.16198900734943
79.88226546233855
79.43254257710628
89.49820788530465
89.10068426197459
88.42538286086672
88.14353209514499
87.54992319508447
79.34301807699215
81.28076376003348
80.21350662129663
78.82873838298947
79.80542000265321
89.50681934552901
90.30564417661192
88.89366010333751
89.6309872922776
90.58154948572404
80.07232538315235
80.07114693676043
81.43976312369743
78.85575395011887
79.7662508812628
88.58166922683053
90.30977982590886
91.08486943164364
90.89669738863286
89.35227854582693
85.72254806125775
86.76011264720943
90.75012800819253
87.50128008192526
86.87770562770564
80.91648092429052
80.23994112691086
79.73990085911657
79.54905442440773
80.55753515689827
88.50293971261713
88.74889447470093
90.9129893404087
87.80209933435741
90.50016291951773
87.54992319508449
89.11290322580646
88.82616487455198
88.52598566308244
85.51715309779826
87.46625238560722
89.41867272512434
88.86794209374855
93.18181818181817
89.40045617464972
80.54830524895353
80.86066536840694
80.28960173034481
80.1151395116729
80.20707909599805
88.78648233486943
86.64606898477865
84.01187522155264
88.19508448540708
89.4636456733231
79.01936747197085
79.2686791898416
80.0501133494892
77.44646355390468
78.67006052120232
88.09349252897643
88.61239119303636
89.94321091095286
89.254526835172
87.72319973932876
80.8757270047669
80.6593562833957
82.25652150522568
80.92906056323629
80.63397694791819
79.18028527844034
79.62407430156249
80.0152174806549
80.18642991806531
79.47835318366336
90.60015990756028
87.2999581064097
91.25079063883616
88.7982939999069
89.86867523157846
82.16654733084181
80.34195200452817
81.47045522111976
79.77232224674538
80.57559937220064
79.81549205093292
80.35965242145576
79.05520958831546
80.65215713495705
80.35554059923881
81.6352362675674
81.79294942266455
80.62260250739968
80.89506776567565
80.44373701653525
86.40681003584228
87.17569169182073
88.65719406041987
89.47132616487455
88.12549457710749
87.51024065540196
87.24910394265233
91.38504864311318
89.30107526881721
86.06502816180235
81.21617813646058
80.51911923713217
82.08887801457733
80.45742702976248
80.61173642335719
87.80849974398362
87.77219196574036
89.1141833077317
88.16389703486479
89.20844388586325
87.54354964032383
88.76041521202812
87.46543778801843
87.01368523949169
87.43041009170041
79.05961860904203
78.79722092500323
78.48829314868628
77.76328443356525
79.8410145092615
89.12186379928316
89.53114090210865
92.32195224130709
87.68561187916026
89.99615975422428
79.78170657184404
80.49315055209806
81.25357781063188
79.63244098867679
79.59966462108282
88.3571894055765
88.70793185309314
88.020993343574
89.07915561141367
89.89328771586835
85.96902201740913
89.44444444444444
83.26804915514593
86.58218125960062
89.71570544151189
81.0170310864683
79.4438617048586
78.64189406448675
81.83687557453109
80.54879097839641
89.23416189545223
88.38965693804403
90.59779825908859
89.36891961085509
91.84686281460476
79.16264861737912
80.0583332847864
78.93816919271818
78.67094761575454
79.14238931857284
81.34147006871768
80.65198991005732
80.97427169667516
81.16288113940256
79.59093661107337
81.34710546234591
78.76626331951977
79.7659201400884
78.27679059525528
81.07508917788525
80.48642963805325
80.93562254820661
80.85001747553737
81.15688787397977
80.9212921797732
80.35423519164513
79.01485540552575
79.90504818050853
79.94702701113746
79.6541238090843
80.62146993461408
80.79520658502297
79.57772624819772
79.62576162016998
81.54915135538755
87.4535500341952
89.72842569616762
88.02343713634036
89.2340455243681
89.5058839010452
80.46535892874819
78.65270414217402
79.46667038087529
79.81436869739913
79.14550783863524
88.36981566820276
87.7108644044128
88.75320020481311
93.64090210864404
87.18701996927804
81.06166218075715
81.14729840217957
80.1342410659469
81.2210672942287
81.01542214579749
88.93270260205742
89.08218125960062
85.18689196108552
90.20880395168821
91.36712749615975
89.12314388120839
86.72811059907833
86.72939068100358
87.92242703533026
88.84268956849603
80.7387698205453
79.64958121015863
81.65102540459631
81.67525288810205
80.38956260200432
80.53657008001517
79.51999891739621
80.71587489431144
79.59685103615493
78.76154797139388
87.32433337272047
87.03020993343574
89.23916585206909
87.56993902155193
88.68105013266303
89.68775847808105
88.58678955453149
88.0003150970893
90.3240113249601
89.30107526881721
87.70050737792675
86.81515616999488
91.8100358422939
86.67004142810595
88.77321603128055
81.95745500842264
82.2360168149238
82.01667093020674
81.28435927511188
80.44477943990493
81.67710085414893
81.54269410639846
80.1341274178669
79.37223965321299
80.97802862222137
87.84316042380559
88.33845366103431
83.11827956989248
86.99820788530465
86.07782898105478
88.40199227296002
89.06891495601172
89.61329888749245
89.21228413163897
89.7721454173067
87.07722385141739
89.09252038284296
89.59642508029604
90.21842852488012
89.6603128054741
79.70843063300858
81.04407080589553
80.89758311220575
80.58142540539751
81.13686334247161
86.54249871991807
89.02457757296466
89.58919216983733
89.42652329749106
89.80286738351256
79.85703465913397
80.74262015819559
80.47358698334929
79.2528544515032
80.25072477555172
92.31467904855
90.78094844223877
87.56016385048643
90.80113434952143
90.64213564213564
79.01286023495977
79.64997954438302
81.13364614298945
78.53565999560986
81.10205009172837
88.47751710654936
87.81874039938558
88.86794209374855
89.90655401945725
86.53190895126379
78.90090366424194
79.17984520525823
79.45062217144712
79.73632785652647
80.5918422845141
80.71612585673148
80.96503087234618
81.90226930334899
80.91595881434277
81.01525154431931
87.82386072708654
87.35744542196156
88.01913140622818
87.86098310291858
91.78443420378906
89.6513522319974
90.91223292836196
89.54161429967881
88.10629334822883
87.79523344039474
89.36507936507937
89.01024602637507
88.02069794005277
84.450146627566
87.9941116231439
90.15442442861797
86.88556067588326
93.21684587813621
90.3763440860215
90.10220803864068
88.24254598448148
88.99767794929086
88.76856118791603
90.01408090117768
84.3814697846956
88.7093283061025
88.65207373271889
91.5284178187404
90.7030559046688
89.07322068612392
88.68489037843878
89.58478797188474
88.6976911976912
90.19410696830053
87.87378392217104
79.04706465186376
81.19787268953196
80.7584201420106
78.64616462833234
78.33806185331215
89.03435274403014
88.65917236884978
87.48801377833635
88.16308243727599
93.42619745845552
89.74233651653007
89.74900547481192
87.63687029816063
88.88085928408509
83.46902201740915
81.30764512658239
80.68415001408792
80.69828232304009
81.52351966678467
80.87413871327495
78.73093637743851
79.32070628527734
80.17276195016525
78.41002849941637
79.24955188840183
89.89375320020481
88.14888516501419
88.58678955453149
88.77245961923381
86.8100179390502
89.42652329749106
87.77777777777777
88.13317506865893
88.01028720383559
88.35963319834288
89.54956176018794
90.89978122236187
90.12643270707788
88.51847972815715
91.03533563210982
89.04112017015242
90.60173697270471
88.76097916420497
90.28673835125448
88.71863799283155
79.68323244370941
80.54719612637388
79.27850246157445
81.00748196551504
79.40156121635543
89.44444444444444
89.76062467997951
90.13952892985152
90.60931899641577
89.10138248847929
89.89328771586835
86.44602709118838
90.1715309779826
87.61718568170181
89.11115765954476
88.99257552483361
89.07386072708654
90.3910650281618
88.33973374295957
90.43458781362007
89.43774863129701
91.7741935483871
90.74966252385606
89.90399385560676
89.87967229902716
81.0319322458045
81.22090014741842
80.60711700699633
80.63745461304153
80.82312568592188
80.88035902372923
80.35295380510692
80.80649168680432
80.43597486808986
82.03395499629312
86.86461388074292
86.95061211190244
90.50691244239631
88.87736815156171
88.41991341991343
90.84229390681004
91.11209578951515
90.97138366588081
88.95299145299144
91.5729252826027
88.45715216682959
87.90322580645162
88.23440000859355
88.88632872503841
90.86999022482894
88.43911464879207
89.53649397197785
88.74551971326166
90.77270399851047
88.32518735744542
81.47654454779963
81.48349662363815
82.08546348155022
80.57774563681458
80.41507110923936
79.67171507438407
79.73083835666942
79.83443812051621
80.30575917506636
79.96487573803415
88.028208350789
88.22278080342598
87.24095796676441
87.96676441837734
89.3092212447051
87.28610994740028
87.63056835637481
89.65693804403482
89.9372759856631
88.856689905077
88.22708653353816
89.84993501122533
90.52611367127496
90.10272144048237
90.93411069217521
80.51930854912173
81.13963026671271
80.89474305862962
81.07511207543823
79.7827828667454
80.75426204425622
80.97919420676072
79.6157448338374
79.86825168610486
80.76521722777316
89.42780337941628
87.69073220686124
89.35611879160265
88.97465437788019
87.27970953777407
80.12023552797758
80.07683174996752
79.58804396760783
79.51359631711263
80.25655653338077
90.244030163385
89.3419394225846
88.31541218637992
89.80368198110133
88.99641577060933
89.64807593839852
86.29928315412187
90.14336917562724
87.22212375438181
88.30121491411815
81.27422097777074
81.7887359222758
81.67155135512176
80.97852344066331
80.72564676770472
92.60834147930922
89.05995438253503
88.63880742913001
87.5955406600568
89.90957966764418
79.82216877326888
80.92215434221852
81.77214429877328
81.41390468905777
80.45915844809547
90.28638923800216
90.21202811525391
91.1879160266257
90.994623655914
90.42626728110599
89.37357445421961
89.19436298468555
87.63522319973931
90.7266210492017
87.71505376344085
80.81903667898644
80.39827425241678
80.28810004358864
80.39318113194135
80.9316005851
88.6879160266257
86.42729134664619
87.754637835283
90.90501792114694
88.43795093795094
88.53907741004515
89.50332821300564
90.4531490015361
90.10368663594471
89.81182795698925
79.45626825687366
81.00092181335165
81.3682712475712
79.84610386346229
78.62469409130274
81.12206758320544
81.23477128054729
80.69569236687983
80.85508551305061
80.0495704352122
81.63060030149066
80.97614241725144
80.2191502250285
81.57745747953521
81.35168165859798
80.57611091466275
81.14317845994432
81.80616400727709
80.60897443253906
80.68049619301807
88.26246334310851
88.96650840199227
88.5940045617465
89.75887911371781
88.34741423451099
88.33589349718383
89.10138248847927
87.53712237583206
89.45084485407067
88.87957920215983
86.58148303309594
89.6897546897547
88.83838383838383
90.65493646138808
89.84848484848486
81.39710060715664
80.59083184893693
80.9216313436046
81.01687637743663
81.55509363690287
81.00224543424096
79.84649917870269
81.50248518114557
80.69651027178332
80.85188906660696
78.55868150274324
80.33877454236115
80.49385609380225
79.68653050393057
79.69064163866359
80.61381362261567
81.13819439010828
81.79676565214244
80.7269007143818
80.04481700343182
89.86640599543824
89.53486477680025
88.6708094772611
90.25171065493647
89.22124470511567
89.04203323558161
86.35002094679514
89.01643159707677
86.24167946748592
89.35565330726621
80.24868700737896
81.07334758765941
81.79050025642417
80.63568073268542
81.60077739451084
79.10947224282593
78.72960814705459
80.97396403738084
79.2752622235072
79.83480514864634
85.71812596006146
90.31874039938556
91.71658986175116
89.294674859191
89.0588891395343
92.44868035190616
90.663082437276
91.69703951962018
89.81822836661547
88.85013731787924
89.22880882558302
89.82078853046595
88.5940045617465
89.44525904203323
90.2939533584695
