62.68=95.65 100.00 94.44 90.00 18.75 58.33 90.00 45.83 17.65 82.35 69.70 70.00 76.67 45.95 68.97 77.27 71.43 84.00 31.03 50.00 41.18 87.50 80.77 32.00 33.33 66.67 66.67 17.65 50.00 62.50 66.67
54.97=80.77 100.00 66.67 85.00 33.33 54.76 66.67 66.67 17.65 72.22 66.67 62.86 75.00 15.38 43.48 60.61 68.57 88.46 31.11 51.85 28.57 75.00 73.91 25.81 44.12 50.00 56.25 30.00 18.18 40.00 54.55
56.20=87.50 91.67 73.08 67.86 30.77 54.35 72.41 52.63 38.46 66.67 77.42 66.67 78.26 33.33 55.00 55.88 72.41 67.74 25.58 48.57 7.14 71.88 76.92 32.14 48.15 61.54 60.00 33.33 15.38 46.67 72.73
54.28=87.50 95.24 77.27 78.26 26.67 48.98 75.00 52.94 15.38 84.21 64.10 66.67 57.14 35.71 57.14 58.06 54.76 68.97 33.33 46.88 8.33 92.31 70.37 23.33 44.00 52.94 45.45 30.00 23.08 62.50 46.15
56.17=92.00 95.65 70.37 77.27 25.00 46.15 64.52 60.00 6.67 80.00 60.00 67.65 62.96 46.15 60.00 60.61 75.00 78.57 28.85 48.57 0.00 88.46 90.48 21.88 57.69 61.54 53.33 27.27 20.00 54.55 60.00
61.82=100.00 91.67 75.00 69.23 10.71 61.54 95.45 80.95 31.58 65.22 62.16 85.19 64.52 62.07 45.45 69.23 80.00 100.00 39.47 60.00 66.67 78.12 88.46 23.33 47.83 82.35 66.67 30.00 0.00 38.10 45.45
56.18=95.83 88.00 64.29 59.26 4.76 63.16 72.41 75.00 27.78 71.43 72.73 72.73 80.00 30.43 50.00 62.86 78.12 68.00 55.56 65.00 38.89 85.19 71.88 12.50 38.71 52.00 41.67 31.25 0.00 53.85 58.33
54.93=92.00 88.00 69.57 65.52 0.00 52.27 78.57 54.17 36.36 72.22 63.64 77.42 67.74 50.00 42.11 55.88 61.11 86.96 42.42 55.00 25.00 71.43 67.65 15.79 44.44 66.67 47.62 41.67 18.18 46.67 46.67
57.08=92.00 91.67 66.67 58.82 5.26 44.44 86.36 65.00 35.29 80.00 67.65 80.00 58.62 75.00 28.57 63.33 64.10 70.00 51.61 53.85 0.00 76.67 73.33 13.64 51.72 68.42 50.00 57.14 10.00 63.64 66.67
54.12=92.00 84.62 69.57 66.67 4.00 42.86 79.17 71.43 8.33 80.00 66.67 76.67 57.89 81.25 40.91 69.70 63.89 72.00 51.85 52.00 0.00 78.12 75.00 10.53 46.15 63.64 57.14 10.00 16.67 35.71 53.33
92.94=100.00 100.00 100.00 100.00 100.00 100.00 100.00 100.00 100.00 75.00 100.00 66.67 100.00 100.00 100.00 100.00 75.00 100.00 100.00 100.00 75.00 42.86 100.00 80.00 66.67 100.00 100.00 100.00 100.00 100.00 100.00
97.82=100.00 100.00 100.00 100.00 100.00 100.00 100.00 100.00 100.00 80.00 100.00 100.00 100.00 100.00 100.00 85.71 100.00 100.00 100.00 100.00 100.00 100.00 100.00 66.67 100.00 100.00 100.00 100.00 100.00 100.00 100.00
94.80=75.00 100.00 100.00 100.00 100.00 100.00 100.00 75.00 100.00 100.00 100.00 100.00 100.00 100.00 88.89 100.00 100.00 100.00 100.00 100.00 100.00 100.00 100.00 66.67 66.67 66.67 100.00 100.00 100.00 100.00 100.00
96.59=100.00 100.00 100.00 75.00 100.00 100.00 100.00 75.00 100.00 100.00 100.00 100.00 100.00 100.00 77.78 100.00 100.00 100.00 100.00 100.00 100.00 100.00 100.00 100.00 66.67 100.00 100.00 100.00 100.00 100.00 100.00
94.76=100.00 100.00 100.00 100.00 100.00 100.00 100.00 100.00 100.00 100.00 100.00 66.67 100.00 100.00 87.50 100.00 100.00 100.00 66.67 100.00 100.00 100.00 100.00 66.67 50.00 100.00 100.00 100.00 100.00 100.00 100.00
94.95=100.00 100.00 100.00 100.00 100.00 50.00 100.00 100.00 100.00 100.00 100.00 100.00 100.00 100.00 100.00 100.00 100.00 100.00 100.00 50.00 100.00 100.00 83.33 80.00 100.00 100.00 100.00 100.00 100.00 80.00 100.00
94.03=100.00 100.00 100.00 100.00 100.00 60.00 100.00 100.00 100.00 100.00 100.00 66.67 100.00 100.00 100.00 100.00 75.00 100.00 66.67 66.67 100.00 80.00 100.00 100.00 100.00 100.00 100.00 100.00 100.00 100.00 100.00
94.59=100.00 100.00 100.00 100.00 100.00 75.00 100.00 100.00 100.00 100.00 75.00 50.00 100.00 100.00 85.71 100.00 100.00 100.00 100.00 66.67 100.00 100.00 100.00 80.00 100.00 100.00 100.00 100.00 100.00 100.00 100.00
93.98=100.00 100.00 100.00 75.00 100.00 100.00 100.00 100.00 100.00 100.00 100.00 66.67 100.00 80.00 100.00 100.00 75.00 50.00 100.00 100.00 100.00 100.00 100.00 100.00 66.67 100.00 100.00 100.00 100.00 100.00 100.00
95.05=100.00 100.00 100.00 100.00 100.00 100.00 100.00 100.00 100.00 100.00 100.00 100.00 100.00 100.00 100.00 100.00 100.00 100.00 33.33 100.00 100.00 80.00 100.00 100.00 66.67 66.67 100.00 100.00 100.00 100.00 100.00
88.39=100.00 100.00 100.00 100.00 100.00 42.86 100.00 100.00 100.00 100.00 100.00 100.00 100.00 80.00 100.00 100.00 60.00 100.00 100.00 50.00 0.00 57.14 100.00 100.00 50.00 100.00 100.00 100.00 100.00 100.00 100.00
84.14=100.00 100.00 100.00 100.00 100.00 50.00 100.00 100.00 100.00 75.00 75.00 50.00 75.00 100.00 100.00 66.67 75.00 66.67 100.00 100.00 0.00 75.00 100.00 100.00 33.33 66.67 100.00 100.00 100.00 100.00 100.00
88.92=100.00 100.00 100.00 100.00 100.00 50.00 100.00 100.00 100.00 100.00 100.00 66.67 100.00 100.00 100.00 100.00 66.67 66.67 100.00 40.00 0.00 100.00 100.00 100.00 66.67 100.00 100.00 100.00 100.00 100.00 100.00
84.80=75.00 100.00 100.00 75.00 100.00 50.00 100.00 100.00 100.00 100.00 75.00 66.67 100.00 100.00 88.89 100.00 75.00 66.67 66.67 40.00 0.00 100.00 100.00 100.00 50.00 100.00 100.00 100.00 100.00 100.00 100.00
90.56=100.00 100.00 100.00 100.00 100.00 50.00 100.00 100.00 100.00 100.00 75.00 100.00 100.00 100.00 100.00 100.00 50.00 100.00 66.67 100.00 0.00 80.00 85.71 100.00 100.00 100.00 100.00 100.00 100.00 100.00 100.00
59.31=100.00 100.00 72.00 94.12 26.92 38.89 71.43 93.33 31.58 80.00 66.67 76.00 62.86 47.62 42.31 73.33 60.00 88.46 27.08 52.38 0.00 67.74 88.00 19.35 56.00 88.24 93.33 15.38 0.00 20.00 85.71
60.96=88.89 95.24 77.27 70.00 13.64 42.86 75.00 80.00 50.00 85.00 63.41 75.86 65.71 84.62 60.00 72.41 63.89 75.86 36.11 52.17 0.00 66.67 71.88 16.67 58.33 68.18 71.43 28.57 80.00 27.27 72.73
58.05=91.67 95.24 75.00 68.97 19.05 36.07 70.00 72.73 40.00 76.19 67.65 70.97 65.62 63.64 38.89 71.88 67.65 77.42 37.50 57.69 0.00 75.86 67.74 12.00 57.14 68.75 61.90 28.57 55.56 50.00 58.33
60.45=92.00 100.00 94.44 77.78 23.81 42.86 82.14 73.91 34.78 89.47 60.00 61.11 62.50 66.67 33.33 76.92 62.16 80.00 23.26 54.17 0.00 74.07 73.33 21.74 51.85 76.47 82.35 28.57 66.67 20.00 87.50
57.88=88.46 90.91 79.17 70.37 18.75 37.10 80.00 58.33 38.10 72.73 58.54 66.67 63.64 62.50 38.10 78.57 62.86 73.33 36.11 53.85 0.00 80.00 75.00 25.00 60.00 77.78 60.00 28.57 66.67 18.18 75.00
57.99=95.65 90.91 85.71 85.71 27.78 35.94 76.92 43.75 25.00 72.73 48.98 52.27 73.08 73.68 47.62 63.64 59.52 86.96 32.61 76.19 0.00 74.19 82.61 20.83 62.50 61.11 50.00 30.00 25.00 70.00 66.67
57.64=88.46 100.00 76.00 72.00 40.00 40.35 61.29 70.00 25.00 93.75 60.53 58.97 75.00 53.33 60.00 74.19 65.62 70.00 29.09 50.00 0.00 68.97 69.23 23.33 52.00 56.25 50.00 20.00 33.33 50.00 100.00
59.94=92.00 86.96 85.71 80.95 12.50 36.51 66.67 57.89 46.15 89.47 60.98 64.86 84.62 64.71 54.55 68.75 61.11 88.89 32.65 64.29 0.00 80.65 73.08 20.00 55.17 66.67 62.50 18.18 14.29 80.00 87.50
59.69=100.00 100.00 80.95 76.92 20.00 40.00 75.86 52.94 33.33 82.35 58.54 59.46 77.78 55.56 52.17 60.00 60.00 79.31 31.37 73.91 0.00 78.12 85.00 26.67 47.06 71.43 66.67 10.00 60.00 60.00 75.00
59.98=95.83 95.45 90.48 79.17 33.33 37.93 68.97 52.63 30.77 80.00 53.49 64.86 89.47 70.59 62.96 63.89 69.70 68.75 27.27 65.38 0.00 74.19 76.00 26.92 50.00 62.50 60.00 37.50 40.00 60.00 71.43
84.49=100.00 100.00 100.00 75.00 100.00 37.50 100.00 75.00 100.00 100.00 100.00 50.00 100.00 100.00 100.00 100.00 60.00 100.00 50.00 66.67 0.00 80.00 100.00 75.00 50.00 100.00 100.00 100.00 100.00 100.00 100.00
88.26=100.00 100.00 100.00 100.00 75.00 42.86 100.00 100.00 100.00 100.00 100.00 100.00 100.00 100.00 100.00 100.00 75.00 100.00 66.67 66.67 0.00 80.00 100.00 80.00 50.00 100.00 100.00 100.00 100.00 100.00 100.00
88.49=75.00 100.00 100.00 100.00 100.00 50.00 100.00 100.00 100.00 100.00 75.00 66.67 100.00 100.00 100.00 100.00 60.00 100.00 66.67 100.00 0.00 100.00 100.00 100.00 50.00 100.00 100.00 100.00 100.00 100.00 100.00
84.39=100.00 100.00 100.00 100.00 100.00 42.86 100.00 75.00 100.00 75.00 60.00 66.67 100.00 100.00 100.00 100.00 75.00 100.00 66.67 66.67 0.00 100.00 100.00 80.00 33.33 100.00 75.00 100.00 100.00 100.00 100.00
85.11=100.00 100.00 100.00 60.00 100.00 50.00 75.00 100.00 100.00 100.00 75.00 50.00 100.00 100.00 100.00 100.00 75.00 100.00 66.67 66.67 0.00 100.00 100.00 100.00 20.00 100.00 100.00 100.00 100.00 100.00 100.00
90.24=100.00 100.00 100.00 100.00 100.00 50.00 100.00 100.00 100.00 100.00 75.00 66.67 100.00 100.00 100.00 100.00 60.00 100.00 100.00 100.00 0.00 80.00 85.71 100.00 100.00 100.00 100.00 100.00 80.00 100.00 100.00
88.87=100.00 100.00 100.00 100.00 100.00 50.00 100.00 75.00 100.00 80.00 100.00 66.67 100.00 100.00 100.00 100.00 100.00 66.67 50.00 100.00 0.00 100.00 100.00 100.00 100.00 66.67 100.00 100.00 100.00 100.00 100.00
87.23=100.00 100.00 100.00 100.00 100.00 50.00 100.00 100.00 100.00 100.00 100.00 66.67 100.00 100.00 87.50 100.00 100.00 66.67 66.67 66.67 0.00 100.00 100.00 100.00 50.00 66.67 100.00 100.00 83.33 100.00 100.00
91.87=100.00 100.00 100.00 100.00 100.00 60.00 100.00 100.00 100.00 100.00 100.00 66.67 71.43 100.00 100.00 100.00 100.00 100.00 100.00 100.00 0.00 100.00 100.00 100.00 100.00 66.67 100.00 100.00 100.00 83.33 100.00
91.16=100.00 100.00 100.00 75.00 100.00 50.00 100.00 100.00 80.00 100.00 100.00 100.00 100.00 100.00 87.50 100.00 100.00 100.00 100.00 66.67 0.00 100.00 100.00 100.00 100.00 66.67 100.00 100.00 100.00 100.00 100.00
60.38=90.48 100.00 81.82 81.82 37.50 43.86 81.48 55.00 36.36 88.89 48.00 51.02 76.92 61.11 68.00 71.43 63.89 78.57 32.69 69.23 0.00 74.07 75.00 23.08 56.00 45.83 53.85 33.33 50.00 62.50 80.00
56.89=85.19 100.00 81.82 82.61 27.78 38.10 67.74 57.89 20.00 78.95 65.79 65.62 78.57 52.94 56.52 68.75 66.67 76.92 34.62 55.17 0.00 79.31 75.00 14.81 55.56 66.67 64.29 0.00 33.33 42.86 70.00
58.73=84.62 91.30 85.00 86.96 25.00 42.86 77.78 60.00 46.15 88.89 60.00 65.71 72.73 58.82 69.57 53.66 60.00 79.31 32.14 58.62 0.00 74.29 79.17 26.09 61.90 58.82 56.25 14.29 16.67 62.50 71.43
59.23=81.48 100.00 90.48 86.36 25.00 40.00 78.26 60.00 40.00 80.00 57.14 62.86 73.91 73.68 61.54 59.46 75.00 81.48 31.25 55.17 0.00 82.14 79.17 31.82 54.84 50.00 60.00 7.69 20.00 50.00 87.50
58.39=82.14 100.00 81.82 83.33 45.45 36.36 66.67 46.67 28.57 80.00 58.54 61.11 76.00 70.59 56.52 66.67 58.97 77.42 30.77 51.72 0.00 72.73 76.00 33.33 55.56 57.89 63.64 16.67 50.00 62.50 62.50
87.57=100.00 100.00 100.00 75.00 100.00 42.86 100.00 100.00 100.00 100.00 100.00 66.67 100.00 100.00 100.00 100.00 75.00 66.67 100.00 66.67 0.00 100.00 100.00 80.00 66.67 100.00 100.00 100.00 100.00 100.00 75.00
85.87=100.00 100.00 100.00 100.00 100.00 42.86 100.00 100.00 100.00 100.00 75.00 66.67 100.00 80.00 87.50 100.00 60.00 100.00 50.00 66.67 0.00 100.00 100.00 100.00 33.33 100.00 100.00 100.00 100.00 100.00 100.00
86.02=75.00 100.00 100.00 75.00 100.00 50.00 100.00 100.00 100.00 80.00 100.00 100.00 100.00 100.00 100.00 100.00 60.00 50.00 66.67 100.00 0.00 100.00 100.00 80.00 50.00 100.00 80.00 100.00 100.00 100.00 100.00
83.68=75.00 100.00 100.00 100.00 100.00 33.33 100.00 100.00 100.00 100.00 75.00 50.00 75.00 100.00 100.00 85.71 75.00 50.00 100.00 50.00 0.00 100.00 100.00 75.00 100.00 50.00 100.00 100.00 100.00 100.00 100.00
88.08=100.00 100.00 100.00 100.00 100.00 50.00 100.00 100.00 100.00 100.00 100.00 40.00 100.00 100.00 88.89 100.00 75.00 100.00 100.00 66.67 0.00 80.00 100.00 80.00 50.00 100.00 100.00 100.00 100.00 100.00 100.00
87.83=100.00 100.00 100.00 100.00 100.00 33.33 100.00 100.00 100.00 100.00 100.00 50.00 100.00 100.00 57.14 100.00 100.00 100.00 50.00 66.67 0.00 100.00 85.71 80.00 100.00 100.00 100.00 100.00 100.00 100.00 100.00
87.07=75.00 100.00 100.00 100.00 100.00 50.00 100.00 60.00 66.67 100.00 100.00 66.67 100.00 100.00 100.00 100.00 100.00 100.00 100.00 50.00 0.00 80.00 100.00 80.00 100.00 100.00 100.00 87.50 100.00 83.33 100.00
87.96=100.00 100.00 100.00 75.00 100.00 50.00 100.00 100.00 100.00 100.00 100.00 100.00 100.00 100.00 100.00 100.00 75.00 100.00 100.00 33.33 0.00 100.00 100.00 60.00 66.67 66.67 100.00 100.00 100.00 100.00 100.00
90.31=100.00 100.00 100.00 100.00 100.00 42.86 100.00 100.00 80.00 100.00 100.00 100.00 100.00 100.00 100.00 100.00 75.00 100.00 100.00 66.67 0.00 100.00 100.00 80.00 100.00 100.00 100.00 100.00 75.00 100.00 80.00
89.78=100.00 100.00 100.00 100.00 100.00 40.00 100.00 100.00 100.00 100.00 100.00 100.00 85.71 100.00 85.71 100.00 100.00 100.00 100.00 100.00 0.00 100.00 100.00 80.00 25.00 66.67 100.00 100.00 100.00 100.00 100.00
60.16=82.14 95.24 90.00 82.61 27.27 38.71 84.62 58.82 60.00 89.47 57.14 52.27 80.00 73.33 50.00 70.00 67.65 67.74 34.55 57.69 0.00 80.00 84.21 17.24 61.90 55.00 50.00 12.50 18.18 77.78 88.89
60.78=95.65 91.67 90.00 86.96 21.43 42.11 80.77 56.25 44.44 84.21 53.33 60.53 73.91 81.25 60.00 61.11 65.71 71.88 31.48 61.54 0.00 80.65 77.78 21.21 61.54 66.67 60.00 20.00 25.00 57.14 100.00
61.22=88.46 95.00 86.36 83.33 55.56 39.66 75.00 54.17 36.36 84.21 60.53 59.46 74.07 68.75 57.14 67.65 65.71 74.07 29.63 64.00 0.00 80.00 79.17 29.17 51.85 58.82 64.29 14.29 55.56 45.45 100.00
59.99=80.00 91.30 90.00 74.07 50.00 47.06 70.00 47.62 27.27 77.78 58.14 57.89 78.26 78.57 51.43 61.76 63.89 81.48 25.00 61.54 0.00 88.89 83.33 24.00 52.00 56.25 61.54 9.09 40.00 71.43 100.00
61.70=91.67 100.00 79.17 90.91 40.00 40.00 77.78 66.67 41.67 94.12 57.50 60.53 78.26 61.90 64.00 59.46 77.42 82.14 32.73 68.00 0.00 82.76 77.27 26.92 53.85 71.43 60.00 15.38 25.00 58.33 77.78
83.03=100.00 100.00 100.00 100.00 100.00 42.86 100.00 75.00 100.00 100.00 100.00 100.00 100.00 80.00 77.78 83.33 60.00 100.00 100.00 33.33 0.00 80.00 100.00 100.00 66.67 0.00 100.00 100.00 75.00 100.00 100.00
82.57=100.00 100.00 100.00 100.00 80.00 42.86 100.00 75.00 100.00 100.00 100.00 100.00 100.00 80.00 75.00 83.33 60.00 100.00 66.67 50.00 0.00 100.00 100.00 80.00 66.67 0.00 100.00 100.00 100.00 100.00 100.00
91.36=100.00 100.00 100.00 100.00 100.00 50.00 100.00 100.00 100.00 100.00 100.00 100.00 100.00 100.00 88.89 100.00 100.00 100.00 100.00 66.67 0.00 80.00 100.00 80.00 100.00 66.67 100.00 100.00 100.00 100.00 100.00
83.94=100.00 100.00 100.00 100.00 100.00 37.50 100.00 42.86 100.00 80.00 100.00 100.00 100.00 100.00 66.67 100.00 75.00 100.00 50.00 66.67 0.00 100.00 83.33 60.00 40.00 100.00 100.00 100.00 100.00 100.00 100.00
85.74=100.00 100.00 100.00 100.00 100.00 42.86 100.00 50.00 75.00 100.00 100.00 66.67 100.00 100.00 100.00 100.00 60.00 100.00 100.00 66.67 0.00 100.00 83.33 80.00 50.00 100.00 100.00 100.00 83.33 100.00 100.00
61.82=100.00 91.30 82.61 76.00 53.85 37.29 81.48 70.59 64.29 68.18 73.53 55.81 74.19 75.00 41.18 73.33 70.59 85.71 31.91 63.64 0.00 73.53 70.37 23.81 57.14 68.18 63.16 18.18 80.00 16.67 75.00
58.93=100.00 100.00 75.00 62.50 35.29 40.74 76.67 68.18 40.00 78.95 62.50 65.62 65.71 80.00 28.00 72.41 70.59 79.31 26.83 52.00 0.00 74.19 75.86 28.57 48.39 75.00 61.11 33.33 0.00 50.00 100.00
59.71=88.46 100.00 85.00 72.00 46.15 40.68 73.33 73.08 42.86 71.43 60.98 66.67 63.16 78.57 35.71 75.86 66.67 68.97 26.32 54.17 0.00 84.62 80.77 25.00 51.85 80.95 70.00 16.67 40.00 33.33 77.78
61.11=92.00 95.24 81.82 66.67 36.36 42.59 73.33 70.83 50.00 75.00 64.86 62.50 59.38 87.50 35.71 75.86 74.19 77.42 25.00 41.67 0.00 71.43 86.96 26.09 51.85 77.78 87.50 25.00 63.64 27.27 88.89
58.82=100.00 100.00 73.91 80.00 60.00 41.38 75.00 69.57 26.09 77.27 60.98 63.64 68.97 87.50 33.33 76.67 75.76 83.33 24.44 40.74 0.00 70.59 90.48 21.43 50.00 73.68 76.19 12.50 0.00 30.00 80.00
83.36=100.00 100.00 100.00 75.00 100.00 33.33 100.00 60.00 75.00 100.00 100.00 50.00 100.00 100.00 85.71 100.00 100.00 100.00 66.67 50.00 0.00 80.00 100.00 75.00 66.67 66.67 100.00 100.00 100.00 100.00 100.00
85.59=100.00 100.00 100.00 100.00 100.00 37.50 100.00 50.00 100.00 100.00 100.00 100.00 100.00 100.00 85.71 100.00 100.00 100.00 66.67 33.33 0.00 100.00 100.00 66.67 66.67 66.67 100.00 100.00 100.00 100.00 80.00
85.38=100.00 100.00 100.00 100.00 100.00 50.00 100.00 50.00 100.00 75.00 100.00 100.00 100.00 80.00 100.00 100.00 100.00 66.67 66.67 66.67 0.00 75.00 100.00 100.00 66.67 50.00 100.00 100.00 100.00 100.00 100.00
88.68=100.00 100.00 100.00 100.00 100.00 37.50 100.00 60.00 100.00 100.00 100.00 100.00 100.00 100.00 100.00 100.00 75.00 100.00 100.00 50.00 0.00 100.00 100.00 80.00 66.67 100.00 100.00 100.00 80.00 100.00 100.00
81.15=100.00 100.00 100.00 100.00 100.00 50.00 75.00 60.00 100.00 100.00 75.00 100.00 100.00 100.00 75.00 100.00 75.00 100.00 50.00 40.00 0.00 100.00 85.71 80.00 50.00 0.00 100.00 100.00 100.00 100.00 100.00
80.99=100.00 100.00 100.00 100.00 100.00 37.50 100.00 100.00 100.00 100.00 75.00 50.00 100.00 80.00 100.00 100.00 50.00 50.00 50.00 66.67 0.00 80.00 100.00 80.00 25.00 66.67 100.00 100.00 100.00 100.00 100.00
90.05=75.00 100.00 100.00 75.00 100.00 50.00 100.00 100.00 100.00 100.00 75.00 100.00 100.00 100.00 100.00 75.00 75.00 100.00 66.67 100.00 0.00 100.00 100.00 100.00 100.00 100.00 100.00 100.00 100.00 100.00 100.00
86.31=100.00 100.00 100.00 75.00 100.00 50.00 100.00 100.00 100.00 100.00 100.00 100.00 85.71 100.00 100.00 100.00 75.00 100.00 66.67 50.00 0.00 100.00 100.00 60.00 33.33 100.00 80.00 100.00 100.00 100.00 100.00
81.17=100.00 100.00 100.00 100.00 100.00 42.86 100.00 50.00 100.00 100.00 100.00 66.67 83.33 100.00 100.00 100.00 75.00 66.67 50.00 40.00 0.00 100.00 100.00 66.67 25.00 50.00 100.00 100.00 100.00 100.00 100.00
88.59=100.00 100.00 100.00 100.00 100.00 50.00 100.00 100.00 100.00 100.00 100.00 100.00 100.00 80.00 88.89 85.71 75.00 100.00 50.00 100.00 0.00 100.00 100.00 100.00 50.00 66.67 100.00 100.00 100.00 100.00 100.00
59.29=92.00 95.65 85.71 86.36 45.45 37.10 76.92 63.16 36.36 93.33 58.54 45.83 86.36 70.59 53.85 75.86 57.50 79.31 31.37 68.18 0.00 78.12 78.26 22.22 54.84 47.83 56.25 22.22 0.00 75.00 63.64
61.92=85.19 100.00 85.71 78.26 28.57 42.11 80.77 63.64 33.33 84.21 57.14 63.64 81.48 72.22 60.71 61.11 70.59 88.00 34.62 62.96 0.00 83.87 78.26 28.57 50.00 61.11 64.29 10.00 62.50 66.67 80.00
58.08=80.00 95.45 90.00 86.36 15.38 42.86 71.43 41.18 57.14 80.95 62.16 53.66 71.43 61.54 55.56 75.00 62.86 76.67 31.48 51.52 0.00 77.42 80.00 20.83 50.00 58.82 53.33 20.00 30.00 60.00 87.50
59.98=88.46 87.50 89.47 79.17 40.00 44.23 73.33 42.11 42.86 76.19 70.59 64.86 80.77 62.50 59.38 66.67 69.44 71.43 26.79 50.00 0.00 88.46 80.00 18.75 50.00 60.00 53.33 12.50 50.00 75.00 85.71
60.08=92.00 95.65 90.00 83.33 41.67 43.40 75.00 66.67 18.18 75.00 58.14 66.67 75.00 64.71 64.52 68.75 61.11 74.19 35.42 61.54 0.00 69.70 81.82 25.00 54.55 45.00 66.67 10.00 55.56 60.00 83.33
89.03=100.00 100.00 100.00 100.00 100.00 50.00 100.00 100.00 80.00 80.00 100.00 100.00 100.00 100.00 100.00 100.00 75.00 66.67 66.67 66.67 0.00 100.00 100.00 100.00 100.00 100.00 100.00 100.00 75.00 100.00 100.00
87.08=100.00 100.00 100.00 100.00 100.00 42.86 100.00 100.00 100.00 80.00 100.00 50.00 100.00 100.00 100.00 100.00 66.67 100.00 50.00 100.00 0.00 100.00 100.00 80.00 50.00 100.00 80.00 100.00 100.00 100.00 100.00
83.54=100.00 100.00 100.00 100.00 100.00 50.00 100.00 75.00 100.00 100.00 75.00 50.00 100.00 100.00 87.50 100.00 100.00 50.00 66.67 66.67 0.00 100.00 85.71 66.67 50.00 66.67 100.00 100.00 100.00 100.00 100.00
87.37=100.00 100.00 100.00 100.00 100.00 42.86 100.00 100.00 100.00 100.00 100.00 50.00 100.00 100.00 85.71 100.00 100.00 66.67 50.00 100.00 0.00 100.00 100.00 80.00 66.67 66.67 100.00 100.00 100.00 100.00 100.00
90.55=100.00 100.00 100.00 100.00 100.00 42.86 100.00 100.00 100.00 100.00 60.00 100.00 100.00 100.00 87.50 100.00 100.00 66.67 100.00 100.00 0.00 100.00 100.00 100.00 50.00 100.00 100.00 100.00 100.00 100.00 100.00
84.57=75.00 100.00 100.00 75.00 100.00 14.29 100.00 75.00 100.00 100.00 100.00 50.00 100.00 100.00 83.33 100.00 75.00 66.67 100.00 100.00 0.00 80.00 85.71 100.00 66.67 100.00 100.00 100.00 75.00 100.00 100.00
84.61=60.00 100.00 100.00 75.00 100.00 33.33 100.00 75.00 66.67 100.00 100.00 50.00 83.33 100.00 88.89 83.33 75.00 100.00 100.00 66.67 0.00 100.00 100.00 80.00 100.00 100.00 100.00 85.71 100.00 100.00 100.00
86.14=100.00 100.00 100.00 100.00 100.00 42.86 75.00 66.67 100.00 100.00 100.00 66.67 100.00 100.00 62.50 100.00 60.00 100.00 66.67 100.00 0.00 100.00 100.00 80.00 50.00 100.00 100.00 100.00 100.00 100.00 100.00
85.45=100.00 100.00 100.00 100.00 100.00 37.50 100.00 60.00 100.00 100.00 100.00 100.00 85.71 100.00 62.50 80.00 60.00 100.00 100.00 66.67 0.00 80.00 100.00 66.67 50.00 100.00 100.00 100.00 100.00 100.00 100.00
87.21=100.00 100.00 100.00 75.00 100.00 50.00 100.00 42.86 100.00 100.00 100.00 100.00 100.00 100.00 88.89 75.00 75.00 100.00 100.00 50.00 0.00 100.00 100.00 80.00 66.67 100.00 100.00 100.00 100.00 100.00 100.00
60.73=84.62 95.45 84.21 86.96 33.33 40.00 76.92 46.67 33.33 94.44 57.14 47.92 78.26 62.50 60.71 62.86 66.67 72.73 32.69 65.22 0.00 85.71 76.00 28.00 41.38 73.33 52.63 0.00 42.86 100.00 100.00
59.98=88.00 86.36 85.71 86.36 26.67 37.50 78.57 52.38 50.00 94.12 63.16 60.53 81.82 73.33 53.57 63.89 62.86 74.07 30.91 72.73 0.00 76.47 76.92 24.14 46.43 57.89 76.92 10.00 18.18 50.00 100.00
59.23=87.50 100.00 85.00 86.96 28.57 39.66 72.41 63.16 30.00 80.00 64.86 56.41 71.88 70.00 50.00 77.42 66.67 79.31 30.00 64.00 0.00 79.31 76.00 27.27 60.87 45.83 61.54 18.18 30.00 50.00 83.33
61.12=84.00 95.45 85.00 81.82 18.75 39.34 80.77 61.90 40.00 94.12 58.14 67.65 80.00 63.16 53.85 66.67 71.88 75.86 30.77 59.26 0.00 71.43 83.33 25.00 53.57 55.00 56.25 25.00 50.00 66.67 100.00
61.67=84.00 100.00 85.71 83.33 42.86 42.59 66.67 60.87 36.36 94.12 54.55 56.76 73.08 69.23 65.52 65.71 75.00 81.48 36.73 70.83 0.00 75.76 85.71 24.14 53.33 66.67 53.33 8.33 33.33 85.71 80.00
59.20=90.48 95.00 82.61 80.00 54.55 38.98 65.62 66.67 40.00 78.95 57.78 64.86 57.89 80.00 47.37 84.00 58.97 75.86 30.23 70.83 0.00 57.89 67.86 33.33 50.00 82.35 83.33 37.50 0.00 22.22 80.00
60.30=88.00 95.45 78.26 67.74 45.45 40.00 82.14 73.91 46.67 85.00 65.00 61.76 64.71 76.47 40.00 79.31 68.75 75.00 31.71 73.68 0.00 78.12 78.26 26.67 50.00 73.91 59.09 12.50 62.50 14.29 75.00
61.18=95.83 95.24 78.26 70.00 45.45 34.85 75.86 72.73 50.00 77.27 63.89 70.97 63.64 81.25 30.43 81.48 68.57 80.00 27.27 61.54 0.00 72.73 76.00 28.57 58.33 68.42 83.33 28.57 76.92 12.50 66.67
63.70=92.31 95.65 85.00 65.52 21.05 42.59 84.62 73.91 56.25 68.42 63.89 70.97 67.65 87.50 32.14 84.62 83.87 85.19 36.59 60.87 0.00 80.00 77.78 33.33 55.56 85.00 78.95 25.00 66.67 25.00 88.89
60.61=95.45 100.00 90.00 80.77 16.67 40.00 74.07 75.00 40.00 80.00 65.79 64.71 65.71 73.91 55.00 80.00 66.67 82.14 25.00 72.73 0.00 75.00 67.74 30.00 46.43 69.57 75.00 33.33 66.67 25.00 46.67
59.58=88.46 100.00 78.26 90.48 50.00 38.33 86.96 63.16 45.45 88.89 54.35 47.83 67.74 68.42 56.52 65.62 69.44 75.86 34.00 65.38 0.00 71.43 79.17 30.43 64.00 50.00 71.43 10.00 0.00 62.50 72.73
60.70=82.14 100.00 94.74 73.08 33.33 40.32 88.00 63.64 50.00 89.47 55.56 65.71 76.92 75.00 70.83 65.71 68.57 82.76 27.08 62.96 0.00 75.00 79.17 24.00 58.62 58.82 64.29 10.00 12.50 55.56 77.78
60.66=100.00 100.00 79.17 83.33 27.27 43.64 75.86 60.00 30.77 93.75 61.54 62.86 80.77 61.11 50.00 65.71 63.89 70.00 27.12 64.29 0.00 80.00 80.00 20.69 59.26 58.82 69.23 14.29 33.33 63.64 100.00
60.33=84.62 87.50 81.82 83.33 23.08 37.93 84.62 58.82 30.77 80.00 60.00 66.67 79.17 76.19 53.12 69.70 67.65 80.00 29.41 59.26 0.00 83.33 81.82 21.74 47.22 64.29 60.00 18.18 42.86 71.43 85.71
59.98=88.00 95.00 80.95 82.61 26.67 46.15 80.00 59.09 40.00 78.95 57.14 74.19 76.00 73.68 57.58 62.16 63.16 82.14 32.69 80.95 0.00 68.57 80.95 26.09 55.17 59.09 62.50 11.11 28.57 63.64 66.67
84.32=100.00 100.00 100.00 75.00 100.00 40.00 100.00 33.33 100.00 80.00 100.00 100.00 100.00 100.00 88.89 100.00 75.00 66.67 66.67 66.67 0.00 75.00 100.00 80.00 100.00 66.67 100.00 100.00 100.00 100.00 100.00
88.64=100.00 100.00 100.00 100.00 100.00 42.86 100.00 75.00 75.00 100.00 100.00 100.00 100.00 80.00 100.00 83.33 100.00 100.00 100.00 66.67 0.00 66.67 83.33 75.00 100.00 100.00 100.00 100.00 100.00 100.00 100.00
89.35=100.00 100.00 100.00 100.00 100.00 50.00 100.00 60.00 100.00 100.00 100.00 100.00 100.00 80.00 87.50 100.00 66.67 100.00 100.00 100.00 0.00 100.00 85.71 80.00 100.00 100.00 100.00 100.00 80.00 100.00 80.00
88.07=75.00 100.00 100.00 75.00 100.00 42.86 100.00 60.00 100.00 100.00 75.00 100.00 100.00 100.00 85.71 83.33 100.00 100.00 66.67 100.00 0.00 100.00 100.00 66.67 100.00 100.00 100.00 100.00 100.00 100.00 100.00
85.02=60.00 100.00 100.00 100.00 100.00 42.86 100.00 50.00 100.00 100.00 100.00 100.00 100.00 80.00 77.78 100.00 75.00 66.67 66.67 66.67 0.00 100.00 100.00 100.00 66.67 100.00 100.00 100.00 83.33 100.00 100.00
59.62=88.46 95.65 89.47 81.82 30.77 35.38 81.48 86.67 44.44 86.67 60.00 60.53 64.29 73.91 40.74 64.86 73.33 75.86 34.09 62.50 0.00 62.50 84.62 8.70 59.09 72.22 56.25 4.76 14.29 71.43 83.33
