51.00191627243824
52.72509652544651
52.12142187834382
52.00840472833493
53.491891337303066
54.223771329057534
51.79657451539214
48.72017325490202
53.15726000061074
50.93742933271638
51.27016655250758
51.88279326946918
52.0974450386215
53.53341176899063
53.10571484284687
53.417844123012024
51.08107379256049
49.228927728503194
50.36260795600389
49.80493746554506
50.23268480877435
48.950106157238814
49.597349020198145
51.94123261341388
48.38403840344778
50.66176676780392
49.30255262056881
50.949788140030115
50.011007991241385
50.004944754851564
49.848506054727515
50.077420581300906
48.89273241527919
49.91863536558702
49.30771843197421
48.75686187211447
50.002011182664965
50.097072178206915
47.63760084085161
48.86026441560369
79.75278300593851
76.36880814217167
78.9054555827597
79.15187786829077
80.77357545573241
78.9593027735145
78.26451801618508
78.89456934402159
79.63658329930063
79.3540262044956
79.56624900390887
78.25233346077596
79.08977814320293
79.27547649188939
80.1743308105677
78.59535440194047
78.0287319933354
79.465914127187
78.1897757267665
78.7888575301573
79.0598070206495
79.31845648733987
79.4474035869791
78.73809203545062
79.30758668624952
78.99253139711121
78.12063812420271
78.75558224984626
80.16647211907987
78.35356992046083
77.15775960167481
78.33684423148121
76.88015668933949
77.71882187524638
78.74863059329599
78.26667338317577
78.9579741495597
78.00653235341986
79.63620444544473
79.30692924159956
80.94293607612255
80.44857471786503
82.04241577532837
81.75135310298444
83.32887472533817
83.7222077755538
84.36183330574853
83.35345737548901
82.4606930274351
82.58698912027084
84.90239781916372
84.05736144197682
82.06483203494396
84.91665486348744
82.16925606345706
83.82522335963631
82.30152786934163
82.7901168054776
83.60560831827799
82.96815653585122
82.92346580016263
82.04931000173914
83.2204848550407
83.17498049964114
83.8224555735868
81.24379064876803
83.38512807612594
81.75281614868422
83.01169055336715
83.71932432363486
83.17463016462777
83.63216986633277
82.23261184847277
82.86567701172369
82.61592503709676
83.16073958721017
82.34012681637115
82.98093466693133
83.64884864414513
83.56462209564138
77.32624518716446
77.62660888916318
78.05283888357238
79.37581541340458
80.77354796376191
80.59997164152915
80.52558771565884
78.82671987851792
77.85322568745381
79.50113709601217
79.92480623250113
78.27325326424491
80.9698006769385
79.05262345550508
80.1535573063913
79.89828934975914
78.98346329122704
80.19372905150472
80.58797343398646
80.79922827292646
79.66395015654932
79.27996102733773
78.83289097317437
79.18441477033585
79.25349644252385
80.29665222317045
79.83991020197105
79.26706772500803
79.46715458391375
78.46059179472932
79.97116888556725
78.63603638274627
79.30068029889674
79.29093198455986
78.15654068610932
78.13441701586498
78.02130788425144
76.91451663099674
77.15335763963026
78.70241766757242
78.09534240335623
79.17482037005568
76.47659682271703
78.24283381719802
77.90239043265251
77.99370264959897
78.34595897795779
78.59388178793456
79.42763962104488
80.6964742542261
78.12662985978062
79.55344458261042
80.21808371171906
80.88820931524681
79.80573082463543
79.37199885399457
79.03976516854583
79.2966924834652
78.55843476323767
79.614715844227
79.70559152143277
78.7411481526126
79.26971644801718
80.39364506785323
79.21691588028811
79.91932063068046
79.76792662451884
79.37241916169906
79.18719099696972
79.6086720429421
80.15483448836629
80.45490697151807
79.74078849355313
79.81056710879287
80.13639456518713
78.59290736645076
79.68505979347849
80.46847462029648
80.0887856751753
80.33811474698797
78.68440416247347
78.0894784940391
78.31585047305923
78.90144752577474
78.14229997521569
79.50662738916411
76.9419370288625
79.32742489047563
77.8436631770759
79.49422595874132
77.4346385666938
78.35927424079365
78.38154851419914
79.34551656435438
79.41515145333601
78.90811673045538
77.68670470462564
78.78211633171148
78.82632257531043
78.23064784663043
78.77414648276759
79.36101908464376
77.92964128036763
78.62712191224932
79.14513185495925
78.24648984288186
78.04723165088728
79.25001911903554
79.8620857682182
78.01429344781333
76.78542766200852
77.344142910885
77.77591504312153
77.62134394540918
78.05404286116361
78.79378094584096
77.84466163615961
78.32766969740058
77.531173617206
77.13871284831245
46.70182839341386
52.30623049341792
50.0559081286273
53.472651399300595
53.20775538383919
51.823511746073535
53.28861020829347
50.57598597983213
50.51986358089002
53.921900643084264
53.66724966838088
52.81149426900796
53.05331557516602
53.28422500999305
51.442530429402304
51.53971201458698
50.43856915094114
53.19262292839335
53.7991818982531
51.279601706012755
52.122497745112334
51.4614082234349
52.99981679959056
53.2891746262787
53.06336209577147
51.38722273069737
52.19828392920928
53.37102407432987
50.564493795343296
52.22655213280828
51.99729523875543
52.417037587852064
50.29668893594829
52.126724298431846
52.578307224584805
53.083820918305314
52.29739951905943
51.10476724104711
52.68590972812216
52.794513331129195
81.44850822750324
82.66997591199782
83.19447283551833
85.30341499018564
84.10361948257875
85.58905757786442
85.10167609506739
85.33662162901267
84.31798969599636
84.34658049209132
84.2722464815225
84.31726004011072
83.35418846719156
84.4468785758974
84.76452960127645
83.81172699254384
85.4637040144899
85.0806603163712
83.73312230623496
84.91794480029773
85.27428355429069
85.68611542462459
83.16954400551685
85.00366664506936
85.11962670839785
84.28092210242723
84.84403329199709
84.21804487486793
85.28015863631487
84.89072733648821
84.1894265600505
84.21239812422236
84.86589445192683
84.77653798134864
83.35064399097503
84.27594715490643
84.61245601927907
83.1125360112619
83.93183344796824
84.27870282055801
49.488236340939366
52.83437378568608
52.82460763416944
51.41041184267863
52.4867540127483
52.12426544001091
53.15152828046167
53.312339554405476
53.875459988046316
53.32309617693042
52.91587751373948
54.22729812019589
50.76102002812038
51.37174708411908
55.66075438810614
53.085280071754596
53.56941989977185
53.77579195054163
52.373001565495265
51.57688612755295
52.21401873773867
51.589190997407236
49.985152798036815
52.17326595463422
50.59416549289138
50.96202636296292
52.59351186375478
51.37913091116234
51.57886725863056
50.22851850488348
49.346443056801114
50.30703896956939
48.14028639697485
49.83703391045977
49.375361460798466
49.80186704250923
48.94381365746804
50.083789622362474
49.4900999879442
49.35781736668335
76.44931009747944
76.97432986425603
76.13079363804744
77.00650003734849
79.46242276815032
78.26962514822202
80.01839067986029
78.4802498339909
79.31388867939236
80.29050484133684
79.487313710343
79.33431945393127
78.5963297439244
78.94378309076424
79.10481113693216
78.90300361459333
79.53857097098346
79.92740880267931
79.07461929247395
78.89611969641118
77.66120849593105
78.9888368623782
78.53120331019832
77.46656642423493
78.96098221854353
78.70257379491721
79.3557262630075
79.171961180136
78.75407618102307
77.88691352176704
78.39786479694791
78.57864154976562
77.37909664550843
77.85971291680984
78.41159951424301
77.07973923221601
76.131815335355
78.24482092092238
78.72231960491587
77.65377730790563
80.87195968012828
79.59941240918855
80.90862109497498
82.64704069580229
83.48390906809577
83.64020013222203
82.02990599144447
82.22583294686382
81.53854513880708
81.89239045466718
81.81929039180766
81.17555183035059
82.85640026137763
82.5950953071696
83.09312951896072
83.119883510155
83.11800215872614
83.1862903310867
82.82600607695868
83.3861621099654
82.7304023276874
83.2940961224481
81.13696245936066
82.02557799164133
82.70143502862216
83.93622178541206
81.3823267375899
82.74768875114195
83.48439293235673
83.21112410121698
82.93941230503506
82.68309279960863
82.46814917373385
83.52913752913753
81.87996719879311
82.32689196966406
81.76524313187804
83.14137836178796
83.02030887664371
82.85766332712033
79.83005399908234
82.01500802655839
81.07693773162259
80.19579639636174
79.44925287197256
82.40917090107374
81.94235442919653
83.40890141056846
82.37422795906959
82.26767302713957
83.33566592175785
83.00698994715427
81.27685248386607
80.55559702529219
83.27664527396607
82.29201135452624
81.76380110191732
81.36942517539089
82.36125940424581
81.70913819979074
83.3428573490493
82.64655505379486
81.14696161582326
83.12602166561443
81.31958616520419
83.42640680084119
81.48936998145143
82.76360917138483
81.94140156369258
82.79172561977991
82.85190465114255
81.31107267610007
83.2563672600586
81.33653513404646
82.1012017473675
82.4202904938199
82.04808519389371
82.68754835437379
83.15860195611326
81.96288044865086
47.2991891427808
51.21348698370854
50.91462026453665
52.095959398411296
50.4668624249715
52.32811724855192
54.93762001275695
53.52489764343777
54.14100841208485
51.17765853262401
52.35013876689506
51.71312118460249
52.929230894359755
53.984011188094456
53.20506142857997
53.49307604094458
53.96173646002798
53.91957095623082
52.07397752679962
51.450017699481855
53.083946854130225
51.441526488382884
53.107387817735
53.49458276369445
51.11660278807218
52.89381974301002
52.80258255213602
52.283046731005356
52.4801316316695
50.754427328909344
51.211717932425245
51.211293472333615
52.140325701406496
52.30423886909189
51.8990865682288
51.61724479964537
50.449638596697426
50.30447989204836
51.34066270133864
50.73684980442542
50.498206123065046
47.66051844755884
49.67554056702576
49.66048972604881
52.712330028707115
49.401682238363854
49.465612893400014
48.26290797639565
49.62905441329756
48.51923994587361
48.71879739693505
49.71347220031431
47.72618778423732
47.91664049249957
48.86229191599351
48.727468527212515
48.26755031407278
48.632483420017884
47.694756639368194
47.98030873667671
47.89972840510495
47.06579922861905
46.43635572191025
46.82979433919617
48.33241145084441
47.25906235187948
46.846990515768795
47.36607155627782
47.25790863234302
45.741912703992185
46.485471514735735
45.66811800303108
45.773003157603014
45.356337485118146
46.5724584035569
45.16587610743362
45.418042358093814
45.361710826113324
45.26904161148857
45.838579760585
82.58631015329037
80.57630213453028
82.43402399510997
84.44475441998661
83.10338832927545
82.79664745299421
83.69341387357582
82.5595892953597
83.39085510292941
83.52114627453993
83.27533588107535
84.38065090307862
82.91075447666302
83.22275801121955
84.0331601068086
83.29130652100407
83.9202552164567
83.14766754639344
82.82255697122332
83.24844667914445
83.36656028737478
84.48294483558833
84.18283124617966
84.54708501654204
85.05132667998828
83.83885211927603
83.43255223911332
83.85820175299814
83.84349875865713
83.43864825074637
83.79940220664201
84.59073350374851
84.0327214263866
83.00636963919888
84.19317112196369
83.69985097461877
83.48407969210541
83.74503646574378
84.56387530333707
84.1584111226288
