59.46=100.00 100.00 76.00 82.61 42.86 47.22 86.36 50.00 8.70 78.95 63.64 91.67 70.37 40.00 60.00 70.37 81.48 70.97 27.78 73.68 44.44 92.00 66.67 28.57 35.29 43.24 31.82 30.77 37.50 66.67 43.75
52.47=72.73 75.00 60.71 64.52 20.00 43.18 83.33 47.37 13.04 71.43 57.14 82.14 57.69 27.78 70.37 58.33 78.57 73.08 23.81 71.43 0.00 73.33 70.97 33.33 24.24 48.00 50.00 50.00 40.00 37.50 47.62
54.45=85.19 95.45 67.86 58.82 18.75 46.15 87.50 61.54 20.00 88.24 65.71 82.14 60.00 38.89 65.71 53.33 66.67 65.71 31.58 70.00 0.00 73.53 59.38 42.86 45.45 41.18 63.64 25.00 17.65 42.86 47.06
54.34=85.19 95.24 72.00 68.97 26.67 44.90 75.00 66.67 7.14 66.67 65.71 82.76 60.00 36.84 52.50 61.54 70.97 79.31 15.00 65.00 0.00 69.44 54.55 38.46 21.43 44.44 58.33 30.00 47.06 50.00 72.73
58.62=92.00 100.00 70.37 73.08 50.00 46.00 86.36 54.17 6.25 93.33 56.76 75.86 59.26 50.00 68.75 52.08 73.33 80.00 22.22 65.00 0.00 73.53 61.76 50.00 37.50 45.16 54.55 25.00 53.33 83.33 58.33
53.83=86.96 100.00 90.00 66.67 8.33 63.89 75.00 60.71 16.67 50.00 66.67 84.62 78.12 36.67 50.00 73.91 71.88 84.00 18.75 45.83 57.14 86.96 72.00 5.00 33.33 48.15 41.38 21.74 14.29 40.00 20.00
53.84=86.96 87.50 72.00 57.58 4.00 56.82 86.96 61.54 11.76 59.26 62.50 70.00 67.86 55.00 62.50 64.29 69.70 80.77 25.00 61.11 23.08 84.62 65.38 0.00 36.36 68.18 81.25 29.41 10.53 38.46 28.57
52.63=87.50 87.50 81.82 67.86 3.57 51.02 80.77 56.00 19.23 61.90 65.79 60.53 67.65 61.54 55.56 69.23 60.53 77.78 16.67 40.00 0.00 76.00 78.26 5.88 41.67 45.45 87.50 31.25 20.00 50.00 23.08
54.55=85.19 95.65 100.00 53.12 7.69 51.02 90.91 70.83 18.52 66.67 51.02 63.16 71.88 60.00 57.14 85.71 69.70 75.86 26.32 62.50 0.00 80.77 64.52 0.00 32.14 46.88 85.71 41.67 20.00 36.36 20.00
58.60=85.71 95.65 94.44 60.61 3.23 52.17 95.00 66.67 19.23 73.68 56.82 58.97 67.74 76.47 60.00 70.37 75.00 78.57 16.67 63.16 0.00 85.19 65.62 5.00 43.48 53.57 83.33 70.00 18.75 71.43 50.00
91.43=100.00 100.00 87.50 100.00 100.00 100.00 100.00 100.00 80.00 83.33 77.78 100.00 70.00 100.00 100.00 83.33 87.50 100.00 100.00 100.00 100.00 100.00 100.00 100.00 85.71 75.00 75.00 77.78 71.43 100.00 80.00
91.20=100.00 100.00 100.00 100.00 57.14 88.89 100.00 66.67 100.00 83.33 85.71 100.00 85.71 100.00 100.00 88.89 88.89 100.00 100.00 88.89 100.00 66.67 87.50 83.33 88.89 100.00 100.00 100.00 83.33 100.00 83.33
90.97=100.00 100.00 87.50 100.00 66.67 80.00 100.00 66.67 100.00 100.00 77.78 100.00 100.00 100.00 100.00 81.82 100.00 100.00 100.00 77.78 100.00 71.43 88.89 100.00 100.00 75.00 75.00 100.00 71.43 100.00 100.00
92.52=100.00 100.00 100.00 75.00 80.00 88.89 100.00 66.67 71.43 100.00 100.00 100.00 85.71 100.00 100.00 75.00 88.89 87.50 100.00 100.00 100.00 100.00 100.00 83.33 100.00 100.00 100.00 100.00 85.71 100.00 80.00
93.04=100.00 100.00 87.50 100.00 80.00 100.00 100.00 66.67 71.43 100.00 100.00 100.00 100.00 100.00 88.89 81.82 100.00 100.00 100.00 88.89 100.00 83.33 100.00 85.71 100.00 100.00 100.00 100.00 83.33 83.33 83.33
75.43=70.00 100.00 100.00 75.00 66.67 63.64 100.00 60.00 100.00 100.00 87.50 87.50 100.00 100.00 71.43 69.23 87.50 100.00 0.00 80.00 0.00 80.00 100.00 83.33 40.00 0.00 66.67 87.50 62.50 100.00 100.00
83.45=87.50 100.00 100.00 75.00 75.00 58.33 83.33 50.00 83.33 100.00 100.00 100.00 100.00 100.00 100.00 100.00 88.89 85.71 83.33 88.89 0.00 100.00 87.50 100.00 77.78 25.00 100.00 100.00 62.50 100.00 75.00
82.70=100.00 100.00 100.00 60.00 100.00 61.54 100.00 80.00 66.67 83.33 100.00 100.00 87.50 100.00 85.71 90.00 100.00 100.00 80.00 70.00 0.00 83.33 100.00 83.33 63.64 25.00 100.00 88.89 71.43 100.00 83.33
83.99=87.50 80.00 100.00 50.00 100.00 61.54 100.00 50.00 100.00 100.00 100.00 100.00 100.00 100.00 66.67 100.00 100.00 77.78 100.00 77.78 0.00 100.00 83.33 100.00 77.78 20.00 100.00 100.00 71.43 100.00 100.00
80.95=77.78 83.33 100.00 60.00 100.00 53.85 100.00 50.00 83.33 83.33 87.50 87.50 100.00 100.00 62.50 77.78 100.00 100.00 100.00 80.00 0.00 80.00 100.00 100.00 87.50 20.00 100.00 100.00 60.00 100.00 75.00
85.21=77.78 100.00 100.00 100.00 80.00 63.64 100.00 100.00 100.00 100.00 100.00 87.50 100.00 83.33 100.00 78.57 87.50 100.00 100.00 100.00 0.00 83.33 85.71 66.67 62.50 100.00 75.00 80.00 50.00 100.00 80.00
85.66=77.78 100.00 100.00 100.00 80.00 66.67 83.33 100.00 100.00 100.00 87.50 100.00 87.50 60.00 100.00 91.67 88.89 100.00 100.00 100.00 0.00 83.33 100.00 80.00 58.33 75.00 100.00 100.00 55.56 80.00 100.00
85.69=77.78 83.33 100.00 60.00 80.00 63.64 100.00 100.00 83.33 100.00 100.00 87.50 100.00 83.33 100.00 83.33 88.89 85.71 100.00 100.00 0.00 71.43 100.00 100.00 72.73 75.00 100.00 88.89 71.43 100.00 100.00
88.54=77.78 100.00 87.50 100.00 100.00 72.73 90.00 100.00 100.00 83.33 87.50 100.00 100.00 80.00 100.00 71.43 100.00 100.00 100.00 100.00 0.00 80.00 87.50 100.00 71.43 100.00 100.00 100.00 55.56 100.00 100.00
86.51=77.78 100.00 100.00 75.00 80.00 63.64 100.00 100.00 100.00 83.33 87.50 100.00 100.00 100.00 88.89 100.00 100.00 85.71 100.00 80.00 0.00 100.00 100.00 100.00 75.00 75.00 83.33 100.00 66.67 80.00 80.00
62.04=96.00 100.00 89.47 90.48 9.52 50.00 90.48 65.00 26.67 88.89 59.46 84.00 77.27 66.67 58.82 63.16 76.47 70.97 27.27 94.12 0.00 86.21 72.41 23.08 58.82 68.42 50.00 38.46 47.06 38.46 55.56
60.66=87.50 100.00 85.00 83.33 13.33 48.00 91.67 56.52 16.67 77.27 64.10 79.17 57.14 72.73 63.89 57.14 71.43 81.48 37.04 73.91 0.00 86.67 70.59 23.53 31.58 65.00 50.00 53.85 42.86 57.14 81.82
59.66=92.31 90.91 85.00 90.91 13.33 50.00 83.33 60.00 21.05 77.27 64.10 77.78 66.67 68.00 61.11 56.76 76.67 71.43 26.92 83.33 0.00 80.00 69.70 10.53 56.25 48.00 42.86 41.67 41.67 77.78 64.29
63.37=81.48 95.00 78.26 76.00 13.04 48.94 92.00 62.96 21.05 70.83 60.47 63.33 72.73 73.33 78.57 60.00 83.87 78.57 36.36 86.36 0.00 83.87 75.86 29.41 56.25 75.00 57.14 62.50 27.78 83.33 80.00
65.86=95.83 91.30 90.00 83.33 14.29 50.00 95.65 66.67 40.00 85.00 67.57 77.78 76.00 80.00 77.78 61.11 80.65 84.00 43.33 80.95 0.00 69.44 68.57 18.75 53.85 70.59 61.11 62.50 42.86 77.78 75.00
59.55=85.19 100.00 86.36 68.97 21.43 42.59 86.96 82.35 5.26 75.00 60.00 61.11 60.71 55.56 56.76 61.76 70.97 70.00 25.00 69.23 0.00 75.86 63.33 43.75 52.94 62.50 47.37 75.00 45.00 71.43 63.64
60.75=84.00 91.30 81.82 71.43 19.23 48.89 72.00 58.33 25.00 71.43 56.76 73.33 67.86 60.87 71.88 64.10 62.16 85.19 33.33 66.67 0.00 75.76 62.50 46.15 50.00 60.87 66.67 80.00 31.25 77.78 66.67
62.05=85.71 95.45 90.00 80.00 23.08 43.40 83.33 66.67 5.56 86.67 63.16 68.97 54.05 55.56 61.11 68.75 62.86 75.00 37.50 76.47 0.00 82.14 74.07 42.86 52.63 56.52 58.33 81.25 36.84 100.00 55.56
60.60=82.14 100.00 66.67 71.43 20.00 44.90 77.27 68.18 6.25 72.22 61.54 76.67 48.78 57.14 65.62 66.67 69.70 79.31 29.63 75.00 0.00 80.65 70.00 40.00 37.04 60.87 72.73 72.73 38.89 100.00 66.67
62.70=88.00 95.45 89.47 76.92 16.67 41.51 86.96 64.00 11.11 72.22 56.10 74.19 55.56 59.26 73.33 71.88 71.88 79.31 28.57 78.57 0.00 69.70 72.41 40.00 33.33 48.28 66.67 92.31 50.00 100.00 80.00
84.58=77.78 83.33 100.00 100.00 57.14 63.64 100.00 100.00 100.00 83.33 100.00 87.50 100.00 62.50 72.73 100.00 87.50 87.50 83.33 87.50 0.00 100.00 100.00 66.67 85.71 75.00 100.00 100.00 75.00 85.71 100.00
83.09=70.00 100.00 100.00 100.00 100.00 50.00 90.91 100.00 100.00 100.00 77.78 85.71 83.33 71.43 100.00 90.91 88.89 100.00 75.00 100.00 0.00 100.00 100.00 60.00 55.56 100.00 85.71 100.00 50.00 83.33 57.14
87.75=77.78 100.00 100.00 66.67 100.00 66.67 100.00 100.00 100.00 100.00 100.00 100.00 100.00 100.00 100.00 91.67 85.71 100.00 100.00 87.50 0.00 100.00 100.00 80.00 87.50 42.86 85.71 100.00 62.50 85.71 100.00
83.60=87.50 100.00 100.00 60.00 80.00 72.73 100.00 75.00 100.00 100.00 87.50 85.71 100.00 80.00 100.00 100.00 88.89 100.00 100.00 88.89 0.00 71.43 87.50 100.00 77.78 50.00 83.33 100.00 57.14 75.00 83.33
83.96=70.00 100.00 100.00 75.00 80.00 66.67 100.00 100.00 100.00 100.00 87.50 100.00 87.50 66.67 100.00 90.91 75.00 100.00 100.00 100.00 0.00 100.00 100.00 66.67 77.78 75.00 71.43 100.00 55.56 57.14 100.00
82.89=63.64 100.00 100.00 60.00 100.00 72.73 100.00 50.00 100.00 100.00 70.00 77.78 85.71 100.00 100.00 80.00 87.50 87.50 100.00 80.00 0.00 83.33 85.71 83.33 100.00 16.67 100.00 100.00 85.71 100.00 100.00
81.15=71.43 100.00 100.00 75.00 100.00 58.33 100.00 44.44 83.33 100.00 87.50 87.50 100.00 100.00 100.00 77.78 88.89 100.00 85.71 72.73 0.00 100.00 75.00 100.00 70.00 0.00 100.00 71.43 66.67 100.00 100.00
84.34=87.50 100.00 100.00 75.00 80.00 60.00 100.00 57.14 100.00 83.33 100.00 100.00 100.00 83.33 77.78 87.50 100.00 87.50 100.00 80.00 0.00 100.00 71.43 83.33 66.67 100.00 85.71 87.50 85.71 100.00 75.00
83.26=87.50 100.00 100.00 60.00 100.00 57.14 100.00 50.00 71.43 83.33 100.00 71.43 83.33 100.00 72.73 77.78 87.50 100.00 100.00 72.73 0.00 100.00 83.33 71.43 71.43 100.00 100.00 100.00 80.00 100.00 100.00
85.05=87.50 100.00 100.00 75.00 100.00 61.54 90.00 44.44 100.00 62.50 100.00 100.00 88.89 100.00 85.71 100.00 100.00 100.00 100.00 72.73 0.00 100.00 100.00 100.00 88.89 33.33 100.00 88.89 57.14 100.00 100.00
61.71=80.00 100.00 80.95 73.08 23.81 48.00 79.17 68.00 23.08 77.78 51.22 80.00 53.85 58.06 76.67 76.67 64.86 74.19 37.50 64.71 0.00 79.31 76.92 60.00 46.15 62.50 40.00 80.00 35.00 71.43 70.00
62.17=85.71 95.45 94.44 76.92 20.83 44.44 79.17 71.43 15.38 72.22 59.38 79.31 57.58 57.69 62.86 70.00 59.46 70.00 29.41 65.00 0.00 83.33 75.86 23.08 40.74 64.00 72.73 87.50 40.00 85.71 87.50
62.86=77.42 100.00 72.00 67.86 13.79 47.92 72.00 88.89 5.56 82.35 62.86 69.70 55.88 56.00 75.00 75.76 70.59 78.57 45.45 76.47 0.00 89.29 62.07 61.54 47.62 50.00 63.64 81.25 50.00 85.71 63.64
62.72=88.89 100.00 85.71 73.08 20.00 47.83 83.33 65.22 5.26 77.78 61.76 72.73 58.82 63.64 64.71 69.70 70.59 82.76 36.67 54.55 0.00 88.89 73.33 40.00 50.00 54.17 72.73 87.50 45.45 71.43 77.78
60.89=82.14 100.00 85.00 73.08 19.23 46.00 80.00 63.64 5.56 68.42 58.97 78.57 55.88 50.00 64.71 66.67 66.67 77.42 37.50 81.25 0.00 75.00 71.43 41.18 40.00 51.85 54.55 71.43 35.71 100.00 85.71
83.70=63.64 100.00 100.00 60.00 100.00 57.14 100.00 80.00 100.00 100.00 100.00 85.71 83.33 57.14 100.00 90.91 77.78 87.50 100.00 100.00 0.00 75.00 100.00 100.00 87.50 75.00 83.33 75.00 55.56 100.00 100.00
86.74=77.78 100.00 83.33 100.00 100.00 66.67 100.00 100.00 80.00 71.43 100.00 100.00 100.00 100.00 77.78 100.00 80.00 100.00 100.00 100.00 0.00 100.00 100.00 60.00 87.50 60.00 100.00 100.00 44.44 100.00 100.00
85.55=70.00 100.00 100.00 100.00 75.00 63.64 90.00 66.67 80.00 83.33 87.50 100.00 87.50 100.00 88.89 90.91 100.00 100.00 100.00 100.00 0.00 100.00 100.00 80.00 77.78 75.00 100.00 87.50 62.50 85.71 100.00
84.62=70.00 100.00 100.00 66.67 66.67 70.00 100.00 100.00 83.33 83.33 87.50 87.50 100.00 100.00 72.73 100.00 88.89 100.00 100.00 100.00 0.00 83.33 100.00 66.67 75.00 75.00 100.00 100.00 66.67 100.00 80.00
86.32=77.78 100.00 100.00 100.00 66.67 66.67 100.00 80.00 100.00 100.00 100.00 83.33 77.78 100.00 100.00 91.67 87.50 100.00 77.78 100.00 0.00 83.33 100.00 66.67 77.78 100.00 100.00 100.00 55.56 83.33 100.00
81.50=70.00 100.00 100.00 66.67 66.67 63.64 100.00 50.00 100.00 83.33 100.00 100.00 80.00 80.00 53.85 100.00 100.00 100.00 85.71 80.00 0.00 100.00 100.00 100.00 100.00 0.00 66.67 100.00 80.00 100.00 100.00
82.38=75.00 100.00 100.00 75.00 100.00 53.33 90.00 50.00 66.67 100.00 100.00 85.71 100.00 80.00 85.71 100.00 88.89 87.50 100.00 77.78 0.00 100.00 83.33 100.00 72.73 25.00 85.71 100.00 71.43 100.00 100.00
84.67=77.78 100.00 100.00 75.00 100.00 53.85 100.00 57.14 100.00 71.43 87.50 100.00 100.00 100.00 50.00 88.89 100.00 87.50 100.00 80.00 0.00 100.00 85.71 100.00 100.00 50.00 100.00 100.00 80.00 100.00 80.00
81.32=77.78 100.00 100.00 75.00 80.00 66.67 100.00 66.67 71.43 100.00 100.00 100.00 88.89 100.00 77.78 87.50 87.50 87.50 100.00 66.67 0.00 100.00 100.00 83.33 100.00 0.00 100.00 88.89 57.14 83.33 75.00
87.21=87.50 100.00 100.00 60.00 100.00 66.67 100.00 80.00 100.00 100.00 87.50 87.50 100.00 100.00 70.00 100.00 100.00 87.50 100.00 77.78 0.00 100.00 100.00 85.71 100.00 33.33 100.00 100.00 80.00 100.00 100.00
60.52=88.89 100.00 85.71 76.92 19.23 45.28 83.33 78.95 7.14 77.78 56.10 57.50 47.06 50.00 74.07 67.65 65.62 80.77 41.38 63.16 0.00 85.19 70.37 31.25 48.00 72.22 50.00 81.25 33.33 71.43 66.67
61.61=82.76 100.00 94.74 67.86 16.67 46.94 76.00 63.64 5.56 86.67 60.00 72.73 62.50 62.50 61.54 72.41 70.97 78.57 35.00 65.00 0.00 74.29 72.41 50.00 42.86 59.09 61.54 73.33 36.00 85.71 72.73
62.66=88.46 95.65 89.47 83.33 12.50 48.98 90.91 63.64 0.00 88.24 50.00 82.76 61.11 68.00 62.86 71.43 70.97 80.00 33.33 71.43 0.00 69.70 66.67 37.50 52.38 59.09 70.00 72.22 42.86 71.43 87.50
61.98=78.57 100.00 86.36 67.86 18.18 43.14 90.91 70.83 17.65 80.00 52.50 73.33 59.38 58.33 72.41 68.57 79.31 76.67 31.25 63.16 0.00 80.65 71.88 37.50 47.37 56.00 58.33 82.35 42.86 83.33 72.73
62.14=92.31 95.45 81.82 70.37 11.76 43.64 80.00 58.33 12.50 80.00 53.66 79.31 50.00 65.00 62.50 76.67 74.19 79.31 36.36 81.25 0.00 72.73 76.00 37.50 44.00 63.64 72.73 82.35 23.81 83.33 85.71
78.60=87.50 100.00 87.50 75.00 66.67 61.54 100.00 66.67 66.67 100.00 100.00 87.50 57.14 60.00 87.50 53.85 100.00 100.00 100.00 80.00 0.00 57.14 100.00 83.33 62.50 100.00 100.00 88.89 57.14 100.00 50.00
81.45=87.50 100.00 87.50 75.00 100.00 63.64 100.00 57.14 80.00 83.33 70.00 77.78 100.00 80.00 80.00 100.00 87.50 100.00 100.00 100.00 0.00 60.00 83.33 66.67 100.00 66.67 85.71 100.00 83.33 100.00 50.00
84.86=87.50 100.00 85.71 100.00 100.00 63.64 100.00 66.67 83.33 100.00 100.00 100.00 77.78 80.00 87.50 88.89 100.00 87.50 100.00 72.73 0.00 83.33 71.43 71.43 100.00 100.00 100.00 100.00 62.50 85.71 75.00
79.88=100.00 100.00 75.00 100.00 66.67 50.00 90.91 50.00 50.00 83.33 87.50 100.00 87.50 66.67 83.33 100.00 100.00 100.00 100.00 100.00 0.00 57.14 100.00 55.56 77.78 40.00 100.00 100.00 80.00 100.00 75.00
85.30=100.00 100.00 85.71 100.00 100.00 61.54 100.00 80.00 100.00 100.00 100.00 100.00 70.00 83.33 72.73 88.89 88.89 77.78 100.00 100.00 0.00 83.33 80.00 100.00 88.89 75.00 100.00 83.33 75.00 100.00 50.00
63.32=95.45 95.45 85.71 82.61 16.67 48.98 88.46 66.67 22.22 76.19 56.52 67.74 61.29 83.33 72.41 61.76 72.41 81.48 33.33 90.00 0.00 77.42 75.00 25.00 55.56 57.14 64.71 64.71 33.33 66.67 84.62
65.66=96.00 90.91 90.48 74.07 15.38 44.00 87.50 66.67 38.89 85.71 70.27 71.88 73.08 73.08 80.77 62.86 82.76 83.33 39.39 76.00 0.00 88.89 70.59 29.41 61.90 60.00 50.00 63.16 43.75 80.00 84.62
65.90=92.00 100.00 94.74 86.36 14.81 50.00 80.00 64.00 36.84 80.00 61.11 73.33 62.96 79.31 76.67 64.10 77.42 91.30 39.29 81.82 0.00 89.29 72.73 26.67 45.83 54.55 52.94 63.16 57.14 90.00 84.62
66.29=88.89 95.24 94.74 80.00 14.29 46.94 84.62 72.73 23.81 77.78 69.44 84.00 61.76 77.78 85.19 67.65 85.19 88.00 37.14 81.82 0.00 83.33 74.19 16.67 62.50 63.16 62.50 69.57 47.06 87.50 71.43
63.42=88.89 95.65 94.44 83.33 11.54 48.00 95.83 64.00 27.27 81.82 71.43 72.41 62.96 79.31 73.08 61.11 74.19 88.00 22.22 85.00 0.00 80.65 78.12 17.65 47.37 48.15 58.82 68.42 38.46 75.00 72.73
82.17=100.00 100.00 100.00 100.00 66.67 61.54 83.33 50.00 62.50 71.43 87.50 100.00 100.00 100.00 80.00 88.89 66.67 77.78 100.00 100.00 0.00 57.14 100.00 62.50 85.71 100.00 85.71 100.00 80.00 100.00 80.00
85.15=77.78 100.00 100.00 60.00 100.00 61.54 90.91 80.00 66.67 100.00 100.00 100.00 87.50 100.00 100.00 90.00 80.00 100.00 100.00 100.00 0.00 71.43 100.00 66.67 100.00 100.00 85.71 100.00 71.43 100.00 50.00
82.94=87.50 100.00 85.71 100.00 80.00 66.67 100.00 66.67 71.43 100.00 70.00 87.50 85.71 100.00 100.00 87.50 85.71 87.50 85.71 77.78 0.00 50.00 85.71 100.00 87.50 100.00 100.00 87.50 75.00 100.00 60.00
86.78=100.00 100.00 85.71 100.00 100.00 66.67 100.00 80.00 71.43 100.00 100.00 100.00 100.00 100.00 100.00 81.82 88.89 100.00 83.33 70.00 0.00 83.33 100.00 100.00 100.00 40.00 85.71 87.50 100.00 85.71 80.00
85.35=87.50 100.00 100.00 100.00 80.00 61.54 100.00 57.14 83.33 100.00 100.00 85.71 75.00 100.00 88.89 88.89 88.89 100.00 100.00 88.89 0.00 71.43 85.71 85.71 100.00 100.00 85.71 85.71 85.71 100.00 60.00
78.72=87.50 100.00 100.00 60.00 66.67 60.00 100.00 80.00 80.00 100.00 100.00 75.00 88.89 83.33 87.50 100.00 80.00 71.43 71.43 100.00 0.00 83.33 100.00 60.00 66.67 75.00 85.71 87.50 57.14 83.33 50.00
86.46=77.78 100.00 100.00 75.00 100.00 61.54 100.00 100.00 80.00 100.00 100.00 100.00 100.00 80.00 100.00 100.00 80.00 100.00 100.00 100.00 0.00 71.43 100.00 66.67 77.78 60.00 83.33 100.00 66.67 100.00 100.00
80.23=77.78 100.00 100.00 75.00 66.67 46.67 100.00 100.00 100.00 100.00 100.00 71.43 85.71 71.43 80.00 100.00 100.00 100.00 100.00 100.00 0.00 80.00 100.00 50.00 83.33 50.00 85.71 66.67 44.44 85.71 66.67
85.02=77.78 100.00 100.00 50.00 100.00 66.67 88.89 80.00 100.00 100.00 100.00 100.00 100.00 100.00 100.00 100.00 88.89 100.00 100.00 88.89 0.00 71.43 80.00 100.00 75.00 60.00 100.00 88.89 50.00 85.71 83.33
84.13=77.78 100.00 100.00 100.00 100.00 58.33 100.00 80.00 83.33 83.33 77.78 100.00 77.78 100.00 100.00 90.00 80.00 100.00 75.00 100.00 0.00 71.43 85.71 100.00 71.43 100.00 85.71 100.00 55.56 75.00 80.00
63.27=88.89 95.45 85.71 76.92 19.23 43.40 82.61 70.59 23.08 76.47 51.16 73.33 58.06 61.54 67.65 65.62 77.42 79.31 40.74 77.78 0.00 82.14 76.00 35.71 45.83 57.14 61.54 78.95 39.13 80.00 90.00
61.42=82.76 100.00 85.00 68.97 20.83 46.81 86.96 64.00 10.53 68.42 62.86 70.00 56.76 53.33 71.88 69.70 64.71 78.57 32.26 70.00 0.00 85.19 75.86 35.71 40.00 61.90 66.67 78.57 32.00 100.00 63.64
61.85=88.89 100.00 80.95 74.07 13.64 44.44 86.96 70.00 5.88 93.33 63.16 84.00 55.88 56.67 65.62 72.73 71.88 63.89 35.71 52.38 0.00 83.33 71.43 35.71 41.67 59.09 80.00 81.25 34.78 87.50 62.50
62.72=85.19 95.45 81.82 73.08 16.67 45.83 86.96 54.55 7.14 93.75 56.41 76.67 60.53 62.50 68.57 72.73 76.67 82.76 33.33 70.59 0.00 76.67 76.00 37.50 50.00 50.00 63.64 76.47 42.86 80.00 90.00
62.81=85.71 100.00 85.71 74.07 21.74 44.90 83.33 68.18 9.09 81.25 55.56 70.59 51.35 61.54 64.86 82.14 70.00 84.62 34.38 63.64 0.00 77.42 68.75 46.15 61.11 50.00 71.43 83.33 36.00 83.33 76.92
85.54=87.50 100.00 100.00 37.50 80.00 57.14 90.91 57.14 100.00 100.00 100.00 100.00 100.00 100.00 87.50 100.00 100.00 100.00 100.00 85.71 0.00 80.00 100.00 100.00 81.82 40.00 100.00 100.00 66.67 100.00 100.00
81.55=63.64 100.00 100.00 100.00 100.00 66.67 100.00 42.86 100.00 100.00 85.71 100.00 87.50 83.33 75.00 70.00 100.00 100.00 100.00 66.67 0.00 100.00 80.00 83.33 77.78 0.00 85.71 100.00 60.00 100.00 100.00
83.01=87.50 100.00 100.00 60.00 100.00 43.75 90.00 50.00 100.00 100.00 100.00 100.00 88.89 100.00 50.00 100.00 100.00 100.00 100.00 80.00 0.00 100.00 100.00 83.33 81.82 33.33 100.00 88.89 50.00 85.71 100.00
85.79=70.00 100.00 100.00 75.00 100.00 61.54 100.00 80.00 71.43 100.00 87.50 100.00 100.00 83.33 75.00 100.00 100.00 100.00 100.00 80.00 0.00 83.33 87.50 100.00 100.00 25.00 100.00 100.00 80.00 100.00 100.00
83.18=77.78 100.00 100.00 75.00 66.67 57.14 100.00 57.14 100.00 100.00 100.00 85.71 100.00 80.00 66.67 100.00 100.00 100.00 83.33 80.00 0.00 100.00 100.00 85.71 100.00 33.33 100.00 100.00 50.00 100.00 80.00
85.57=100.00 100.00 85.71 100.00 80.00 66.67 100.00 80.00 71.43 66.67 87.50 100.00 100.00 100.00 100.00 90.91 88.89 100.00 100.00 100.00 0.00 80.00 100.00 71.43 100.00 60.00 100.00 80.00 83.33 100.00 60.00
83.51=100.00 100.00 100.00 100.00 80.00 61.54 90.00 50.00 66.67 100.00 77.78 100.00 87.50 71.43 100.00 100.00 100.00 100.00 100.00 77.78 0.00 71.43 71.43 83.33 100.00 50.00 100.00 100.00 83.33 100.00 66.67
80.46=77.78 100.00 100.00 100.00 100.00 58.33 100.00 42.86 40.00 83.33 87.50 100.00 85.71 80.00 75.00 100.00 100.00 100.00 85.71 77.78 0.00 66.67 85.71 85.71 100.00 50.00 85.71 80.00 71.43 100.00 75.00
83.80=87.50 100.00 100.00 100.00 100.00 61.54 81.82 57.14 71.43 100.00 87.50 100.00 77.78 100.00 100.00 100.00 85.71 77.78 100.00 80.00 0.00 62.50 75.00 85.71 100.00 75.00 100.00 100.00 71.43 100.00 60.00
85.43=100.00 100.00 87.50 75.00 100.00 66.67 100.00 66.67 71.43 100.00 77.78 87.50 85.71 100.00 100.00 100.00 88.89 100.00 100.00 100.00 0.00 62.50 66.67 100.00 100.00 75.00 100.00 100.00 71.43 85.71 80.00
64.36=82.76 95.45 94.44 83.33 18.52 47.06 84.00 68.42 7.14 87.50 54.76 64.71 62.50 57.58 75.00 73.33 70.97 80.00 35.48 76.47 0.00 85.19 78.57 46.67 47.37 65.00 61.54 80.00 47.83 63.64 100.00
63.60=75.86 95.45 85.00 76.00 19.23 47.92 90.91 72.22 5.88 81.25 56.76 71.88 57.14 63.33 65.71 75.00 68.57 76.67 31.25 72.22 0.00 78.12 73.33 53.85 52.94 59.09 63.64 86.67 50.00 85.71 80.00
63.53=85.71 100.00 80.00 71.43 17.24 48.94 82.61 68.42 11.76 82.35 52.38 79.31 58.54 59.26 70.97 75.00 67.65 79.31 33.33 60.00 0.00 83.33 70.00 50.00 45.45 61.90 69.23 100.00 42.86 71.43 90.91
63.60=95.65 100.00 84.21 76.92 10.71 51.11 90.91 69.23 7.14 68.42 56.10 77.42 56.76 57.69 63.16 82.76 63.64 77.78 44.44 73.68 0.00 85.71 74.07 43.75 48.15 63.64 81.82 85.71 33.33 75.00 72.73
65.47=85.71 100.00 90.00 74.07 12.50 43.40 79.17 58.33 4.76 88.24 57.89 80.77 60.98 58.33 70.00 73.53 79.31 75.00 29.63 77.78 0.00 85.71 76.67 50.00 57.14 60.87 63.64 88.24 48.00 100.00 100.00
64.65=88.00 91.30 90.00 80.00 16.13 47.92 87.50 85.71 42.11 80.95 64.86 70.37 68.97 76.92 62.16 75.86 70.27 79.31 30.00 79.17 0.00 85.71 74.19 12.50 52.63 52.00 62.50 66.67 41.67 77.78 90.91
64.08=85.71 100.00 95.00 73.08 9.68 44.90 79.31 57.14 30.77 75.00 67.57 86.96 59.38 70.00 63.33 57.14 67.57 91.30 41.94 89.47 0.00 80.65 78.12 20.00 47.06 52.17 60.00 65.38 60.00 77.78 100.00
64.84=85.71 95.45 90.00 90.91 17.14 47.06 91.30 66.67 25.00 61.54 68.42 77.78 60.00 77.27 67.65 64.52 78.79 85.19 36.36 73.91 0.00 85.19 75.00 13.33 55.56 66.67 64.71 71.43 40.00 87.50 90.00
64.50=92.31 100.00 94.74 85.71 16.67 46.00 88.00 68.42 28.57 85.00 62.50 82.61 60.71 69.23 73.33 62.16 74.29 91.67 32.26 76.47 0.00 81.25 74.19 14.29 46.67 59.09 55.00 68.00 37.50 72.73 100.00
64.85=96.00 95.45 95.00 86.36 16.67 45.28 88.00 66.67 33.33 73.91 65.00 74.07 65.38 70.37 79.31 55.00 81.25 83.33 35.29 85.71 0.00 96.15 75.00 13.33 57.14 52.00 50.00 70.83 41.18 80.00 83.33
64.28=92.31 95.45 89.47 79.17 17.86 50.00 76.00 71.43 7.14 86.67 55.26 68.57 55.56 51.52 70.59 73.33 70.59 74.07 35.29 75.00 0.00 80.00 78.26 50.00 40.00 57.69 53.85 87.50 50.00 100.00 100.00
60.51=96.00 100.00 89.47 76.92 27.27 44.00 80.00 56.52 12.50 73.68 61.54 65.62 54.29 65.22 67.74 76.67 66.67 72.41 21.62 57.14 0.00 78.12 77.78 35.71 42.86 52.17 54.55 92.86 44.00 62.50 70.00
64.21=76.67 100.00 90.48 79.17 18.52 46.81 90.48 64.00 6.67 82.35 60.00 82.14 52.50 65.38 60.61 75.76 74.19 77.78 31.25 66.67 0.00 75.76 69.23 53.33 47.37 53.57 77.78 88.24 46.15 100.00 77.78
63.61=85.71 100.00 89.47 68.97 20.00 44.00 91.30 77.27 11.11 72.22 58.33 74.07 55.88 59.26 71.88 68.75 79.31 79.31 28.57 68.42 0.00 79.31 83.33 43.75 36.84 59.09 72.73 85.71 32.14 75.00 100.00
64.20=100.00 100.00 94.74 73.08 31.58 42.31 85.71 68.18 5.88 76.47 58.33 75.86 55.56 64.29 61.29 80.00 76.67 77.42 28.21 56.52 0.00 78.79 72.41 46.67 42.11 57.69 70.00 88.89 50.00 71.43 100.00
81.95=100.00 100.00 100.00 50.00 66.67 61.54 100.00 80.00 83.33 100.00 87.50 100.00 85.71 75.00 88.89 87.50 87.50 87.50 77.78 88.89 0.00 66.67 100.00 57.14 88.89 100.00 100.00 87.50 66.67 85.71 80.00
82.29=100.00 100.00 87.50 100.00 57.14 66.67 100.00 80.00 66.67 83.33 77.78 100.00 100.00 100.00 87.50 85.71 88.89 100.00 100.00 88.89 0.00 71.43 87.50 57.14 87.50 50.00 100.00 100.00 75.00 85.71 66.67
87.35=87.50 100.00 100.00 100.00 80.00 66.67 100.00 80.00 55.56 83.33 87.50 100.00 87.50 80.00 100.00 100.00 100.00 100.00 100.00 100.00 0.00 66.67 100.00 85.71 100.00 100.00 100.00 87.50 60.00 100.00 100.00
81.32=87.50 100.00 100.00 60.00 100.00 53.33 100.00 50.00 83.33 100.00 87.50 100.00 100.00 100.00 85.71 77.78 100.00 100.00 85.71 88.89 0.00 62.50 83.33 62.50 100.00 50.00 100.00 100.00 57.14 85.71 60.00
85.06=77.78 100.00 100.00 100.00 100.00 61.54 100.00 100.00 71.43 83.33 87.50 100.00 87.50 100.00 77.78 100.00 100.00 100.00 83.33 100.00 0.00 57.14 100.00 62.50 100.00 50.00 100.00 100.00 57.14 100.00 80.00
60.76=91.67 100.00 90.00 66.67 16.00 53.33 78.57 72.22 16.67 81.25 63.16 56.10 57.89 72.73 54.05 77.78 71.88 69.70 29.17 73.33 0.00 84.62 78.26 8.33 57.89 50.00 70.00 72.73 31.82 54.55 83.33
59.90=85.19 100.00 94.44 55.17 9.52 43.14 91.67 65.22 18.52 63.16 56.82 65.71 57.14 72.00 65.52 76.00 75.86 71.43 29.03 52.63 0.00 76.67 79.17 8.33 60.00 57.69 72.22 83.33 50.00 71.43 50.00
60.34=88.46 100.00 94.44 70.00 8.70 54.55 91.30 72.00 20.00 76.47 59.52 62.16 51.35 77.78 67.74 63.33 78.12 83.33 25.81 66.67 0.00 84.62 71.43 6.67 56.25 55.56 73.68 65.00 45.45 50.00 50.00
64.03=96.00 100.00 94.74 72.00 7.41 49.02 85.19 73.91 30.43 69.57 65.00 62.16 65.52 90.48 71.43 65.62 80.65 84.00 30.77 61.54 0.00 88.46 83.33 7.14 52.38 53.57 87.50 83.33 50.00 57.14 66.67
61.50=81.48 100.00 100.00 62.50 12.50 51.06 91.30 65.22 24.14 68.42 60.98 70.59 66.67 72.73 67.74 75.00 83.33 88.00 22.58 59.09 0.00 84.00 78.26 6.67 55.00 65.22 75.00 80.00 50.00 46.15 42.86
83.27=70.00 100.00 100.00 75.00 100.00 61.54 100.00 100.00 71.43 100.00 87.50 100.00 83.33 60.00 77.78 83.33 87.50 87.50 85.71 77.78 0.00 83.33 100.00 75.00 100.00 60.00 100.00 100.00 54.55 100.00 100.00
82.72=77.78 100.00 100.00 75.00 80.00 66.67 100.00 100.00 80.00 71.43 87.50 85.71 85.71 100.00 100.00 100.00 75.00 100.00 83.33 88.89 0.00 50.00 85.71 100.00 87.50 42.86 100.00 100.00 55.56 85.71 100.00
85.25=77.78 100.00 100.00 75.00 100.00 66.67 100.00 100.00 100.00 100.00 85.71 87.50 100.00 100.00 77.78 90.91 80.00 87.50 100.00 88.89 0.00 83.33 87.50 100.00 83.33 75.00 100.00 80.00 50.00 85.71 80.00
84.88=77.78 100.00 100.00 100.00 100.00 61.54 90.91 100.00 80.00 83.33 100.00 100.00 85.71 75.00 100.00 90.00 77.78 87.50 100.00 87.50 0.00 83.33 100.00 100.00 71.43 75.00 85.71 80.00 55.56 83.33 100.00
85.80=70.00 100.00 100.00 75.00 100.00 66.67 90.00 100.00 100.00 100.00 77.78 87.50 100.00 83.33 88.89 81.82 87.50 100.00 100.00 100.00 0.00 83.33 100.00 80.00 87.50 60.00 100.00 100.00 57.14 83.33 100.00
62.50=82.76 95.45 78.26 86.96 15.62 48.98 91.67 81.25 21.43 77.27 61.90 74.19 62.07 70.97 73.33 59.46 88.89 73.08 33.33 86.36 0.00 82.76 79.31 16.67 38.89 68.42 52.94 65.00 26.67 66.67 76.92
67.41=92.00 100.00 95.00 91.30 17.86 47.06 90.91 75.00 25.00 84.21 62.16 76.92 57.14 73.33 76.67 61.11 83.33 88.00 40.54 78.26 0.00 83.33 89.29 17.65 68.42 68.42 61.11 75.00 36.36 83.33 90.91
64.70=92.31 100.00 94.74 74.07 20.00 45.65 86.96 72.73 14.29 72.00 67.57 75.86 64.29 81.48 69.70 62.16 83.87 84.00 37.14 82.61 0.00 89.29 83.33 13.33 47.62 70.59 63.16 66.67 30.77 77.78 81.82
67.67=88.46 100.00 89.47 95.24 16.67 48.00 88.00 68.18 21.05 78.26 62.50 78.57 68.97 80.00 85.19 64.71 86.21 86.96 41.18 81.82 0.00 92.59 77.42 26.67 47.62 57.14 58.82 80.95 53.85 90.00 83.33
66.97=85.19 95.45 86.36 87.50 20.83 46.00 95.45 78.26 35.71 75.00 68.57 78.57 65.52 84.62 75.86 61.11 68.57 80.77 38.89 79.17 0.00 83.33 82.14 23.53 61.90 63.16 64.71 75.00 45.45 77.78 91.67
79.82=70.00 100.00 100.00 75.00 100.00 61.54 88.89 40.00 100.00 100.00 100.00 100.00 85.71 66.67 66.67 66.67 100.00 87.50 71.43 87.50 0.00 100.00 100.00 80.00 71.43 40.00 100.00 88.89 60.00 100.00 66.67
79.48=70.00 83.33 87.50 75.00 100.00 61.54 81.82 75.00 100.00 66.67 77.78 100.00 100.00 100.00 62.50 85.71 87.50 100.00 100.00 72.73 0.00 100.00 85.71 80.00 75.00 33.33 100.00 77.78 50.00 100.00 75.00
79.99=77.78 71.43 100.00 50.00 80.00 53.85 100.00 42.86 80.00 100.00 87.50 100.00 88.89 100.00 70.00 85.71 100.00 100.00 100.00 77.78 0.00 100.00 75.00 100.00 88.89 25.00 100.00 70.00 75.00 100.00 80.00
84.55=87.50 100.00 100.00 100.00 100.00 61.54 100.00 57.14 83.33 100.00 87.50 87.50 100.00 100.00 62.50 100.00 87.50 87.50 100.00 80.00 0.00 83.33 100.00 100.00 85.71 50.00 100.00 80.00 80.00 100.00 60.00
79.60=87.50 100.00 100.00 60.00 100.00 60.00 100.00 42.86 50.00 66.67 87.50 100.00 100.00 100.00 50.00 77.78 88.89 87.50 100.00 88.89 0.00 80.00 66.67 83.33 75.00 100.00 100.00 100.00 40.00 100.00 75.00
64.94=92.31 90.91 100.00 86.96 21.74 45.28 88.46 75.00 12.50 77.27 58.54 56.76 55.88 82.76 76.67 72.41 77.42 84.62 29.73 95.00 0.00 85.71 86.67 6.67 61.54 50.00 71.43 70.83 30.00 80.00 90.00
65.96=92.31 100.00 90.48 76.00 26.32 47.06 88.00 75.00 33.33 80.95 68.57 83.33 64.52 81.48 68.75 60.00 78.79 76.92 31.58 85.71 0.00 92.59 75.86 13.33 40.00 65.00 58.82 76.00 35.71 87.50 90.91
66.15=88.89 100.00 94.74 84.00 18.18 46.00 85.19 66.67 13.33 73.91 69.44 70.37 56.67 76.67 77.42 57.14 86.67 80.77 40.00 82.61 0.00 92.31 82.14 20.00 66.67 60.00 68.75 72.73 50.00 78.57 90.91
67.03=95.65 95.45 100.00 86.96 19.05 47.92 95.65 66.67 23.08 77.27 72.22 73.08 60.00 91.67 74.19 66.67 83.87 83.33 30.56 89.47 0.00 79.31 83.33 23.53 45.00 59.09 64.71 76.00 43.75 85.71 84.62
66.43=87.50 95.24 86.36 78.26 22.73 45.10 84.62 76.19 20.00 78.26 69.44 86.36 61.54 80.77 79.31 52.27 86.21 84.62 47.06 82.61 0.00 85.19 92.59 23.81 50.00 52.17 53.33 66.67 54.55 76.47 100.00
60.90=82.14 95.65 95.00 73.08 8.70 51.02 87.50 71.43 23.81 68.42 57.50 62.16 71.43 65.52 65.52 70.83 80.00 76.92 23.53 44.00 0.00 88.89 85.00 8.33 52.63 46.88 65.00 94.44 47.06 70.00 55.56
62.73=91.30 100.00 90.00 60.71 6.67 49.02 88.46 69.57 17.24 68.42 58.54 66.67 62.50 72.00 72.41 72.41 75.00 83.33 25.93 63.16 0.00 77.42 73.08 10.00 59.09 68.18 88.24 83.33 42.11 50.00 100.00
62.23=95.83 100.00 100.00 68.97 16.00 45.45 95.65 72.73 15.79 73.68 55.56 68.75 58.82 79.17 66.67 67.74 74.19 84.00 19.35 52.17 0.00 80.77 76.00 6.67 50.00 53.57 73.68 82.35 40.91 54.55 100.00
60.50=92.00 95.65 94.74 66.67 8.33 47.92 84.00 66.67 13.64 65.00 58.54 62.86 65.71 76.00 65.62 77.78 86.21 84.00 18.75 52.63 0.00 82.14 83.33 6.67 60.00 51.85 75.00 81.25 40.00 55.56 57.14
62.19=95.83 100.00 89.47 64.29 7.14 49.02 82.14 61.54 19.05 75.00 67.65 69.70 64.71 81.48 63.33 72.41 76.67 85.19 21.43 57.14 0.00 86.21 83.33 0.00 58.82 55.56 72.22 89.47 44.44 54.55 80.00
77.48=66.67 100.00 100.00 50.00 66.67 66.67 100.00 80.00 80.00 71.43 77.78 87.50 83.33 60.00 83.33 100.00 100.00 100.00 100.00 100.00 0.00 71.43 83.33 66.67 71.43 60.00 100.00 100.00 37.50 71.43 66.67
81.38=77.78 100.00 100.00 75.00 100.00 66.67 90.91 100.00 42.86 62.50 77.78 100.00 100.00 75.00 75.00 100.00 77.78 100.00 87.50 100.00 0.00 66.67 100.00 100.00 83.33 60.00 100.00 87.50 50.00 66.67 100.00
83.57=70.00 100.00 100.00 100.00 80.00 58.33 100.00 66.67 83.33 100.00 87.50 85.71 100.00 100.00 77.78 100.00 87.50 100.00 100.00 87.50 0.00 100.00 100.00 50.00 100.00 50.00 85.71 80.00 57.14 83.33 100.00
84.37=85.71 100.00 100.00 100.00 100.00 61.54 100.00 80.00 80.00 71.43 70.00 100.00 87.50 100.00 87.50 100.00 88.89 85.71 100.00 100.00 0.00 66.67 100.00 100.00 77.78 60.00 100.00 70.00 57.14 85.71 100.00
83.62=77.78 100.00 100.00 75.00 100.00 53.33 83.33 80.00 71.43 100.00 70.00 87.50 100.00 100.00 77.78 80.00 88.89 100.00 100.00 88.89 0.00 75.00 100.00 75.00 100.00 75.00 100.00 100.00 50.00 83.33 100.00
64.05=95.65 95.24 94.74 86.96 18.52 51.06 83.33 66.67 18.75 65.22 63.16 58.33 66.67 71.88 61.11 69.70 74.19 83.33 37.50 85.00 0.00 85.71 85.71 20.00 66.67 48.15 52.38 70.83 54.55 70.00 84.62
67.21=92.00 95.65 94.74 91.30 17.39 51.06 95.24 66.67 37.50 85.71 68.57 67.74 67.74 77.78 70.97 64.86 70.27 83.33 41.18 81.82 0.00 75.86 86.21 33.33 57.89 66.67 61.11 77.27 46.15 66.67 90.91
65.83=88.89 100.00 94.74 80.77 13.04 51.06 78.57 72.73 25.00 81.82 69.44 80.77 62.07 91.30 62.86 66.67 80.65 84.00 33.33 77.27 0.00 83.33 92.59 6.67 50.00 60.00 55.56 75.86 30.77 90.91 100.00
68.08=92.00 100.00 100.00 83.33 20.83 45.83 84.62 77.78 16.67 78.26 74.19 78.57 57.14 72.41 78.57 60.00 81.25 80.00 39.39 95.00 0.00 92.86 83.33 17.65 69.23 52.00 58.82 76.00 53.85 100.00 90.91
66.92=87.50 95.65 94.74 76.00 19.23 43.64 95.83 62.50 31.25 80.95 76.47 73.08 64.29 75.86 75.00 64.86 82.76 87.50 33.33 90.48 0.00 83.87 89.66 22.22 52.38 54.55 58.82 71.43 50.00 88.89 91.67
61.41=85.19 100.00 100.00 66.67 4.55 46.30 91.67 65.00 19.23 57.14 61.54 58.97 74.19 62.50 64.52 80.00 80.00 82.14 27.59 64.71 0.00 91.67 76.00 6.25 57.89 62.50 75.00 83.33 36.84 66.67 55.56
60.57=92.00 100.00 80.00 71.43 13.04 55.56 95.83 68.00 7.69 76.47 58.97 65.71 68.75 84.00 65.62 65.62 71.88 85.71 28.00 57.89 0.00 70.97 81.82 0.00 45.00 60.00 88.24 78.95 33.33 50.00 57.14
61.82=88.46 95.65 94.74 67.86 11.76 53.19 100.00 72.73 14.29 68.75 64.86 62.16 59.38 72.00 75.86 65.62 71.43 82.14 25.00 63.64 0.00 85.19 86.36 5.88 60.00 64.00 81.25 72.22 42.11 50.00 60.00
63.48=95.83 100.00 90.00 64.52 4.55 51.11 95.65 62.07 19.35 72.22 61.54 62.86 63.64 70.83 63.64 75.00 78.12 92.00 24.14 71.43 0.00 81.48 83.33 6.25 61.11 80.00 76.47 82.35 45.00 66.67 66.67
62.79=96.00 100.00 94.12 64.52 9.52 48.94 95.65 62.96 16.67 76.47 58.54 71.88 70.00 77.78 71.43 63.64 80.65 80.00 24.14 66.67 0.00 81.48 74.07 5.88 64.71 75.00 76.47 85.00 44.44 50.00 60.00
65.11=88.46 95.24 85.00 74.07 26.92 42.11 83.33 66.67 20.00 77.78 63.89 61.11 55.88 54.29 61.54 82.14 76.67 88.46 30.00 87.50 0.00 92.31 84.00 38.46 68.75 63.64 53.85 95.00 46.67 63.64 90.91
63.25=92.00 95.65 95.00 66.67 20.83 51.06 87.50 68.00 0.00 70.00 65.62 72.41 56.76 65.38 71.88 69.70 69.70 88.89 31.03 75.00 0.00 83.33 73.33 58.33 47.62 54.17 61.54 88.89 50.00 55.56 75.00
64.88=92.00 100.00 94.12 76.00 24.00 46.94 80.00 62.50 10.00 83.33 62.86 63.89 61.11 64.29 71.88 75.86 82.14 76.67 26.67 76.47 0.00 75.00 76.67 46.15 44.44 66.67 69.23 86.36 50.00 75.00 90.91
66.51=92.31 95.45 89.47 66.67 22.22 42.59 91.30 68.18 11.76 82.35 54.55 73.33 52.94 62.07 73.33 70.00 81.48 87.50 27.59 73.68 0.00 86.67 78.57 41.18 45.83 72.22 80.00 86.36 52.17 100.00 100.00
63.73=88.89 95.24 100.00 70.37 21.74 46.94 80.77 66.67 5.56 82.35 55.00 62.86 47.37 71.43 62.86 78.12 78.57 82.76 25.93 78.95 0.00 88.89 79.17 36.84 47.37 63.64 61.54 85.71 43.48 77.78 88.89
74.69=60.00 100.00 100.00 66.67 80.00 63.64 100.00 80.00 60.00 55.56 87.50 83.33 87.50 60.00 75.00 100.00 75.00 100.00 100.00 100.00 0.00 66.67 100.00 66.67 71.43 42.86 85.71 70.00 44.44 83.33 50.00
81.90=70.00 100.00 100.00 60.00 100.00 61.54 100.00 80.00 66.67 71.43 100.00 85.71 100.00 60.00 80.00 100.00 77.78 100.00 87.50 100.00 0.00 100.00 100.00 66.67 100.00 75.00 100.00 100.00 33.33 83.33 80.00
80.64=77.78 100.00 100.00 75.00 80.00 57.14 90.91 100.00 66.67 100.00 85.71 100.00 100.00 80.00 85.71 100.00 80.00 100.00 83.33 87.50 0.00 60.00 100.00 50.00 66.67 60.00 100.00 100.00 44.44 85.71 83.33
78.63=83.33 100.00 85.71 60.00 100.00 53.85 100.00 75.00 50.00 71.43 87.50 75.00 83.33 80.00 75.00 100.00 77.78 100.00 100.00 100.00 0.00 50.00 80.00 100.00 75.00 60.00 100.00 70.00 44.44 100.00 100.00
83.20=70.00 100.00 100.00 100.00 100.00 61.54 90.91 80.00 71.43 100.00 85.71 100.00 77.78 100.00 100.00 100.00 87.50 100.00 85.71 88.89 0.00 100.00 100.00 33.33 71.43 75.00 100.00 100.00 50.00 75.00 75.00
60.79=88.89 100.00 94.74 65.52 4.55 54.55 91.67 68.18 22.22 66.67 64.86 51.11 73.53 72.00 69.70 76.00 71.43 75.86 31.25 63.16 0.00 88.46 78.26 0.00 54.55 60.87 82.35 70.59 36.36 50.00 57.14
60.76=88.89 95.65 85.00 64.52 7.69 50.00 95.45 63.64 20.83 72.22 55.00 70.59 59.38 78.26 58.06 72.41 73.53 83.33 33.33 63.64 0.00 85.19 80.00 7.14 47.62 75.00 71.43 82.35 33.33 54.55 55.56
62.21=95.83 100.00 90.00 64.52 9.52 46.30 88.46 73.91 17.86 83.33 63.16 62.16 60.00 82.61 68.97 70.37 75.76 80.77 24.14 68.42 0.00 75.00 76.00 7.69 57.14 80.00 71.43 88.24 35.71 36.36 75.00
62.54=88.89 100.00 100.00 71.43 9.52 48.08 91.67 70.83 16.67 81.25 60.00 66.67 61.11 81.82 68.00 63.33 77.42 81.48 23.33 70.00 0.00 81.48 77.27 5.88 64.71 62.50 83.33 81.25 40.91 60.00 50.00
62.84=92.00 100.00 100.00 64.29 15.79 44.64 92.00 64.00 16.67 77.78 58.54 68.75 77.42 75.00 69.23 67.74 80.65 86.96 18.18 63.16 0.00 82.14 80.00 7.14 61.90 68.18 82.35 76.19 47.37 50.00 60.00
77.74=87.50 83.33 100.00 42.86 80.00 61.54 83.33 33.33 50.00 100.00 100.00 85.71 75.00 60.00 70.00 100.00 100.00 100.00 100.00 88.89 0.00 66.67 100.00 100.00 83.33 66.67 75.00 100.00 66.67 83.33 66.67
78.12=63.64 100.00 100.00 75.00 66.67 53.85 90.00 30.00 75.00 100.00 87.50 100.00 100.00 80.00 87.50 83.33 88.89 100.00 100.00 75.00 0.00 80.00 100.00 80.00 85.71 20.00 100.00 85.71 55.56 83.33 75.00
81.42=70.00 100.00 100.00 75.00 80.00 57.14 100.00 66.67 100.00 83.33 100.00 100.00 88.89 100.00 75.00 87.50 100.00 87.50 100.00 80.00 0.00 100.00 85.71 66.67 100.00 0.00 83.33 100.00 57.14 100.00 80.00
82.25=100.00 100.00 100.00 75.00 80.00 53.85 100.00 44.44 50.00 100.00 77.78 87.50 100.00 100.00 85.71 83.33 100.00 85.71 83.33 80.00 0.00 83.33 100.00 100.00 75.00 66.67 85.71 100.00 66.67 85.71 100.00
78.22=77.78 100.00 87.50 66.67 100.00 57.14 100.00 66.67 42.86 71.43 70.00 85.71 87.50 80.00 85.71 100.00 85.71 85.71 100.00 80.00 0.00 100.00 100.00 75.00 83.33 33.33 100.00 72.73 50.00 80.00 100.00
65.52=88.46 100.00 94.74 76.92 19.05 45.28 80.00 75.00 10.00 82.35 57.50 57.89 55.00 53.12 73.33 74.19 78.57 88.46 27.59 70.59 0.00 95.83 80.00 37.50 72.22 63.64 81.82 86.36 55.56 71.43 78.57
65.20=88.46 100.00 94.74 74.07 27.27 52.27 87.50 70.83 5.88 71.43 52.63 62.16 60.00 63.64 78.12 83.33 70.97 85.71 25.71 60.87 0.00 81.25 82.14 53.85 52.94 68.75 63.64 78.26 44.83 80.00 100.00
62.96=91.67 95.45 100.00 76.92 20.69 46.15 83.33 75.00 5.56 83.33 61.11 82.14 58.82 65.38 70.97 65.71 72.73 88.89 27.59 60.87 0.00 79.31 72.41 33.33 45.45 60.87 63.64 88.89 47.62 44.44 83.33
64.46=92.00 100.00 85.71 76.00 20.00 46.94 77.78 64.29 8.33 77.78 55.26 68.75 51.35 65.22 76.67 76.67 79.31 92.31 28.12 68.42 0.00 80.65 88.46 53.33 52.94 68.42 63.64 95.24 42.86 50.00 91.67
65.07=88.46 95.45 94.44 73.08 30.43 51.02 84.00 66.67 5.88 82.35 56.76 76.67 53.66 64.29 76.67 75.76 70.97 86.21 30.30 81.25 0.00 86.67 80.77 33.33 55.56 56.52 60.00 80.95 45.83 83.33 90.00
79.31=66.67 100.00 100.00 75.00 80.00 53.85 100.00 100.00 66.67 83.33 85.71 85.71 87.50 80.00 71.43 91.67 100.00 85.71 75.00 88.89 0.00 57.14 100.00 50.00 85.71 100.00 62.50 100.00 42.86 83.33 100.00
74.69=71.43 100.00 100.00 100.00 60.00 54.55 88.89 75.00 40.00 71.43 85.71 77.78 87.50 80.00 75.00 90.00 63.64 87.50 87.50 88.89 0.00 71.43 100.00 40.00 83.33 50.00 100.00 50.00 50.00 85.71 100.00
82.16=70.00 100.00 100.00 100.00 80.00 57.14 100.00 75.00 83.33 71.43 77.78 100.00 83.33 83.33 70.00 100.00 88.89 85.71 85.71 100.00 0.00 100.00 100.00 50.00 62.50 100.00 85.71 100.00 57.14 100.00 80.00
84.65=87.50 100.00 100.00 100.00 66.67 57.14 100.00 80.00 57.14 83.33 100.00 100.00 100.00 100.00 100.00 100.00 87.50 100.00 100.00 100.00 0.00 83.33 85.71 100.00 83.33 75.00 85.71 75.00 50.00 83.33 83.33
81.20=70.00 100.00 100.00 75.00 100.00 57.14 90.91 66.67 55.56 83.33 85.71 100.00 100.00 60.00 87.50 100.00 77.78 100.00 100.00 88.89 0.00 75.00 100.00 80.00 85.71 75.00 83.33 87.50 57.14 75.00 100.00
82.61=70.00 100.00 87.50 60.00 100.00 57.14 83.33 40.00 44.44 83.33 100.00 100.00 77.78 100.00 66.67 71.43 100.00 100.00 100.00 72.73 0.00 100.00 83.33 100.00 83.33 100.00 100.00 100.00 100.00 100.00 80.00
81.19=75.00 100.00 100.00 100.00 100.00 50.00 100.00 36.36 71.43 100.00 87.50 100.00 77.78 80.00 57.14 83.33 88.89 100.00 100.00 88.89 0.00 100.00 100.00 80.00 80.00 50.00 100.00 85.71 66.67 83.33 75.00
80.92=77.78 100.00 100.00 60.00 100.00 57.14 100.00 50.00 55.56 100.00 100.00 85.71 85.71 80.00 62.50 88.89 100.00 100.00 100.00 88.89 0.00 100.00 100.00 80.00 75.00 50.00 100.00 87.50 57.14 100.00 66.67
81.23=77.78 100.00 100.00 60.00 100.00 61.54 100.00 57.14 80.00 83.33 87.50 100.00 88.89 100.00 77.78 85.71 100.00 100.00 100.00 72.73 0.00 100.00 100.00 85.71 87.50 0.00 85.71 80.00 66.67 100.00 80.00
77.00=75.00 100.00 87.50 75.00 100.00 53.85 100.00 42.86 62.50 100.00 100.00 87.50 70.00 66.67 87.50 100.00 100.00 77.78 100.00 72.73 0.00 100.00 100.00 75.00 71.43 0.00 85.71 88.89 57.14 83.33 66.67
66.17=85.71 95.65 94.44 80.00 16.67 48.98 100.00 75.00 21.05 81.82 66.67 63.64 60.61 82.61 74.19 63.64 89.66 82.14 37.50 73.08 0.00 86.67 89.29 13.33 60.00 48.00 61.11 76.00 41.67 90.00 92.31
66.84=92.31 95.00 100.00 87.50 20.00 47.06 84.62 69.57 13.04 80.00 67.57 78.57 61.29 84.62 79.31 64.86 86.67 88.46 35.29 81.82 0.00 86.21 88.00 12.50 46.67 57.14 52.94 74.07 46.15 90.91 100.00
67.24=82.14 100.00 100.00 91.30 21.74 45.45 92.00 76.19 26.32 80.95 66.67 76.00 65.52 81.48 77.78 61.11 86.67 85.19 40.00 85.00 0.00 92.86 82.14 16.67 57.14 59.09 58.82 69.23 38.89 83.33 84.62
67.36=85.71 100.00 95.00 76.92 13.33 47.92 84.62 55.00 30.00 80.95 72.73 83.33 70.37 84.00 80.00 57.50 81.25 84.62 44.83 90.48 0.00 89.66 92.31 20.00 52.63 54.55 57.89 80.00 40.00 90.91 91.67
67.75=88.89 95.45 100.00 87.50 16.67 46.81 91.67 70.83 19.05 85.00 74.29 77.78 64.52 81.48 72.73 64.71 83.33 84.62 38.24 80.00 0.00 92.31 85.71 22.22 44.44 66.67 62.50 78.57 50.00 83.33 90.91
78.54=70.00 100.00 83.33 100.00 100.00 61.54 100.00 66.67 75.00 83.33 77.78 83.33 75.00 57.14 77.78 100.00 66.67 100.00 85.71 100.00 0.00 50.00 100.00 80.00 57.14 60.00 100.00 100.00 44.44 80.00 100.00
81.32=77.78 100.00 83.33 60.00 100.00 53.33 81.82 100.00 71.43 100.00 87.50 80.00 66.67 83.33 100.00 100.00 72.73 100.00 100.00 100.00 0.00 60.00 100.00 75.00 75.00 100.00 100.00 87.50 55.56 83.33 66.67
82.64=70.00 100.00 100.00 60.00 100.00 57.14 100.00 100.00 75.00 100.00 100.00 85.71 77.78 66.67 100.00 90.00 72.73 100.00 100.00 100.00 0.00 83.33 100.00 42.86 83.33 75.00 100.00 88.89 50.00 83.33 100.00
81.84=53.85 100.00 100.00 100.00 100.00 53.85 90.91 100.00 80.00 83.33 87.50 85.71 80.00 83.33 85.71 100.00 80.00 100.00 100.00 88.89 0.00 100.00 100.00 50.00 66.67 60.00 100.00 70.00 57.14 100.00 80.00
82.35=77.78 100.00 100.00 75.00 100.00 61.54 90.00 80.00 83.33 71.43 100.00 100.00 87.50 100.00 77.78 100.00 87.50 100.00 83.33 100.00 0.00 100.00 87.50 75.00 83.33 42.86 75.00 88.89 50.00 75.00 100.00
75.26=100.00 100.00 87.50 50.00 36.36 66.67 100.00 66.67 50.00 83.33 63.64 87.50 75.00 66.67 87.50 100.00 100.00 71.43 100.00 88.89 0.00 57.14 75.00 62.50 100.00 33.33 100.00 83.33 80.00 85.71 75.00
79.17=87.50 100.00 85.71 100.00 100.00 61.54 100.00 57.14 71.43 83.33 87.50 85.71 100.00 66.67 75.00 80.00 88.89 87.50 100.00 88.89 0.00 42.86 60.00 75.00 87.50 100.00 100.00 100.00 75.00 57.14 50.00
81.67=100.00 100.00 85.71 100.00 80.00 61.54 100.00 80.00 83.33 83.33 100.00 85.71 75.00 83.33 87.50 100.00 80.00 87.50 87.50 100.00 0.00 60.00 100.00 100.00 87.50 50.00 83.33 85.71 83.33 71.43 50.00
83.53=87.50 100.00 85.71 75.00 100.00 66.67 100.00 100.00 55.56 100.00 100.00 87.50 87.50 100.00 87.50 88.89 88.89 87.50 100.00 77.78 0.00 75.00 100.00 71.43 100.00 66.67 85.71 100.00 71.43 83.33 60.00
77.56=100.00 83.33 85.71 100.00 100.00 66.67 90.00 50.00 57.14 80.00 87.50 100.00 100.00 83.33 77.78 70.00 77.78 87.50 85.71 85.71 0.00 75.00 83.33 55.56 100.00 50.00 85.71 66.67 60.00 100.00 60.00
78.75=77.78 100.00 100.00 75.00 80.00 53.85 100.00 100.00 80.00 83.33 100.00 85.71 87.50 75.00 71.43 90.00 87.50 87.50 80.00 100.00 0.00 83.33 100.00 57.14 75.00 60.00 75.00 66.67 42.86 66.67 100.00
82.45=70.00 100.00 100.00 100.00 100.00 53.33 100.00 80.00 57.14 100.00 87.50 87.50 100.00 80.00 80.00 90.91 100.00 100.00 71.43 100.00 0.00 83.33 100.00 100.00 62.50 50.00 100.00 77.78 55.56 85.71 83.33
83.92=77.78 100.00 75.00 66.67 100.00 61.54 90.91 100.00 71.43 71.43 100.00 100.00 87.50 50.00 83.33 76.92 88.89 100.00 87.50 100.00 0.00 66.67 100.00 100.00 83.33 100.00 100.00 100.00 62.50 100.00 100.00
75.73=70.00 100.00 100.00 50.00 100.00 53.85 100.00 80.00 80.00 60.00 77.78 85.71 66.67 66.67 85.71 88.89 75.00 100.00 100.00 100.00 0.00 60.00 100.00 50.00 66.67 75.00 75.00 63.64 57.14 80.00 80.00
80.03=60.00 100.00 100.00 75.00 80.00 61.54 100.00 66.67 100.00 100.00 87.50 100.00 77.78 66.67 83.33 75.00 70.00 100.00 100.00 88.89 0.00 83.33 100.00 50.00 83.33 60.00 85.71 85.71 57.14 83.33 100.00
61.30=85.71 100.00 100.00 68.00 4.55 52.08 92.00 68.00 20.00 82.35 60.00 54.55 67.74 67.86 68.75 75.86 81.48 79.17 13.79 55.00 0.00 88.00 80.00 8.33 52.94 48.39 77.78 85.00 47.37 55.56 60.00
63.44=88.46 100.00 90.00 67.74 7.69 55.81 91.67 72.00 20.00 83.33 60.53 69.70 73.53 84.00 62.86 73.08 80.65 86.36 30.77 57.89 0.00 73.33 79.17 14.29 70.59 65.22 68.18 82.35 36.36 54.55 66.67
61.59=88.00 100.00 94.74 70.00 4.35 54.35 92.00 70.83 17.86 65.00 65.71 60.00 62.50 78.95 64.52 70.00 80.65 84.00 22.22 81.25 0.00 85.71 77.78 5.88 45.00 69.57 66.67 83.33 41.18 50.00 57.14
63.44=80.00 100.00 94.74 70.37 12.50 51.02 83.33 77.27 14.81 81.25 60.98 61.76 71.88 85.71 65.62 68.75 86.21 82.76 20.69 59.09 0.00 84.62 80.95 13.33 56.52 75.00 78.95 88.24 33.33 55.56 71.43
63.70=95.83 95.24 90.00 63.33 4.35 53.49 88.46 68.00 32.26 73.33 66.67 67.65 77.78 91.30 65.71 64.29 83.33 80.77 25.81 63.64 0.00 85.19 79.17 6.67 59.09 71.43 83.33 84.21 47.37 57.14 50.00
61.15=85.71 100.00 100.00 62.50 8.00 51.06 86.96 72.00 12.50 75.00 62.50 53.49 71.88 72.00 57.14 76.00 80.65 76.00 20.69 56.25 0.00 92.59 78.26 8.33 63.16 53.57 73.68 88.24 45.00 50.00 62.50
64.43=88.89 100.00 94.74 68.97 12.50 49.02 91.67 69.23 18.52 76.47 65.00 67.65 64.86 80.00 68.75 82.61 83.33 83.33 22.58 72.22 0.00 82.14 76.00 6.25 57.14 75.00 82.35 88.89 47.06 44.44 77.78
62.94=96.00 100.00 100.00 65.62 8.70 51.02 95.65 72.00 13.79 76.47 59.52 74.19 58.97 87.50 67.74 86.96 77.42 80.00 28.57 55.00 0.00 78.57 79.17 5.88 56.52 71.43 82.35 87.50 40.00 44.44 50.00
60.79=82.14 100.00 89.47 72.41 13.04 50.00 95.83 65.38 18.52 73.68 57.50 68.57 75.76 73.91 64.52 80.00 78.12 83.33 24.24 61.11 0.00 76.67 70.83 6.25 52.38 68.18 70.59 88.24 29.41 44.44 50.00
64.77=88.46 100.00 94.74 71.43 8.70 50.00 92.00 70.83 16.13 86.67 59.52 64.71 70.59 86.96 76.67 70.37 80.65 88.46 22.22 65.00 0.00 84.62 75.00 8.33 68.42 71.43 87.50 85.00 55.00 41.67 66.67
82.70=87.50 100.00 100.00 75.00 66.67 45.45 100.00 75.00 66.67 100.00 87.50 85.71 88.89 80.00 100.00 90.91 100.00 100.00 83.33 100.00 0.00 80.00 100.00 80.00 77.78 60.00 100.00 100.00 50.00 83.33 100.00
81.08=77.78 100.00 100.00 100.00 100.00 57.14 81.82 75.00 83.33 83.33 100.00 100.00 83.33 83.33 83.33 90.00 77.78 100.00 85.71 100.00 0.00 100.00 83.33 33.33 87.50 75.00 100.00 66.67 40.00 85.71 80.00
83.33=87.50 100.00 100.00 75.00 80.00 63.64 100.00 66.67 80.00 100.00 87.50 85.71 88.89 75.00 100.00 100.00 100.00 100.00 100.00 88.89 0.00 83.33 100.00 50.00 88.89 50.00 100.00 100.00 57.14 75.00 100.00
84.01=77.78 100.00 100.00 100.00 100.00 72.73 100.00 80.00 66.67 80.00 100.00 100.00 100.00 83.33 77.78 100.00 100.00 100.00 100.00 100.00 0.00 75.00 100.00 66.67 66.67 100.00 75.00 80.00 44.44 75.00 83.33
81.97=58.33 100.00 100.00 60.00 80.00 53.33 100.00 100.00 80.00 71.43 75.00 100.00 77.78 57.14 100.00 100.00 88.89 100.00 100.00 100.00 0.00 75.00 100.00 42.86 85.71 100.00 85.71 100.00 66.67 83.33 100.00
64.26=96.00 95.45 100.00 71.43 17.24 48.89 80.77 72.22 7.14 71.43 52.50 58.97 53.85 56.67 75.00 70.00 82.76 88.46 34.48 72.22 0.00 89.29 82.61 40.00 56.25 56.00 58.33 90.91 52.00 77.78 83.33
63.61=92.31 95.45 94.44 74.07 20.83 43.40 82.61 77.78 13.64 83.33 51.22 75.86 59.38 61.29 74.19 63.89 67.74 92.00 21.21 77.78 0.00 78.57 80.77 36.36 50.00 52.00 45.45 90.48 56.00 60.00 100.00
64.40=88.89 95.45 81.82 76.92 20.00 50.00 90.48 68.18 6.25 77.78 60.00 68.75 59.46 65.38 72.73 76.67 77.42 91.67 22.58 72.22 0.00 86.67 74.19 38.46 55.00 50.00 52.94 86.36 50.00 80.00 100.00
64.44=88.89 100.00 90.00 71.43 22.73 47.73 87.50 68.18 9.09 77.78 65.71 68.75 55.88 66.67 75.00 66.67 79.31 85.71 30.30 76.47 0.00 80.00 82.76 50.00 40.00 59.09 56.25 86.96 42.11 66.67 100.00
64.75=92.31 100.00 94.74 80.00 23.81 46.81 83.33 66.67 5.26 76.47 63.64 63.89 63.89 65.52 61.54 72.73 79.31 82.76 33.33 64.71 0.00 81.48 80.00 38.46 47.62 59.09 61.54 94.44 53.85 80.00 90.00
64.60=91.67 100.00 89.47 75.00 22.22 43.64 83.33 66.67 6.25 78.95 53.66 58.54 47.22 60.71 71.88 75.00 67.74 85.19 27.27 85.71 0.00 89.29 82.14 25.00 61.11 66.67 60.00 95.00 42.31 100.00 90.91
64.20=85.19 95.45 94.74 72.00 22.22 47.06 79.17 54.55 11.11 70.00 70.00 70.97 52.50 60.00 75.00 80.00 70.59 77.42 25.00 87.50 0.00 95.65 82.14 42.86 42.86 70.59 53.33 85.71 50.00 83.33 83.33
64.89=88.89 100.00 90.00 70.37 33.33 46.00 78.26 69.57 4.76 76.47 56.41 71.88 60.53 62.07 70.59 75.00 74.07 88.00 21.62 82.35 0.00 80.00 86.36 38.46 40.00 56.52 69.23 94.44 46.43 80.00 100.00
66.37=92.31 95.45 88.89 71.43 22.73 44.90 83.33 72.73 7.14 83.33 61.11 78.57 55.26 62.50 67.74 69.70 74.19 92.00 27.03 66.67 0.00 88.89 72.73 53.85 60.00 61.90 64.29 86.96 52.00 100.00 100.00
67.57=88.89 95.45 90.00 80.00 23.81 50.00 83.33 64.29 10.53 87.50 64.71 69.70 52.27 66.67 71.43 85.71 70.97 91.30 28.21 75.00 0.00 84.62 79.31 53.85 57.89 70.59 64.29 90.91 53.57 100.00 90.00
77.13=87.50 100.00 100.00 60.00 100.00 53.33 90.00 50.00 83.33 100.00 85.71 85.71 66.67 100.00 42.86 71.43 71.43 87.50 71.43 100.00 0.00 83.33 85.71 60.00 75.00 75.00 75.00 75.00 75.00 100.00 80.00
82.17=77.78 83.33 100.00 75.00 100.00 61.54 100.00 42.86 66.67 100.00 77.78 100.00 88.89 80.00 75.00 100.00 87.50 100.00 100.00 80.00 0.00 83.33 100.00 100.00 87.50 50.00 100.00 80.00 75.00 100.00 75.00
81.28=63.64 100.00 100.00 75.00 100.00 61.54 100.00 57.14 50.00 83.33 100.00 100.00 100.00 66.67 75.00 100.00 100.00 100.00 100.00 70.00 0.00 100.00 100.00 83.33 66.67 0.00 100.00 87.50 80.00 100.00 100.00
82.91=77.78 83.33 100.00 75.00 66.67 57.14 100.00 57.14 80.00 71.43 87.50 100.00 77.78 100.00 66.67 60.00 100.00 100.00 100.00 100.00 0.00 100.00 100.00 100.00 100.00 75.00 100.00 77.78 57.14 100.00 100.00
81.51=70.00 100.00 100.00 50.00 100.00 58.33 83.33 57.14 66.67 71.43 77.78 100.00 100.00 75.00 71.43 85.71 100.00 100.00 100.00 100.00 0.00 100.00 100.00 80.00 83.33 50.00 100.00 80.00 66.67 100.00 100.00
62.61=88.00 100.00 94.74 66.67 11.54 48.98 95.83 64.71 12.00 76.47 61.90 62.16 61.54 80.00 70.97 76.92 73.53 80.77 21.43 61.11 0.00 79.31 80.95 6.67 64.71 62.50 83.33 72.73 41.18 62.50 77.78
62.28=82.76 100.00 94.44 64.52 8.70 51.11 95.65 65.38 20.00 85.71 58.54 71.88 55.56 81.82 68.75 70.00 78.12 77.78 21.88 61.11 0.00 85.71 72.00 6.67 61.54 65.22 82.35 82.35 47.62 50.00 63.64
63.40=100.00 100.00 85.00 68.97 15.00 54.35 88.00 62.96 15.38 78.57 62.50 66.67 71.88 75.86 68.75 74.19 77.42 80.00 21.43 59.09 0.00 82.76 81.82 11.11 57.14 71.43 82.35 93.33 46.67 54.55 58.33
63.89=79.31 95.24 94.44 67.74 4.17 51.06 84.62 62.50 20.83 86.67 67.57 61.54 64.10 77.78 63.64 83.33 75.76 85.19 23.33 66.67 0.00 82.76 80.00 7.14 65.00 78.95 78.95 86.67 50.00 50.00 85.71
62.92=92.31 95.24 94.44 63.64 13.04 55.56 85.19 75.00 11.11 76.47 61.54 61.54 61.11 85.71 70.00 76.00 78.12 84.00 21.43 69.57 0.00 79.31 78.26 7.69 47.83 75.00 82.35 85.00 47.37 50.00 66.67
80.61=70.00 100.00 100.00 100.00 75.00 61.54 100.00 80.00 71.43 100.00 77.78 100.00 71.43 62.50 77.78 90.00 72.73 100.00 100.00 77.78 0.00 100.00 100.00 66.67 57.14 75.00 85.71 100.00 75.00 71.43 80.00
80.68=77.78 100.00 100.00 75.00 100.00 61.54 100.00 80.00 80.00 100.00 75.00 77.78 75.00 80.00 77.78 100.00 70.00 87.50 71.43 100.00 0.00 55.56 100.00 100.00 77.78 75.00 100.00 77.78 42.86 83.33 100.00
80.85=77.78 100.00 100.00 100.00 80.00 57.14 100.00 80.00 62.50 100.00 100.00 85.71 66.67 100.00 85.71 88.89 80.00 87.50 100.00 100.00 0.00 62.50 100.00 33.33 85.71 50.00 100.00 100.00 42.86 100.00 80.00
83.74=77.78 100.00 100.00 75.00 100.00 61.54 100.00 80.00 71.43 100.00 87.50 100.00 100.00 100.00 100.00 90.00 72.73 100.00 87.50 100.00 0.00 80.00 100.00 28.57 75.00 100.00 100.00 88.89 40.00 80.00 100.00
79.31=77.78 100.00 100.00 100.00 100.00 63.64 100.00 60.00 50.00 100.00 100.00 85.71 85.71 62.50 100.00 90.00 88.89 100.00 85.71 88.89 0.00 71.43 100.00 50.00 60.00 75.00 100.00 72.73 33.33 57.14 100.00
63.97=92.00 100.00 88.89 83.33 14.81 44.23 82.61 65.22 6.25 77.78 57.50 58.97 57.14 53.57 65.79 76.67 78.57 95.83 25.00 76.47 0.00 81.48 80.77 26.67 66.67 42.31 62.50 86.36 59.09 85.71 90.91
65.73=92.31 95.45 90.00 68.97 16.67 47.06 91.30 73.91 8.70 81.25 50.00 60.53 56.10 69.23 72.41 72.73 73.33 88.89 24.14 76.47 0.00 83.87 81.48 50.00 45.45 65.00 63.64 90.48 58.33 100.00 90.00
65.51=82.76 100.00 100.00 71.43 12.00 46.15 75.00 61.54 6.25 88.89 57.50 73.33 53.49 69.23 67.74 76.67 74.19 84.62 29.03 65.00 0.00 96.30 76.67 46.15 52.63 68.42 70.00 95.00 55.00 85.71 90.00
65.91=92.00 100.00 94.74 76.92 22.22 44.90 83.33 61.54 0.00 73.68 56.41 70.97 60.00 70.83 71.88 78.57 69.70 84.00 23.53 76.47 0.00 88.89 71.43 50.00 50.00 58.33 81.82 90.00 50.00 100.00 90.91
66.38=88.89 100.00 100.00 74.07 20.00 50.00 77.78 73.91 4.76 70.59 62.86 65.62 51.35 60.00 70.59 77.42 79.31 92.00 28.57 73.68 0.00 85.71 80.00 50.00 44.44 65.00 64.29 90.48 56.52 100.00 100.00
60.89=91.30 95.45 94.44 64.52 11.54 51.06 87.50 69.57 13.04 66.67 60.53 52.38 71.88 80.00 73.08 66.67 69.44 83.33 18.75 70.59 0.00 89.29 73.91 7.69 58.82 66.67 70.00 68.18 42.11 55.56 63.64
62.06=85.71 95.65 100.00 68.97 10.53 51.06 87.50 75.00 20.00 78.57 63.16 71.88 62.16 82.61 72.41 75.00 76.67 67.74 18.52 63.64 0.00 76.67 80.95 7.69 52.17 63.64 68.42 89.47 45.45 50.00 62.50
62.48=88.46 100.00 94.74 63.33 16.67 51.02 92.00 72.00 13.33 68.75 63.41 65.71 66.67 72.00 74.07 74.07 77.42 79.17 23.33 61.90 0.00 82.14 76.92 6.25 57.89 83.33 77.78 83.33 41.18 54.55 55.56
61.48=88.00 100.00 94.74 60.61 8.33 50.00 88.00 75.00 11.54 72.22 58.54 71.88 77.78 80.00 61.76 60.00 77.42 84.62 20.83 65.00 0.00 82.76 86.36 0.00 59.09 65.22 68.42 82.35 44.44 53.85 57.14
64.32=88.46 100.00 95.00 62.50 15.00 52.08 91.67 69.23 7.69 72.22 60.98 67.65 66.67 80.95 70.00 64.52 86.21 84.62 14.81 66.67 0.00 74.19 79.17 6.67 61.11 83.33 88.24 84.21 47.37 75.00 77.78
79.32=87.50 100.00 87.50 60.00 66.67 61.54 100.00 80.00 57.14 83.33 87.50 87.50 55.56 100.00 100.00 80.00 100.00 87.50 100.00 70.00 0.00 66.67 57.14 66.67 100.00 66.67 100.00 100.00 83.33 100.00 66.67
78.06=87.50 100.00 87.50 60.00 100.00 72.73 83.33 57.14 66.67 83.33 100.00 87.50 66.67 33.33 75.00 87.50 88.89 87.50 100.00 100.00 0.00 80.00 80.00 55.56 100.00 75.00 100.00 71.43 83.33 83.33 66.67
77.57=85.71 100.00 100.00 75.00 75.00 66.67 90.91 75.00 42.86 83.33 58.33 87.50 100.00 100.00 100.00 100.00 77.78 87.50 85.71 88.89 0.00 57.14 85.71 33.33 100.00 66.67 100.00 66.67 60.00 80.00 75.00
80.65=87.50 100.00 100.00 75.00 80.00 61.54 100.00 60.00 71.43 80.00 87.50 87.50 62.50 75.00 100.00 72.73 88.89 100.00 100.00 88.89 0.00 66.67 80.00 62.50 100.00 66.67 100.00 100.00 85.71 100.00 60.00
76.34=87.50 100.00 85.71 60.00 100.00 63.64 76.92 60.00 100.00 83.33 85.71 70.00 75.00 66.67 87.50 72.73 80.00 77.78 80.00 100.00 0.00 33.33 75.00 50.00 100.00 100.00 83.33 100.00 66.67 85.71 60.00
65.33=76.67 100.00 100.00 84.00 20.83 47.06 84.00 70.83 18.75 80.95 73.53 62.16 70.37 82.61 71.88 60.53 83.87 80.65 32.26 85.00 0.00 86.21 82.76 16.67 60.00 48.00 56.25 81.82 50.00 66.67 90.91
67.38=88.46 95.45 95.00 80.00 25.00 47.06 84.62 72.00 5.88 73.91 70.27 81.48 55.56 82.14 80.65 55.81 89.66 84.00 33.33 90.91 0.00 80.00 85.71 17.65 58.33 76.47 57.89 75.00 55.56 90.91 100.00
67.95=80.00 100.00 100.00 87.50 20.83 48.98 79.17 71.43 26.09 80.00 75.00 75.00 65.38 81.48 77.42 62.86 86.67 88.00 31.43 85.71 0.00 92.59 89.29 22.22 52.94 45.83 61.11 73.08 55.56 90.91 100.00
66.46=88.89 91.30 95.00 77.78 22.73 46.15 91.67 71.43 18.75 80.95 72.22 76.92 67.86 79.17 74.19 64.71 80.65 81.48 40.62 90.48 0.00 82.14 86.21 20.00 52.63 68.42 52.94 77.78 50.00 72.73 84.62
67.29=88.00 95.24 94.44 76.92 22.73 51.06 78.57 72.41 15.00 69.23 71.43 80.77 67.86 81.48 75.00 55.26 80.65 86.21 32.43 90.48 0.00 92.31 82.76 14.29 68.75 76.47 58.82 79.17 50.00 87.50 90.91
78.33=63.64 100.00 100.00 50.00 100.00 63.64 100.00 50.00 75.00 66.67 77.78 70.00 77.78 100.00 66.67 87.50 77.78 87.50 100.00 100.00 0.00 71.43 100.00 57.14 75.00 100.00 100.00 85.71 50.00 100.00 75.00
76.41=77.78 100.00 100.00 50.00 100.00 57.14 100.00 37.50 66.67 80.00 70.00 100.00 77.78 80.00 71.43 100.00 77.78 87.50 87.50 80.00 0.00 83.33 100.00 75.00 100.00 0.00 85.71 77.78 60.00 85.71 100.00
78.20=87.50 100.00 100.00 60.00 100.00 53.33 100.00 57.14 50.00 66.67 77.78 85.71 75.00 100.00 66.67 77.78 88.89 100.00 75.00 100.00 0.00 100.00 100.00 57.14 66.67 33.33 100.00 100.00 60.00 85.71 100.00
78.11=77.78 100.00 100.00 75.00 100.00 46.67 90.91 50.00 100.00 83.33 77.78 85.71 87.50 100.00 66.67 71.43 100.00 70.00 71.43 85.71 0.00 100.00 100.00 100.00 71.43 25.00 100.00 75.00 60.00 100.00 50.00
73.39=75.00 83.33 77.78 60.00 80.00 58.33 88.89 42.86 50.00 80.00 87.50 100.00 100.00 66.67 70.00 100.00 88.89 70.00 100.00 72.73 0.00 66.67 100.00 83.33 71.43 0.00 100.00 75.00 66.67 100.00 60.00
75.95=77.78 100.00 85.71 60.00 66.67 53.85 90.91 66.67 100.00 83.33 85.71 77.78 85.71 80.00 57.14 100.00 87.50 83.33 87.50 88.89 0.00 75.00 100.00 33.33 66.67 75.00 75.00 83.33 44.44 83.33 100.00
84.10=77.78 100.00 100.00 100.00 100.00 57.14 100.00 80.00 66.67 83.33 87.50 100.00 87.50 75.00 85.71 100.00 100.00 100.00 100.00 100.00 0.00 66.67 83.33 66.67 85.71 100.00 83.33 100.00 62.50 75.00 83.33
84.27=70.00 100.00 100.00 100.00 100.00 61.54 90.00 100.00 62.50 100.00 87.50 100.00 100.00 83.33 85.71 100.00 100.00 85.71 85.71 88.89 0.00 66.67 100.00 60.00 77.78 100.00 100.00 85.71 50.00 71.43 100.00
82.42=70.00 100.00 100.00 100.00 100.00 61.54 90.91 66.67 80.00 100.00 100.00 100.00 87.50 100.00 75.00 100.00 72.73 87.50 100.00 100.00 0.00 100.00 100.00 50.00 83.33 60.00 100.00 70.00 42.86 100.00 57.14
82.99=70.00 100.00 100.00 100.00 100.00 50.00 100.00 80.00 71.43 100.00 87.50 75.00 85.71 100.00 87.50 100.00 88.89 100.00 100.00 100.00 0.00 71.43 100.00 60.00 75.00 60.00 100.00 88.89 50.00 71.43 100.00
76.87=75.00 83.33 100.00 50.00 100.00 47.06 100.00 37.50 100.00 83.33 100.00 75.00 87.50 100.00 40.00 75.00 88.89 100.00 100.00 80.00 0.00 80.00 80.00 62.50 100.00 50.00 100.00 77.78 60.00 75.00 75.00
79.16=100.00 100.00 100.00 60.00 100.00 61.54 100.00 50.00 71.43 83.33 87.50 100.00 100.00 80.00 66.67 83.33 100.00 100.00 100.00 72.73 0.00 83.33 75.00 75.00 85.71 0.00 100.00 75.00 60.00 83.33 100.00
78.82=87.50 100.00 100.00 75.00 100.00 50.00 90.91 40.00 80.00 57.14 100.00 100.00 100.00 100.00 57.14 62.50 87.50 87.50 75.00 80.00 0.00 50.00 83.33 75.00 100.00 66.67 100.00 71.43 66.67 100.00 100.00
79.23=85.71 100.00 100.00 75.00 100.00 46.67 88.89 50.00 55.56 100.00 87.50 100.00 88.89 66.67 62.50 87.50 100.00 77.78 80.00 80.00 0.00 100.00 100.00 100.00 71.43 20.00 100.00 100.00 57.14 100.00 75.00
80.88=77.78 100.00 87.50 60.00 100.00 57.14 90.91 40.00 55.56 100.00 87.50 87.50 100.00 100.00 71.43 80.00 100.00 85.71 100.00 80.00 0.00 100.00 100.00 83.33 75.00 50.00 100.00 77.78 60.00 100.00 100.00
76.50=100.00 100.00 85.71 75.00 80.00 61.54 100.00 80.00 37.50 100.00 100.00 66.67 66.67 66.67 100.00 100.00 88.89 77.78 83.33 100.00 0.00 57.14 60.00 55.56 100.00 33.33 85.71 100.00 60.00 83.33 66.67
76.65=70.00 100.00 100.00 75.00 100.00 58.33 100.00 60.00 42.86 83.33 87.50 87.50 63.64 66.67 100.00 100.00 77.78 100.00 85.71 80.00 0.00 57.14 75.00 42.86 100.00 66.67 100.00 77.78 75.00 83.33 60.00
80.34=75.00 100.00 87.50 75.00 100.00 66.67 100.00 66.67 75.00 100.00 87.50 100.00 71.43 80.00 100.00 100.00 100.00 87.50 100.00 88.89 0.00 62.50 66.67 71.43 71.43 66.67 85.71 100.00 80.00 75.00 50.00
82.10=87.50 100.00 100.00 75.00 100.00 66.67 90.91 100.00 42.86 71.43 77.78 87.50 85.71 75.00 88.89 100.00 88.89 100.00 100.00 100.00 0.00 57.14 75.00 71.43 100.00 60.00 100.00 77.78 80.00 85.71 100.00
80.96=87.50 100.00 85.71 75.00 100.00 57.14 100.00 100.00 50.00 83.33 87.50 85.71 75.00 75.00 100.00 100.00 80.00 87.50 100.00 100.00 0.00 57.14 75.00 71.43 100.00 60.00 83.33 100.00 66.67 100.00 66.67
81.68=77.78 100.00 100.00 60.00 100.00 53.85 100.00 50.00 100.00 83.33 100.00 100.00 100.00 75.00 77.78 85.71 100.00 70.00 85.71 77.78 0.00 100.00 85.71 83.33 87.50 50.00 100.00 71.43 57.14 100.00 100.00
77.20=87.50 100.00 100.00 60.00 100.00 57.14 90.91 44.44 66.67 71.43 87.50 100.00 100.00 100.00 66.67 57.14 100.00 77.78 83.33 70.00 0.00 100.00 80.00 71.43 83.33 0.00 100.00 77.78 60.00 100.00 100.00
81.23=77.78 100.00 100.00 75.00 100.00 50.00 100.00 44.44 80.00 71.43 87.50 87.50 87.50 75.00 85.71 75.00 100.00 100.00 100.00 88.89 0.00 100.00 100.00 80.00 70.00 50.00 85.71 80.00 66.67 100.00 100.00
81.35=63.64 100.00 100.00 60.00 100.00 57.14 90.91 50.00 71.43 83.33 87.50 100.00 100.00 100.00 62.50 75.00 88.89 100.00 100.00 80.00 0.00 100.00 100.00 71.43 83.33 50.00 100.00 100.00 80.00 100.00 66.67
80.15=77.78 100.00 100.00 75.00 80.00 53.85 90.91 50.00 50.00 83.33 87.50 85.71 100.00 100.00 55.56 100.00 87.50 85.71 100.00 100.00 0.00 83.33 71.43 71.43 80.00 50.00 100.00 85.71 80.00 100.00 100.00
82.34=85.71 100.00 100.00 100.00 80.00 61.54 100.00 80.00 71.43 100.00 70.00 85.71 87.50 100.00 88.89 88.89 87.50 66.67 100.00 100.00 0.00 66.67 100.00 62.50 100.00 42.86 100.00 100.00 66.67 100.00 60.00
79.23=100.00 100.00 75.00 60.00 80.00 66.67 100.00 57.14 83.33 83.33 63.64 77.78 71.43 75.00 87.50 100.00 87.50 87.50 100.00 88.89 0.00 100.00 100.00 50.00 100.00 66.67 85.71 87.50 100.00 71.43 50.00
77.48=100.00 100.00 85.71 75.00 80.00 72.73 90.91 66.67 50.00 71.43 87.50 87.50 77.78 75.00 100.00 83.33 87.50 100.00 100.00 77.78 0.00 57.14 80.00 42.86 100.00 50.00 83.33 87.50 57.14 100.00 75.00
79.93=87.50 100.00 100.00 100.00 80.00 72.73 90.91 57.14 80.00 100.00 87.50 100.00 62.50 80.00 80.00 87.50 88.89 100.00 100.00 88.89 0.00 83.33 57.14 71.43 85.71 50.00 100.00 83.33 83.33 100.00 20.00
77.52=100.00 100.00 87.50 75.00 100.00 57.14 81.82 44.44 57.14 83.33 87.50 100.00 85.71 80.00 100.00 72.73 87.50 87.50 100.00 100.00 0.00 60.00 80.00 44.44 100.00 60.00 100.00 100.00 33.33 71.43 66.67
67.22=92.31 95.45 100.00 80.77 14.29 44.44 76.00 70.83 10.53 70.83 65.79 63.64 62.07 86.36 71.43 60.00 83.87 84.62 31.43 100.00 0.00 83.33 91.67 18.75 64.29 66.67 55.00 76.92 62.50 100.00 100.00
66.24=88.89 95.45 100.00 80.77 21.74 43.64 90.91 70.83 14.29 72.73 61.54 80.77 60.00 78.57 75.00 69.70 86.21 84.00 44.83 82.61 0.00 76.67 88.89 18.75 62.50 61.90 62.50 77.78 26.32 83.33 92.31
65.77=88.46 100.00 94.74 77.78 18.18 47.06 75.86 78.26 20.00 73.91 73.53 71.43 62.96 79.17 82.76 56.41 78.79 82.76 40.00 82.61 0.00 86.21 84.62 11.76 50.00 70.59 64.71 73.08 33.33 80.00 100.00
67.32=85.71 95.45 100.00 80.77 21.74 44.90 80.00 69.57 17.65 80.00 70.27 70.00 66.67 84.00 76.67 69.70 92.59 81.48 41.94 73.08 0.00 76.67 88.46 11.76 59.09 68.42 60.00 73.33 54.55 92.31 100.00
66.26=95.83 100.00 94.74 83.33 17.24 46.00 91.67 72.00 10.00 72.00 66.67 65.62 67.86 74.07 73.33 61.11 75.00 81.48 37.93 90.91 0.00 85.19 92.00 26.67 50.00 75.00 57.89 75.00 46.15 77.78 91.67
77.49=77.78 100.00 100.00 75.00 80.00 57.14 83.33 50.00 83.33 83.33 100.00 100.00 75.00 100.00 70.00 83.33 100.00 87.50 77.78 77.78 0.00 83.33 83.33 85.71 85.71 0.00 85.71 57.14 60.00 100.00 100.00
80.53=70.00 83.33 100.00 75.00 100.00 53.85 100.00 42.86 83.33 100.00 77.78 100.00 72.73 100.00 77.78 100.00 87.50 87.50 100.00 66.67 0.00 100.00 100.00 75.00 88.89 33.33 100.00 87.50 50.00 83.33 100.00
81.71=70.00 100.00 100.00 66.67 100.00 46.67 100.00 57.14 45.45 83.33 77.78 100.00 100.00 80.00 66.67 100.00 100.00 100.00 100.00 72.73 0.00 100.00 100.00 83.33 100.00 33.33 100.00 70.00 80.00 100.00 100.00
80.46=70.00 100.00 100.00 50.00 100.00 53.33 100.00 50.00 62.50 83.33 100.00 87.50 87.50 100.00 71.43 100.00 100.00 87.50 85.71 80.00 0.00 100.00 100.00 66.67 87.50 33.33 100.00 71.43 66.67 100.00 100.00
77.09=70.00 100.00 100.00 60.00 100.00 57.14 90.91 50.00 66.67 100.00 87.50 100.00 77.78 100.00 55.56 85.71 87.50 87.50 80.00 63.64 0.00 100.00 80.00 60.00 80.00 0.00 100.00 100.00 50.00 100.00 100.00
66.65=92.00 95.45 100.00 84.00 21.74 50.00 85.19 78.95 29.41 77.27 61.90 58.82 68.97 75.00 67.65 69.70 81.25 88.00 30.30 85.00 0.00 86.67 81.48 14.29 50.00 52.00 61.11 74.07 58.33 87.50 100.00
68.48=91.67 95.45 95.00 77.78 29.41 47.06 84.62 74.07 30.00 81.82 73.53 78.26 70.37 88.46 75.00 62.16 89.29 79.31 40.62 87.50 0.00 78.12 92.31 20.00 55.56 61.90 68.75 70.97 54.55 84.62 84.62
65.52=88.00 95.45 85.71 80.77 17.24 48.00 92.00 68.00 17.65 80.00 70.59 78.57 62.96 87.50 81.48 60.00 78.12 84.00 35.71 80.95 0.00 92.00 82.76 17.65 50.00 54.17 56.25 73.08 38.89 81.82 91.67
66.73=82.76 95.45 90.48 80.00 22.73 46.94 86.96 68.00 18.75 65.38 75.00 78.57 71.43 81.48 71.43 74.19 83.33 83.33 35.48 85.00 0.00 92.00 83.33 23.53 52.63 65.00 55.00 75.86 47.06 85.71 91.67
67.20=91.30 95.24 90.48 84.00 20.83 47.92 88.46 71.43 25.00 73.91 65.79 75.00 72.00 78.57 68.57 58.33 83.33 82.14 35.48 86.36 0.00 86.67 88.00 29.41 57.89 70.59 62.50 77.78 40.00 84.62 91.67
81.06=70.00 100.00 100.00 100.00 75.00 66.67 90.91 75.00 66.67 100.00 100.00 100.00 100.00 80.00 85.71 100.00 80.00 100.00 83.33 88.89 0.00 71.43 80.00 33.33 66.67 100.00 100.00 77.78 50.00 71.43 100.00
81.51=66.67 100.00 100.00 100.00 80.00 57.14 90.91 80.00 83.33 83.33 100.00 85.71 100.00 100.00 77.78 100.00 75.00 100.00 100.00 100.00 0.00 80.00 83.33 57.14 85.71 50.00 75.00 85.71 50.00 100.00 80.00
83.36=77.78 100.00 100.00 100.00 80.00 57.14 100.00 100.00 83.33 80.00 87.50 83.33 77.78 100.00 100.00 100.00 87.50 87.50 100.00 100.00 0.00 66.67 85.71 80.00 87.50 60.00 83.33 77.78 55.56 85.71 100.00
82.36=87.50 100.00 100.00 50.00 100.00 57.14 100.00 80.00 71.43 100.00 87.50 100.00 87.50 80.00 83.33 100.00 88.89 66.67 100.00 100.00 0.00 80.00 83.33 75.00 77.78 100.00 100.00 87.50 42.86 83.33 83.33
83.13=77.78 100.00 100.00 100.00 80.00 61.54 100.00 80.00 80.00 80.00 75.00 100.00 88.89 100.00 100.00 100.00 72.73 100.00 75.00 88.89 0.00 62.50 100.00 80.00 70.00 100.00 85.71 83.33 50.00 85.71 100.00
65.57=92.31 100.00 94.74 78.26 22.73 44.44 87.50 80.00 26.67 77.27 66.67 56.76 67.86 90.00 67.65 55.56 83.33 74.07 28.57 85.71 0.00 95.83 82.14 11.11 60.00 59.09 52.63 73.08 41.67 76.92 100.00
66.04=88.89 95.45 90.48 75.00 23.81 44.23 75.00 69.23 14.29 70.83 70.27 70.00 62.96 86.96 78.57 62.16 86.21 84.62 34.38 86.36 0.00 92.31 85.19 12.50 50.00 76.47 57.89 76.00 54.55 81.82 90.91
66.23=91.67 95.24 100.00 75.00 21.74 45.10 81.48 69.57 26.67 77.27 68.42 80.77 59.38 73.08 79.31 63.16 78.79 84.62 29.41 90.00 0.00 85.19 85.19 13.33 52.63 60.00 55.56 81.48 54.55 88.89 85.71
66.18=92.00 95.45 86.36 83.33 22.73 50.00 73.33 77.27 15.79 75.00 71.88 84.62 67.86 79.31 71.43 64.86 82.76 85.19 34.29 79.17 0.00 75.76 86.21 7.14 46.67 70.59 55.56 76.00 63.64 87.50 90.00
66.39=85.71 100.00 100.00 83.33 21.74 48.00 75.00 62.50 15.79 73.91 74.29 72.41 66.67 88.00 80.00 60.53 75.76 83.33 32.26 76.19 0.00 83.87 92.86 15.79 66.67 65.00 64.71 75.00 30.00 88.89 100.00
62.56=100.00 100.00 100.00 67.86 13.04 49.02 88.46 57.89 29.17 73.33 60.98 61.11 70.97 77.78 64.52 74.07 72.73 77.78 22.86 61.11 0.00 87.50 79.17 9.09 65.00 51.85 83.33 88.89 47.37 58.33 46.15
62.87=95.65 95.24 95.00 60.61 12.00 47.06 88.46 68.00 16.67 82.35 60.00 68.57 65.52 82.61 73.08 61.76 78.12 86.96 20.69 70.00 0.00 78.57 73.08 6.25 52.94 71.43 81.25 87.50 44.44 53.85 71.43
62.76=88.89 100.00 90.48 64.52 13.04 48.98 91.67 78.26 12.50 66.67 63.41 64.86 61.11 86.96 64.52 76.92 88.46 75.86 23.33 54.55 0.00 76.67 76.00 0.00 66.67 71.43 70.59 78.95 47.37 57.14 85.71
61.59=84.00 100.00 95.00 68.97 11.76 49.02 84.00 69.23 15.38 66.67 62.50 66.67 65.62 85.00 76.67 64.29 72.73 80.00 25.00 66.67 0.00 80.00 75.00 5.26 68.75 83.33 70.59 73.68 38.10 55.56 50.00
63.56=85.19 100.00 85.71 62.50 9.09 52.08 95.83 75.00 12.50 70.59 62.50 70.59 70.59 74.07 64.52 72.41 75.00 88.00 20.00 73.68 0.00 84.62 83.33 15.38 54.17 80.95 88.24 85.00 42.11 50.00 66.67
83.63=66.67 100.00 100.00 100.00 100.00 61.54 90.91 57.14 83.33 83.33 87.50 100.00 88.89 83.33 100.00 100.00 87.50 100.00 100.00 100.00 0.00 83.33 100.00 75.00 71.43 100.00 100.00 100.00 30.00 62.50 80.00
81.69=66.67 100.00 85.71 100.00 75.00 70.00 90.91 100.00 83.33 83.33 77.78 100.00 100.00 100.00 87.50 100.00 77.78 100.00 87.50 100.00 0.00 60.00 100.00 37.50 87.50 75.00 100.00 100.00 28.57 83.33 75.00
85.81=87.50 100.00 100.00 100.00 100.00 53.85 100.00 100.00 71.43 100.00 87.50 70.00 100.00 100.00 71.43 100.00 88.89 100.00 100.00 100.00 0.00 71.43 83.33 75.00 100.00 75.00 100.00 88.89 50.00 85.71 100.00
82.13=70.00 100.00 100.00 100.00 66.67 61.54 100.00 100.00 83.33 83.33 87.50 100.00 88.89 66.67 85.71 100.00 80.00 100.00 100.00 100.00 0.00 80.00 80.00 66.67 85.71 75.00 100.00 87.50 37.50 80.00 80.00
79.44=77.78 100.00 83.33 75.00 80.00 53.85 100.00 75.00 66.67 100.00 87.50 100.00 100.00 100.00 60.00 85.71 72.73 100.00 83.33 88.89 0.00 83.33 100.00 50.00 75.00 60.00 100.00 88.89 50.00 85.71 80.00
82.52=66.67 83.33 100.00 50.00 100.00 61.54 100.00 57.14 71.43 100.00 77.78 100.00 100.00 100.00 77.78 66.67 100.00 100.00 100.00 100.00 0.00 100.00 83.33 80.00 85.71 50.00 100.00 80.00 66.67 100.00 100.00
81.20=70.00 100.00 100.00 60.00 100.00 61.54 100.00 44.44 62.50 71.43 87.50 77.78 100.00 100.00 71.43 85.71 87.50 100.00 100.00 88.89 0.00 100.00 100.00 57.14 71.43 40.00 100.00 100.00 80.00 100.00 100.00
81.67=87.50 83.33 100.00 75.00 100.00 57.14 90.91 57.14 57.14 71.43 87.50 100.00 100.00 100.00 60.00 87.50 100.00 87.50 100.00 87.50 0.00 80.00 83.33 80.00 100.00 50.00 100.00 88.89 60.00 100.00 100.00
79.60=87.50 100.00 100.00 75.00 100.00 61.54 90.00 50.00 62.50 100.00 85.71 100.00 88.89 100.00 57.14 77.78 100.00 87.50 100.00 80.00 0.00 100.00 85.71 83.33 80.00 50.00 80.00 75.00 50.00 100.00 60.00
80.87=70.00 100.00 100.00 75.00 100.00 61.54 90.91 36.36 62.50 83.33 87.50 87.50 100.00 100.00 85.71 83.33 100.00 87.50 100.00 77.78 0.00 100.00 100.00 60.00 71.43 20.00 100.00 100.00 66.67 100.00 100.00
65.83=95.83 100.00 94.74 74.07 24.00 44.90 83.33 73.91 6.25 75.00 57.89 57.50 51.43 60.00 62.16 86.21 79.31 85.71 30.30 92.86 0.00 92.31 78.57 50.00 47.62 65.00 63.64 76.00 57.14 75.00 100.00
67.35=96.00 100.00 94.44 73.08 21.43 47.92 80.77 66.67 6.25 73.68 65.62 60.61 48.89 64.29 66.67 89.29 79.31 88.89 28.12 72.22 0.00 78.12 84.62 31.25 59.09 68.42 88.89 95.00 58.33 100.00 100.00
63.70=80.00 95.65 88.24 64.52 16.67 47.92 82.61 71.43 7.14 77.78 61.29 69.70 52.38 62.96 70.59 75.00 77.42 86.21 28.57 75.00 0.00 77.42 71.43 42.86 55.00 54.55 64.29 90.48 56.25 71.43 100.00
67.99=95.83 100.00 85.71 74.07 23.08 48.00 84.00 77.27 18.75 83.33 53.85 76.67 48.72 62.96 71.43 78.12 74.19 85.19 33.33 77.78 0.00 92.31 76.67 50.00 55.56 65.00 100.00 90.48 53.85 71.43 100.00
66.07=88.46 95.45 85.00 76.92 23.81 45.28 83.33 62.96 4.35 76.47 62.86 70.97 59.46 64.29 62.50 75.76 85.19 82.76 19.35 86.67 0.00 92.31 80.00 43.75 47.37 68.42 60.00 90.91 53.57 100.00 100.00
65.67=80.00 95.45 100.00 79.17 15.38 45.28 88.00 73.91 15.79 64.00 69.44 65.62 61.29 86.96 75.86 62.86 81.25 73.33 31.03 95.00 0.00 92.00 81.48 15.38 66.67 61.90 63.16 69.23 36.36 90.00 100.00
67.95=88.89 95.24 95.00 84.00 27.78 46.94 80.77 76.00 25.00 77.27 70.27 76.00 61.29 81.48 72.73 67.65 92.59 85.19 34.29 90.91 0.00 75.00 82.76 12.50 57.14 61.90 64.71 76.92 54.55 100.00 91.67
66.98=92.00 95.45 100.00 77.78 29.41 48.00 75.86 75.00 22.22 70.83 70.27 78.57 80.00 78.26 72.73 66.67 86.67 82.76 35.14 90.48 0.00 80.65 82.76 8.33 58.82 73.33 62.50 75.86 50.00 72.73 83.33
66.85=88.89 100.00 94.44 80.00 22.73 48.00 82.14 77.27 23.81 75.00 68.42 77.78 68.97 84.00 75.00 66.67 85.71 82.14 32.26 81.82 0.00 89.29 92.31 13.33 53.33 65.00 56.25 75.00 35.71 76.92 100.00
65.90=91.67 95.65 100.00 77.78 20.00 45.83 88.46 65.38 18.75 70.83 70.27 78.57 64.29 82.14 73.33 63.89 78.79 84.62 34.21 88.89 0.00 88.00 85.71 18.18 61.11 57.14 52.94 73.08 36.36 76.92 100.00
66.53=92.00 100.00 81.82 73.08 28.00 42.59 86.96 69.57 0.00 76.47 58.33 64.86 62.86 71.43 70.97 75.00 75.00 88.46 29.41 71.43 0.00 86.21 68.57 55.56 64.29 68.42 87.50 84.21 56.00 83.33 90.00
66.24=92.00 100.00 94.44 73.08 26.09 47.06 82.61 58.06 4.76 73.68 62.86 74.19 55.26 65.38 74.19 73.53 78.57 85.19 27.78 92.31 0.00 88.89 75.86 37.50 50.00 70.00 53.33 86.96 50.00 100.00 100.00
66.35=92.00 95.45 90.48 71.43 24.00 46.15 90.91 75.00 5.88 81.25 65.71 69.70 51.28 60.71 82.76 75.86 82.76 85.71 21.62 76.47 0.00 88.00 76.67 50.00 65.00 66.67 69.23 86.36 53.85 71.43 84.62
66.77=100.00 100.00 90.00 76.00 28.57 51.06 84.00 80.95 4.55 81.25 62.86 64.71 56.76 60.61 78.12 77.42 81.48 85.71 28.57 72.22 0.00 89.29 73.33 46.15 40.00 72.22 50.00 85.71 56.52 100.00 91.67
64.55=85.71 100.00 100.00 74.07 20.83 42.59 82.61 63.64 5.26 93.33 66.67 62.50 57.89 70.37 78.12 78.12 85.19 88.89 29.03 63.16 0.00 85.19 74.19 40.00 47.37 52.17 66.67 77.27 55.00 63.64 91.67
75.45=54.55 100.00 100.00 100.00 66.67 58.33 100.00 80.00 37.50 83.33 77.78 77.78 100.00 83.33 85.71 85.71 80.00 100.00 75.00 77.78 0.00 100.00 83.33 50.00 50.00 60.00 83.33 55.56 50.00 83.33 100.00
78.49=70.00 100.00 100.00 100.00 80.00 66.67 100.00 75.00 83.33 100.00 77.78 100.00 77.78 66.67 80.00 88.89 80.00 100.00 100.00 88.89 0.00 71.43 83.33 33.33 75.00 50.00 100.00 87.50 37.50 80.00 80.00
82.05=70.00 100.00 100.00 75.00 100.00 66.67 90.00 80.00 83.33 100.00 77.78 87.50 100.00 83.33 85.71 72.73 100.00 77.78 85.71 100.00 0.00 83.33 100.00 50.00 85.71 75.00 100.00 88.89 50.00 75.00 100.00
82.89=75.00 100.00 100.00 100.00 100.00 66.67 90.91 100.00 71.43 100.00 77.78 100.00 87.50 100.00 77.78 100.00 88.89 100.00 100.00 87.50 0.00 66.67 100.00 50.00 77.78 60.00 85.71 72.73 50.00 100.00 83.33
82.08=77.78 100.00 100.00 100.00 100.00 66.67 90.91 80.00 60.00 83.33 87.50 77.78 87.50 80.00 85.71 100.00 72.73 87.50 87.50 100.00 0.00 80.00 100.00 60.00 100.00 75.00 100.00 80.00 44.44 80.00 100.00
80.94=87.50 100.00 100.00 60.00 40.00 61.54 76.92 66.67 66.67 100.00 70.00 87.50 66.67 100.00 87.50 88.89 100.00 87.50 100.00 88.89 0.00 80.00 100.00 71.43 100.00 100.00 83.33 100.00 71.43 100.00 66.67
79.31=100.00 83.33 87.50 75.00 80.00 63.64 90.00 50.00 80.00 100.00 87.50 87.50 66.67 50.00 70.00 100.00 100.00 100.00 100.00 100.00 0.00 62.50 75.00 66.67 100.00 50.00 100.00 100.00 66.67 100.00 66.67
81.02=87.50 100.00 87.50 100.00 66.67 72.73 90.00 50.00 42.86 100.00 87.50 77.78 75.00 80.00 100.00 100.00 100.00 85.71 100.00 87.50 0.00 83.33 66.67 83.33 100.00 66.67 100.00 87.50 83.33 100.00 50.00
82.78=100.00 83.33 77.78 100.00 100.00 61.54 90.00 66.67 71.43 83.33 87.50 87.50 66.67 83.33 100.00 100.00 100.00 85.71 100.00 80.00 0.00 100.00 66.67 75.00 83.33 100.00 100.00 88.89 75.00 85.71 66.67
77.10=87.50 100.00 85.71 75.00 80.00 70.00 100.00 80.00 80.00 66.67 70.00 71.43 66.67 66.67 80.00 87.50 80.00 100.00 83.33 88.89 0.00 57.14 75.00 57.14 100.00 50.00 100.00 85.71 60.00 85.71 100.00
