60.129672585686286
54.218944789988896
55.95096487919623
57.06308647143743
58.173842790526024
60.24641047451454
58.882598505625275
58.342643908110134
58.84473083288593
56.829920165440534
93.50998463901688
94.91551459293395
98.06451612903226
95.29185867895545
98.65591397849462
85.00768049155145
89.80798771121351
87.89938556067588
87.05837173579108
90.21505376344085
84.09370199692782
87.77777777777777
85.69508448540708
86.55913978494624
90.4121863799283
59.97266206246166
58.11499465715034
57.249960184901504
58.538837892822066
58.48734763684177
54.32009113647216
56.49967095660362
54.19131977850338
54.479120784701735
56.79248597098455
88.14900153609831
84.65053763440861
86.88172043010752
88.15412186379928
84.93343573988736
81.36712749615975
87.37455197132616
87.23118279569891
86.16743471582181
91.05222734254993
55.62774496358742
57.266837961600544
56.39414155397931
56.34694199268948
58.389539232914174
82.08141321044548
82.1505376344086
84.03225806451613
80.85253456221199
81.37096774193549
84.91551459293395
81.19047619047619
85.26881720430109
87.40399385560674
84.98207885304659
56.530228477931544
55.15100097454675
57.542143810445985
57.14412035736268
56.33255851147512
72.87250384024578
77.64208909370198
79.46492575524832
82.3425499231951
85.79493087557603
57.17616035573407
57.84507997337582
58.24639135516722
57.94178815019605
57.969199759438204
80.78341013824884
78.92473118279568
79.97695852534561
79.55453149001535
82.61904761904762
85.21505376344085
84.76702508960574
83.17972350230416
85.10752688172042
82.49615975422427
52.65464211702146
56.63159705684044
55.75432798658905
57.71940915686594
55.74791727248063
81.84331797235023
87.47311827956989
84.13978494623656
84.97695852534562
85.87557603686635
81.05606758832566
80.06144393241168
82.2273425499232
80.82949308755761
78.64055299539172
55.42901612043263
56.008842637360104
56.97932338234258
56.26760044788031
56.13202930907035
57.16421819368377
58.9774997021295
58.045126208370235
57.838377685592626
58.278358271904814
55.73307779208362
55.7644150011491
56.571723806228654
57.212339937693514
56.07961745148544
79.1321044546851
74.9615975422427
76.83563748079877
76.23655913978493
81.11367127496159
56.501583383624634
56.93406040895341
58.66687772352565
