93.07429130009776
93.07429130009776
85.66180235535073
84.88339617371875
87.65710096355258
87.5115207373272
90.61362472652797
88.10803891449054
93.806614532421
90.44360657263884
93.53686635944699
91.4336917562724
86.95852534562212
93.54838709677419
90.94982078853046
89.47772657450076
94.3778801843318
92.01228878648234
92.97491039426524
89.48028673835125
94.78494623655915
86.64618535586277
85.91397849462366
89.22939068100358
88.8773681515617
86.46953405017922
89.95519713261649
91.75115207373273
93.4831029185868
89.1812130521808
91.57787552948845
91.55739421868455
95.24030628869338
91.37352790578596
91.25162471936666
94.95647721454174
89.16666666666666
90.45698924731182
90.35842293906809
88.06451612903226
89.32795698924731
92.47311827956989
90.21505376344085
92.49615975422427
91.06758832565285
92.90322580645162
92.69969278033794
92.87634408602152
93.93881208397339
93.76088069636457
90.96343620537169
88.69175627240143
88.45622119815667
90.61827956989247
87.38863287250385
86.74347158218127
91.7921146953405
96.84587813620071
92.90322580645162
92.41935483870968
95.10752688172043
93.67860633989666
91.55116388987355
93.32402364660429
92.16717869943676
94.2716333845366
90.07680491551459
91.80107526881721
94.13978494623655
90.10752688172042
94.89247311827957
89.11162314388122
93.52150537634408
89.82846902201743
93.13364055299542
90.85730577666064
92.1505376344086
92.36559139784946
96.2826420890937
93.81720430107528
93.70967741935483
88.70967741935485
89.89247311827957
88.87096774193549
87.95698924731182
88.06451612903226
93.6128566773728
94.85535074244751
94.38765535539729
92.35279057859704
93.63333798817669
92.89554531490015
94.62365591397848
90.3763440860215
90.91397849462365
92.20430107526882
94.0552995391705
95.29185867895546
94.78494623655914
95.29185867895546
95.752688172043
94.28571428571428
94.45724526369686
93.86712749615975
93.81301494204719
93.81080389144905
91.79211469534049
92.85958664990923
93.00307219662058
90.35202252944188
91.80747567844344
94.86559139784946
96.12484289903645
92.85795745473165
94.54266163943583
93.94055765023506
93.70967741935483
94.10010240655403
96.39784946236558
95.96774193548387
92.40655401945726
93.91449052739377
93.03763440860214
94.93727598566309
94.74014336917564
93.58038914490528
89.42652329749104
91.02150537634408
87.51920122887864
89.40860215053763
89.51612903225806
92.42959549411162
91.29672299027136
91.71146953405017
92.65966112740306
88.4920634920635
93.54838709677419
97.46543778801843
92.44239631336406
89.56989247311827
91.88172043010752
90.22401433691756
92.15786901270772
92.47148908439233
91.42089093701998
91.20839733742962
92.31822836661547
92.48196248196248
93.86549830098217
94.21274961597543
94.33691756272401
89.51612903225806
88.70967741935483
92.5
89.3010752688172
88.67383512544802
90.2726574500768
91.86345016990177
91.55657962109574
93.10035842293907
92.80081925243216
93.51126472094215
94.8309128147838
94.7004608294931
92.92603453893777
94.45840897453802
93.34415584415585
94.96927803379415
94.02155192477773
94.97567844342038
94.6505376344086
88.06451612903226
86.96236559139784
90.05376344086021
90.48387096774194
88.9784946236559
92.6250989154215
94.3305171530978
93.12805474095796
93.6021505376344
94.16282642089094
91.87403993855607
91.82795698924731
97.8494623655914
90.48387096774192
97.8494623655914
95.4377880184332
93.75192012288788
93.61111111111111
93.30005120327704
91.09237536656892
88.6021505376344
88.6021505376344
90.48387096774194
90.75268817204302
91.82795698924731
91.73067076292882
93.08755760368663
89.67741935483872
91.45161290322581
89.83870967741935
92.66385048643114
91.91500256016386
92.04557091653865
92.20988688730625
92.19406041986687
87.9800307219662
89.51612903225806
89.51612903225805
90.61827956989247
90.36866359447004
93.54838709677419
94.3010752688172
95.59139784946235
91.72043010752688
93.9784946236559
89.54301075268818
88.54454685099846
89.31643625192011
89.38172043010752
89.37275985663081
94.13082437275985
93.21032909742588
94.01561699948797
93.0747567844342
94.74770748964298
93.02611367127496
94.17562724014337
94.2188009123493
94.06286365963786
92.70865335381464
90.26881720430107
86.82795698924731
88.6021505376344
87.63440860215053
89.3010752688172
94.37019969278033
92.18044500302565
93.68919610855095
93.34706512125867
92.92335800400316
93.97802913931946
93.5189452124936
95.49539170506912
93.94137224782386
94.13675929804963
94.56989247311827
90.16897081413211
92.63440860215053
91.66666666666666
97.11981566820276
93.46774193548387
94.59886887306241
92.58541637573897
90.59593632174277
95.33666154633896
87.63440860215053
89.40860215053765
87.79569892473118
86.73835125448028
87.2043010752688
95.43650793650794
94.02969790066564
94.2162407484988
93.95801331285202
96.20164781455104
94.1500256016385
95.31222361867522
93.80056323604711
93.3704557091654
95.7885304659498
91.36712749615975
96.50537634408602
95.3225806451613
96.7741935483871
95.4531490015361
91.86123911930363
92.25806451612901
91.26344086021506
92.40143369175627
93.06451612903227
94.16282642089092
91.3978494623656
92.90322580645162
92.62672811059909
91.2826420890937
89.05017921146954
86.7741935483871
90.67204301075267
90.48387096774194
87.44623655913978
92.41935483870968
93.54838709677419
96.12135176651307
93.01075268817205
91.87403993855607
91.96236559139784
92.06989247311827
95.3225806451613
91.88172043010752
90.51075268817203
