76.36895334129778
77.9943288167155
80.57648230915512
80.68749970766996
80.59488821671978
82.39791293808342
81.77988056496037
80.05305037028616
81.26884281349992
80.87847850555775
80.18108864248548
80.24583487881954
80.36264378769278
80.78790457038664
81.51580917417117
81.8152974844589
81.44932208182531
79.4293021256261
81.1596414597152
80.99846690336884
81.41378602935588
79.66637812363773
80.01898076499974
81.00830205982767
80.53597376563656
80.17005187564344
80.19779897999597
80.70351744981133
80.99625605775033
79.49521352436037
81.02254077616497
79.81697076178546
80.90258695059417
80.64949883642203
81.00084236251229
81.08573496198062
80.39728701885352
81.47405051774072
79.75040621821432
80.68836076808181
74.77548071567749
75.61940179214236
77.95994801608154
77.87592923741036
78.54887886928258
78.88352697022019
80.88021188151497
78.8448003792456
77.8707801191696
79.43748681247996
78.89745471870916
78.695733755116
79.35939383648437
79.33086545508208
80.18203261778451
80.44310284425765
80.47065852693582
79.42965475763371
78.42825551931757
78.97337499102373
78.24316477426338
79.80662984495757
79.88091343922841
78.91166938250126
79.97042514682536
78.70761684844132
78.53975062565688
78.75937857558112
78.41902659710206
79.41952618844195
79.71255626907876
79.66879727352529
79.17927151970547
80.18280760354654
79.87514271794002
79.00621934367825
81.11241581542654
79.44852271889371
80.78847002512705
79.40303846270238
97.67025089605735
97.20430107526882
92.60752688172042
98.38709677419355
97.74193548387096
97.6574500768049
95.86021505376344
97.84946236559139
98.9247311827957
96.55145929339477
99.59677419354838
97.31182795698925
98.9247311827957
98.54838709677419
99.53917050691244
98.11827956989247
98.11827956989247
96.85099846390169
98.4331797235023
99.19354838709677
97.28110599078342
99.35483870967742
99.46236559139786
96.55913978494623
97.47311827956989
98.61751152073734
97.58064516129032
99.19354838709677
100.0
96.95340501792116
99.46236559139786
97.47311827956989
97.2043010752688
98.27956989247312
99.35483870967742
95.59139784946235
98.38709677419355
96.66666666666666
97.28110599078342
97.92114695340503
100.0
99.35483870967742
96.12903225806451
98.4331797235023
97.54480286738351
95.66820276497695
98.65591397849462
99.53917050691244
98.52150537634408
96.50537634408602
98.70967741935483
98.81720430107528
94.32411674347159
97.31182795698925
98.9247311827957
98.38709677419355
99.46236559139786
96.76139272913467
99.19354838709677
99.35483870967742
100.0
99.0015360983103
99.53917050691244
99.35483870967742
99.53917050691244
99.46236559139786
99.46236559139786
100.0
98.54838709677419
99.46236559139786
98.38709677419355
98.9247311827957
98.9247311827957
98.38709677419355
98.9247311827957
96.20583717357911
98.70967741935483
98.9247311827957
96.50537634408602
98.46390168970814
76.28241525232862
76.48795625372435
77.93423923062632
77.16048409463514
77.84018974929928
78.39052786213391
77.76335336634149
77.70595679243819
78.70072717023439
78.02474115675614
78.45428741608676
78.5460802693872
78.00204078203905
78.94094948140452
77.96448038838543
79.5227570820232
78.50361615765601
78.28487500571792
78.49340496100466
78.77134117242726
79.64280506669361
79.89115915408203
79.10789482187185
77.75668212430851
78.92944627131074
80.1690621659644
79.35318490510535
78.96292878992827
78.33144436201002
79.01601453075124
78.56754501965578
78.461093451318
79.35021936477293
78.92401696951343
78.11085369617116
80.12895761902892
79.05393549593967
79.34156820108953
79.58743301838213
79.03497744538338
98.30645161290323
99.35483870967742
97.38863287250385
96.93548387096774
98.17204301075269
98.38709677419355
98.54838709677419
98.54838709677419
97.71505376344085
97.74193548387096
97.2043010752688
95.0358422939068
97.75985663082437
98.56630824372759
98.18996415770609
98.38709677419355
97.63440860215053
100.0
98.89400921658986
99.6415770609319
100.0
96.84587813620071
98.9247311827957
97.36559139784947
98.46390168970814
98.46390168970814
100.0
98.9247311827957
100.0
98.99641577060932
100.0
100.0
98.99641577060932
97.84946236559139
100.0
98.10547875064003
98.9247311827957
97.75985663082436
97.84946236559139
98.5663082437276
