60.129672585686286
54.218944789988896
55.95096487919623
57.06308647143743
58.173842790526024
57.67613352142174
54.329603861950474
56.84453810624521
57.80160366272316
57.159371944170786
56.703509874003956
54.578598439199745
56.825666166416255
55.391143997781526
56.131193041601115
56.090113819493254
56.2078439400983
57.20810855751423
55.86473462639888
55.95967020910549
56.07510391814384
56.61127858688966
56.14605404315156
55.49316074336533
55.97064110037795
57.33936840030189
55.153007053805304
56.71821872887025
57.565496856223255
56.45289446690482
56.86903751584883
55.537264626677924
56.32705477655868
55.181781061012906
55.79796983485202
56.44567014741997
54.948327078435874
56.135242087641444
54.36128850009557
55.01212191704719
58.19918608158911
54.63844930159309
57.390555966004655
58.64109443949313
58.99421014810075
58.65616905713783
59.75717167904319
57.98474763763021
57.58338106318575
60.26680575463793
59.161192246256284
60.24843410267268
59.47791845323033
58.922308030099224
59.05313494689674
58.71515596786573
57.54421625739571
57.18605878067027
57.53620739483859
57.43444713265694
58.644214902793664
59.03608015385181
58.01415166758506
59.388623817800664
59.32482182481314
58.10004229704309
57.47380984425902
57.30852831434575
57.947239055405085
56.89037457730792
57.880991531245655
56.55095373009962
57.35379060031685
57.36939367514705
55.27457040025735
58.06621034879517
57.45786929243759
56.916704872744624
55.870149839017095
56.206443367049914
95.29185867895545
96.63594470046083
93.46390168970814
97.17357910906297
93.70967741935482
95.23809523809524
96.18279569892472
96.09831029185867
96.66666666666666
97.84946236559139
95.3942652329749
95.64516129032258
97.2043010752688
97.41935483870968
98.70967741935483
95.56067588325652
95.752688172043
98.24884792626729
98.70967741935483
97.66129032258064
96.1290322580645
99.35483870967742
95.60931899641577
98.54838709677419
95.48387096774194
96.23655913978493
96.93548387096774
96.7741935483871
96.82795698924731
98.54838709677419
96.82795698924731
95.3225806451613
95.43010752688171
97.63440860215053
96.82795698924731
98.27956989247312
97.99795186891963
96.04454685099846
98.92473118279571
99.35483870967742
96.56938044034818
96.74347158218127
93.81720430107528
95.52995391705069
96.09831029185867
97.11469534050178
97.08781362007169
96.95340501792114
96.29032258064517
96.14695340501791
95.86021505376344
95.39938556067588
94.67741935483869
98.08755760368663
96.82795698924731
96.7741935483871
96.23655913978493
99.19354838709677
97.31182795698925
98.9247311827957
97.74193548387096
95.43010752688171
96.14695340501792
96.92268305171532
98.99641577060932
96.85099846390169
98.9247311827957
98.27956989247312
94.08602150537632
96.12903225806451
98.6431131592422
98.06067588325652
99.18074756784435
98.29749103942652
96.23655913978494
96.77419354838709
97.04301075268816
95.96774193548387
97.31182795698925
97.2043010752688
61.71273901494128
59.70114786286935
61.87731090833967
59.41322469245438
58.16327042076183
60.0729200329019
60.37062828404084
59.843158667024454
61.2349830582184
62.65790457251562
61.459701424067966
63.424665753122795
61.65497848322774
61.559403258652715
63.20598188928596
63.82423646800645
62.26986984267898
63.66124888351961
63.09787737122202
63.377390351565474
61.399558873877645
62.435906588635106
61.57773235394922
62.48216185764522
62.423902661423206
62.44339212050645
61.51609096276131
62.7400019599181
62.24463930267168
61.41625302072158
62.946840276601385
63.43504756864416
61.77490407898473
63.230265207388676
63.22142094130916
62.54589552938259
62.56156335390007
62.98610328931927
62.71200260315226
61.90978713205056
94.13978494623655
94.7004608294931
94.08602150537634
96.1290322580645
96.31336405529954
91.93548387096774
95.59139784946235
96.50537634408602
96.23655913978493
93.87096774193549
97.04301075268816
95.3225806451613
94.16282642089094
96.66666666666666
94.59293394777265
96.50537634408602
96.50537634408602
96.66666666666666
95.96774193548387
96.31336405529954
97.38351254480285
97.31182795698925
98.9247311827957
95.86021505376344
98.06451612903226
97.31182795698925
97.04301075268818
94.62365591397848
95.39938556067588
96.47465437788019
96.5821812596006
96.50537634408602
92.76497695852534
95.66820276497695
98.46390168970814
95.16129032258064
97.31182795698925
97.84946236559139
95.96774193548387
97.44623655913978
