84.30875576036865
87.22734254992321
89.16666666666666
89.43164362519201
93.06451612903226
90.89861751152073
91.7741935483871
93.91705069124424
90.74500768049155
93.80952380952381
59.961879532188135
60.513147501987014
58.83933291815545
59.69922108806559
62.57385103272949
94.13978494623656
92.71121351766514
92.5268817204301
94.32411674347159
93.0568356374808
89.45468509984639
91.12903225806451
87.41935483870968
93.97849462365592
91.02150537634408
86.72043010752688
93.70967741935483
94.35483870967742
91.7741935483871
89.3010752688172
85.59139784946234
89.18586789554531
87.46543778801842
91.17511520737327
92.90322580645162
89.45468509984639
91.72043010752687
92.58064516129032
93.59447004608295
94.48540706605223
61.43068846665584
63.49052801454679
62.55386627943933
61.792645614839806
61.59899071489004
