92.26=100.00 100.00 100.00 100.00 100.00 100.00 100.00 75.00 100.00 62.50 100.00 100.00 70.00 80.00 100.00 100.00 100.00 87.50 100.00 100.00 100.00 100.00 100.00 100.00 100.00 60.00 100.00 100.00 75.00 100.00 50.00
92.77=77.78 100.00 100.00 100.00 100.00 100.00 100.00 80.00 100.00 100.00 100.00 100.00 83.33 100.00 100.00 100.00 87.50 100.00 100.00 88.89 100.00 100.00 100.00 87.50 66.67 75.00 100.00 100.00 83.33 83.33 62.50
95.66=100.00 100.00 100.00 100.00 100.00 100.00 100.00 100.00 100.00 100.00 100.00 100.00 100.00 100.00 72.73 91.67 100.00 100.00 100.00 72.73 100.00 100.00 100.00 100.00 90.00 75.00 100.00 80.00 83.33 100.00 100.00
94.32=100.00 100.00 100.00 100.00 100.00 100.00 90.91 75.00 100.00 83.33 87.50 100.00 100.00 100.00 88.89 100.00 100.00 100.00 100.00 80.00 100.00 100.00 100.00 100.00 100.00 100.00 100.00 70.00 85.71 100.00 62.50
95.07=87.50 100.00 100.00 100.00 100.00 100.00 100.00 66.67 100.00 100.00 100.00 100.00 77.78 100.00 80.00 100.00 100.00 100.00 85.71 100.00 100.00 100.00 100.00 75.00 88.89 100.00 100.00 100.00 85.71 100.00 100.00
96.29=63.64 100.00 100.00 100.00 100.00 100.00 100.00 80.00 100.00 100.00 100.00 100.00 100.00 83.33 100.00 100.00 100.00 100.00 100.00 88.89 100.00 100.00 100.00 85.71 100.00 100.00 100.00 100.00 83.33 100.00 100.00
97.00=100.00 100.00 100.00 100.00 100.00 100.00 100.00 66.67 100.00 100.00 87.50 100.00 88.89 100.00 100.00 100.00 100.00 100.00 100.00 100.00 100.00 100.00 100.00 100.00 100.00 100.00 100.00 88.89 75.00 100.00 100.00
98.37=100.00 100.00 100.00 100.00 100.00 100.00 100.00 100.00 100.00 100.00 100.00 100.00 100.00 100.00 100.00 100.00 88.89 100.00 100.00 100.00 100.00 100.00 100.00 75.00 100.00 100.00 100.00 100.00 85.71 100.00 100.00
95.67=100.00 100.00 100.00 100.00 100.00 100.00 100.00 66.67 100.00 100.00 100.00 100.00 100.00 100.00 100.00 100.00 100.00 100.00 87.50 100.00 100.00 100.00 100.00 85.71 87.50 75.00 100.00 80.00 100.00 100.00 83.33
97.73=100.00 100.00 100.00 100.00 100.00 100.00 100.00 80.00 100.00 100.00 100.00 100.00 100.00 100.00 100.00 100.00 100.00 100.00 100.00 100.00 100.00 100.00 88.89 75.00 100.00 100.00 100.00 100.00 85.71 100.00 100.00
96.69=100.00 100.00 100.00 100.00 100.00 100.00 100.00 100.00 100.00 83.33 100.00 100.00 85.71 100.00 88.89 100.00 100.00 100.00 100.00 72.73 100.00 100.00 100.00 100.00 83.33 100.00 100.00 100.00 83.33 100.00 100.00
96.49=87.50 100.00 100.00 100.00 100.00 100.00 100.00 80.00 100.00 100.00 100.00 100.00 100.00 100.00 100.00 100.00 100.00 100.00 100.00 100.00 100.00 83.33 100.00 71.43 100.00 100.00 100.00 100.00 85.71 100.00 83.33
98.26=100.00 100.00 100.00 100.00 100.00 100.00 100.00 80.00 100.00 100.00 100.00 100.00 100.00 100.00 100.00 100.00 100.00 100.00 100.00 100.00 100.00 100.00 100.00 100.00 90.91 100.00 100.00 100.00 75.00 100.00 100.00
98.79=100.00 100.00 100.00 100.00 100.00 100.00 100.00 100.00 100.00 100.00 100.00 100.00 100.00 100.00 100.00 100.00 100.00 100.00 100.00 100.00 100.00 100.00 100.00 100.00 90.91 100.00 100.00 100.00 85.71 85.71 100.00
95.36=100.00 100.00 100.00 100.00 100.00 100.00 90.91 80.00 100.00 83.33 100.00 100.00 88.89 100.00 100.00 100.00 80.00 100.00 100.00 100.00 100.00 100.00 100.00 83.33 88.89 75.00 100.00 100.00 85.71 100.00 100.00
95.78=100.00 100.00 100.00 100.00 100.00 100.00 100.00 100.00 100.00 100.00 100.00 85.71 87.50 100.00 88.89 100.00 100.00 100.00 70.00 80.00 100.00 100.00 100.00 85.71 100.00 100.00 100.00 100.00 71.43 100.00 100.00
98.48=100.00 100.00 100.00 100.00 100.00 100.00 100.00 100.00 100.00 100.00 100.00 100.00 87.50 100.00 100.00 100.00 100.00 100.00 100.00 100.00 100.00 100.00 100.00 100.00 90.91 100.00 100.00 88.89 85.71 100.00 100.00
92.42=100.00 100.00 100.00 75.00 100.00 88.89 100.00 66.67 80.00 100.00 100.00 87.50 100.00 100.00 100.00 100.00 80.00 85.71 100.00 88.89 100.00 100.00 100.00 83.33 100.00 75.00 100.00 87.50 83.33 100.00 83.33
95.68=87.50 100.00 100.00 100.00 100.00 100.00 100.00 80.00 100.00 100.00 100.00 100.00 100.00 100.00 87.50 90.91 100.00 100.00 100.00 88.89 100.00 100.00 88.89 100.00 87.50 100.00 100.00 80.00 75.00 100.00 100.00
95.64=100.00 100.00 100.00 100.00 100.00 100.00 100.00 100.00 100.00 100.00 100.00 100.00 100.00 83.33 88.89 100.00 100.00 100.00 77.78 100.00 100.00 83.33 100.00 100.00 87.50 75.00 100.00 100.00 85.71 100.00 83.33
96.27=100.00 100.00 100.00 100.00 100.00 100.00 100.00 66.67 100.00 100.00 100.00 100.00 87.50 83.33 100.00 100.00 100.00 100.00 100.00 100.00 100.00 100.00 100.00 100.00 100.00 100.00 100.00 77.78 85.71 100.00 83.33
95.65=87.50 100.00 100.00 100.00 100.00 100.00 81.82 50.00 83.33 100.00 87.50 100.00 100.00 100.00 100.00 100.00 100.00 100.00 100.00 100.00 100.00 100.00 100.00 100.00 100.00 100.00 100.00 100.00 75.00 100.00 100.00
95.75=100.00 100.00 100.00 100.00 100.00 100.00 90.91 75.00 83.33 100.00 100.00 100.00 100.00 100.00 100.00 88.89 80.00 100.00 87.50 100.00 100.00 100.00 100.00 100.00 100.00 100.00 100.00 87.50 75.00 100.00 100.00
96.77=100.00 100.00 100.00 100.00 100.00 100.00 100.00 80.00 80.00 100.00 100.00 100.00 100.00 100.00 88.89 100.00 88.89 100.00 100.00 88.89 100.00 100.00 100.00 100.00 100.00 100.00 100.00 87.50 85.71 100.00 100.00
97.09=100.00 100.00 100.00 100.00 100.00 100.00 100.00 80.00 100.00 100.00 100.00 100.00 100.00 100.00 100.00 100.00 100.00 100.00 100.00 100.00 100.00 100.00 100.00 83.33 71.43 100.00 100.00 100.00 75.00 100.00 100.00
97.45=87.50 100.00 100.00 100.00 100.00 100.00 100.00 100.00 100.00 100.00 100.00 100.00 100.00 100.00 100.00 100.00 100.00 100.00 100.00 100.00 100.00 100.00 100.00 66.67 83.33 100.00 100.00 100.00 83.33 100.00 100.00
95.71=100.00 100.00 100.00 100.00 100.00 87.50 100.00 66.67 100.00 100.00 100.00 100.00 100.00 100.00 100.00 100.00 100.00 100.00 100.00 100.00 100.00 80.00 100.00 100.00 83.33 75.00 100.00 88.89 85.71 100.00 100.00
96.21=87.50 100.00 100.00 100.00 100.00 100.00 100.00 80.00 100.00 100.00 100.00 100.00 100.00 100.00 100.00 90.91 100.00 100.00 85.71 88.89 100.00 100.00 100.00 85.71 100.00 100.00 100.00 88.89 75.00 100.00 100.00
97.01=100.00 100.00 100.00 100.00 100.00 100.00 100.00 80.00 100.00 100.00 100.00 100.00 100.00 100.00 88.89 100.00 88.89 100.00 100.00 88.89 100.00 100.00 100.00 100.00 100.00 75.00 100.00 100.00 85.71 100.00 100.00
97.96=100.00 100.00 100.00 100.00 100.00 100.00 100.00 80.00 100.00 100.00 100.00 100.00 100.00 100.00 100.00 90.91 100.00 100.00 100.00 80.00 100.00 100.00 100.00 100.00 100.00 100.00 100.00 100.00 85.71 100.00 100.00
95.64=100.00 100.00 100.00 100.00 100.00 100.00 100.00 66.67 100.00 100.00 100.00 100.00 100.00 100.00 88.89 100.00 100.00 100.00 87.50 100.00 100.00 100.00 88.89 100.00 88.89 75.00 100.00 100.00 85.71 83.33 100.00
96.17=77.78 100.00 100.00 100.00 100.00 100.00 100.00 66.67 100.00 100.00 100.00 100.00 100.00 100.00 87.50 100.00 100.00 100.00 100.00 88.89 100.00 100.00 100.00 100.00 100.00 100.00 85.71 88.89 85.71 100.00 100.00
97.79=100.00 100.00 100.00 100.00 100.00 100.00 100.00 80.00 100.00 100.00 100.00 100.00 100.00 100.00 100.00 100.00 100.00 100.00 100.00 100.00 100.00 100.00 100.00 85.71 100.00 100.00 100.00 100.00 85.71 100.00 80.00
95.18=100.00 100.00 100.00 100.00 80.00 100.00 100.00 66.67 100.00 100.00 100.00 100.00 100.00 100.00 100.00 100.00 100.00 100.00 87.50 80.00 100.00 100.00 100.00 100.00 90.00 75.00 100.00 100.00 85.71 85.71 100.00
96.48=100.00 100.00 100.00 100.00 100.00 100.00 100.00 66.67 100.00 100.00 100.00 100.00 88.89 100.00 100.00 100.00 100.00 100.00 100.00 100.00 100.00 100.00 100.00 85.71 100.00 75.00 100.00 88.89 85.71 100.00 100.00
96.59=100.00 100.00 100.00 100.00 100.00 100.00 100.00 100.00 100.00 100.00 87.50 100.00 100.00 100.00 100.00 100.00 100.00 100.00 100.00 100.00 100.00 83.33 100.00 100.00 90.00 75.00 100.00 72.73 85.71 100.00 100.00
94.28=87.50 100.00 100.00 100.00 100.00 100.00 100.00 66.67 100.00 100.00 100.00 100.00 100.00 100.00 88.89 100.00 88.89 100.00 77.78 100.00 100.00 71.43 100.00 100.00 100.00 100.00 100.00 66.67 75.00 100.00 100.00
95.87=87.50 100.00 100.00 100.00 100.00 100.00 100.00 80.00 100.00 100.00 100.00 100.00 100.00 83.33 100.00 100.00 88.89 100.00 100.00 100.00 80.00 100.00 100.00 85.71 100.00 100.00 100.00 100.00 66.67 100.00 100.00
96.42=87.50 100.00 100.00 100.00 100.00 100.00 100.00 80.00 100.00 83.33 100.00 100.00 100.00 100.00 100.00 100.00 100.00 100.00 100.00 88.89 100.00 100.00 100.00 85.71 88.89 100.00 100.00 88.89 85.71 100.00 100.00
97.50=100.00 100.00 100.00 100.00 100.00 100.00 100.00 80.00 100.00 100.00 100.00 100.00 100.00 100.00 100.00 100.00 100.00 100.00 87.50 100.00 100.00 100.00 100.00 100.00 100.00 100.00 100.00 80.00 75.00 100.00 100.00
92.83=100.00 100.00 100.00 100.00 100.00 100.00 100.00 80.00 83.33 83.33 100.00 100.00 87.50 100.00 77.78 100.00 100.00 87.50 100.00 88.89 100.00 100.00 88.89 62.50 100.00 100.00 83.33 100.00 71.43 100.00 83.33
95.19=100.00 100.00 100.00 100.00 100.00 100.00 100.00 57.14 83.33 83.33 100.00 100.00 100.00 100.00 80.00 100.00 100.00 100.00 100.00 100.00 100.00 100.00 100.00 100.00 100.00 100.00 100.00 88.89 75.00 100.00 83.33
96.48=100.00 100.00 100.00 100.00 100.00 100.00 100.00 100.00 100.00 100.00 100.00 100.00 88.89 100.00 88.89 100.00 100.00 77.78 87.50 88.89 100.00 100.00 100.00 100.00 100.00 100.00 100.00 87.50 85.71 85.71 100.00
88.77=100.00 100.00 100.00 75.00 100.00 100.00 100.00 60.00 80.00 100.00 87.50 100.00 88.89 100.00 88.89 85.71 100.00 100.00 100.00 88.89 100.00 80.00 80.00 55.56 100.00 60.00 100.00 87.50 71.43 100.00 62.50
93.81=100.00 100.00 100.00 100.00 100.00 100.00 100.00 66.67 83.33 100.00 100.00 100.00 87.50 100.00 88.89 87.50 100.00 100.00 100.00 100.00 100.00 100.00 75.00 83.33 90.00 100.00 100.00 100.00 62.50 100.00 83.33
93.27=87.50 100.00 100.00 75.00 100.00 100.00 100.00 60.00 83.33 100.00 100.00 100.00 88.89 83.33 100.00 100.00 100.00 100.00 100.00 100.00 100.00 80.00 100.00 83.33 100.00 100.00 100.00 100.00 66.67 100.00 83.33
95.12=100.00 100.00 100.00 100.00 100.00 100.00 100.00 66.67 100.00 100.00 100.00 100.00 100.00 100.00 100.00 88.89 100.00 100.00 100.00 88.89 100.00 100.00 100.00 100.00 90.91 75.00 100.00 80.00 75.00 100.00 83.33
95.15=100.00 100.00 100.00 100.00 100.00 100.00 100.00 66.67 100.00 100.00 100.00 100.00 80.00 100.00 100.00 85.71 100.00 100.00 100.00 80.00 100.00 100.00 100.00 100.00 100.00 100.00 100.00 80.00 71.43 85.71 100.00
94.38=100.00 100.00 100.00 100.00 100.00 100.00 100.00 66.67 100.00 100.00 100.00 100.00 80.00 100.00 88.89 100.00 100.00 100.00 100.00 88.89 100.00 100.00 100.00 62.50 100.00 100.00 100.00 88.89 66.67 100.00 83.33
93.57=100.00 100.00 100.00 100.00 80.00 100.00 100.00 66.67 100.00 100.00 100.00 100.00 87.50 100.00 80.00 100.00 88.89 100.00 100.00 100.00 100.00 100.00 100.00 100.00 100.00 66.67 100.00 87.50 60.00 100.00 83.33
95.32=100.00 100.00 100.00 100.00 100.00 100.00 100.00 66.67 100.00 100.00 100.00 100.00 80.00 100.00 88.89 100.00 100.00 100.00 100.00 100.00 100.00 100.00 100.00 83.33 83.33 100.00 100.00 77.78 75.00 100.00 100.00
96.10=100.00 100.00 100.00 100.00 100.00 100.00 100.00 66.67 100.00 100.00 77.78 100.00 100.00 100.00 88.89 100.00 100.00 100.00 100.00 100.00 100.00 100.00 100.00 100.00 90.91 100.00 100.00 80.00 75.00 100.00 100.00
96.25=100.00 100.00 100.00 100.00 100.00 100.00 100.00 80.00 100.00 100.00 100.00 100.00 100.00 100.00 100.00 90.00 100.00 100.00 100.00 80.00 100.00 100.00 100.00 100.00 90.00 100.00 100.00 88.89 71.43 100.00 83.33
94.93=100.00 100.00 100.00 100.00 100.00 100.00 100.00 66.67 100.00 100.00 100.00 100.00 100.00 100.00 88.89 100.00 100.00 100.00 100.00 88.89 100.00 100.00 100.00 83.33 83.33 100.00 100.00 88.89 71.43 100.00 71.43
93.24=100.00 100.00 100.00 75.00 100.00 100.00 100.00 66.67 100.00 100.00 100.00 100.00 87.50 100.00 80.00 100.00 87.50 100.00 100.00 88.89 100.00 100.00 88.89 71.43 100.00 100.00 85.71 87.50 71.43 100.00 100.00
95.98=100.00 100.00 100.00 100.00 100.00 100.00 90.00 66.67 100.00 100.00 100.00 100.00 100.00 100.00 100.00 100.00 100.00 87.50 100.00 88.89 100.00 100.00 87.50 100.00 90.91 100.00 100.00 88.89 75.00 100.00 100.00
97.04=100.00 100.00 100.00 100.00 100.00 100.00 100.00 66.67 100.00 100.00 100.00 100.00 100.00 100.00 88.89 100.00 100.00 100.00 100.00 88.89 100.00 100.00 100.00 100.00 100.00 100.00 100.00 88.89 75.00 100.00 100.00
95.26=100.00 100.00 100.00 75.00 100.00 100.00 100.00 60.00 100.00 100.00 100.00 87.50 100.00 83.33 100.00 100.00 100.00 100.00 100.00 100.00 100.00 100.00 100.00 100.00 100.00 100.00 100.00 88.89 75.00 100.00 83.33
94.86=87.50 100.00 100.00 100.00 100.00 100.00 100.00 66.67 100.00 100.00 100.00 100.00 100.00 71.43 100.00 100.00 88.89 100.00 100.00 80.00 100.00 100.00 100.00 100.00 100.00 100.00 100.00 88.89 71.43 85.71 100.00
95.63=100.00 100.00 100.00 100.00 100.00 100.00 100.00 57.14 100.00 100.00 100.00 100.00 100.00 100.00 88.89 88.89 100.00 100.00 100.00 80.00 100.00 100.00 100.00 100.00 100.00 100.00 100.00 88.89 75.00 85.71 100.00
95.84=100.00 100.00 100.00 75.00 100.00 100.00 100.00 57.14 100.00 100.00 100.00 100.00 100.00 100.00 100.00 100.00 100.00 100.00 100.00 100.00 100.00 100.00 100.00 100.00 100.00 100.00 100.00 88.89 66.67 100.00 83.33
96.85=100.00 100.00 100.00 100.00 100.00 100.00 100.00 66.67 100.00 100.00 100.00 100.00 100.00 100.00 100.00 100.00 100.00 100.00 100.00 80.00 100.00 100.00 100.00 100.00 100.00 100.00 100.00 88.89 66.67 100.00 100.00
95.22=100.00 100.00 100.00 100.00 100.00 100.00 100.00 60.00 100.00 100.00 100.00 85.71 100.00 100.00 88.89 100.00 100.00 100.00 100.00 88.89 100.00 100.00 100.00 100.00 100.00 100.00 100.00 80.00 62.50 85.71 100.00
96.35=100.00 100.00 100.00 100.00 100.00 100.00 100.00 66.67 100.00 100.00 100.00 100.00 88.89 100.00 100.00 100.00 100.00 100.00 100.00 100.00 100.00 100.00 100.00 100.00 81.82 100.00 100.00 88.89 75.00 85.71 100.00
95.20=100.00 100.00 100.00 100.00 100.00 100.00 100.00 60.00 100.00 100.00 100.00 100.00 100.00 83.33 77.78 100.00 100.00 100.00 100.00 88.89 100.00 100.00 100.00 100.00 100.00 100.00 100.00 88.89 66.67 85.71 100.00
97.29=100.00 100.00 100.00 100.00 100.00 100.00 100.00 66.67 100.00 100.00 100.00 100.00 100.00 100.00 100.00 100.00 100.00 100.00 100.00 88.89 100.00 100.00 100.00 100.00 100.00 100.00 100.00 88.89 71.43 100.00 100.00
95.47=100.00 100.00 100.00 100.00 100.00 100.00 100.00 57.14 100.00 100.00 100.00 100.00 100.00 100.00 80.00 100.00 100.00 87.50 100.00 80.00 100.00 100.00 100.00 100.00 90.91 100.00 100.00 88.89 75.00 100.00 100.00
95.07=100.00 100.00 100.00 100.00 100.00 100.00 100.00 57.14 100.00 100.00 100.00 100.00 100.00 100.00 88.89 100.00 100.00 100.00 100.00 100.00 100.00 100.00 100.00 83.33 90.00 100.00 100.00 77.78 66.67 100.00 83.33
96.33=100.00 100.00 100.00 100.00 66.67 100.00 100.00 66.67 100.00 100.00 100.00 100.00 100.00 100.00 100.00 88.89 100.00 100.00 100.00 100.00 100.00 100.00 100.00 100.00 100.00 100.00 100.00 88.89 75.00 100.00 100.00
96.94=100.00 100.00 100.00 100.00 100.00 100.00 100.00 66.67 100.00 100.00 100.00 100.00 88.89 100.00 100.00 100.00 100.00 100.00 100.00 100.00 100.00 100.00 100.00 100.00 100.00 100.00 100.00 88.89 75.00 85.71 100.00
93.90=100.00 100.00 100.00 75.00 100.00 100.00 100.00 60.00 100.00 100.00 100.00 100.00 100.00 80.00 100.00 100.00 88.89 100.00 100.00 100.00 100.00 100.00 100.00 55.56 100.00 100.00 100.00 88.89 62.50 100.00 100.00
96.78=100.00 100.00 100.00 100.00 100.00 100.00 100.00 57.14 100.00 100.00 100.00 100.00 100.00 100.00 100.00 100.00 100.00 100.00 87.50 100.00 100.00 100.00 100.00 100.00 100.00 100.00 100.00 88.89 66.67 100.00 100.00
95.59=100.00 100.00 100.00 100.00 100.00 100.00 100.00 57.14 100.00 100.00 100.00 100.00 100.00 100.00 100.00 87.50 88.89 100.00 100.00 100.00 100.00 100.00 87.50 100.00 81.82 100.00 100.00 88.89 71.43 100.00 100.00
95.56=100.00 100.00 100.00 100.00 100.00 100.00 100.00 60.00 100.00 100.00 87.50 100.00 87.50 83.33 100.00 100.00 100.00 100.00 100.00 88.89 100.00 100.00 100.00 100.00 100.00 100.00 100.00 80.00 75.00 100.00 100.00
95.11=100.00 100.00 100.00 100.00 100.00 100.00 100.00 60.00 100.00 100.00 87.50 100.00 87.50 71.43 80.00 100.00 100.00 87.50 100.00 100.00 100.00 100.00 100.00 100.00 100.00 100.00 100.00 88.89 85.71 100.00 100.00
96.06=100.00 100.00 100.00 100.00 100.00 100.00 100.00 66.67 100.00 100.00 100.00 100.00 100.00 100.00 88.89 100.00 100.00 100.00 100.00 88.89 100.00 100.00 88.89 100.00 100.00 100.00 100.00 87.50 71.43 85.71 100.00
97.22=100.00 100.00 100.00 100.00 100.00 100.00 100.00 66.67 100.00 100.00 100.00 100.00 100.00 100.00 100.00 100.00 100.00 100.00 100.00 100.00 100.00 100.00 100.00 100.00 100.00 100.00 100.00 88.89 75.00 100.00 83.33
96.08=100.00 100.00 100.00 100.00 100.00 100.00 100.00 66.67 100.00 100.00 100.00 100.00 100.00 100.00 100.00 100.00 100.00 87.50 100.00 100.00 100.00 100.00 100.00 80.00 100.00 100.00 100.00 77.78 66.67 100.00 100.00
97.04=100.00 100.00 100.00 100.00 100.00 100.00 100.00 66.67 100.00 100.00 100.00 100.00 100.00 100.00 100.00 88.89 100.00 100.00 100.00 88.89 100.00 100.00 100.00 100.00 100.00 100.00 100.00 88.89 75.00 100.00 100.00
94.62=100.00 100.00 100.00 100.00 100.00 100.00 100.00 50.00 100.00 100.00 100.00 100.00 88.89 71.43 100.00 100.00 100.00 87.50 87.50 88.89 100.00 100.00 100.00 100.00 100.00 100.00 100.00 87.50 71.43 100.00 100.00
73.93=100.00 100.00 86.36 78.57 23.08 85.71 91.30 73.68 75.00 100.00 86.21 94.74 64.71 65.22 80.65 81.48 88.89 95.83 29.73 55.00 100.00 96.15 67.74 34.62 44.19 38.89 54.84 70.37 94.44 64.29 70.00
73.63=100.00 100.00 79.17 85.71 16.00 88.46 95.45 85.00 75.00 87.50 92.31 95.24 60.00 62.50 71.43 82.14 92.59 100.00 13.16 40.00 100.00 100.00 71.43 21.74 43.90 71.43 69.57 62.07 77.27 60.00 83.33
75.34=92.00 100.00 95.00 87.50 16.67 92.00 95.45 76.92 53.33 85.71 89.66 95.24 64.52 72.00 81.25 70.97 88.46 95.83 21.74 73.33 93.33 100.00 72.41 40.00 43.24 71.43 76.19 81.82 80.00 47.83 81.82
76.80=100.00 100.00 100.00 81.48 21.88 95.65 95.83 80.95 41.18 100.00 92.86 94.74 51.22 70.37 75.76 88.00 86.21 100.00 20.00 42.86 100.00 100.00 78.57 47.62 44.44 71.43 76.19 80.00 100.00 54.55 88.89
77.16=91.67 100.00 100.00 79.17 20.69 92.31 95.83 85.71 38.89 100.00 96.30 91.30 62.86 67.86 81.25 77.78 88.89 100.00 20.83 65.00 100.00 100.00 75.00 47.83 45.45 71.43 100.00 77.27 100.00 52.00 66.67
76.93=100.00 100.00 100.00 88.00 12.50 91.67 91.67 80.00 47.62 100.00 96.30 95.00 63.89 68.97 86.67 80.77 96.15 100.00 13.04 37.50 93.33 100.00 76.00 39.13 50.00 66.67 86.67 86.36 100.00 63.64 73.33
78.04=100.00 100.00 100.00 91.67 15.15 96.00 100.00 80.95 61.11 87.50 95.83 95.24 64.52 76.00 86.67 84.62 96.30 100.00 18.75 63.16 92.31 100.00 75.86 45.45 47.50 66.67 93.33 83.33 94.12 50.00 57.14
76.40=100.00 100.00 100.00 86.36 19.35 95.83 95.83 85.00 50.00 100.00 92.59 90.48 64.52 64.29 86.67 74.19 92.31 100.00 19.05 59.09 100.00 100.00 68.97 34.62 46.15 64.71 82.35 76.92 100.00 50.00 69.23
78.44=100.00 100.00 100.00 95.24 23.33 95.65 95.83 87.50 47.37 86.67 96.15 91.30 66.67 63.33 86.67 79.17 92.59 100.00 17.02 57.14 100.00 100.00 76.92 32.14 46.15 68.75 93.33 86.36 100.00 54.55 91.67
76.60=95.83 100.00 100.00 95.65 12.50 95.83 95.65 78.95 39.13 92.86 92.00 91.30 64.71 70.37 86.21 76.67 92.31 100.00 17.78 54.55 100.00 100.00 75.00 45.45 42.11 64.71 100.00 85.00 100.00 43.33 66.67
77.23=95.65 100.00 90.48 91.67 17.86 100.00 95.83 86.96 46.67 100.00 96.30 90.91 65.71 71.43 89.66 78.57 89.29 100.00 13.04 57.14 92.31 100.00 70.00 47.83 46.15 81.82 82.35 80.00 100.00 52.17 64.29
78.02=95.83 100.00 100.00 87.50 14.29 96.00 95.83 86.36 40.00 100.00 100.00 91.30 55.56 71.43 89.66 77.78 92.59 100.00 17.39 60.00 93.33 100.00 70.00 58.82 43.24 66.67 93.33 82.61 100.00 64.00 75.00
79.23=95.83 100.00 100.00 91.67 16.13 95.83 100.00 86.96 53.33 100.00 92.59 100.00 55.56 68.75 83.87 79.31 92.59 100.00 20.00 78.57 100.00 100.00 80.77 40.74 54.29 80.00 77.78 86.36 100.00 52.00 73.33
76.73=95.83 100.00 100.00 91.67 12.12 92.31 91.67 86.96 45.00 86.67 92.59 95.00 51.72 70.83 89.66 72.41 89.29 100.00 16.67 60.00 100.00 100.00 75.00 42.31 44.12 76.47 88.89 78.26 100.00 66.67 66.67
79.61=95.83 100.00 100.00 91.67 12.12 95.83 95.83 79.17 55.00 100.00 89.66 100.00 70.59 72.41 92.59 71.88 95.83 100.00 21.43 75.00 100.00 96.00 72.41 42.31 47.37 61.11 93.75 90.91 100.00 72.22 76.92
77.90=92.00 100.00 100.00 91.67 23.08 96.00 95.83 91.67 45.00 100.00 96.15 84.00 68.97 75.00 92.59 75.00 85.71 100.00 19.57 66.67 100.00 100.00 76.00 37.04 50.00 61.11 88.89 75.00 100.00 56.52 71.43
78.77=100.00 100.00 95.00 91.67 18.18 95.65 95.45 82.61 54.17 92.86 96.15 95.24 70.97 72.00 82.76 81.48 89.29 100.00 20.93 75.00 100.00 96.30 75.00 43.48 46.34 73.33 83.33 85.71 100.00 57.69 71.43
77.81=95.83 100.00 100.00 91.67 11.11 95.65 88.00 81.82 50.00 86.67 95.83 95.45 58.33 70.37 89.66 76.92 96.15 100.00 21.43 66.67 100.00 100.00 72.41 50.00 48.65 64.71 88.89 80.00 100.00 69.23 66.67
79.38=100.00 100.00 95.00 91.67 17.65 92.31 91.67 85.71 47.06 92.86 96.15 95.45 58.33 69.23 89.29 84.00 92.31 100.00 21.28 57.89 100.00 96.30 78.57 47.83 51.35 83.33 94.12 82.61 100.00 65.38 83.33
78.33=100.00 100.00 100.00 95.65 12.50 95.65 95.65 80.77 58.82 87.50 88.89 95.45 59.46 75.00 89.66 87.50 92.59 100.00 23.26 60.00 100.00 100.00 72.41 42.31 51.35 70.59 86.67 77.27 100.00 62.50 66.67
78.64=96.00 100.00 100.00 91.67 11.43 96.00 95.65 80.00 47.37 92.86 85.71 100.00 59.46 70.00 89.66 91.30 92.31 100.00 20.00 80.00 92.86 100.00 75.86 54.55 48.72 64.71 92.86 78.26 100.00 59.26 71.43
78.52=92.00 100.00 100.00 95.65 12.82 95.65 95.65 76.19 42.11 86.67 96.15 95.45 58.33 76.92 86.21 81.48 96.30 100.00 23.81 64.71 92.86 100.00 76.92 42.31 55.88 64.71 100.00 79.17 95.00 72.73 78.57
78.49=100.00 100.00 100.00 91.67 14.29 95.65 100.00 83.33 38.10 87.50 88.46 95.24 56.76 69.23 86.67 80.77 86.21 100.00 24.32 75.00 100.00 100.00 75.00 40.74 52.63 80.00 86.67 86.36 100.00 58.62 80.00
77.97=92.00 100.00 95.00 90.91 15.62 95.83 95.83 84.21 52.94 86.67 96.30 95.00 65.62 74.07 82.76 70.97 96.15 100.00 24.44 48.00 100.00 100.00 74.07 40.91 51.43 76.92 93.75 80.00 100.00 60.71 76.92
78.03=95.83 100.00 100.00 91.67 16.67 95.45 95.65 83.33 38.89 87.50 96.30 95.45 62.16 75.00 78.79 88.00 89.66 100.00 25.00 70.59 100.00 100.00 66.67 44.00 50.00 73.33 88.24 82.61 100.00 61.54 66.67
77.89=95.83 100.00 95.00 95.65 12.50 95.24 92.00 85.71 40.00 93.33 92.86 91.30 64.71 67.86 83.33 79.31 89.29 100.00 25.64 80.00 100.00 100.00 68.75 42.31 54.29 66.67 83.33 86.36 100.00 66.67 66.67
78.69=96.00 100.00 100.00 91.67 11.43 95.65 88.46 90.91 57.89 92.86 86.67 95.24 66.67 70.97 89.29 91.67 92.31 100.00 25.00 75.00 100.00 96.00 66.67 45.45 48.65 66.67 88.24 81.82 100.00 61.54 66.67
78.95=100.00 100.00 100.00 91.67 11.11 96.00 92.00 86.36 60.00 92.86 92.59 95.45 61.11 70.37 92.86 80.00 88.46 100.00 18.92 80.00 100.00 100.00 73.33 37.93 47.37 80.00 88.24 84.00 100.00 66.67 60.00
77.97=95.83 100.00 100.00 91.30 11.11 91.67 92.00 85.71 61.11 92.86 86.67 95.24 64.71 68.97 86.67 79.17 92.59 100.00 24.39 70.59 100.00 100.00 71.43 42.31 52.78 66.67 86.67 83.33 100.00 59.09 64.29
78.71=95.83 100.00 100.00 95.65 8.57 95.65 95.83 84.00 40.00 86.67 92.59 91.30 65.71 74.07 86.67 81.48 92.31 100.00 19.51 73.33 93.33 100.00 72.41 50.00 45.45 68.42 93.75 95.24 100.00 63.64 78.57
78.30=95.83 100.00 95.00 95.65 14.29 95.65 84.62 83.33 52.94 76.47 92.86 90.91 66.67 73.33 83.87 78.57 89.29 100.00 21.05 63.16 100.00 96.30 67.86 55.00 48.57 68.42 93.75 83.33 100.00 75.00 85.71
77.05=95.83 100.00 90.48 95.65 10.00 96.00 95.83 91.30 44.44 87.50 92.86 95.45 52.63 67.86 89.66 88.46 88.89 100.00 19.44 75.00 93.33 92.59 68.97 41.67 45.71 72.22 83.33 82.61 100.00 68.42 62.50
77.53=92.31 100.00 95.00 95.65 11.76 96.00 95.83 86.36 43.75 82.35 88.89 95.45 55.26 72.41 92.86 84.62 89.29 100.00 20.59 63.16 100.00 100.00 72.41 43.48 48.65 75.00 88.89 85.71 100.00 59.09 68.75
77.79=95.83 100.00 94.74 87.50 12.00 95.83 95.83 80.00 36.84 87.50 96.30 95.45 53.66 77.78 89.29 88.46 89.29 100.00 21.05 63.16 100.00 100.00 70.00 47.62 50.00 65.00 88.89 81.82 100.00 72.73 75.00
78.35=100.00 100.00 100.00 91.67 16.67 95.83 95.65 91.67 47.37 92.31 92.86 95.24 60.53 73.08 92.59 88.00 92.59 100.00 18.18 66.67 92.86 100.00 75.00 50.00 48.72 70.59 87.50 79.17 100.00 61.54 52.63
77.74=95.83 100.00 85.71 88.00 7.14 96.00 95.83 86.36 36.84 87.50 96.15 95.45 53.66 75.86 96.30 88.46 89.29 100.00 21.05 66.67 100.00 100.00 72.41 45.83 46.88 68.42 82.35 94.74 100.00 73.91 63.16
76.90=92.00 100.00 90.48 91.67 7.69 92.31 95.65 83.33 47.37 93.33 88.89 95.45 62.16 68.97 92.86 84.62 92.00 95.45 17.95 63.16 100.00 100.00 70.97 50.00 46.15 72.22 83.33 78.26 100.00 65.00 62.50
78.13=95.65 100.00 95.00 88.00 10.34 96.00 92.00 85.71 52.94 100.00 92.86 90.00 61.76 74.07 86.67 81.48 92.59 96.00 22.50 70.59 100.00 100.00 63.33 47.83 47.37 65.00 88.24 82.61 100.00 70.00 73.33
77.51=100.00 100.00 90.48 88.00 12.50 96.00 92.00 83.33 47.37 86.67 92.86 91.30 57.14 65.62 92.86 88.00 89.29 100.00 12.50 80.00 100.00 100.00 66.67 52.63 37.50 68.75 84.21 90.00 100.00 68.42 68.75
78.53=95.65 100.00 100.00 87.50 15.62 96.00 92.00 82.61 36.84 93.33 89.29 90.91 57.14 73.08 96.30 92.00 80.65 100.00 17.65 64.71 100.00 96.30 70.00 45.45 48.72 72.22 88.89 100.00 100.00 60.00 91.67
73.48=84.62 100.00 100.00 90.00 20.00 86.21 100.00 71.43 66.67 90.00 75.76 95.45 64.71 76.92 74.29 80.77 80.00 83.33 20.59 72.73 100.00 100.00 79.31 23.53 51.61 82.35 38.89 70.37 94.44 70.59 33.33
73.69=85.19 100.00 95.00 86.36 17.39 92.31 100.00 80.95 73.33 100.00 73.53 85.19 68.97 70.83 83.33 75.86 82.14 90.48 31.25 80.77 100.00 100.00 80.00 15.00 44.74 71.43 38.10 75.00 90.00 43.48 53.85
75.96=92.31 100.00 95.00 85.71 29.41 92.31 100.00 85.00 68.75 100.00 71.43 91.67 65.62 75.86 86.21 65.62 71.43 95.83 24.24 84.62 100.00 100.00 95.83 19.05 48.57 87.50 53.85 69.23 88.89 60.87 50.00
77.06=84.62 100.00 100.00 90.00 20.00 92.00 100.00 70.37 70.59 100.00 89.29 95.45 70.00 75.00 83.33 76.67 86.67 91.67 22.50 73.33 100.00 96.30 100.00 29.41 51.43 85.71 61.54 69.23 94.74 51.85 57.14
77.02=92.31 95.65 95.00 90.00 21.74 87.50 100.00 76.00 72.73 100.00 100.00 95.65 74.07 76.67 72.22 72.41 89.29 90.00 23.68 74.19 100.00 85.71 100.00 31.82 45.45 93.75 69.23 68.00 100.00 57.14 37.50
77.67=92.31 100.00 100.00 86.36 22.22 91.67 100.00 80.00 69.23 100.00 76.67 100.00 64.10 76.67 77.42 88.46 82.14 91.67 23.53 84.00 100.00 89.29 92.00 16.67 45.71 88.24 77.78 80.00 94.44 60.00 57.14
76.32=88.89 95.65 100.00 89.47 25.00 92.00 100.00 80.00 75.00 100.00 85.19 95.24 70.97 80.00 88.00 75.00 80.65 92.00 25.00 70.00 94.74 88.89 92.31 18.18 45.16 92.86 57.14 81.82 100.00 53.57 33.33
77.13=85.71 100.00 100.00 90.00 22.73 88.89 100.00 69.57 80.00 100.00 75.76 95.24 73.33 79.31 88.89 74.07 82.76 91.67 25.00 81.48 95.45 96.15 80.00 43.75 51.35 82.35 38.89 78.26 100.00 53.85 66.67
76.20=88.89 100.00 100.00 90.48 19.05 92.31 100.00 90.48 72.22 100.00 85.71 95.65 79.31 82.14 89.29 68.75 80.65 92.31 12.50 72.41 100.00 89.66 87.50 26.67 46.88 92.31 45.45 73.91 94.44 47.06 46.15
76.83=85.19 91.30 94.74 90.00 21.05 89.29 100.00 85.71 80.00 100.00 78.12 95.83 85.19 81.48 92.31 73.33 80.77 90.48 22.22 87.50 100.00 96.00 70.59 29.41 55.26 83.33 40.91 80.00 100.00 57.14 44.44
75.89=88.46 100.00 100.00 90.00 21.74 92.59 100.00 86.36 84.62 100.00 80.00 95.65 72.41 67.86 89.66 74.07 88.00 90.48 21.88 81.48 100.00 85.19 79.31 22.22 50.00 82.35 36.67 68.00 100.00 53.57 50.00
77.39=85.19 95.65 100.00 90.00 17.39 92.31 100.00 90.48 78.57 100.00 92.59 95.65 80.00 75.86 86.21 72.41 85.71 91.67 26.67 84.00 100.00 89.29 77.42 26.67 47.22 88.89 50.00 73.91 92.86 62.50 50.00
77.38=88.46 95.65 94.44 90.48 24.00 91.67 100.00 72.00 73.68 100.00 96.15 95.45 75.00 75.00 88.89 75.86 75.86 91.30 31.25 75.00 95.45 96.15 76.67 35.71 53.33 87.50 41.38 82.61 100.00 58.33 61.54
78.79=88.00 95.65 100.00 90.48 20.00 92.31 100.00 91.30 73.33 100.00 100.00 92.00 80.00 79.17 88.89 68.75 86.21 91.67 30.00 76.67 100.00 100.00 84.62 26.09 54.05 80.00 41.94 76.19 100.00 65.22 70.00
76.27=88.46 91.67 100.00 90.00 12.50 88.89 100.00 90.48 75.00 100.00 89.29 95.83 82.61 74.19 85.71 62.86 85.71 91.67 24.14 77.78 100.00 96.30 82.76 28.57 50.00 82.35 36.36 75.00 100.00 60.00 46.15
78.08=88.89 95.65 95.00 82.61 22.73 88.89 100.00 85.71 82.35 100.00 95.83 90.91 86.21 81.48 89.29 75.86 82.76 92.00 29.03 72.41 100.00 89.66 79.31 27.78 48.48 93.33 37.14 85.71 100.00 60.00 61.54
79.24=88.89 95.65 100.00 89.47 14.29 89.29 100.00 90.48 86.67 95.00 96.00 95.65 82.14 77.78 92.00 72.73 83.33 91.67 29.03 70.37 100.00 96.15 75.00 29.41 55.88 92.86 53.85 94.74 100.00 56.67 61.54
77.71=88.46 95.65 100.00 86.36 9.68 92.59 100.00 85.71 77.78 100.00 100.00 100.00 75.00 78.57 92.59 74.19 82.14 92.00 34.62 75.00 100.00 100.00 77.78 22.22 43.33 87.50 37.14 95.00 100.00 55.56 50.00
78.73=82.14 95.65 100.00 86.36 17.86 85.71 100.00 90.00 86.67 100.00 95.83 100.00 80.65 84.00 92.31 74.19 81.25 92.00 36.00 80.77 100.00 92.00 76.67 18.18 52.94 88.24 38.24 94.74 100.00 68.18 50.00
79.62=82.14 91.30 100.00 90.48 13.79 92.59 100.00 89.47 76.92 100.00 100.00 87.50 70.59 84.62 88.89 80.77 80.65 92.31 34.48 76.67 100.00 92.86 82.76 40.00 51.52 93.75 43.33 100.00 100.00 66.67 64.29
78.64=85.71 95.65 100.00 90.91 11.54 96.00 100.00 90.48 86.67 100.00 100.00 100.00 67.65 83.33 92.59 78.57 86.21 92.00 30.00 78.57 95.00 100.00 76.67 22.22 48.28 86.67 39.39 95.00 100.00 61.54 47.06
79.41=88.89 95.45 100.00 90.48 14.29 92.00 100.00 86.96 75.00 100.00 96.15 95.24 71.88 87.50 91.67 74.19 85.71 91.67 34.62 84.62 95.24 96.30 75.00 31.25 55.56 88.89 44.83 90.00 100.00 66.67 61.54
79.37=88.00 91.67 100.00 90.91 14.29 92.00 100.00 85.00 85.71 100.00 100.00 100.00 70.59 84.62 92.59 88.00 80.65 91.67 31.25 78.57 95.45 100.00 71.88 25.00 54.55 83.33 46.15 94.44 100.00 68.00 56.25
79.50=85.19 95.65 100.00 90.48 17.24 96.00 100.00 89.47 84.62 100.00 100.00 95.45 75.76 77.78 92.31 74.19 78.12 92.00 29.63 88.00 100.00 92.59 75.00 29.41 50.00 87.50 41.38 94.74 100.00 79.17 52.94
78.89=88.46 95.65 94.74 90.48 11.11 92.31 100.00 90.48 84.62 100.00 100.00 95.24 73.53 84.62 92.59 76.67 81.25 92.00 22.22 82.14 95.45 96.30 75.86 30.77 50.00 87.50 39.39 94.74 100.00 58.33 69.23
79.46=88.89 95.45 100.00 90.48 13.79 92.59 95.24 90.48 78.57 100.00 100.00 91.67 79.31 81.82 92.31 77.78 85.71 92.00 31.03 81.48 100.00 100.00 75.00 31.58 50.00 88.89 39.39 89.47 100.00 77.27 52.94
78.31=85.71 91.30 100.00 86.36 10.71 92.31 95.24 94.74 76.92 100.00 100.00 91.67 70.59 80.77 92.59 76.92 80.65 92.31 23.08 88.46 100.00 86.67 88.46 33.33 47.22 88.24 38.89 88.89 100.00 64.00 61.54
78.60=82.76 100.00 100.00 90.48 11.54 89.29 100.00 82.61 86.67 100.00 96.15 100.00 74.19 81.48 92.59 82.14 83.87 92.31 29.63 80.77 100.00 92.31 80.00 30.77 51.61 88.24 38.24 90.00 100.00 55.56 53.33
79.11=88.46 95.65 100.00 90.00 6.45 96.15 100.00 79.17 84.62 100.00 100.00 100.00 76.67 77.78 89.29 74.19 89.66 92.00 32.14 85.19 100.00 92.86 80.00 30.77 50.00 86.67 42.86 95.00 100.00 64.00 52.94
79.92=85.71 95.65 100.00 90.00 11.11 92.59 100.00 91.30 82.35 95.00 100.00 95.65 75.00 81.48 92.59 70.97 85.71 90.91 29.63 80.77 100.00 100.00 75.00 37.50 51.52 93.75 41.18 94.44 100.00 76.19 61.54
78.73=85.71 95.65 100.00 90.00 10.34 85.19 100.00 95.00 84.62 94.74 100.00 95.65 67.74 77.78 88.89 82.14 85.19 91.67 30.00 81.48 100.00 96.15 71.43 33.33 52.78 88.24 40.62 94.44 100.00 68.00 53.85
79.50=85.71 100.00 100.00 90.48 11.54 92.00 100.00 87.50 78.57 100.00 100.00 100.00 72.73 81.48 92.59 79.31 83.33 92.00 28.57 84.62 100.00 89.29 76.67 33.33 54.29 87.50 43.33 90.48 100.00 60.00 69.23
78.52=88.89 95.65 100.00 90.00 11.11 92.59 100.00 80.00 84.62 100.00 100.00 95.24 69.70 81.48 92.31 68.75 89.29 92.00 30.43 83.33 100.00 89.29 75.00 31.25 51.43 88.24 43.33 90.00 100.00 62.96 57.14
77.51=88.89 95.45 100.00 90.48 12.00 88.89 95.24 90.91 84.62 94.74 95.65 90.91 72.41 70.83 92.59 68.75 88.46 92.31 31.03 78.57 95.45 89.29 75.00 33.33 54.05 86.67 36.11 85.00 100.00 63.64 61.54
79.76=88.89 95.65 100.00 90.48 12.50 92.59 100.00 85.71 86.67 100.00 100.00 95.65 77.42 80.77 92.59 76.67 86.67 91.67 28.57 87.50 100.00 96.30 75.00 27.78 50.00 87.50 39.39 100.00 100.00 69.57 57.14
79.84=88.46 95.45 100.00 90.48 13.04 92.31 100.00 88.00 84.62 100.00 100.00 95.45 73.33 77.78 92.31 73.33 86.67 88.00 34.38 81.48 100.00 89.66 75.00 46.15 54.29 88.24 41.94 94.74 100.00 72.73 57.14
78.42=85.19 95.65 100.00 85.71 12.50 92.31 100.00 90.48 73.33 95.00 100.00 100.00 79.31 77.78 88.46 73.33 89.66 91.67 28.57 81.48 100.00 92.59 71.88 28.57 52.94 87.50 35.14 90.48 95.45 66.67 69.23
78.80=82.14 100.00 95.00 94.74 10.71 92.59 100.00 90.91 84.62 95.00 96.00 95.45 74.19 81.48 86.21 74.19 78.79 91.67 35.71 81.48 100.00 85.71 79.31 26.67 55.88 87.50 40.00 94.44 100.00 68.18 64.29
78.13=85.71 95.45 94.74 90.48 0.00 92.31 95.00 86.96 73.33 94.74 100.00 95.65 71.88 80.00 89.29 72.41 80.65 88.00 31.03 82.14 100.00 89.66 85.71 30.77 57.58 93.75 44.83 94.44 100.00 72.73 52.94
79.50=85.19 100.00 100.00 90.48 12.00 92.59 100.00 83.33 76.92 100.00 100.00 95.65 72.73 84.62 88.89 72.41 86.67 88.46 30.77 82.76 100.00 92.86 77.42 33.33 52.63 93.33 41.18 89.47 100.00 68.18 72.73
93.02=100.00 100.00 100.00 100.00 100.00 100.00 100.00 60.00 100.00 100.00 77.78 100.00 87.50 83.33 80.00 90.00 100.00 100.00 100.00 88.89 100.00 100.00 66.67 85.71 100.00 100.00 100.00 88.89 75.00 100.00 100.00
95.25=87.50 100.00 100.00 100.00 80.00 100.00 100.00 100.00 100.00 100.00 100.00 100.00 87.50 100.00 88.89 83.33 100.00 100.00 100.00 88.89 100.00 100.00 100.00 85.71 87.50 100.00 100.00 77.78 85.71 100.00 100.00
94.22=87.50 100.00 100.00 100.00 100.00 100.00 100.00 100.00 83.33 100.00 100.00 100.00 100.00 100.00 88.89 72.73 100.00 100.00 75.00 100.00 100.00 100.00 100.00 100.00 100.00 100.00 100.00 80.00 83.33 66.67 83.33
94.32=87.50 100.00 100.00 100.00 80.00 100.00 100.00 100.00 100.00 100.00 100.00 100.00 85.71 100.00 77.78 83.33 88.89 100.00 77.78 100.00 100.00 100.00 100.00 100.00 88.89 100.00 100.00 87.50 66.67 100.00 100.00
95.73=100.00 100.00 100.00 100.00 100.00 100.00 100.00 80.00 83.33 100.00 100.00 100.00 100.00 100.00 100.00 90.00 88.89 87.50 100.00 88.89 100.00 100.00 100.00 100.00 100.00 100.00 100.00 80.00 85.71 100.00 83.33
95.21=87.50 100.00 100.00 100.00 100.00 100.00 100.00 80.00 100.00 100.00 100.00 100.00 100.00 83.33 100.00 80.00 100.00 100.00 100.00 100.00 100.00 100.00 100.00 85.71 80.00 100.00 100.00 80.00 75.00 100.00 100.00
96.36=77.78 100.00 100.00 100.00 100.00 100.00 100.00 100.00 83.33 100.00 100.00 100.00 85.71 100.00 100.00 100.00 100.00 100.00 100.00 88.89 100.00 100.00 100.00 85.71 100.00 100.00 100.00 80.00 85.71 100.00 100.00
94.90=87.50 100.00 100.00 100.00 100.00 100.00 90.91 80.00 83.33 100.00 100.00 100.00 100.00 83.33 88.89 100.00 100.00 100.00 100.00 88.89 100.00 100.00 100.00 83.33 90.00 100.00 100.00 80.00 85.71 100.00 100.00
95.77=87.50 100.00 100.00 100.00 100.00 100.00 100.00 100.00 83.33 100.00 87.50 87.50 100.00 100.00 100.00 100.00 88.89 100.00 100.00 80.00 100.00 83.33 100.00 100.00 81.82 100.00 100.00 88.89 100.00 100.00 100.00
94.78=87.50 100.00 100.00 100.00 100.00 100.00 100.00 100.00 83.33 100.00 100.00 100.00 77.78 100.00 87.50 88.89 100.00 100.00 85.71 80.00 100.00 100.00 100.00 100.00 72.73 100.00 100.00 88.89 85.71 100.00 100.00
94.65=87.50 100.00 100.00 100.00 100.00 100.00 100.00 100.00 83.33 100.00 100.00 100.00 100.00 100.00 100.00 80.00 88.89 100.00 100.00 72.73 100.00 100.00 100.00 85.71 88.89 100.00 83.33 88.89 75.00 100.00 100.00
93.09=85.71 100.00 85.71 75.00 100.00 100.00 90.00 80.00 100.00 100.00 100.00 100.00 87.50 100.00 88.89 100.00 88.89 100.00 100.00 88.89 100.00 83.33 100.00 100.00 90.00 100.00 100.00 72.73 85.71 100.00 83.33
95.94=87.50 100.00 100.00 75.00 100.00 88.89 100.00 100.00 100.00 100.00 100.00 100.00 100.00 100.00 100.00 100.00 88.89 100.00 100.00 88.89 100.00 100.00 100.00 100.00 100.00 100.00 100.00 70.00 75.00 100.00 100.00
95.95=87.50 100.00 100.00 100.00 100.00 100.00 100.00 80.00 100.00 100.00 100.00 100.00 100.00 100.00 100.00 100.00 100.00 100.00 85.71 80.00 100.00 100.00 100.00 100.00 88.89 100.00 100.00 66.67 85.71 100.00 100.00
94.96=87.50 100.00 100.00 100.00 80.00 100.00 90.91 100.00 83.33 100.00 100.00 100.00 100.00 100.00 88.89 100.00 88.89 100.00 100.00 80.00 100.00 100.00 100.00 100.00 100.00 100.00 100.00 72.73 85.71 85.71 100.00
95.46=87.50 80.00 100.00 100.00 100.00 100.00 100.00 80.00 100.00 100.00 100.00 100.00 100.00 100.00 100.00 100.00 100.00 100.00 100.00 80.00 100.00 100.00 87.50 100.00 100.00 100.00 100.00 72.73 71.43 100.00 100.00
96.50=87.50 100.00 100.00 100.00 100.00 100.00 100.00 80.00 100.00 100.00 100.00 100.00 87.50 100.00 100.00 100.00 88.89 100.00 100.00 100.00 100.00 100.00 100.00 100.00 81.82 100.00 100.00 80.00 85.71 100.00 100.00
92.92=87.50 100.00 100.00 100.00 80.00 88.89 100.00 100.00 80.00 100.00 100.00 100.00 87.50 100.00 100.00 100.00 100.00 100.00 87.50 72.73 100.00 100.00 100.00 100.00 77.78 100.00 100.00 72.73 62.50 100.00 83.33
95.11=87.50 100.00 87.50 100.00 100.00 100.00 100.00 80.00 100.00 100.00 100.00 100.00 100.00 100.00 87.50 100.00 100.00 100.00 100.00 80.00 100.00 100.00 100.00 100.00 80.00 100.00 100.00 87.50 75.00 100.00 83.33
95.71=85.71 100.00 100.00 100.00 100.00 100.00 100.00 100.00 100.00 100.00 87.50 100.00 100.00 100.00 100.00 100.00 100.00 100.00 100.00 72.73 100.00 100.00 100.00 100.00 90.00 100.00 83.33 72.73 75.00 100.00 100.00
96.33=87.50 100.00 100.00 100.00 100.00 100.00 100.00 100.00 100.00 100.00 100.00 100.00 77.78 100.00 100.00 100.00 100.00 100.00 100.00 100.00 100.00 100.00 100.00 85.71 75.00 100.00 85.71 88.89 85.71 100.00 100.00
95.85=87.50 100.00 85.71 100.00 100.00 100.00 100.00 80.00 71.43 100.00 100.00 100.00 100.00 100.00 88.89 90.00 88.89 100.00 100.00 100.00 100.00 100.00 100.00 100.00 90.00 100.00 100.00 88.89 100.00 100.00 100.00
96.74=87.50 100.00 100.00 100.00 100.00 100.00 100.00 100.00 100.00 100.00 77.78 100.00 100.00 100.00 100.00 100.00 100.00 100.00 100.00 100.00 100.00 83.33 100.00 100.00 90.00 100.00 100.00 88.89 85.71 85.71 100.00
93.33=85.71 100.00 100.00 100.00 100.00 100.00 100.00 100.00 66.67 100.00 87.50 100.00 100.00 100.00 80.00 90.00 100.00 100.00 87.50 88.89 100.00 100.00 87.50 100.00 66.67 100.00 100.00 77.78 75.00 100.00 100.00
96.43=87.50 100.00 100.00 100.00 100.00 100.00 100.00 100.00 83.33 100.00 87.50 100.00 100.00 100.00 88.89 100.00 100.00 100.00 100.00 80.00 100.00 100.00 100.00 100.00 90.00 100.00 100.00 88.89 83.33 100.00 100.00
94.32=87.50 100.00 100.00 100.00 100.00 100.00 100.00 66.67 100.00 100.00 100.00 100.00 100.00 100.00 88.89 100.00 100.00 87.50 87.50 80.00 100.00 100.00 100.00 100.00 90.00 100.00 100.00 75.00 85.71 75.00 100.00
94.72=87.50 100.00 100.00 100.00 100.00 100.00 90.91 80.00 100.00 100.00 100.00 100.00 100.00 83.33 88.89 100.00 100.00 100.00 85.71 100.00 100.00 100.00 100.00 66.67 90.00 100.00 100.00 80.00 83.33 100.00 100.00
96.65=87.50 100.00 100.00 100.00 100.00 100.00 100.00 100.00 100.00 100.00 100.00 100.00 100.00 100.00 100.00 100.00 88.89 100.00 100.00 88.89 100.00 83.33 100.00 100.00 81.82 100.00 100.00 80.00 85.71 100.00 100.00
96.08=87.50 100.00 100.00 100.00 100.00 100.00 100.00 80.00 80.00 100.00 100.00 100.00 100.00 100.00 100.00 100.00 88.89 100.00 100.00 100.00 100.00 100.00 100.00 100.00 81.82 100.00 100.00 88.89 85.71 85.71 100.00
95.09=85.71 100.00 100.00 75.00 100.00 100.00 83.33 80.00 83.33 100.00 100.00 100.00 100.00 100.00 100.00 100.00 100.00 100.00 100.00 100.00 100.00 100.00 100.00 77.78 90.00 100.00 100.00 72.73 100.00 100.00 100.00
95.11=85.71 100.00 100.00 100.00 100.00 87.50 100.00 80.00 83.33 100.00 100.00 100.00 100.00 100.00 88.89 100.00 88.89 100.00 100.00 100.00 100.00 100.00 100.00 100.00 81.82 100.00 100.00 66.67 85.71 100.00 100.00
96.17=87.50 100.00 100.00 100.00 100.00 100.00 100.00 80.00 100.00 100.00 100.00 87.50 100.00 100.00 88.89 100.00 100.00 100.00 100.00 88.89 100.00 100.00 100.00 100.00 90.00 100.00 100.00 72.73 85.71 100.00 100.00
95.52=87.50 100.00 100.00 100.00 100.00 100.00 100.00 100.00 100.00 100.00 100.00 100.00 87.50 66.67 100.00 100.00 100.00 100.00 100.00 88.89 100.00 83.33 100.00 100.00 88.89 100.00 100.00 72.73 85.71 100.00 100.00
94.80=87.50 100.00 100.00 100.00 100.00 100.00 100.00 66.67 100.00 100.00 100.00 100.00 100.00 83.33 80.00 100.00 100.00 100.00 100.00 80.00 100.00 100.00 100.00 100.00 90.00 100.00 100.00 80.00 71.43 100.00 100.00
93.92=85.71 100.00 100.00 75.00 80.00 100.00 100.00 100.00 80.00 100.00 100.00 100.00 100.00 100.00 80.00 90.00 100.00 100.00 87.50 88.89 100.00 100.00 100.00 100.00 88.89 66.67 100.00 88.89 100.00 100.00 100.00
96.23=87.50 100.00 100.00 100.00 100.00 100.00 100.00 100.00 100.00 100.00 100.00 100.00 85.71 100.00 100.00 80.00 88.89 100.00 100.00 88.89 100.00 100.00 87.50 100.00 90.00 100.00 100.00 88.89 85.71 100.00 100.00
94.60=87.50 100.00 100.00 100.00 80.00 100.00 100.00 66.67 83.33 100.00 100.00 100.00 100.00 100.00 80.00 100.00 100.00 100.00 100.00 88.89 100.00 100.00 100.00 100.00 90.00 100.00 100.00 72.73 83.33 100.00 100.00
96.03=87.50 100.00 100.00 100.00 100.00 100.00 100.00 80.00 100.00 100.00 100.00 100.00 100.00 100.00 88.89 100.00 100.00 100.00 100.00 100.00 100.00 100.00 88.89 100.00 90.00 100.00 100.00 72.73 100.00 85.71 83.33
96.16=87.50 100.00 100.00 100.00 100.00 88.89 100.00 66.67 83.33 100.00 100.00 100.00 100.00 100.00 100.00 100.00 100.00 100.00 100.00 88.89 100.00 100.00 100.00 100.00 100.00 100.00 100.00 80.00 85.71 100.00 100.00
96.23=87.50 100.00 87.50 100.00 100.00 100.00 100.00 66.67 100.00 100.00 100.00 100.00 100.00 100.00 100.00 100.00 100.00 100.00 100.00 100.00 100.00 100.00 100.00 85.71 90.00 100.00 100.00 80.00 85.71 100.00 100.00
75.19=96.00 100.00 90.48 94.44 33.33 91.67 95.24 80.95 39.13 87.50 88.00 96.15 62.50 55.56 78.12 73.53 79.31 79.31 52.94 51.72 94.74 100.00 96.00 38.46 55.56 88.89 65.22 90.91 52.94 47.37 75.00
75.52=100.00 100.00 86.36 100.00 26.92 84.62 95.24 78.26 69.23 93.33 79.31 95.65 52.50 62.07 75.76 79.31 92.00 95.65 48.00 46.88 100.00 92.31 88.89 22.22 51.52 82.35 76.47 86.96 73.08 45.45 60.87
77.49=100.00 100.00 86.36 100.00 25.93 95.65 95.45 77.27 38.89 93.33 77.42 92.59 60.00 60.00 78.12 77.42 96.00 92.00 50.00 53.85 100.00 100.00 92.00 25.00 70.00 83.33 88.24 95.00 63.64 50.00 84.62
78.24=100.00 100.00 90.48 100.00 28.57 100.00 95.45 71.43 55.00 100.00 88.00 92.31 61.76 61.29 83.87 72.73 92.31 100.00 48.48 42.86 94.74 100.00 100.00 18.52 64.52 87.50 92.86 95.24 72.00 45.00 70.59
77.38=100.00 100.00 90.00 94.74 27.27 88.46 95.45 73.91 47.37 100.00 92.31 85.19 52.50 58.62 92.59 88.46 100.00 95.45 46.88 38.24 100.00 92.31 100.00 28.57 60.61 85.71 77.78 100.00 67.74 52.00 66.67
78.92=100.00 100.00 90.00 90.48 26.92 92.00 100.00 76.19 44.44 100.00 92.31 96.00 64.86 70.37 77.42 80.00 100.00 92.00 46.88 46.88 100.00 100.00 95.83 26.09 67.74 88.24 87.50 100.00 66.67 50.00 77.78
78.98=100.00 95.45 95.00 86.36 24.00 96.00 95.45 73.91 46.67 100.00 92.31 92.31 64.86 70.83 89.66 79.31 92.31 100.00 51.61 40.54 100.00 96.00 100.00 37.50 55.56 93.33 76.47 100.00 76.19 51.72 75.00
77.58=100.00 100.00 90.00 95.45 25.00 92.31 100.00 78.26 46.15 100.00 88.46 92.86 60.61 65.38 86.21 75.00 95.65 100.00 43.75 41.18 100.00 96.15 100.00 27.78 62.86 87.50 86.67 90.48 65.22 37.14 75.00
80.48=100.00 100.00 95.00 84.00 31.58 92.00 100.00 90.91 62.50 100.00 85.71 95.83 66.67 72.00 83.33 79.31 92.59 100.00 48.39 40.54 100.00 100.00 95.83 40.00 62.86 93.75 85.71 90.48 83.33 41.18 81.25
79.63=100.00 100.00 85.71 86.96 22.73 96.00 100.00 68.18 50.00 100.00 88.89 92.31 61.54 79.17 85.71 88.00 92.31 100.00 45.71 34.15 100.00 100.00 100.00 39.13 73.33 93.33 83.33 95.24 80.00 51.85 75.00
79.68=100.00 100.00 90.48 90.48 35.00 92.00 88.00 85.00 61.11 100.00 92.31 95.83 65.79 75.00 88.89 76.67 100.00 100.00 38.24 35.14 100.00 100.00 95.83 36.36 60.00 93.75 75.00 100.00 82.61 37.93 78.57
78.94=100.00 100.00 82.61 95.45 33.33 92.31 100.00 79.17 56.25 93.75 84.62 96.15 59.46 65.52 85.71 89.29 96.00 100.00 52.78 46.67 100.00 100.00 95.65 21.43 60.61 92.86 86.67 100.00 65.22 40.62 75.00
79.58=100.00 100.00 100.00 86.96 28.57 92.00 95.65 85.00 60.00 100.00 95.65 100.00 63.89 72.41 96.15 77.42 100.00 100.00 30.30 40.00 100.00 96.00 100.00 34.78 58.82 93.75 85.71 100.00 68.18 39.02 66.67
79.13=100.00 100.00 90.48 90.48 31.58 92.31 100.00 83.33 58.82 100.00 92.31 96.15 57.14 73.08 88.00 84.62 100.00 100.00 35.29 48.15 100.00 95.83 95.83 28.57 66.67 88.24 77.78 95.24 70.83 40.00 72.22
80.05=100.00 100.00 90.48 90.91 26.09 92.00 100.00 86.36 55.56 100.00 95.83 95.65 60.98 76.92 89.29 83.33 100.00 100.00 40.54 41.94 100.00 100.00 95.83 37.04 63.64 88.89 75.00 100.00 77.78 36.11 81.25
77.98=96.00 100.00 90.48 90.00 31.58 92.31 100.00 82.61 50.00 100.00 92.59 92.31 58.97 67.86 88.46 80.00 96.00 92.00 38.89 43.33 100.00 100.00 100.00 28.00 61.76 87.50 76.47 100.00 73.68 43.33 63.16
81.36=100.00 100.00 100.00 90.48 38.89 91.67 95.65 80.95 76.92 100.00 100.00 96.15 72.73 71.43 86.21 71.88 96.15 100.00 35.00 42.42 100.00 100.00 95.83 36.00 63.64 92.86 87.50 100.00 76.92 42.86 80.00
79.10=100.00 100.00 95.00 80.00 23.53 88.00 95.45 82.61 75.00 100.00 86.96 92.86 70.97 73.91 89.29 80.65 95.83 100.00 40.00 40.00 100.00 96.00 100.00 28.57 59.46 87.50 92.86 95.24 76.19 39.47 66.67
80.59=100.00 100.00 100.00 90.48 30.00 92.00 95.45 88.89 85.71 100.00 95.65 96.15 71.88 76.00 92.59 73.53 89.29 92.31 45.16 50.00 100.00 96.00 95.83 23.33 57.89 88.24 86.67 100.00 68.18 40.54 76.47
79.25=96.00 95.45 90.48 90.00 30.00 92.31 100.00 86.36 76.92 81.25 95.83 100.00 64.71 65.52 92.31 70.59 88.89 100.00 37.50 42.42 100.00 95.65 92.31 38.46 57.14 93.75 86.67 100.00 78.95 45.16 72.22
80.65=100.00 95.45 100.00 90.91 35.00 91.67 95.45 86.96 76.92 100.00 95.83 96.15 64.86 79.17 89.29 80.00 92.59 100.00 33.33 40.00 100.00 95.83 96.00 38.46 58.82 88.89 81.25 100.00 76.19 43.33 77.78
78.63=100.00 100.00 86.36 90.48 25.00 92.00 100.00 90.48 61.54 86.67 92.31 92.31 56.10 68.00 86.21 85.19 89.66 100.00 50.00 48.28 100.00 95.83 96.00 29.63 55.56 88.24 87.50 100.00 70.59 37.14 76.47
79.14=100.00 100.00 95.00 86.36 26.09 92.31 100.00 85.00 80.00 100.00 92.59 96.30 65.71 61.54 88.89 75.00 92.86 100.00 31.03 50.00 100.00 100.00 92.00 29.17 55.00 88.24 85.71 100.00 65.22 42.86 76.47
79.61=100.00 100.00 100.00 83.33 28.00 92.31 91.30 82.61 87.50 93.33 85.19 100.00 62.16 75.00 88.46 82.76 92.31 100.00 33.33 48.28 100.00 100.00 95.65 30.77 54.05 88.89 87.50 100.00 71.43 43.75 70.00
80.13=100.00 100.00 95.00 80.77 33.33 92.31 100.00 87.50 80.00 100.00 96.00 96.15 68.57 72.41 92.31 78.12 85.71 95.65 33.33 50.00 100.00 100.00 92.00 30.77 59.38 93.33 93.33 94.74 70.59 40.62 72.22
80.28=100.00 100.00 94.74 90.48 31.58 91.67 100.00 82.61 75.00 87.50 96.15 85.19 66.67 74.19 96.15 75.76 96.00 95.65 33.33 53.85 100.00 100.00 88.46 39.13 60.00 88.89 86.67 100.00 82.61 40.00 76.47
79.66=96.00 100.00 95.00 82.61 33.33 92.31 90.48 83.33 83.33 86.67 91.67 96.15 69.70 73.08 85.71 74.19 96.00 100.00 32.35 53.57 100.00 96.15 100.00 41.67 50.00 88.89 87.50 100.00 76.19 42.86 70.59
79.62=100.00 100.00 95.00 83.33 37.50 88.00 100.00 90.48 90.91 100.00 82.76 96.15 60.53 69.23 83.33 79.31 95.65 95.83 36.36 51.85 94.74 100.00 92.31 37.50 51.22 88.89 87.50 90.00 70.83 48.39 70.59
78.83=100.00 100.00 90.00 80.00 31.82 88.89 100.00 86.96 72.73 85.71 88.00 96.00 62.16 73.91 92.59 78.12 100.00 100.00 22.58 46.43 94.44 92.59 100.00 33.33 50.00 93.75 82.35 100.00 77.27 37.50 86.67
79.28=96.00 100.00 95.00 86.96 31.25 92.31 100.00 80.00 84.62 100.00 88.46 100.00 63.89 76.92 83.33 76.67 96.00 100.00 25.81 48.39 100.00 95.65 100.00 37.50 57.89 83.33 73.68 100.00 76.19 41.18 66.67
79.33=96.00 100.00 95.00 86.36 28.57 95.83 100.00 86.96 71.43 93.33 88.46 96.15 64.86 73.08 96.15 78.12 96.15 100.00 25.93 46.67 95.00 100.00 95.83 37.50 56.76 88.24 82.35 95.00 78.26 40.54 70.59
79.71=100.00 100.00 82.61 90.00 35.29 95.65 95.45 95.45 83.33 87.50 91.30 92.59 59.52 76.92 86.21 92.31 100.00 100.00 28.12 41.18 100.00 100.00 100.00 29.63 54.05 88.24 87.50 95.00 75.00 34.38 73.68
80.55=100.00 100.00 100.00 86.96 37.50 92.31 100.00 86.96 78.57 100.00 96.15 92.31 62.16 78.57 88.89 82.76 92.31 92.00 31.03 48.39 100.00 100.00 92.31 40.91 62.50 80.00 92.86 90.48 72.73 40.54 77.78
78.83=100.00 100.00 90.48 86.36 35.00 92.31 95.65 86.36 80.00 82.35 96.15 89.66 64.86 76.92 89.29 80.65 96.00 100.00 22.22 46.43 100.00 95.83 96.00 34.78 52.63 84.21 82.35 95.24 78.95 35.29 77.78
80.00=100.00 100.00 100.00 82.61 31.58 92.31 95.45 91.30 83.33 100.00 92.59 96.30 58.97 72.00 86.21 88.89 88.89 100.00 28.57 42.42 100.00 100.00 95.83 37.50 54.05 88.89 76.47 100.00 81.82 37.50 76.47
78.93=100.00 100.00 95.00 95.45 42.86 91.67 100.00 80.00 92.31 93.75 96.00 88.46 60.53 78.26 89.29 80.00 95.83 88.00 24.24 37.84 100.00 95.65 92.00 30.00 52.78 88.24 80.00 100.00 70.00 38.71 70.00
79.64=100.00 100.00 95.00 90.91 35.29 92.00 95.65 83.33 90.91 100.00 96.00 88.46 61.54 80.00 88.89 85.71 92.31 95.65 30.00 42.42 100.00 96.00 92.31 26.92 57.89 88.24 80.00 94.74 80.00 43.75 65.00
80.89=100.00 100.00 95.00 86.96 35.00 92.00 100.00 82.61 78.57 93.33 92.59 96.00 58.14 78.26 86.21 92.31 92.59 100.00 35.14 48.28 100.00 100.00 100.00 34.62 54.55 88.89 87.50 100.00 75.00 46.43 77.78
79.59=100.00 100.00 100.00 80.95 33.33 92.00 95.45 76.92 80.00 92.31 96.15 96.30 60.98 76.19 92.59 92.00 92.59 100.00 29.41 45.16 100.00 100.00 92.00 31.03 56.76 88.89 87.50 95.00 73.68 39.39 70.59
79.40=100.00 100.00 95.00 86.96 33.33 91.67 100.00 84.00 76.92 100.00 96.00 92.59 69.44 72.00 86.21 86.21 92.31 100.00 26.47 51.72 100.00 92.00 92.00 25.81 54.05 88.24 86.67 95.24 77.27 38.71 70.59
