58.71=88.89 100.00 75.00 76.00 11.11 51.28 85.71 50.00 27.27 65.22 66.67 84.00 70.83 33.33 68.00 52.50 68.75 71.88 39.13 86.67 15.38 75.86 82.61 38.89 33.33 53.85 45.00 50.00 26.32 66.67 60.00
56.12=84.00 100.00 73.91 73.08 6.38 46.67 66.67 45.45 46.67 72.22 58.33 76.67 62.07 42.86 66.67 58.06 75.86 63.64 41.38 72.73 13.33 84.00 76.00 28.57 29.63 46.43 46.67 66.67 25.00 60.00 30.00
56.95=100.00 100.00 72.00 71.43 5.00 48.84 90.00 38.46 37.50 85.00 67.65 81.48 55.17 31.58 76.92 67.86 61.76 75.00 41.67 52.94 10.00 80.00 83.33 27.78 29.63 46.88 60.00 70.59 16.67 33.33 47.06
58.47=88.00 95.45 69.23 76.00 0.00 43.18 85.71 71.43 23.08 88.24 64.71 82.14 54.84 28.00 84.00 61.76 60.00 72.73 54.17 55.00 0.00 92.00 87.50 46.67 34.62 50.00 38.46 83.33 33.33 50.00 38.89
60.32=95.83 100.00 73.08 78.26 2.63 47.92 95.45 60.00 26.32 84.21 54.05 88.00 56.25 30.43 74.07 70.00 67.65 60.00 56.00 55.56 10.00 88.00 90.91 41.67 45.45 60.87 46.67 88.24 36.84 35.71 50.00
58.75=83.33 100.00 81.82 77.78 3.45 61.11 100.00 53.33 25.00 100.00 70.27 75.86 81.48 37.93 50.00 82.61 63.89 75.00 21.74 59.09 46.15 91.67 69.23 0.00 33.33 42.86 73.33 61.54 26.67 41.67 31.25
55.19=74.07 100.00 76.19 62.96 0.00 66.67 80.00 40.74 35.71 84.62 64.86 92.00 60.00 44.44 70.00 78.95 66.67 55.88 22.22 40.00 38.89 90.48 62.50 7.14 29.27 57.14 52.17 75.00 21.43 30.00 30.77
56.40=100.00 100.00 93.75 66.67 0.00 55.81 95.24 54.17 35.29 60.00 67.57 72.73 64.52 45.45 60.87 87.50 67.57 68.97 29.63 40.00 25.00 72.41 70.37 5.56 40.00 51.61 66.67 61.54 25.00 33.33 31.25
58.07=100.00 100.00 90.00 60.00 0.00 55.00 94.74 55.56 46.67 57.89 64.86 79.31 67.86 65.00 80.95 70.37 62.50 67.65 33.33 56.25 17.65 76.92 65.52 0.00 34.78 61.54 56.52 90.00 22.22 35.71 31.25
58.28=100.00 100.00 89.47 57.14 0.00 57.50 95.24 48.15 32.26 91.67 64.86 62.86 70.37 51.72 68.00 82.61 64.10 78.57 38.10 62.50 7.14 95.00 60.71 10.00 41.67 55.56 65.22 45.45 27.78 44.44 38.46
88.04=100.00 100.00 100.00 100.00 100.00 100.00 100.00 66.67 71.43 100.00 100.00 100.00 75.00 100.00 88.89 80.00 100.00 70.00 71.43 100.00 100.00 83.33 85.71 85.71 83.33 75.00 100.00 77.78 62.50 85.71 66.67
89.42=100.00 100.00 75.00 100.00 80.00 100.00 100.00 75.00 100.00 100.00 87.50 100.00 87.50 100.00 87.50 88.89 75.00 100.00 100.00 100.00 100.00 100.00 85.71 75.00 100.00 66.67 100.00 100.00 50.00 71.43 66.67
89.74=100.00 100.00 70.00 100.00 80.00 100.00 100.00 66.67 100.00 100.00 100.00 87.50 85.71 83.33 100.00 80.00 100.00 100.00 100.00 100.00 80.00 75.00 100.00 71.43 100.00 75.00 83.33 88.89 75.00 100.00 80.00
95.79=100.00 83.33 100.00 100.00 100.00 100.00 100.00 57.14 100.00 100.00 100.00 100.00 100.00 83.33 100.00 100.00 100.00 100.00 100.00 100.00 100.00 100.00 100.00 83.33 90.91 100.00 100.00 100.00 71.43 100.00 100.00
91.44=100.00 83.33 87.50 75.00 80.00 100.00 100.00 60.00 83.33 83.33 100.00 100.00 100.00 100.00 100.00 100.00 100.00 100.00 100.00 100.00 100.00 75.00 85.71 85.71 100.00 100.00 85.71 100.00 75.00 100.00 75.00
86.13=87.50 100.00 100.00 100.00 75.00 85.71 100.00 66.67 83.33 100.00 87.50 70.00 100.00 100.00 66.67 90.00 80.00 85.71 100.00 87.50 100.00 100.00 100.00 71.43 77.78 50.00 71.43 100.00 71.43 100.00 62.50
85.40=85.71 100.00 100.00 75.00 100.00 85.71 100.00 50.00 83.33 100.00 100.00 87.50 100.00 100.00 70.00 88.89 100.00 87.50 100.00 62.50 100.00 100.00 100.00 66.67 80.00 0.00 100.00 100.00 80.00 100.00 44.44
88.32=77.78 100.00 100.00 75.00 80.00 100.00 100.00 80.00 83.33 100.00 100.00 87.50 100.00 100.00 85.71 100.00 100.00 100.00 75.00 80.00 80.00 100.00 100.00 75.00 81.82 16.67 100.00 100.00 80.00 100.00 80.00
88.52=77.78 100.00 100.00 100.00 100.00 100.00 100.00 50.00 71.43 100.00 100.00 100.00 100.00 100.00 70.00 87.50 100.00 87.50 100.00 85.71 80.00 100.00 100.00 83.33 88.89 28.57 100.00 100.00 50.00 83.33 100.00
89.14=87.50 100.00 100.00 100.00 100.00 100.00 100.00 50.00 71.43 100.00 100.00 100.00 85.71 100.00 75.00 57.14 87.50 87.50 100.00 100.00 80.00 100.00 83.33 85.71 100.00 37.50 100.00 100.00 75.00 100.00 100.00
86.85=77.78 100.00 100.00 75.00 60.00 100.00 90.00 100.00 71.43 80.00 85.71 87.50 87.50 100.00 75.00 100.00 72.73 100.00 100.00 100.00 100.00 100.00 100.00 75.00 60.00 100.00 75.00 100.00 36.36 100.00 83.33
89.25=77.78 100.00 100.00 75.00 100.00 100.00 100.00 80.00 100.00 100.00 77.78 87.50 100.00 55.56 87.50 75.00 72.73 100.00 100.00 100.00 100.00 100.00 100.00 75.00 87.50 75.00 83.33 100.00 57.14 100.00 100.00
89.17=87.50 100.00 100.00 75.00 80.00 100.00 100.00 100.00 100.00 83.33 77.78 100.00 87.50 80.00 100.00 75.00 77.78 100.00 87.50 100.00 100.00 100.00 100.00 66.67 75.00 75.00 100.00 77.78 75.00 100.00 83.33
90.71=77.78 100.00 100.00 75.00 100.00 100.00 100.00 80.00 100.00 71.43 87.50 100.00 87.50 71.43 85.71 100.00 88.89 100.00 100.00 100.00 100.00 100.00 100.00 80.00 81.82 75.00 100.00 100.00 50.00 100.00 100.00
90.39=75.00 100.00 100.00 75.00 100.00 88.89 100.00 100.00 100.00 100.00 100.00 100.00 85.71 62.50 100.00 80.00 72.73 87.50 100.00 100.00 100.00 100.00 100.00 66.67 63.64 100.00 100.00 88.89 55.56 100.00 100.00
63.10=95.83 100.00 77.27 83.33 4.44 47.92 84.62 85.71 33.33 92.86 73.33 90.91 72.00 68.42 66.67 57.89 80.65 67.74 34.48 84.21 9.09 90.48 95.45 7.69 36.84 52.00 54.55 68.42 33.33 53.85 52.63
63.09=95.83 95.24 75.00 76.00 3.57 47.92 85.19 82.35 37.50 94.12 70.59 80.77 62.07 50.00 94.12 72.41 76.47 62.86 33.33 70.83 6.67 92.00 77.78 27.78 40.00 50.00 61.11 64.71 45.45 62.50 61.54
62.12=82.76 100.00 72.73 89.47 0.00 55.81 88.00 61.11 50.00 94.74 69.44 70.97 73.08 52.17 86.36 67.74 74.29 57.14 37.50 68.42 14.29 85.71 91.67 25.00 39.29 55.00 58.82 65.22 30.77 33.33 75.00
63.80=88.00 100.00 78.26 90.91 2.78 53.33 81.48 61.90 28.57 94.12 72.73 75.86 65.52 64.00 80.77 73.08 83.87 64.52 40.62 68.18 0.00 95.45 84.00 18.75 50.00 61.11 55.56 73.68 41.67 62.50 66.67
60.92=95.83 90.91 70.83 86.36 0.00 43.75 84.62 68.75 33.33 88.89 69.70 84.00 64.00 52.00 74.07 64.52 80.65 55.26 22.86 70.00 0.00 88.46 72.00 21.43 48.28 57.89 50.00 63.16 33.33 63.64 90.00
61.38=95.83 95.45 69.23 80.00 0.00 52.38 82.61 66.67 33.33 92.86 56.41 71.88 61.29 50.00 74.19 79.31 68.75 58.14 41.38 71.43 7.14 82.61 81.48 35.71 48.15 60.00 43.75 76.92 36.00 57.14 72.73
58.82=100.00 100.00 73.08 74.07 0.00 51.16 85.71 58.33 18.75 86.67 50.00 76.67 53.12 36.84 84.62 65.52 68.57 57.14 46.88 45.83 0.00 70.97 80.00 41.67 40.00 68.42 57.14 75.00 34.78 62.50 60.00
65.59=91.67 100.00 81.82 80.00 0.00 51.16 76.92 81.82 35.71 88.89 59.46 82.14 54.29 42.31 85.71 71.88 70.59 62.50 51.72 45.83 9.09 92.31 86.96 46.15 45.83 77.78 58.82 85.71 43.48 100.00 72.73
61.69=95.65 100.00 80.95 83.33 2.38 55.81 76.00 70.59 13.33 76.19 53.85 77.78 50.00 47.83 79.31 74.19 64.86 57.89 60.00 52.94 0.00 95.83 86.96 54.55 52.63 62.50 42.11 78.57 38.10 75.00 53.33
61.35=95.45 95.45 81.82 76.92 0.00 50.00 82.61 61.54 46.15 65.22 56.10 76.67 53.85 45.00 95.65 76.67 63.64 54.76 50.00 52.63 0.00 91.30 83.33 53.33 48.00 75.00 47.37 76.47 27.27 62.50 57.14
88.00=77.78 100.00 100.00 100.00 100.00 88.89 100.00 80.00 83.33 80.00 100.00 87.50 85.71 100.00 85.71 100.00 70.00 87.50 77.78 100.00 100.00 100.00 100.00 50.00 88.89 60.00 100.00 87.50 62.50 75.00 100.00
91.43=87.50 100.00 100.00 100.00 100.00 100.00 90.00 80.00 80.00 100.00 100.00 100.00 100.00 100.00 80.00 76.92 70.00 100.00 70.00 100.00 100.00 100.00 100.00 75.00 62.50 100.00 100.00 100.00 62.50 100.00 100.00
89.73=87.50 100.00 100.00 100.00 66.67 87.50 90.91 100.00 100.00 100.00 100.00 100.00 100.00 62.50 100.00 100.00 72.73 100.00 77.78 100.00 100.00 66.67 100.00 75.00 90.00 75.00 83.33 88.89 71.43 85.71 100.00
89.14=87.50 100.00 100.00 100.00 80.00 88.89 100.00 100.00 100.00 100.00 87.50 87.50 100.00 71.43 83.33 100.00 70.00 87.50 70.00 100.00 75.00 100.00 100.00 66.67 72.73 100.00 100.00 88.89 71.43 100.00 75.00
91.49=87.50 100.00 100.00 100.00 100.00 100.00 100.00 80.00 100.00 83.33 100.00 100.00 100.00 100.00 100.00 100.00 80.00 100.00 85.71 100.00 100.00 83.33 100.00 50.00 60.00 100.00 100.00 100.00 57.14 85.71 83.33
92.10=100.00 100.00 100.00 100.00 100.00 100.00 100.00 80.00 100.00 71.43 100.00 87.50 100.00 100.00 85.71 90.00 80.00 100.00 87.50 100.00 80.00 100.00 100.00 85.71 80.00 75.00 100.00 85.71 83.33 100.00 83.33
88.12=87.50 100.00 100.00 100.00 100.00 80.00 90.91 80.00 100.00 100.00 87.50 100.00 100.00 100.00 87.50 90.91 100.00 87.50 75.00 80.00 100.00 100.00 80.00 60.00 66.67 40.00 100.00 100.00 71.43 100.00 66.67
89.76=100.00 100.00 100.00 100.00 80.00 88.89 100.00 50.00 100.00 100.00 87.50 100.00 100.00 100.00 100.00 100.00 100.00 100.00 71.43 88.89 80.00 100.00 75.00 62.50 81.82 50.00 100.00 100.00 83.33 100.00 83.33
88.28=75.00 100.00 100.00 100.00 75.00 100.00 100.00 44.44 100.00 83.33 100.00 87.50 100.00 100.00 77.78 87.50 100.00 100.00 85.71 85.71 80.00 100.00 100.00 85.71 100.00 28.57 83.33 85.71 71.43 100.00 100.00
89.78=87.50 100.00 100.00 75.00 66.67 87.50 90.00 36.36 100.00 100.00 100.00 100.00 87.50 100.00 87.50 77.78 100.00 100.00 100.00 100.00 100.00 100.00 100.00 75.00 100.00 60.00 83.33 88.89 80.00 100.00 100.00
62.04=88.00 100.00 64.29 83.33 0.00 43.90 78.26 80.00 21.43 100.00 51.16 65.71 48.39 47.62 78.12 67.74 71.88 62.16 52.00 60.00 0.00 87.50 80.00 37.50 46.67 59.09 56.25 86.67 38.89 100.00 66.67
61.26=95.65 95.65 90.00 80.00 0.00 50.00 84.00 62.50 11.76 93.75 52.63 75.00 52.63 60.00 80.00 91.67 77.42 62.50 40.62 52.63 0.00 84.62 84.62 53.85 42.86 78.95 31.82 80.00 17.39 50.00 66.67
62.18=91.67 100.00 70.37 76.00 0.00 47.62 76.00 75.00 33.33 76.19 56.76 74.19 57.50 44.00 74.07 76.92 74.19 57.14 57.14 70.00 8.33 100.00 82.76 38.46 45.00 62.50 52.94 85.71 33.33 66.67 63.64
63.35=100.00 95.65 79.17 83.33 0.00 53.85 82.61 68.75 29.17 83.33 55.56 74.19 60.00 52.38 63.33 82.14 65.62 55.81 56.67 50.00 0.00 92.31 91.30 50.00 40.91 51.85 53.33 84.62 43.75 100.00 64.29
62.84=95.83 100.00 69.23 86.36 0.00 51.06 71.43 75.00 20.00 93.33 56.76 81.48 50.00 52.17 76.67 84.62 70.97 54.55 44.00 58.82 0.00 84.62 85.19 50.00 57.14 60.87 61.54 83.33 47.06 62.50 63.64
88.21=87.50 100.00 100.00 100.00 66.67 88.89 100.00 80.00 83.33 83.33 100.00 100.00 100.00 100.00 100.00 83.33 80.00 100.00 87.50 77.78 100.00 100.00 100.00 50.00 77.78 75.00 83.33 100.00 44.44 85.71 100.00
90.63=77.78 100.00 100.00 75.00 100.00 100.00 100.00 100.00 100.00 100.00 100.00 100.00 87.50 100.00 100.00 100.00 80.00 100.00 87.50 100.00 80.00 100.00 100.00 50.00 77.78 75.00 85.71 88.89 44.44 100.00 100.00
88.77=87.50 100.00 83.33 100.00 80.00 88.89 100.00 100.00 100.00 100.00 75.00 100.00 87.50 57.14 100.00 100.00 80.00 85.71 100.00 100.00 80.00 100.00 80.00 50.00 77.78 100.00 100.00 100.00 55.56 83.33 100.00
92.29=77.78 100.00 100.00 100.00 100.00 100.00 100.00 100.00 100.00 83.33 100.00 100.00 100.00 83.33 100.00 90.91 80.00 100.00 77.78 88.89 100.00 100.00 100.00 80.00 87.50 60.00 100.00 88.89 62.50 100.00 100.00
89.66=85.71 100.00 100.00 100.00 66.67 88.89 100.00 100.00 75.00 71.43 100.00 87.50 100.00 100.00 100.00 83.33 70.00 100.00 85.71 100.00 100.00 83.33 100.00 66.67 77.78 75.00 100.00 100.00 62.50 100.00 100.00
84.83=87.50 100.00 100.00 60.00 80.00 66.67 100.00 66.67 80.00 100.00 77.78 100.00 88.89 100.00 40.00 87.50 77.78 100.00 71.43 100.00 75.00 83.33 100.00 83.33 80.00 100.00 85.71 100.00 66.67 100.00 71.43
90.42=85.71 100.00 100.00 100.00 100.00 80.00 100.00 66.67 71.43 100.00 87.50 100.00 88.89 100.00 71.43 100.00 72.73 85.71 83.33 100.00 100.00 100.00 100.00 71.43 80.00 75.00 100.00 100.00 83.33 100.00 100.00
87.96=87.50 100.00 100.00 75.00 100.00 80.00 100.00 50.00 66.67 100.00 87.50 100.00 100.00 100.00 83.33 72.73 100.00 100.00 100.00 80.00 100.00 100.00 100.00 85.71 100.00 33.33 75.00 100.00 50.00 100.00 100.00
92.19=87.50 100.00 100.00 100.00 80.00 88.89 100.00 50.00 100.00 100.00 87.50 100.00 100.00 100.00 85.71 88.89 88.89 85.71 100.00 100.00 100.00 100.00 87.50 85.71 75.00 100.00 100.00 100.00 66.67 100.00 100.00
87.39=85.71 100.00 100.00 100.00 100.00 100.00 100.00 80.00 80.00 80.00 100.00 77.78 77.78 100.00 66.67 90.00 88.89 100.00 100.00 87.50 75.00 100.00 100.00 80.00 90.00 60.00 71.43 77.78 57.14 100.00 83.33
62.42=95.65 95.45 78.26 74.07 0.00 48.94 90.00 66.67 33.33 92.86 52.17 73.08 60.61 54.55 75.86 73.33 63.64 60.00 50.00 56.25 10.00 81.48 81.48 33.33 53.85 60.87 60.00 90.91 33.33 60.00 75.00
59.92=92.00 100.00 65.52 80.00 2.63 47.83 85.71 63.16 16.67 93.33 55.26 76.67 48.65 52.38 74.19 63.64 69.70 58.82 52.00 52.63 20.00 82.14 79.17 30.77 46.15 73.68 47.06 92.31 25.00 66.67 43.75
63.72=80.77 100.00 85.71 76.00 2.44 52.27 72.00 68.42 25.00 86.67 64.86 75.00 51.43 47.83 80.77 65.62 76.67 58.97 55.56 76.92 0.00 92.59 84.00 50.00 43.48 83.33 60.00 75.00 24.14 100.00 60.00
62.48=95.65 95.24 73.91 83.33 0.00 56.41 74.07 57.89 25.00 82.35 60.00 75.86 55.26 46.67 85.19 75.00 65.71 54.55 52.00 66.67 10.00 89.66 84.00 46.15 47.62 60.87 60.00 80.00 28.57 80.00 69.23
63.22=95.65 100.00 78.26 68.97 0.00 51.06 73.08 61.11 35.71 83.33 51.22 75.86 58.33 42.11 81.48 82.14 65.62 55.00 48.28 57.89 0.00 92.31 80.00 50.00 50.00 77.78 53.33 100.00 37.50 100.00 53.85
86.38=100.00 100.00 85.71 100.00 66.67 100.00 100.00 75.00 83.33 80.00 100.00 100.00 66.67 100.00 66.67 80.00 61.54 100.00 100.00 100.00 60.00 80.00 100.00 55.56 87.50 100.00 100.00 85.71 83.33 100.00 60.00
90.30=87.50 100.00 100.00 100.00 100.00 80.00 100.00 66.67 62.50 83.33 100.00 100.00 87.50 100.00 100.00 100.00 88.89 100.00 100.00 100.00 66.67 75.00 100.00 55.56 100.00 100.00 85.71 100.00 60.00 100.00 100.00
84.71=100.00 100.00 87.50 100.00 50.00 100.00 100.00 66.67 66.67 100.00 87.50 85.71 100.00 55.56 100.00 66.67 100.00 80.00 85.71 100.00 80.00 83.33 71.43 66.67 80.00 75.00 100.00 87.50 100.00 100.00 50.00
87.89=100.00 100.00 100.00 100.00 66.67 100.00 83.33 75.00 62.50 62.50 87.50 100.00 88.89 100.00 100.00 87.50 87.50 75.00 100.00 100.00 100.00 66.67 100.00 62.50 100.00 50.00 100.00 100.00 83.33 85.71 100.00
87.05=100.00 100.00 100.00 50.00 100.00 87.50 100.00 57.14 83.33 100.00 87.50 100.00 71.43 100.00 77.78 100.00 80.00 100.00 85.71 100.00 80.00 80.00 100.00 71.43 81.82 50.00 100.00 100.00 75.00 100.00 80.00
62.61=91.67 100.00 73.91 79.17 2.70 50.00 95.45 64.29 31.58 81.82 67.65 82.14 70.00 61.11 80.77 66.67 81.25 56.41 39.29 72.73 7.14 82.76 85.71 18.75 50.00 57.14 50.00 81.25 26.32 50.00 83.33
65.84=91.67 100.00 82.61 86.96 0.00 51.06 91.67 65.00 44.44 76.19 70.59 76.92 66.67 61.90 82.61 64.86 80.65 51.06 40.54 88.24 30.00 95.83 88.89 23.53 37.50 50.00 58.82 80.00 43.75 71.43 87.50
62.80=88.89 90.91 75.00 86.96 2.94 52.17 95.65 70.59 33.33 88.24 68.42 76.92 66.67 54.55 84.00 66.67 86.67 61.76 43.33 64.00 0.00 88.46 85.19 16.67 43.48 60.00 63.16 80.00 13.33 50.00 88.89
63.00=92.31 91.30 85.71 90.91 0.00 51.11 95.00 64.71 30.43 89.47 63.41 85.19 73.08 50.00 85.19 54.29 77.42 51.22 38.71 75.00 9.09 86.96 88.89 31.58 35.29 52.94 47.06 92.86 35.29 50.00 78.57
62.43=88.46 100.00 70.83 86.96 0.00 51.11 84.00 68.75 39.13 84.21 62.50 84.00 67.86 61.90 87.50 56.76 75.00 50.00 40.74 94.44 0.00 95.00 86.21 16.67 52.17 55.00 50.00 59.09 41.67 36.36 88.89
88.07=87.50 100.00 100.00 100.00 80.00 100.00 100.00 80.00 71.43 83.33 100.00 100.00 80.00 83.33 100.00 88.89 100.00 87.50 100.00 100.00 66.67 100.00 100.00 60.00 100.00 60.00 100.00 100.00 50.00 71.43 80.00
87.82=87.50 100.00 100.00 75.00 100.00 87.50 100.00 80.00 83.33 100.00 100.00 87.50 66.67 100.00 77.78 100.00 77.78 77.78 100.00 100.00 80.00 66.67 100.00 62.50 100.00 100.00 85.71 100.00 66.67 100.00 60.00
84.63=87.50 100.00 85.71 100.00 100.00 77.78 100.00 75.00 57.14 100.00 87.50 100.00 72.73 80.00 85.71 87.50 88.89 100.00 83.33 100.00 75.00 62.50 100.00 62.50 100.00 60.00 100.00 100.00 71.43 83.33 40.00
89.80=87.50 100.00 87.50 100.00 100.00 87.50 100.00 80.00 71.43 100.00 100.00 100.00 70.00 100.00 100.00 100.00 100.00 87.50 100.00 100.00 60.00 83.33 85.71 62.50 100.00 75.00 83.33 100.00 62.50 100.00 100.00
86.00=100.00 100.00 85.71 100.00 100.00 77.78 100.00 44.44 71.43 100.00 87.50 100.00 80.00 100.00 100.00 90.00 66.67 100.00 100.00 100.00 75.00 83.33 100.00 50.00 100.00 60.00 85.71 100.00 75.00 83.33 50.00
87.51=87.50 100.00 100.00 100.00 57.14 100.00 100.00 66.67 100.00 83.33 100.00 100.00 100.00 71.43 83.33 75.00 77.78 100.00 77.78 100.00 100.00 100.00 100.00 80.00 87.50 75.00 85.71 85.71 55.56 83.33 80.00
87.43=77.78 100.00 100.00 75.00 100.00 100.00 100.00 80.00 100.00 83.33 100.00 100.00 77.78 100.00 87.50 100.00 72.73 100.00 70.00 100.00 100.00 100.00 87.50 66.67 85.71 75.00 85.71 85.71 33.33 66.67 100.00
89.08=87.50 100.00 85.71 100.00 66.67 88.89 90.00 100.00 100.00 83.33 75.00 87.50 100.00 100.00 100.00 100.00 100.00 100.00 85.71 100.00 100.00 100.00 100.00 33.33 80.00 60.00 100.00 100.00 54.55 83.33 100.00
87.47=77.78 100.00 100.00 100.00 100.00 100.00 100.00 80.00 83.33 80.00 87.50 85.71 80.00 100.00 100.00 90.91 88.89 87.50 100.00 100.00 100.00 100.00 100.00 40.00 75.00 50.00 100.00 80.00 50.00 75.00 100.00
88.34=85.71 100.00 100.00 100.00 80.00 100.00 100.00 80.00 60.00 83.33 77.78 100.00 88.89 75.00 100.00 100.00 72.73 100.00 100.00 100.00 100.00 83.33 85.71 80.00 63.64 60.00 100.00 100.00 62.50 100.00 100.00
62.77=95.83 95.45 69.23 76.00 0.00 51.22 87.50 80.00 15.38 87.50 57.50 62.16 59.38 54.55 79.31 68.75 65.71 60.53 48.28 52.63 0.00 88.46 85.71 40.00 63.16 61.90 63.64 94.12 32.00 60.00 90.00
62.32=92.00 100.00 68.00 80.00 0.00 52.17 86.96 64.71 36.36 71.43 59.46 75.00 44.74 54.55 80.65 76.92 65.62 54.55 53.85 47.62 14.29 82.76 76.00 53.33 54.55 71.43 53.85 81.25 36.36 80.00 63.64
62.74=88.46 100.00 66.67 80.00 0.00 53.49 81.82 73.33 36.84 83.33 53.49 84.62 56.76 52.94 85.71 81.48 72.73 59.38 51.61 55.56 11.11 81.25 85.19 40.00 58.33 71.43 52.94 76.47 33.33 66.67 50.00
60.44=88.46 100.00 81.82 74.07 0.00 52.38 75.00 57.14 21.05 88.24 58.82 79.31 58.33 54.17 73.33 77.78 69.70 63.89 52.00 58.82 0.00 86.21 77.27 41.67 42.31 68.18 38.89 73.68 35.00 62.50 63.64
62.88=88.46 100.00 62.96 79.17 0.00 51.06 83.33 63.64 22.22 88.24 58.82 85.71 50.00 50.00 85.19 84.00 70.59 58.54 55.56 55.56 0.00 76.00 81.48 30.77 54.55 66.67 57.14 82.35 30.43 100.00 76.92
88.63=100.00 100.00 100.00 100.00 100.00 100.00 100.00 66.67 100.00 100.00 100.00 87.50 77.78 100.00 80.00 77.78 100.00 87.50 100.00 72.73 100.00 100.00 100.00 71.43 88.89 0.00 100.00 100.00 57.14 100.00 80.00
90.28=87.50 100.00 100.00 100.00 80.00 77.78 100.00 66.67 100.00 100.00 100.00 77.78 100.00 100.00 85.71 100.00 100.00 87.50 100.00 87.50 100.00 100.00 100.00 80.00 90.00 50.00 85.71 100.00 62.50 100.00 80.00
87.23=100.00 100.00 100.00 75.00 80.00 100.00 90.91 50.00 100.00 100.00 83.33 100.00 80.00 100.00 77.78 100.00 88.89 100.00 80.00 75.00 80.00 83.33 100.00 100.00 90.00 37.50 85.71 100.00 66.67 100.00 80.00
87.20=75.00 100.00 87.50 100.00 66.67 72.73 100.00 42.86 100.00 100.00 100.00 87.50 100.00 83.33 66.67 100.00 100.00 100.00 100.00 80.00 100.00 100.00 83.33 83.33 81.82 40.00 100.00 85.71 66.67 100.00 100.00
90.90=77.78 100.00 100.00 75.00 100.00 88.89 100.00 57.14 100.00 100.00 100.00 87.50 100.00 100.00 77.78 88.89 88.89 100.00 100.00 100.00 100.00 100.00 87.50 85.71 100.00 42.86 100.00 100.00 80.00 100.00 80.00
84.93=100.00 100.00 77.78 100.00 80.00 100.00 90.91 57.14 71.43 83.33 100.00 100.00 75.00 71.43 100.00 100.00 85.71 87.50 85.71 88.89 100.00 57.14 100.00 80.00 87.50 50.00 85.71 87.50 80.00 83.33 66.67
90.49=100.00 100.00 87.50 100.00 100.00 100.00 90.91 80.00 71.43 83.33 100.00 100.00 77.78 80.00 100.00 100.00 88.89 70.00 85.71 100.00 100.00 60.00 100.00 83.33 100.00 75.00 100.00 100.00 71.43 100.00 100.00
84.12=100.00 100.00 85.71 100.00 60.00 88.89 90.91 100.00 83.33 100.00 87.50 100.00 83.33 83.33 85.71 88.89 77.78 77.78 100.00 100.00 80.00 71.43 83.33 50.00 85.71 40.00 83.33 100.00 85.71 75.00 60.00
88.40=100.00 100.00 83.33 100.00 100.00 100.00 100.00 80.00 50.00 83.33 87.50 100.00 75.00 83.33 100.00 100.00 70.00 87.50 100.00 100.00 60.00 80.00 83.33 71.43 90.91 100.00 85.71 83.33 85.71 100.00 100.00
87.15=100.00 100.00 100.00 100.00 80.00 100.00 100.00 80.00 55.56 83.33 87.50 100.00 100.00 57.14 100.00 90.00 87.50 75.00 100.00 100.00 100.00 75.00 71.43 50.00 100.00 60.00 100.00 100.00 80.00 85.71 83.33
62.59=88.46 95.45 75.00 74.07 2.44 45.24 83.33 76.92 28.57 93.33 57.89 61.54 53.12 47.83 84.00 80.77 75.00 61.54 45.16 81.82 10.00 80.77 88.00 45.45 46.15 66.67 42.86 81.25 31.82 71.43 64.29
62.29=95.83 100.00 78.26 82.61 0.00 47.73 90.91 65.00 23.53 100.00 54.76 76.67 54.05 58.82 73.08 72.73 68.75 64.10 53.33 55.00 0.00 75.00 78.26 30.00 40.00 83.33 41.18 80.00 26.92 83.33 77.78
63.67=95.65 100.00 68.00 78.26 0.00 48.84 84.00 80.00 28.57 72.22 53.66 81.48 47.22 45.45 75.00 81.48 68.57 57.14 53.85 66.67 11.11 92.31 87.50 46.15 44.83 73.68 60.00 81.25 36.00 80.00 75.00
63.27=95.45 100.00 68.00 76.92 0.00 45.24 83.33 78.57 27.78 86.67 53.85 80.00 55.56 58.82 77.42 77.42 60.53 51.16 52.17 52.63 0.00 81.48 87.50 35.71 48.39 76.47 58.33 91.67 40.00 88.89 71.43
62.60=95.65 95.45 75.00 79.17 0.00 50.00 83.33 58.33 12.50 75.00 50.00 82.14 57.89 72.22 80.77 75.00 58.97 57.14 55.56 50.00 11.11 80.77 75.00 42.86 50.00 77.78 62.50 84.62 31.82 100.00 60.00
62.41=96.00 95.65 66.67 82.61 2.86 57.50 100.00 76.92 33.33 73.91 58.97 65.62 58.62 76.47 80.65 73.08 75.00 51.22 42.31 76.19 0.00 88.46 81.48 16.67 47.62 52.17 38.46 86.67 46.15 50.00 83.33
63.82=95.00 100.00 70.37 90.00 2.78 48.98 100.00 68.75 33.33 81.82 65.71 86.96 62.50 62.50 81.48 74.07 85.71 45.24 43.48 61.54 0.00 91.67 88.89 23.08 53.33 73.33 66.67 86.67 31.25 46.15 57.14
65.36=95.83 100.00 62.07 83.33 5.88 54.76 92.00 80.00 42.86 89.47 75.00 85.19 66.67 68.42 82.14 62.50 88.89 64.71 37.50 72.00 0.00 80.00 82.14 33.33 43.33 55.00 47.62 93.75 38.46 60.00 83.33
63.46=95.65 100.00 72.00 80.00 3.70 53.33 84.62 88.89 26.09 88.89 65.71 82.14 65.52 68.18 75.00 71.43 80.00 58.33 33.33 64.00 7.14 92.00 92.00 33.33 52.00 66.67 56.25 66.67 30.00 44.44 70.00
62.54=100.00 100.00 70.37 74.07 0.00 51.11 86.36 58.82 38.10 93.75 64.10 83.33 70.37 51.85 85.71 63.89 83.87 60.53 43.33 69.57 0.00 85.19 95.45 12.50 52.17 63.16 50.00 100.00 25.00 37.50 68.75
61.61=95.83 95.45 72.00 82.61 0.00 52.27 75.00 63.16 27.78 88.24 58.82 70.97 58.06 53.85 70.97 87.50 60.53 57.89 46.43 61.11 14.29 84.62 79.17 33.33 52.00 72.73 61.54 86.67 28.00 50.00 69.23
62.66=100.00 100.00 75.00 69.23 0.00 45.28 72.00 60.00 29.41 100.00 53.66 85.19 56.76 64.71 90.91 70.97 62.86 57.89 50.00 52.63 0.00 92.59 82.61 50.00 51.72 77.78 53.33 76.47 36.36 62.50 62.50
61.21=92.00 100.00 65.38 83.33 0.00 46.15 75.00 75.00 41.67 75.00 58.33 85.19 55.26 47.06 76.67 81.48 62.16 55.00 50.00 66.67 0.00 83.33 83.33 25.00 54.17 76.19 50.00 81.25 28.57 60.00 64.29
61.84=95.83 100.00 68.00 76.92 0.00 63.89 80.00 64.71 28.57 83.33 50.00 88.46 59.46 62.50 76.47 68.97 58.97 61.11 50.00 71.43 18.18 82.76 81.48 21.43 52.63 75.00 50.00 68.75 25.00 54.55 78.57
63.40=100.00 100.00 66.67 74.07 0.00 52.63 86.96 75.00 31.25 87.50 56.41 77.78 56.76 52.17 73.33 82.14 69.44 57.50 56.00 52.94 14.29 80.00 84.62 54.55 48.15 66.67 50.00 92.31 36.36 80.00 50.00
86.40=100.00 100.00 85.71 75.00 100.00 100.00 100.00 60.00 55.56 83.33 100.00 87.50 83.33 100.00 88.89 100.00 88.89 70.00 87.50 88.89 100.00 57.14 100.00 83.33 100.00 100.00 100.00 83.33 57.14 100.00 42.86
88.74=100.00 100.00 71.43 100.00 100.00 100.00 100.00 66.67 62.50 83.33 87.50 100.00 87.50 100.00 100.00 66.67 77.78 87.50 85.71 100.00 100.00 80.00 100.00 71.43 85.71 100.00 100.00 100.00 71.43 85.71 80.00
89.60=100.00 100.00 87.50 100.00 75.00 100.00 100.00 57.14 62.50 83.33 100.00 100.00 87.50 100.00 88.89 80.00 100.00 70.00 100.00 100.00 100.00 100.00 100.00 75.00 100.00 75.00 100.00 100.00 83.33 85.71 66.67
88.10=77.78 100.00 85.71 100.00 100.00 87.50 100.00 50.00 71.43 83.33 85.71 87.50 85.71 80.00 87.50 100.00 85.71 100.00 100.00 100.00 100.00 100.00 83.33 71.43 87.50 100.00 100.00 100.00 62.50 83.33 75.00
88.11=87.50 100.00 100.00 100.00 80.00 100.00 100.00 66.67 100.00 83.33 100.00 87.50 62.50 83.33 100.00 100.00 88.89 100.00 87.50 100.00 100.00 80.00 75.00 60.00 100.00 75.00 100.00 100.00 71.43 100.00 42.86
59.67=83.33 100.00 73.91 76.00 2.86 53.33 95.00 72.22 42.11 76.19 63.41 61.54 66.67 73.68 66.67 73.91 66.67 56.76 45.83 64.71 0.00 80.00 77.27 0.00 55.56 60.00 56.52 85.71 37.04 27.27 55.56
60.80=95.24 100.00 85.00 64.29 0.00 60.98 83.33 57.89 29.17 62.50 60.53 79.31 69.70 80.00 82.14 83.33 65.79 53.66 54.17 44.44 11.76 88.46 76.92 0.00 47.37 64.00 54.17 77.78 33.33 62.50 57.14
60.90=92.00 100.00 94.12 73.08 0.00 58.54 91.30 57.89 27.78 77.27 62.50 68.57 64.71 75.00 78.26 79.17 67.57 58.82 48.00 43.48 15.38 77.78 85.71 6.25 50.00 60.00 71.43 77.78 21.05 54.55 50.00
62.27=95.65 94.74 85.00 74.07 0.00 68.57 80.95 70.00 28.57 69.57 55.32 63.89 63.89 70.59 78.57 86.36 76.67 54.29 47.62 47.83 17.65 76.92 90.00 10.53 50.00 78.95 77.78 100.00 35.00 42.86 38.46
62.62=91.67 100.00 81.82 76.00 0.00 64.10 88.00 70.59 32.14 87.50 51.02 64.86 69.70 72.22 76.67 76.92 81.48 56.67 47.37 54.55 6.67 77.78 81.82 12.50 40.00 83.33 61.90 90.91 40.00 66.67 36.36
87.20=75.00 100.00 85.71 100.00 80.00 100.00 100.00 80.00 100.00 100.00 87.50 100.00 100.00 83.33 100.00 90.00 88.89 85.71 75.00 100.00 60.00 100.00 100.00 66.67 75.00 60.00 100.00 88.89 83.33 71.43 66.67
89.04=100.00 100.00 100.00 66.67 100.00 100.00 100.00 80.00 83.33 83.33 100.00 100.00 100.00 100.00 87.50 75.00 77.78 100.00 100.00 87.50 100.00 100.00 100.00 42.86 100.00 60.00 100.00 100.00 36.36 100.00 80.00
90.40=66.67 100.00 100.00 100.00 100.00 88.89 83.33 100.00 80.00 83.33 100.00 85.71 100.00 83.33 100.00 100.00 80.00 87.50 100.00 100.00 100.00 83.33 100.00 75.00 77.78 75.00 85.71 100.00 66.67 100.00 100.00
89.85=77.78 100.00 100.00 100.00 100.00 88.89 100.00 100.00 83.33 50.00 100.00 100.00 100.00 100.00 100.00 100.00 77.78 100.00 70.00 100.00 100.00 100.00 100.00 50.00 85.71 75.00 100.00 100.00 55.56 71.43 100.00
86.88=100.00 100.00 100.00 75.00 100.00 75.00 100.00 100.00 100.00 80.00 77.78 85.71 85.71 100.00 71.43 90.00 70.00 77.78 70.00 100.00 100.00 100.00 100.00 66.67 85.71 60.00 100.00 70.00 66.67 85.71 100.00
60.92=100.00 100.00 72.00 78.26 0.00 50.00 86.96 66.67 26.09 90.00 60.53 70.97 63.33 50.00 73.08 75.00 77.42 52.38 53.57 71.43 0.00 82.76 85.19 15.38 40.00 57.89 48.00 75.00 33.33 33.33 100.00
64.08=95.83 100.00 62.96 85.00 0.00 57.14 84.00 56.25 37.50 85.00 70.27 75.00 67.86 64.00 79.31 65.62 86.21 52.38 50.00 76.19 0.00 89.29 79.31 22.22 54.55 76.47 54.55 84.62 42.11 42.86 90.00
64.26=92.00 100.00 66.67 86.36 0.00 54.55 100.00 78.57 38.89 85.71 68.42 82.14 75.00 58.62 69.70 65.71 76.67 48.78 39.13 80.00 9.09 92.31 96.00 26.67 40.00 80.00 50.00 87.50 23.81 42.86 76.92
63.98=95.65 95.45 66.67 86.96 3.12 53.49 82.61 75.00 26.09 90.00 61.54 84.62 66.67 66.67 73.33 57.89 80.65 50.00 42.86 83.33 0.00 81.48 88.00 27.78 45.45 71.43 64.71 93.75 27.27 50.00 90.91
63.67=92.00 95.45 65.38 80.00 0.00 53.33 95.00 77.78 36.84 81.82 60.98 84.62 68.75 55.00 81.48 76.67 78.12 48.84 38.71 93.75 11.11 76.67 89.29 23.53 33.33 73.33 57.89 92.86 37.50 50.00 63.64
86.98=83.33 83.33 100.00 100.00 100.00 80.00 100.00 57.14 100.00 83.33 85.71 100.00 66.67 100.00 83.33 100.00 80.00 66.67 100.00 77.78 66.67 100.00 100.00 85.71 100.00 33.33 83.33 100.00 80.00 100.00 100.00
88.39=77.78 100.00 100.00 75.00 100.00 100.00 90.00 50.00 80.00 80.00 100.00 100.00 100.00 83.33 87.50 100.00 100.00 70.00 85.71 100.00 80.00 100.00 100.00 85.71 77.78 60.00 100.00 100.00 71.43 85.71 100.00
88.17=100.00 100.00 100.00 75.00 100.00 80.00 100.00 57.14 83.33 100.00 83.33 77.78 100.00 80.00 77.78 80.00 87.50 87.50 100.00 80.00 75.00 100.00 100.00 83.33 87.50 66.67 100.00 100.00 71.43 100.00 100.00
87.44=100.00 100.00 100.00 75.00 100.00 88.89 100.00 60.00 100.00 83.33 100.00 87.50 100.00 80.00 85.71 66.67 100.00 77.78 83.33 88.89 100.00 100.00 66.67 75.00 83.33 42.86 100.00 85.71 80.00 100.00 100.00
88.66=77.78 83.33 100.00 60.00 80.00 88.89 100.00 42.86 83.33 100.00 87.50 87.50 100.00 100.00 75.00 87.50 100.00 100.00 100.00 100.00 80.00 100.00 87.50 85.71 100.00 75.00 100.00 100.00 66.67 100.00 100.00
61.92=92.31 91.30 69.57 83.33 0.00 51.22 95.45 63.64 34.62 85.71 67.57 67.74 69.57 60.00 76.00 61.76 71.43 47.62 34.38 69.57 0.00 100.00 84.00 27.78 44.44 55.00 57.89 100.00 28.57 44.44 84.62
63.48=95.83 100.00 58.62 82.61 0.00 57.14 95.45 62.50 35.71 85.71 67.57 74.07 72.41 55.56 87.50 70.97 75.76 45.95 45.16 62.50 0.00 84.62 80.00 22.22 36.36 68.42 52.94 92.86 38.10 71.43 90.00
63.43=90.91 100.00 70.83 83.33 2.86 51.16 84.62 62.50 34.78 90.00 67.57 80.77 59.38 77.78 80.00 67.74 81.25 47.37 36.67 76.47 0.00 85.71 88.00 26.32 46.15 52.63 50.00 100.00 35.71 66.67 69.23
62.97=92.00 100.00 72.73 86.96 0.00 53.49 95.24 72.22 39.13 100.00 64.86 81.82 56.67 53.33 72.41 58.82 77.42 41.46 37.04 64.00 0.00 82.76 81.48 33.33 52.00 86.67 61.11 87.50 33.33 57.14 57.14
64.90=100.00 95.24 72.00 82.61 3.45 55.81 83.33 64.71 32.00 100.00 64.71 75.00 67.74 65.22 82.61 67.65 92.59 48.65 30.77 77.27 0.00 75.00 91.67 27.78 48.00 62.50 52.38 89.47 38.10 80.00 85.71
59.28=95.65 100.00 76.19 65.38 0.00 63.16 84.00 55.00 33.33 66.67 65.71 62.16 73.53 63.16 73.33 69.23 75.00 57.89 50.00 47.37 9.09 80.77 88.89 8.33 52.00 65.22 62.50 76.47 27.27 33.33 57.14
60.19=95.65 100.00 80.95 73.08 2.94 60.53 87.50 64.71 29.17 68.18 63.89 65.71 70.59 72.22 71.43 73.08 85.19 56.10 42.11 52.94 8.33 88.89 82.61 5.56 40.74 76.19 65.00 85.71 35.00 28.57 33.33
58.57=91.30 95.65 78.26 72.00 0.00 71.88 90.91 66.67 29.17 66.67 58.97 59.46 63.89 57.69 75.86 76.00 70.59 56.41 55.00 62.50 0.00 76.00 75.00 7.14 33.33 56.67 70.59 88.24 36.84 50.00 23.08
59.14=94.74 100.00 64.00 68.97 0.00 69.44 80.95 72.22 37.50 80.00 56.82 61.54 62.16 57.89 84.62 86.96 74.19 58.97 36.36 56.25 0.00 88.46 77.78 5.88 41.38 69.57 57.14 85.71 13.33 46.15 44.44
61.04=95.65 100.00 76.19 67.86 3.45 62.50 95.00 72.22 33.33 82.35 51.06 63.16 62.86 70.00 78.57 83.33 75.86 52.38 45.45 55.00 6.67 86.96 78.26 0.00 48.15 64.00 88.24 76.92 31.25 35.71 50.00
80.06=77.78 100.00 100.00 75.00 60.00 62.50 100.00 75.00 57.14 66.67 100.00 70.00 100.00 75.00 100.00 100.00 77.78 71.43 70.00 80.00 33.33 57.14 100.00 75.00 62.50 100.00 100.00 100.00 50.00 85.71 100.00
79.27=63.64 100.00 83.33 75.00 50.00 80.00 100.00 100.00 50.00 66.67 54.55 100.00 100.00 75.00 100.00 83.33 85.71 100.00 70.00 100.00 80.00 40.00 100.00 50.00 83.33 100.00 100.00 100.00 40.00 66.67 60.00
85.85=77.78 100.00 100.00 100.00 40.00 87.50 100.00 100.00 100.00 83.33 87.50 83.33 77.78 83.33 100.00 90.91 75.00 100.00 66.67 100.00 80.00 66.67 100.00 40.00 85.71 100.00 100.00 100.00 50.00 85.71 100.00
87.35=87.50 100.00 83.33 100.00 50.00 85.71 100.00 100.00 80.00 83.33 100.00 100.00 100.00 83.33 100.00 90.00 70.00 100.00 63.64 100.00 100.00 75.00 100.00 66.67 64.29 75.00 100.00 100.00 50.00 100.00 100.00
90.28=77.78 100.00 100.00 100.00 100.00 100.00 100.00 100.00 62.50 100.00 85.71 100.00 85.71 100.00 100.00 100.00 66.67 100.00 87.50 100.00 80.00 83.33 100.00 100.00 63.64 75.00 100.00 100.00 30.77 100.00 100.00
65.05=91.67 100.00 76.19 85.71 3.03 55.81 91.67 75.00 34.78 85.00 67.65 70.97 62.50 72.73 75.86 64.52 88.89 52.63 42.42 72.73 0.00 78.26 82.14 23.81 75.00 47.83 47.83 86.67 40.00 83.33 81.82
63.47=92.00 91.30 73.91 86.96 0.00 50.00 88.46 66.67 40.00 80.95 71.88 75.00 60.00 65.22 84.62 70.59 80.65 51.16 34.78 78.95 0.00 92.00 88.46 15.00 36.36 64.71 55.00 89.47 37.50 57.14 88.89
64.92=100.00 100.00 70.83 76.92 3.12 53.85 84.62 64.71 33.33 100.00 63.16 74.07 67.86 69.57 78.57 52.94 72.73 46.67 37.50 75.00 0.00 82.76 86.21 27.78 47.83 68.75 47.62 82.35 43.75 100.00 100.00
62.40=92.31 95.24 65.38 85.71 0.00 57.14 91.67 53.33 37.50 85.71 67.57 73.33 62.07 69.23 85.19 72.41 82.76 45.24 40.74 72.73 0.00 78.57 83.33 17.39 38.10 64.71 64.29 80.95 35.71 71.43 64.71
62.47=96.00 100.00 75.00 90.48 0.00 55.00 84.62 66.67 25.00 80.95 63.89 81.48 68.97 57.69 91.67 62.86 82.76 44.44 37.50 75.00 0.00 69.23 84.62 26.32 50.00 64.71 45.83 83.33 38.46 57.14 76.92
59.80=95.65 95.65 90.00 67.86 0.00 58.54 100.00 57.89 33.33 86.67 68.42 53.66 65.52 54.55 76.92 84.00 92.00 51.35 42.31 55.56 8.33 72.41 86.36 8.33 33.33 61.54 61.90 86.67 39.29 30.00 35.71
62.27=91.67 100.00 73.91 66.67 0.00 58.54 91.30 70.00 47.62 83.33 61.54 70.97 68.75 63.64 76.67 84.00 77.42 55.88 50.00 68.75 15.38 81.48 80.95 0.00 55.00 76.19 59.09 88.24 21.74 46.15 45.45
61.61=100.00 100.00 94.12 67.86 0.00 64.10 100.00 72.22 37.50 80.00 56.82 74.19 68.75 58.33 77.78 79.17 73.53 39.47 59.09 62.50 0.00 75.00 76.00 5.88 53.57 76.19 70.00 78.57 37.50 44.44 27.27
60.12=100.00 95.65 84.21 58.06 0.00 62.50 95.45 68.75 35.71 75.00 53.33 67.65 67.74 62.50 78.57 72.73 71.43 48.65 50.00 62.50 0.00 90.48 78.26 5.88 43.33 69.57 73.68 92.31 31.58 37.50 30.77
