93.07429130009776
85.66180235535073
84.88339617371875
87.65710096355258
87.5115207373272
90.61362472652797
88.10803891449054
93.806614532421
90.44360657263884
93.53686635944699
91.4336917562724
86.95852534562212
93.54838709677419
90.94982078853046
89.47772657450076
94.3778801843318
92.01228878648234
92.97491039426524
89.48028673835125
94.78494623655915
86.64618535586277
85.91397849462366
89.22939068100358
88.8773681515617
86.46953405017922
89.95519713261649
91.75115207373273
93.4831029185868
89.1812130521808
91.57787552948845
91.55739421868455
95.24030628869338
91.37352790578596
91.25162471936666
94.95647721454174
89.16666666666666
90.45698924731182
90.35842293906809
88.06451612903226
89.32795698924731
92.47311827956989
90.21505376344085
92.49615975422427
91.06758832565285
92.90322580645162
92.69969278033794
92.87634408602152
93.93881208397339
93.76088069636457
90.96343620537169
88.69175627240143
88.45622119815667
90.61827956989247
87.38863287250385
86.74347158218127
91.7921146953405
96.84587813620071
92.90322580645162
92.41935483870968
95.10752688172043
93.67860633989666
91.55116388987355
93.32402364660429
92.16717869943676
94.2716333845366
90.07680491551459
91.80107526881721
94.13978494623655
90.10752688172042
94.89247311827957
89.11162314388122
93.52150537634408
89.82846902201743
93.13364055299542
90.85730577666064
92.1505376344086
92.36559139784946
96.2826420890937
93.81720430107528
93.70967741935483
88.70967741935485
89.89247311827957
88.87096774193549
87.95698924731182
88.06451612903226
93.6128566773728
94.85535074244751
94.38765535539729
92.35279057859704
93.63333798817669
92.89554531490015
94.62365591397848
90.3763440860215
90.91397849462365
92.20430107526882
94.0552995391705
95.29185867895546
94.78494623655914
95.29185867895546
95.752688172043
94.28571428571428
94.45724526369686
93.86712749615975
93.81301494204719
93.81080389144905
91.79211469534049
92.85958664990923
93.00307219662058
90.35202252944188
91.80747567844344
94.86559139784946
96.12484289903645
92.85795745473165
94.54266163943583
93.94055765023506
93.70967741935483
94.10010240655403
96.39784946236558
95.96774193548387
92.40655401945726
93.91449052739377
93.03763440860214
94.93727598566309
94.74014336917564
93.58038914490528
89.42652329749104
91.02150537634408
87.51920122887864
89.40860215053763
89.51612903225806
92.42959549411162
91.29672299027136
91.71146953405017
92.65966112740306
88.4920634920635
93.54838709677419
97.46543778801843
92.44239631336406
89.56989247311827
91.88172043010752
90.22401433691756
92.15786901270772
92.47148908439233
91.42089093701998
91.20839733742962
92.31822836661547
92.48196248196248
93.86549830098217
94.21274961597543
94.33691756272401
89.51612903225806
88.70967741935483
92.5
89.3010752688172
88.67383512544802
90.2726574500768
91.86345016990177
91.55657962109574
93.10035842293907
92.80081925243216
93.51126472094215
94.8309128147838
94.7004608294931
92.92603453893777
94.45840897453802
93.34415584415585
94.96927803379415
94.02155192477773
94.97567844342038
94.6505376344086
88.06451612903226
86.96236559139784
90.05376344086021
90.48387096774194
88.9784946236559
92.6250989154215
94.3305171530978
93.12805474095796
93.6021505376344
94.16282642089094
91.87403993855607
91.82795698924731
97.8494623655914
90.48387096774192
97.8494623655914
95.4377880184332
93.75192012288788
93.61111111111111
93.30005120327704
91.09237536656892
88.6021505376344
88.6021505376344
90.48387096774194
90.75268817204302
91.82795698924731
91.73067076292882
93.08755760368663
89.67741935483872
91.45161290322581
89.83870967741935
92.66385048643114
91.91500256016386
92.04557091653865
92.20988688730625
92.19406041986687
87.9800307219662
89.51612903225806
89.51612903225805
90.61827956989247
90.36866359447004
93.54838709677419
94.3010752688172
95.59139784946235
91.72043010752688
93.9784946236559
89.54301075268818
88.54454685099846
89.31643625192011
89.38172043010752
89.37275985663081
94.13082437275985
93.21032909742588
94.01561699948797
93.0747567844342
94.74770748964298
93.02611367127496
94.17562724014337
94.2188009123493
94.06286365963786
92.70865335381464
90.26881720430107
86.82795698924731
88.6021505376344
87.63440860215053
89.3010752688172
94.37019969278033
92.18044500302565
93.68919610855095
93.34706512125867
92.92335800400316
93.97802913931946
93.5189452124936
95.49539170506912
93.94137224782386
94.13675929804963
94.56989247311827
90.16897081413211
92.63440860215053
91.66666666666666
97.11981566820276
93.46774193548387
94.59886887306241
92.58541637573897
90.59593632174277
95.33666154633896
87.63440860215053
89.40860215053765
87.79569892473118
86.73835125448028
87.2043010752688
95.43650793650794
94.02969790066564
94.2162407484988
93.95801331285202
96.20164781455104
94.1500256016385
95.31222361867522
93.80056323604711
93.3704557091654
95.7885304659498
91.36712749615975
96.50537634408602
95.3225806451613
96.7741935483871
95.4531490015361
91.86123911930363
92.25806451612901
91.26344086021506
92.40143369175627
93.06451612903227
94.16282642089092
91.3978494623656
92.90322580645162
92.62672811059909
91.2826420890937
89.05017921146954
86.7741935483871
90.67204301075267
90.48387096774194
87.44623655913978
92.41935483870968
93.54838709677419
96.12135176651307
93.01075268817205
91.87403993855607
91.96236559139784
92.06989247311827
95.3225806451613
91.88172043010752
90.51075268817203
91.36712749615975
91.98924731182795
92.09677419354838
92.47311827956989
92.52688172043011
93.78648233486943
95.3225806451613
94.11290322580645
92.44239631336406
92.90322580645162
94.5942140296979
92.37699576409254
93.95289298515102
92.71877763813245
90.82262719359493
91.36712749615975
93.16436251920123
93.54838709677419
93.06451612903226
96.39016897081413
91.65386584741422
94.56733230926778
90.37634408602152
92.4347158218126
92.49581064097194
87.04301075268816
88.44086021505376
90.05376344086021
87.36559139784946
87.79569892473118
93.18100358422939
92.93010752688171
92.60752688172043
94.15770609318996
93.07859703020995
94.51857282502444
95.18817204301075
95.76292882744498
94.19703951962018
95.1036866359447
88.70967741935483
88.65591397849461
88.9784946236559
89.51612903225806
89.51612903225806
93.54838709677419
92.79569892473118
92.08909370199692
93.01075268817205
91.93548387096774
93.92426569845925
95.07424475166411
94.82381417865288
94.13326816552623
92.42161959903895
92.00332821300564
90.76036866359449
91.21479774705581
90.87429595494113
91.0663082437276
94.54673462737979
94.13850486431132
95.29011311269376
93.84280593958013
95.54019457245262
87.9032258064516
90.59139784946235
89.05913978494623
90.69892473118279
89.83870967741936
94.13978494623655
93.96569380440349
94.78494623655914
90.752688172043
93.6021505376344
93.6072708653354
93.18612391193037
96.06246799795188
95.02688172043011
93.20532514080902
94.77039985104501
93.79381371316855
94.12523856072241
93.58667318344736
93.39780291393195
91.64874551971327
92.39119303635434
92.08653353814643
94.03225806451613
91.59498207885306
91.29032258064515
89.51612903225806
90.98310291858678
87.5268817204301
87.25806451612904
95.22645812968393
94.55197132616487
94.39033189033191
95.16129032258064
93.06195596518177
97.8494623655914
93.54838709677419
91.55913978494624
91.47465437788019
92.65232974910394
92.44623655913979
91.25192012288785
93.51254480286738
93.19636456733231
92.51536098310292
90.21505376344085
92.63440860215053
93.54838709677419
93.16436251920123
92.25806451612904
93.16785365172463
95.61653400363079
93.78473676860773
95.14162360936555
93.90634455150584
92.90322580645162
92.25806451612904
92.90322580645162
93.54838709677419
92.90322580645162
94.13978494623655
94.51612903225806
93.89784946236558
89.96543778801843
95.86021505376344
94.88688730624213
94.28059395801331
93.44260578131546
94.2779174230787
94.52252944188427
95.09216589861751
93.87608806963647
93.95899799125606
94.41034771679932
93.79928315412188
93.71991807475679
93.29109062980031
95.59139784946237
95.4121863799283
94.38172043010753
94.05017921146953
93.26164874551971
92.47055811571943
91.20967741935483
92.45263696876602
93.79672299027138
93.84268956849603
94.05913978494624
96.23655913978494
95.45047246660151
92.4910394265233
93.45622119815668
92.9621095750128
93.47670250896057
90.69636456733231
95.04142810594423
94.86000558581203
93.6699948796723
96.25797141926174
93.31797235023042
91.3978494623656
91.82795698924731
91.55145929339477
91.93548387096774
94.30107526881721
93.34066471163246
94.67357910906297
95.05422892519667
94.50972862263185
94.18284224735837
94.28443420378906
96.99169110459432
93.75960061443934
95.09088581669228
96.34408602150538
89.13978494623655
88.49462365591397
89.73118279569891
88.87096774193549
88.41013824884793
93.01075268817205
93.06451612903226
91.82795698924731
91.82795698924731
91.02150537634408
93.2258064516129
91.49373923567472
91.93676395289297
92.08269329237072
91.3325652841782
95.24449564772146
93.20532514080902
94.70686123911929
94.18551878229296
94.6155099380906
93.05171530977984
91.57543173672205
93.2078853046595
92.50640040962621
91.8804403481823
94.58781362007167
93.16436251920123
95.17397477074897
94.95647721454174
93.62519201228878
91.46953405017922
91.93548387096774
91.44393241167434
92.74193548387096
90.86021505376344
93.86328725038403
94.04249871991807
92.51780477586928
95.07680491551459
95.2163338453661
94.15945165945168
95.57685146394823
94.61853558627752
94.10871386677837
94.08939626681563
93.19124423963135
95.4237071172555
93.36917562724014
96.23655913978494
94.39440487827585
92.93010752688173
93.39605734767025
93.56374807987712
93.11571940604199
92.4535679374389
88.97849462365592
89.99999999999999
89.51612903225806
89.51612903225806
87.68817204301074
96.12903225806451
92.44239631336404
95.86021505376344
96.39784946236558
94.03225806451613
96.05269282688637
93.97593445980544
93.95033282130056
94.58397337429595
94.77854582693293
93.9784946236559
92.4731182795699
93.80568356374808
92.94930875576037
92.40783410138249
92.30275101242844
92.11725550435229
91.7831541218638
93.69815668202766
92.71249359959039
94.02771959223571
94.17737280640505
95.12637899734675
94.8293999906903
95.4040404040404
89.94623655913978
89.94623655913978
89.51612903225806
89.19354838709677
91.66666666666666
91.35944700460828
94.08602150537634
92.71121351766514
93.08755760368663
91.07526881720429
95.24449564772146
95.18177163338453
92.61474188893544
94.55965181771634
94.74654377880185
92.70842061164643
93.10803891449054
92.4078341013825
91.68458781362008
91.95596518177165
93.02611367127494
91.82795698924731
91.58858166922683
94.05657962109576
92.67281105990784
90.91397849462365
88.9784946236559
90.59139784946235
92.28110599078342
88.9247311827957
95.59139784946235
96.7741935483871
95.16129032258064
95.7706093189964
92.33486943164363
94.38556067588327
94.1769073220686
94.93971977842946
96.2557603686636
95.87813620071685
91.93548387096774
93.54838709677419
93.16436251920123
93.06451612903226
92.5268817204301
94.73199739328773
95.31711120420796
93.08197179164921
95.01966671321509
94.56221198156682
94.39964157706093
94.50716845878136
95.94330400782013
95.87813620071685
92.9416282642089
89.6774193548387
93.44086021505376
93.27956989247312
89.74654377880184
91.1290322580645
93.00644695805987
93.1515616999488
95.50179211469535
93.09989293860261
95.78213005632361
89.94623655913978
89.96415770609319
90.0806451612903
88.19892473118279
90.82181259600614
92.6625704045059
92.8968253968254
91.30824372759857
90.83077316948285
93.87096774193547
93.89528929851511
94.94321091095286
96.18535586277522
95.13696876600103
95.29441884280594
92.84946236559139
93.96569380440349
95.3225806451613
94.40092165898618
93.17204301075269
93.99001536098312
94.88479262672811
94.49564772145419
95.14848950332821
93.22196620583718
91.03686635944703
92.18894009216591
91.62442396313367
92.95698924731182
92.05709165386584
92.08909370199692
92.74193548387096
93.54838709677419
93.97849462365592
93.06451612903226
94.69534050179212
94.86559139784946
95.3225806451613
93.76344086021506
92.36559139784946
89.83870967741935
89.19354838709677
91.84587813620071
91.1290322580645
89.78494623655914
95.3225806451613
96.39784946236558
94.51612903225806
95.13056835637481
91.17511520737328
93.55606758832566
95.78213005632361
95.7821300563236
95.3520225294419
94.86640599543824
94.2831541218638
95.80645161290323
96.23655913978494
93.3704557091654
94.39964157706093
95.89861751152073
94.67485919098823
96.03640087511056
95.54019457245263
94.3583298422008
89.67741935483869
89.74654377880184
89.51612903225806
91.29032258064515
90.48387096774192
93.70967741935483
94.86175115207374
92.74193548387096
93.01075268817203
94.83870967741936
92.25806451612904
91.82795698924731
91.47465437788019
93.54838709677419
92.90322580645162
95.48387096774194
92.79569892473118
94.86175115207374
95.3225806451613
94.78494623655914
94.55453149001538
95.05888376856119
95.82181259600614
95.43127123772285
95.37890424987198
95.4237071172555
95.4173067076293
94.38172043010753
94.37532002048133
95.39170506912443
90.05376344086021
90.44802867383513
90.05376344086021
91.29032258064515
89.78494623655914
90.91397849462366
91.98924731182795
92.95698924731182
93.06451612903226
93.54838709677419
93.70967741935483
94.65565796210957
93.93881208397337
94.13070800167576
94.82078853046595
91.76511660382629
91.47465437788019
94.05657962109576
92.78161802355352
92.70481310803892
94.32923707117256
93.88981985756179
95.378904249872
95.24449564772146
93.40071219103478
