76.81985862741031
3.264976302378972
76.81985862741031
79.93869928003866
79.37916251990272
79.28594985312795
79.96352938620889
75.7996614642813
77.35637657198534
76.24101053139073
78.45071128681724
78.43333719426354
98.38709677419355
97.63440860215053
99.35483870967742
97.98387096774194
95.40322580645162
96.26344086021506
99.46236559139786
97.90322580645162
98.70967741935483
94.24731182795698
96.7741935483871
97.74193548387096
96.50537634408602
98.54838709677419
97.75985663082437
77.64603957575926
77.56297985322907
77.5792209120873
78.3399215487394
77.37687866562898
82.36906270433617
79.09947320874836
81.79882329891103
80.01329616959985
79.29460632361963
93.17204301075269
99.35483870967742
95.99462365591397
89.24731182795698
98.54838709677419
98.27188940092167
96.93548387096774
97.74193548387096
95.32258064516131
98.01075268817205
79.76832262988918
78.54525712211104
80.68337640722153
79.58761225389631
79.36883069559374
98.43189964157706
96.57706093189964
95.10752688172042
96.12903225806451
98.65591397849462
95.99462365591397
98.01075268817205
97.81874039938556
96.72043010752688
97.09677419354838
80.59320024022692
79.86542832764442
78.43917354656341
80.38360788043244
79.60553616013051
94.0552995391705
93.87096774193549
96.66666666666666
92.68817204301074
98.81720430107528
78.5571737694507
78.7934691286541
78.37881839101166
78.38825847526972
78.56279666522113
97.2043010752688
96.23655913978493
94.51612903225806
95.34562211981567
97.74193548387096
95.59139784946235
96.50537634408602
96.05734767025089
95.82949308755761
98.54838709677419
79.06377246059304
78.99000361662414
78.84960652181324
79.24575677514251
79.93583545122839
97.8494623655914
98.38709677419355
96.93548387096774
97.58064516129032
94.93855606758832
98.06451612903226
95.86021505376344
94.35483870967742
92.63440860215053
97.33870967741936
79.9485107839205
80.24483895333844
78.83715457450245
79.91947115767542
80.35098545591309
78.40691727966716
77.97076966543354
78.43037418439184
78.33767597281634
77.00587983631287
79.15698845788738
80.07970866038728
79.27019264160037
79.99821154730752
80.02749052425025
96.18279569892472
97.31182795698925
98.9247311827957
96.12903225806451
96.63594470046083
80.21864218178916
80.01801316308914
79.74860865721837
81.24179456765759
78.82528484297828
97.47311827956989
97.54480286738351
97.90322580645162
95.64516129032258
97.31182795698925
78.86246241718986
77.53820059406617
77.54963402389042
78.83941228119154
78.79346938813333
95.05376344086021
96.02150537634408
95.31490015360983
95.47619047619047
95.85253456221199
79.08021320856115
79.55259852557931
77.4486481876797
77.2108032678325
78.48346738225091
80.95517971740803
80.57947281662923
79.29334793085361
79.78604074736606
80.4194845893188
92.63440860215053
91.55913978494624
97.54480286738351
96.4247311827957
88.27956989247312
78.52694221953335
78.70105610605154
78.32263373657547
77.16591539772456
77.8298931557896
81.63860654650992
80.29269649879542
80.75573965576048
79.23962894166806
80.50150544638579
77.6918543755129
81.56114079061965
79.2750080593978
80.43995267645161
78.31536378883389
90.24193548387096
92.58064516129032
95.59139784946235
95.21505376344085
91.57706093189964
79.87330081549585
79.83432632706759
81.3623230851046
80.37031014028352
81.02248249843404
91.62826420890939
92.31182795698925
92.36559139784947
92.01228878648234
91.29032258064517
78.34321556435401
76.45701867178184
79.0450470420704
80.43839823038842
80.10533331329805
91.82795698924731
90.01792114695341
93.27956989247312
90.63748079877112
92.54480286738351
90.86021505376345
92.25806451612904
96.65898617511522
96.29032258064517
89.83870967741936
77.62970208642581
78.23733793301092
78.92022258262863
77.37593632147372
77.49432264403077
92.63440860215053
90.64516129032258
92.17357910906297
90.56067588325654
89.6236559139785
89.51612903225806
88.81336405529954
91.93548387096774
91.55913978494623
93.5752688172043
94.35483870967742
92.90322580645162
91.02150537634408
90.33026113671274
88.40501792114695
80.10118710091223
80.64165298242203
80.43675973022539
80.32323816624879
80.6566001365434
80.3461495337998
78.44488395379982
80.922028720117
80.86138568977557
79.70606932786221
88.49078341013825
93.27956989247312
92.09677419354838
92.36559139784946
89.94623655913978
77.7193100801705
79.72595224570989
78.67636530448604
79.4113668675874
78.82757460720093
79.76642351482909
79.99312306453703
78.92320344460937
78.6802828218713
79.87074042234435
93.76344086021506
92.25806451612904
90.91397849462366
89.60829493087559
93.01075268817205
82.14709312597579
80.78097665661588
80.49558718165254
79.76468193876532
79.68117020170327
91.63082437275986
88.76344086021506
90.0268817204301
91.23655913978493
91.25960061443932
79.58592721371957
80.20085784318047
80.78310989507193
79.9767526743338
79.6084926367109
80.48517087111871
79.41388005702767
80.2734473528653
81.12615741228188
81.24562227326707
88.70967741935483
88.70967741935483
93.44086021505376
88.5752688172043
88.78648233486945
78.72576938564326
78.78369630435105
78.37447602268168
78.83677743547095
79.26280227096458
90.10752688172043
91.71274961597544
89.56221198156682
91.02150537634408
92.08909370199693
91.55145929339477
87.41935483870968
91.7741935483871
90.93189964157708
90.64516129032258
92.74193548387096
94.21146953405018
94.66461853558629
94.13978494623656
93.06451612903226
92.63440860215053
85.184331797235
88.06451612903226
91.98924731182795
87.1505376344086
91.71274961597544
94.51612903225806
90.53763440860216
88.2258064516129
94.64285714285714
89.24731182795698
92.95698924731182
88.9784946236559
96.58218125960062
90.05376344086021
79.16979095268984
79.40917933540933
77.79580558713384
78.09048113981325
78.95573097790826
91.00870455709168
89.83870967741936
91.82795698924733
92.4731182795699
90.75268817204302
78.87821964226141
78.14923737743455
79.05728195581344
77.3296565565132
78.74446901987747
89.62365591397848
95.93701996927803
92.23118279569891
89.6774193548387
90.08064516129032
78.52448565369488
78.10811159139212
79.699831407377
78.5837559043622
78.39056693781792
79.52298661974297
81.27179522987252
79.53223982178751
79.92339270319708
79.73183807216527
91.34408602150538
89.0552995391705
90.48387096774194
93.2258064516129
91.23655913978493
89.43548387096774
90.3225806451613
91.90476190476191
90.0
90.82437275985663
80.80701840938762
77.88747401585907
78.23129653073468
80.69961646690328
77.79639280601607
77.80406770187611
78.84884004473818
79.50351251710022
78.03826719237215
78.8338076199075
78.68169306782312
79.52759051811515
80.292365164362
80.20453162150665
79.48900578501953
92.65232974910394
90.0
90.21505376344086
88.54838709677419
92.90322580645162
85.82949308755761
88.17204301075267
86.98924731182795
86.42089093701998
90.3225806451613
81.98663487010644
81.62897332661599
80.6900439228751
81.46334588206773
81.66645249672571
78.2308404987288
81.23436411521354
79.19715959856492
80.98115276376197
79.57374356710594
77.90710243928386
77.53748926889347
79.04113366131382
78.76291545037243
78.54681704939976
91.09831029185868
89.73118279569891
88.62903225806451
89.78494623655914
90.02304147465438
81.93441059833351
81.66068704284176
81.17902204630572
80.91960349311628
80.71940117545957
89.40860215053765
91.0752688172043
91.82795698924733
91.0752688172043
91.23655913978494
79.07248708739122
78.3707642191536
79.15940278348008
78.98646466913569
78.91870475068816
91.82795698924733
92.4731182795699
89.89247311827958
93.51766513056835
91.01382488479263
80.2607129197575
80.3461838206447
79.54693560955037
80.49642164615577
80.06232342807405
90.59139784946237
94.03225806451613
92.63440860215054
89.21658986175116
93.76344086021506
89.19354838709677
91.90476190476191
86.9815668202765
95.04608294930875
90.05376344086021
80.83716779293566
80.03555334496883
80.86548788967355
80.6928412808649
80.17556147968696
80.08413978646291
78.58765801079296
79.89407764914436
79.84642286742668
79.28465781456626
82.69021459642619
81.83840759655483
80.7073647251731
82.30240347072676
81.77909784383488
79.1862389351861
77.93072219840968
80.4534584900902
78.83596191341742
79.32099461102679
82.13351294542149
80.67420439178763
80.21576878058625
81.98145632901605
81.5936572180476
78.7996321196874
79.77966379763886
78.6105801708811
78.78818851676675
77.76831423621206
80.60801945650378
80.58135766580105
79.54162859515257
79.48543445272703
80.35354319400113
90.3225806451613
90.61827956989247
95.59139784946237
89.35483870967744
90.91397849462366
78.82258064124797
79.72041813260894
80.47149129979871
79.6865294593468
78.84014387179302
81.05174123945253
80.7697280640309
80.53978305409652
80.39866213341197
81.07152702206734
89.38172043010752
93.70967741935483
89.59677419354838
89.6774193548387
92.14285714285715
88.17204301075269
88.83256528417819
90.21505376344085
89.48540706605223
90.10752688172043
78.25282124357757
78.6997553195553
78.73056850720725
79.46507653049787
79.23846720079067
79.62799477816934
80.01320213969638
79.74016077694189
79.03778932630334
79.65104310953744
78.9769089290184
80.19975609991849
78.00834086514537
79.53580675186458
78.16300028778359
81.38269403214973
81.3950442187506
81.79991109825777
80.69383495957211
82.87186679886172
91.72043010752688
88.72503840245777
90.93189964157706
91.0752688172043
91.82795698924733
80.33242720204596
81.26201595010015
80.64754483766475
79.76666622352876
81.82633448024733
78.78414980547667
79.62353182445965
79.70946757143231
81.10660791795992
80.3510121746594
80.95732878725313
80.58826449017835
82.17787346898676
81.12673171319719
81.4563172900456
78.3591416402378
78.81332231077683
79.52617150311377
78.24585442130262
78.73393522582748
90.752688172043
91.98924731182795
88.36021505376345
91.23655913978494
91.45161290322581
87.47311827956989
92.2043010752688
90.45698924731182
86.90860215053763
92.6036866359447
81.18023939999166
80.61739281138055
81.42625060693453
79.92924476304073
79.62124774215748
78.07715458533728
79.38672819731484
80.45180486379219
78.9461246495697
79.90651860961451
79.75136530817795
78.1281180786378
79.00167908746464
78.331005748029
78.76904424724835
80.66723782740839
79.36870969723121
80.3646642267621
79.19458399323393
80.69153800274553
90.0
92.25806451612904
89.6774193548387
90.24193548387096
92.09677419354838
90.6989247311828
89.6505376344086
90.0
89.30107526881721
90.10752688172043
78.43622204272752
79.02982075014201
78.52897972583479
79.40317603844137
80.36487222437542
77.83461791649407
79.80446266514228
79.73461071171955
78.18782567065354
79.66687119335317
79.5661667138747
79.51596100840017
77.9275617920698
79.43372573757752
78.85236309946676
87.68817204301074
91.74347158218126
91.41321044546851
88.40501792114695
89.94623655913979
91.68970814132105
89.51612903225806
88.13620071684588
89.08602150537634
86.95852534562212
80.14827893025095
81.66691276319052
82.09005509399111
81.26215021367797
81.90374288854485
91.82795698924733
92.41935483870967
91.3978494623656
90.74500768049155
90.3993855606759
79.49270449497611
80.32570490273248
80.91275158783063
80.53268504194266
80.0339384515997
81.99590510822654
81.48435720767297
82.24263608688443
81.37644656835147
81.86374900351849
91.9815668202765
91.02150537634408
90.21505376344085
91.45161290322581
94.35483870967742
80.45578969558146
80.52870189704257
80.02534944507575
80.48138707915462
79.2475666236031
92.8763440860215
90.39938556067588
89.83870967741936
90.63748079877112
90.0
79.00385160687497
79.2659237656285
79.07901689270832
79.24462196299845
79.12381217607764
79.70181516808576
79.7154905386388
80.3288868944173
79.92503775223955
80.69176547989112
88.2258064516129
90.0
91.88172043010753
92.31182795698925
93.72759856630825
81.49212965248033
81.24070431971487
81.70079629988587
82.26103829859211
82.03248531822106
78.50086289751953
78.7821236199044
78.16873226168579
79.5283233929041
78.15132261306827
89.73118279569893
88.94777265745009
89.51612903225806
91.23655913978494
90.59139784946237
87.38863287250383
94.03225806451613
88.2258064516129
92.1505376344086
87.79569892473118
90.18433179723503
92.06093189964157
91.79723502304148
89.35483870967742
90.48387096774194
91.85483870967742
91.29032258064517
87.71121351766514
91.15591397849461
88.06451612903226
78.71033909724157
80.35976143427841
80.426055962219
80.29430806684789
80.80344077581725
80.96536233957738
81.33191340307698
81.41464860718123
82.44814764200447
81.40799460640702
79.5485391232381
80.14167956692226
79.12627889890416
80.65592427990505
80.57049713831464
90.21505376344085
89.81182795698926
89.08602150537635
91.04838709677419
90.3763440860215
87.79569892473118
88.44086021505376
89.6057347670251
90.3225806451613
92.63440860215053
89.51612903225806
88.70967741935485
89.13978494623656
90.43010752688173
92.6036866359447
88.1605222734255
86.72043010752687
88.87096774193549
87.74193548387096
89.03225806451613
80.43745482807853
79.52708552299183
79.67681511116763
79.39751683569376
79.2349397121387
78.8829654514191
80.49217824222018
78.45443240833063
79.80696031225756
78.58694388262063
90.21505376344085
91.12903225806451
90.26881720430109
91.45161290322581
90.16129032258064
90.3763440860215
89.89247311827958
89.56989247311829
88.60215053763442
90.21505376344086
82.04787137989028
81.33982083872691
80.9207865735217
80.31360081531292
80.62068834638129
79.55181330157656
79.23578277553328
77.92421841899096
78.83325171622961
78.1454954489938
80.38385647467828
80.16556241933573
80.94717988160328
79.1231442970046
78.62694700340519
