96.7948717948718
97.5
96.7948717948718
97.5
99.23076923076924
98.46153846153847
95.73809523809523
96.16666666666667
97.58333333333333
96.68150154798761
98.15686274509804
98.16450216450217
95.06907356680128
95.7576722178233
95.99595607473758
95.68703046435965
95.39220227667434
94.8352140560585
96.01889063317634
95.68631925968474
93.34734985136545
94.90462072095428
94.14600840336135
95.73015873015873
95.34733893557423
96.84001292824823
96.94257703081232
96.9047619047619
95.71428571428571
96.57142857142858
95.12820512820512
98.33333333333334
97.5
98.32167832167832
100.0
97.73809523809523
100.0
96.23214285714286
97.41666666666667
95.56757703081232
96.15686274509804
96.25
87.51252094924507
88.06524400393765
88.42614353391792
88.52904824643954
88.13135372726165
97.16666666666666
100.0
100.0
100.0
90.15151515151514
95.70238095238095
87.84157019451138
97.44257703081232
87.07126207126207
95.37092731829574
88.52649024315726
81.18447710738799
88.13920719803072
88.80770683897599
88.31868897408567
89.0909090909091
100.0
90.9090909090909
89.39393939393939
90.9090909090909
81.26976732722075
80.93508657853342
81.41127335660342
81.59130456770858
81.77912538322873
85.9159779614325
90.9090909090909
89.77272727272727
90.9090909090909
86.95887445887446
75.48688371669738
81.29600658230196
81.25390736004546
81.48484031293677
74.86991130385779
88.96103896103897
86.7965367965368
90.3409090909091
86.91308691308691
88.56060606060606
89.0909090909091
100.0
90.9090909090909
90.15151515151514
88.96103896103897
75.19728346684461
81.05503565062388
80.67323835923942
81.44671243552318
81.5322125463635
75.51070666649925
81.40170826364165
75.35442746963419
65.24957016978293
75.20249432908113
90.9090909090909
88.85281385281384
90.9090909090909
90.9090909090909
90.15151515151514
89.39393939393939
89.01515151515152
90.20979020979021
89.39393939393939
90.9090909090909
82.63888888888889
89.17355371900827
89.17355371900827
89.32506887052341
99.16666666666666
75.4594396286943
75.6525731951264
75.49415401730796
81.8031898749838
75.47648737618341
83.33333333333333
82.77777777777777
88.65546218487394
83.33333333333333
89.73484848484848
89.01515151515152
81.59722222222221
89.6037296037296
89.77272727272727
86.69372294372295
90.9090909090909
88.63636363636364
89.39393939393939
90.15151515151514
90.20979020979021
69.45219006504853
81.58478971298665
69.31111865997366
81.78101932262267
70.11916771262693
90.9090909090909
90.9090909090909
90.9090909090909
90.9090909090909
87.66233766233766
90.9090909090909
89.87012987012987
88.65546218487394
89.77272727272727
89.83957219251337
74.77564102564102
81.06325863678805
75.3294217095122
76.33136094674556
89.77272727272727
89.39393939393939
90.9090909090909
90.9090909090909
81.66666666666667
90.20979020979021
89.19022154316272
81.10119047619048
90.25974025974027
89.00432900432901
89.20454545454545
99.16666666666666
90.15151515151514
90.9090909090909
90.9090909090909
90.9090909090909
90.25974025974027
81.26750700280112
80.60846560846561
81.61591880341881
81.99786324786324
83.33333333333333
89.75468975468976
82.29166666666667
82.8125
82.77777777777777
69.85132228013956
74.8748442520821
70.07220372260538
75.34844037949628
61.41385735514906
90.9090909090909
90.9090909090909
90.9090909090909
85.12987012987013
90.15151515151514
89.69155844155844
89.00432900432901
81.18055555555556
88.91108891108892
88.57208967503085
69.92554435103851
75.302897121459
75.33040417950903
75.3159625054035
70.53336511909728
89.39393939393939
89.61038961038962
90.20979020979021
81.66666666666667
90.9090909090909
75.78191039729501
74.21220559229609
75.89285714285714
74.11770921386307
75.78191039729502
75.8082886106142
75.6355020309964
75.31118639814291
64.9566565554432
69.73990683229815
75.73260073260073
76.33136094674556
76.33136094674556
76.41025641025641
76.37362637362638
82.21726190476191
81.75925925925925
76.92307692307692
75.36982248520711
82.21726190476191
76.92307692307692
82.3529411764706
82.8125
90.3409090909091
89.65367965367965
76.37362637362638
74.46322907861371
75.23245984784447
0.0
0.0
76.92307692307692
82.63888888888889
82.63888888888889
83.33333333333333
82.14285714285715
76.92307692307692
82.63888888888889
75.82417582417582
83.33333333333333
76.92307692307692
75.63274027559743
75.43088601632279
75.72969329288843
75.82351336606656
75.7413513944193
76.37362637362638
76.92307692307692
82.8125
81.81216931216932
76.33136094674556
76.47058823529412
76.92307692307692
76.37362637362638
75.80128205128204
76.37362637362638
90.9090909090909
83.33333333333333
76.92307692307692
83.33333333333333
83.33333333333333
76.37362637362638
83.33333333333333
83.33333333333333
82.8125
82.63888888888889
70.18565958688681
70.04001622315833
64.91408479351956
65.62890701651108
65.63517794824786
74.54212454212454
76.92307692307692
83.33333333333333
82.63888888888889
83.33333333333333
75.61501433940283
74.9245998103976
69.88277947648281
75.638331475288
65.36792701576755
66.66666666666667
61.628605769230774
70.91836734693878
64.99643874643876
70.0
65.23326369417413
65.08881377208871
70.34434055768467
65.78363256658547
69.43064448322544
70.1765487997148
65.34025764895331
61.30277979052763
65.16104130738277
65.49197539021776
66.07392768262334
65.94259931961022
61.541566970547166
65.83876103632943
65.16648445603117
65.16327352196917
65.03201887428379
65.492920745534
65.19910703299408
64.87890812890812
88.63636363636364
83.33333333333333
90.9090909090909
83.33333333333333
75.64102564102565
61.55723113094817
65.83579808735088
65.80890464933017
65.6541595417636
65.82666730994998
71.42857142857143
76.92307692307692
76.92307692307692
75.82417582417582
76.92307692307692
66.29629629629629
66.22222222222221
62.05357142857143
66.66666666666667
66.11111111111111
76.92307692307692
76.92307692307692
75.96153846153847
71.42857142857143
75.38461538461539
66.66666666666667
71.42857142857143
65.71428571428572
66.66666666666667
62.5
69.28571428571429
61.53846153846155
66.19047619047619
0.0
65.69444444444444
57.680702134134776
61.01636377068557
61.56729858287609
61.790094140493075
61.39495507648335
0.0
75.38461538461539
75.18315018315018
83.33333333333333
70.83333333333333
75.64102564102565
90.9090909090909
76.92307692307692
76.92307692307692
64.38095238095238
83.33333333333333
70.83333333333333
71.42857142857143
76.92307692307692
70.83333333333333
66.66666666666667
70.95238095238095
66.19047619047619
58.477508650519034
65.74603174603175
57.357009107452974
65.3786214249293
65.18776916451336
65.7798692117356
64.99811082424291
66.66666666666667
71.42857142857143
66.19047619047619
66.66666666666667
71.42857142857143
70.83333333333333
75.82417582417582
70.11904761904762
71.42857142857143
76.92307692307692
71.42857142857143
75.64102564102565
82.6923076923077
83.33333333333333
62.5
70.40293040293041
62.5
66.19047619047619
66.22222222222221
65.29273504273505
66.66666666666667
70.98214285714286
65.74603174603175
62.5
66.25
57.266589447807505
61.686296859169204
61.53367918313571
65.38012077695458
65.20914821978653
70.87912087912089
71.42857142857143
75.38461538461539
71.42857142857143
74.42307692307692
61.65719696969697
65.97222222222223
61.680956538471655
61.739583333333336
65.7074074074074
75.64102564102565
75.64102564102565
71.42857142857143
76.92307692307692
71.42857142857143
61.82827704931552
58.32006947089659
61.813300152689685
57.91598699587831
58.18575706713495
65.33214633475957
65.47283156486522
57.915340049063104
61.2491783060742
65.30983524743455
82.63888888888889
74.28571428571429
70.40816326530613
71.42857142857143
76.22377622377623
71.42857142857143
75.82417582417582
71.42857142857143
76.28205128205128
76.92307692307692
69.44629774986917
76.4423076923077
76.92307692307692
70.98214285714286
70.91836734693878
71.42857142857143
69.21768707482993
70.23809523809524
71.42857142857143
76.92307692307692
70.40816326530613
76.28205128205128
70.95238095238095
70.91836734693878
76.37362637362638
76.92307692307692
76.92307692307692
75.82417582417582
76.92307692307692
75.96153846153847
65.55555555555556
76.92307692307692
76.92307692307692
76.92307692307692
76.28205128205128
61.55640943702238
57.67109680751734
57.801475662728855
58.06370968761457
55.06867049420241
76.92307692307692
71.42857142857143
66.66666666666667
76.92307692307692
76.28205128205128
75.86080586080585
70.91836734693878
65.35714285714286
76.92307692307692
76.37362637362638
76.92307692307692
62.08333333333333
70.98214285714286
76.37362637362638
65.82010582010582
58.0770944741533
54.85310066055408
54.950253048079134
58.32267689684569
57.90678328068816
71.42857142857143
70.40816326530613
76.92307692307692
65.83333333333333
66.66666666666667
70.83333333333333
70.83333333333333
71.42857142857143
76.92307692307692
70.83333333333333
75.82417582417582
71.42857142857143
71.42857142857143
70.53571428571429
65.83333333333333
69.96173469387756
62.08333333333333
66.15384615384616
66.15384615384616
66.66666666666667
54.709802309247266
55.08766745468873
54.93859994746519
58.04179906481697
55.06917702290204
61.24999999999999
58.431372549019606
62.109375
58.8235294117647
62.5
71.42857142857143
76.92307692307692
76.28205128205128
76.28205128205128
76.28205128205128
66.66666666666667
58.403361344537814
58.403361344537814
58.403361344537814
58.8235294117647
62.5
71.42857142857143
66.66666666666667
66.66666666666667
61.71875
58.371040723981906
58.8235294117647
58.8235294117647
55.55555555555556
52.63157894736842
54.69513731418493
54.707070707070706
57.788312493854974
54.355413105413106
54.337029337029335
71.42857142857143
66.11111111111111
71.42857142857143
70.23809523809524
66.66666666666667
65.55555555555556
65.55555555555556
66.66666666666667
70.53571428571429
61.458333333333336
62.5
66.66666666666667
66.66666666666667
66.66666666666667
62.5
71.42857142857143
71.42857142857143
71.42857142857143
71.42857142857143
66.66666666666667
54.72222222222222
55.55555555555556
58.035714285714285
58.431372549019606
55.15873015873016
54.49559799830803
52.03536664902847
51.569408153954626
52.0533603512327
52.053963855901635
71.42857142857143
66.11111111111111
69.38775510204081
71.42857142857143
76.28205128205128
66.66666666666667
66.66666666666667
71.42857142857143
62.5
66.66666666666667
66.66666666666667
65.18518518518519
66.66666666666667
60.9375
66.66666666666667
55.18518518518518
52.63157894736842
55.55555555555556
55.55555555555556
52.63157894736842
51.470844030034556
54.60166048401342
51.819748707316464
49.428940568475454
51.798733436219464
62.5
58.431372549019606
55.55555555555556
58.8235294117647
58.403361344537814
55.187747035573125
55.05291005291005
54.474048878810784
49.671497584541065
51.93164069594276
62.5
71.42857142857143
70.77922077922078
76.92307692307692
71.42857142857143
58.371040723981906
66.66666666666667
58.8235294117647
62.5
62.08333333333333
58.403361344537814
52.226720647773284
52.30263157894737
55.09259259259259
49.6875
76.92307692307692
71.42857142857143
66.66666666666667
66.06060606060606
62.5
55.15873015873016
54.65367965367965
51.77717019822283
58.8235294117647
51.929824561403514
71.42857142857143
62.5
61.71875
58.8235294117647
57.98319327731093
66.66666666666667
71.42857142857143
71.42857142857143
71.42857142857143
66.66666666666667
51.818988464951204
51.64339965768079
49.28214683325086
54.31766549157854
51.697546574366285
62.05357142857143
58.8235294117647
62.5
58.371040723981906
62.5
62.5
58.8235294117647
66.66666666666667
66.66666666666667
58.8235294117647
49.552449965493444
52.183447749809304
52.272347535505425
55.06867049420241
52.514619883040936
51.81682429069188
51.91752246469834
51.933404940923744
51.81682429069188
51.80603661553686
58.8235294117647
51.41218430692115
58.431372549019606
52.63157894736842
52.63157894736842
51.515551628516974
51.80056340037085
51.593737250102
51.91752246469834
51.69405453267012
76.92307692307692
66.66666666666667
76.28205128205128
65.92592592592592
65.55555555555556
58.8235294117647
65.80555555555556
62.05357142857143
58.8235294117647
66.06060606060606
66.66666666666667
70.40816326530613
71.42857142857143
0.0
62.5
58.455882352941174
55.55555555555556
55.208333333333336
51.40350877192982
52.63157894736842
51.81682429069188
51.768931256713216
51.61439514089432
51.813035495716036
51.93877551020408
52.0921052631579
52.03842940685046
52.03807462708
52.176254589963285
52.38220970486417
49.436948624805396
51.69162013956432
51.54613967986437
51.76333691371286
51.92669172932331
66.66666666666667
66.66666666666667
66.11111111111111
61.458333333333336
66.66666666666667
71.42857142857143
70.83333333333333
66.66666666666667
65.5050505050505
62.5
0.0
52.63157894736842
55.15873015873016
57.95087265675501
58.455882352941174
52.24731519101164
52.30263157894737
49.62056737588652
52.15995981470112
52.201933404940924
51.8796992481203
52.63157894736842
51.802232854864435
52.10526315789474
0.0
54.62962962962963
55.55555555555556
57.84313725490196
66.66666666666667
58.8235294117647
58.8235294117647
57.84313725490196
58.8235294117647
58.8235294117647
58.8235294117647
