93.37=77.78 100.00 100.00 100.00 100.00 100.00 100.00 80.00 83.33 100.00 100.00 100.00 80.00 100.00 77.78 100.00 88.89 87.50 100.00 88.89 100.00 100.00 77.78 66.67 100.00 100.00 100.00 100.00 85.71 100.00 100.00
95.14=87.50 100.00 100.00 100.00 100.00 100.00 100.00 80.00 100.00 100.00 100.00 100.00 80.00 100.00 100.00 100.00 100.00 100.00 100.00 88.89 100.00 100.00 100.00 85.71 100.00 75.00 100.00 66.67 85.71 100.00 100.00
93.99=87.50 83.33 100.00 100.00 100.00 100.00 100.00 80.00 80.00 100.00 100.00 100.00 100.00 100.00 100.00 100.00 100.00 100.00 100.00 100.00 100.00 100.00 85.71 85.71 100.00 75.00 100.00 61.54 75.00 100.00 100.00
95.38=100.00 100.00 100.00 100.00 100.00 100.00 100.00 80.00 80.00 100.00 87.50 100.00 100.00 100.00 88.89 100.00 100.00 100.00 100.00 88.89 100.00 100.00 100.00 85.71 87.50 100.00 100.00 72.73 85.71 100.00 100.00
95.55=87.50 100.00 100.00 100.00 100.00 100.00 100.00 80.00 100.00 100.00 100.00 87.50 100.00 100.00 100.00 90.91 100.00 87.50 100.00 100.00 100.00 100.00 88.89 85.71 100.00 100.00 100.00 87.50 83.33 100.00 83.33
91.34=87.50 100.00 100.00 100.00 100.00 100.00 100.00 57.14 83.33 100.00 100.00 100.00 85.71 100.00 80.00 87.50 100.00 100.00 85.71 100.00 100.00 100.00 87.50 83.33 88.89 50.00 100.00 100.00 71.43 100.00 83.33
92.10=100.00 100.00 100.00 75.00 100.00 100.00 100.00 60.00 100.00 100.00 100.00 100.00 87.50 83.33 87.50 100.00 100.00 87.50 100.00 88.89 75.00 100.00 100.00 66.67 100.00 100.00 100.00 88.89 71.43 100.00 83.33
93.15=87.50 100.00 100.00 75.00 100.00 100.00 100.00 66.67 100.00 100.00 100.00 100.00 87.50 100.00 100.00 87.50 100.00 70.00 100.00 100.00 100.00 80.00 100.00 83.33 100.00 100.00 100.00 100.00 75.00 100.00 75.00
94.38=100.00 100.00 100.00 100.00 100.00 100.00 100.00 66.67 83.33 100.00 100.00 100.00 87.50 100.00 100.00 87.50 88.89 87.50 100.00 80.00 100.00 100.00 100.00 100.00 100.00 100.00 100.00 77.78 66.67 100.00 100.00
94.28=100.00 100.00 100.00 100.00 100.00 100.00 100.00 66.67 100.00 100.00 83.33 100.00 100.00 83.33 100.00 100.00 100.00 77.78 100.00 72.73 100.00 100.00 100.00 100.00 83.33 100.00 100.00 88.89 66.67 100.00 100.00
72.28=100.00 95.65 100.00 80.95 16.67 95.65 100.00 87.50 63.64 70.59 89.66 95.45 52.50 58.06 70.27 87.50 83.33 95.83 28.95 44.44 100.00 100.00 64.52 20.83 43.33 50.00 60.00 76.00 82.35 57.14 70.00
74.35=100.00 100.00 90.48 75.00 25.00 95.83 95.65 72.22 46.15 87.50 89.66 90.91 63.89 69.23 80.00 79.31 92.86 100.00 20.93 45.83 100.00 96.15 82.61 40.91 41.03 80.00 81.82 76.00 53.33 53.85 78.57
76.11=92.31 100.00 100.00 84.00 25.00 85.19 91.67 83.33 66.67 81.25 85.71 95.24 62.16 75.00 80.00 82.14 86.21 96.00 17.78 48.28 100.00 100.00 90.91 36.84 42.86 75.00 80.00 78.26 62.07 64.71 90.91
76.63=100.00 100.00 100.00 77.78 36.84 92.00 95.65 77.27 56.25 92.86 96.00 90.91 67.65 72.00 81.25 75.86 82.14 100.00 15.22 48.15 100.00 100.00 95.45 40.00 39.02 75.00 80.00 74.07 76.19 52.38 85.71
77.23=100.00 100.00 95.00 87.50 27.78 92.31 91.30 80.00 46.67 87.50 92.31 95.24 60.53 73.08 92.86 84.62 92.59 100.00 14.29 50.00 100.00 92.86 81.82 34.48 47.50 70.59 85.00 80.77 88.89 57.14 91.67
77.94=92.00 95.65 100.00 86.36 33.33 85.71 100.00 80.77 71.43 95.00 92.31 95.45 70.59 83.33 86.21 76.67 83.33 82.76 17.50 60.87 100.00 92.86 85.71 26.32 51.35 66.67 81.82 77.27 100.00 75.00 70.00
78.92=92.31 95.65 100.00 90.48 30.00 88.89 100.00 94.74 84.62 100.00 92.31 95.83 69.70 72.41 83.87 75.86 75.76 88.00 9.76 76.00 95.24 92.59 82.14 26.32 47.50 78.95 85.71 90.00 90.91 63.16 77.78
76.69=85.71 86.96 95.00 90.91 35.71 88.46 100.00 86.96 75.00 100.00 92.59 88.46 65.71 80.00 86.21 70.37 80.65 91.67 2.94 73.08 100.00 83.33 92.00 30.77 45.24 66.67 71.43 77.27 81.48 80.00 72.73
78.32=85.71 95.24 90.48 85.71 31.25 92.59 95.83 87.50 73.33 100.00 100.00 95.45 75.76 74.07 92.59 75.86 86.67 91.67 7.69 64.52 100.00 89.66 88.89 27.27 42.86 83.33 85.71 80.95 77.78 61.90 87.50
79.49=85.71 95.65 100.00 90.48 35.71 88.46 100.00 86.96 81.82 100.00 95.83 95.83 71.43 80.77 89.29 79.31 89.66 91.67 7.69 68.97 95.24 89.66 82.76 33.33 46.67 80.00 61.11 83.33 91.67 87.50 77.78
76.56=100.00 100.00 90.00 90.48 40.00 92.31 90.91 85.71 66.67 92.86 77.42 92.86 57.89 67.86 80.00 71.88 88.46 100.00 27.91 42.42 100.00 100.00 78.57 33.33 59.38 88.24 70.00 90.48 75.00 52.17 70.59
78.63=100.00 100.00 90.00 86.36 38.89 92.00 87.50 86.36 100.00 92.31 85.19 92.00 65.71 77.78 82.76 75.76 88.89 100.00 22.73 46.43 94.74 88.89 81.48 46.67 50.00 84.21 76.19 90.91 70.83 72.22 70.59
79.68=100.00 100.00 95.00 91.30 58.33 92.31 95.65 84.62 100.00 100.00 92.00 96.30 64.52 79.17 92.59 68.57 92.59 100.00 18.18 44.83 100.00 92.00 88.89 21.74 46.67 88.24 78.95 86.96 69.23 59.09 72.22
78.43=96.00 100.00 89.47 90.91 33.33 92.59 83.33 83.33 100.00 93.33 92.59 96.30 69.44 75.00 78.12 80.00 88.46 100.00 20.00 41.94 94.74 92.59 88.89 33.33 50.00 100.00 75.00 100.00 66.67 44.83 81.25
79.11=92.31 100.00 95.00 90.91 35.29 92.31 100.00 88.89 100.00 92.86 88.46 89.66 63.64 72.00 78.12 67.65 89.29 95.24 21.95 51.72 100.00 96.00 92.31 35.29 50.00 93.75 78.95 95.24 73.08 53.85 78.57
93.28=85.71 100.00 100.00 100.00 100.00 100.00 90.91 60.00 83.33 100.00 100.00 100.00 100.00 83.33 100.00 100.00 100.00 100.00 100.00 80.00 100.00 100.00 100.00 100.00 66.67 100.00 100.00 66.67 75.00 100.00 100.00
87.95=77.78 100.00 100.00 100.00 100.00 87.50 90.91 60.00 100.00 100.00 100.00 87.50 100.00 100.00 100.00 88.89 100.00 87.50 0.00 100.00 100.00 83.33 100.00 62.50 53.85 100.00 100.00 80.00 83.33 100.00 83.33
87.86=87.50 100.00 100.00 100.00 80.00 100.00 100.00 66.67 100.00 100.00 100.00 100.00 100.00 83.33 100.00 87.50 100.00 100.00 0.00 80.00 100.00 83.33 88.89 83.33 41.67 100.00 100.00 70.00 71.43 100.00 100.00
95.11=77.78 100.00 100.00 100.00 100.00 100.00 90.91 80.00 100.00 100.00 100.00 100.00 100.00 100.00 87.50 100.00 100.00 87.50 100.00 88.89 100.00 100.00 100.00 100.00 100.00 100.00 100.00 70.00 85.71 100.00 80.00
94.75=87.50 100.00 100.00 100.00 100.00 100.00 100.00 66.67 83.33 100.00 100.00 100.00 100.00 100.00 100.00 80.00 87.50 100.00 100.00 88.89 100.00 100.00 100.00 77.78 85.71 100.00 100.00 80.00 100.00 100.00 100.00
89.16=63.64 100.00 100.00 75.00 100.00 100.00 100.00 80.00 100.00 100.00 100.00 100.00 100.00 100.00 100.00 100.00 100.00 100.00 0.00 72.73 100.00 100.00 100.00 75.00 46.15 100.00 100.00 100.00 71.43 100.00 80.00
90.12=58.33 100.00 100.00 100.00 100.00 100.00 100.00 80.00 100.00 100.00 87.50 100.00 100.00 100.00 87.50 100.00 100.00 100.00 0.00 88.89 100.00 100.00 100.00 85.71 40.00 100.00 100.00 80.00 85.71 100.00 100.00
92.41=63.64 100.00 100.00 100.00 100.00 100.00 100.00 100.00 100.00 100.00 100.00 100.00 100.00 100.00 100.00 100.00 100.00 100.00 100.00 72.73 100.00 100.00 100.00 75.00 40.00 100.00 100.00 100.00 80.00 66.67 66.67
88.98=63.64 100.00 100.00 75.00 100.00 100.00 100.00 80.00 100.00 80.00 100.00 100.00 88.89 100.00 100.00 100.00 100.00 100.00 0.00 80.00 100.00 100.00 100.00 100.00 38.46 100.00 100.00 100.00 83.33 85.71 83.33
92.68=63.64 100.00 100.00 100.00 100.00 100.00 100.00 80.00 100.00 100.00 87.50 100.00 87.50 100.00 100.00 100.00 100.00 100.00 100.00 100.00 100.00 100.00 100.00 100.00 33.33 100.00 100.00 88.89 75.00 85.71 71.43
80.69=92.31 100.00 90.48 83.33 46.67 92.00 95.65 94.44 100.00 100.00 96.15 92.86 72.73 70.00 79.31 75.76 89.29 100.00 20.00 50.00 100.00 96.15 88.00 50.00 51.35 88.89 75.00 86.96 80.00 64.00 80.00
79.56=100.00 100.00 95.00 83.33 53.85 92.00 95.65 83.33 100.00 91.67 92.31 92.86 70.59 70.97 89.29 79.31 85.71 100.00 13.16 38.24 100.00 92.86 100.00 35.29 53.85 82.35 88.24 95.45 58.62 56.00 76.47
79.42=96.00 100.00 100.00 83.33 41.67 92.00 95.65 88.89 100.00 100.00 88.00 85.19 76.67 74.07 86.21 73.53 83.33 100.00 17.95 50.00 100.00 100.00 91.67 25.00 50.00 88.89 87.50 90.91 68.97 50.00 76.47
80.91=95.83 100.00 90.48 87.50 38.89 89.29 100.00 90.00 100.00 100.00 96.00 92.59 75.00 85.19 92.31 75.00 89.29 95.24 17.14 52.00 100.00 100.00 92.31 47.06 47.73 88.89 78.95 90.48 65.52 57.69 77.78
81.10=92.31 100.00 100.00 86.96 43.75 88.89 91.67 90.91 100.00 100.00 96.15 92.86 72.73 75.00 92.59 80.00 89.29 100.00 24.24 58.33 100.00 92.59 92.00 33.33 43.18 87.50 80.00 100.00 70.37 62.96 76.47
77.91=81.48 95.24 100.00 90.91 28.57 92.00 100.00 90.00 85.71 100.00 100.00 91.67 75.86 86.96 89.66 61.29 78.79 88.46 6.98 63.33 95.45 83.33 100.00 22.73 46.34 70.00 80.00 83.33 95.24 54.17 77.78
77.43=88.89 95.45 100.00 81.82 42.86 86.21 95.65 94.74 84.62 90.91 100.00 88.00 75.00 77.78 85.71 63.64 78.12 88.46 5.13 68.97 100.00 92.59 85.71 25.00 46.15 63.64 90.00 89.47 88.00 50.00 77.78
78.99=85.19 95.45 100.00 90.91 35.29 92.59 95.83 81.82 83.33 100.00 95.65 91.67 67.65 78.57 88.89 78.57 89.66 88.00 6.98 67.74 100.00 96.30 88.89 20.00 47.50 75.00 78.57 89.47 83.33 70.00 85.71
77.20=85.71 95.45 100.00 86.36 30.77 96.15 95.65 81.82 73.33 94.74 96.15 95.24 74.19 80.77 92.31 73.33 78.79 92.31 6.98 66.67 100.00 89.29 96.00 30.77 45.00 69.57 78.57 89.47 76.67 66.67 54.55
79.05=85.71 95.45 100.00 86.36 28.57 92.31 100.00 95.24 90.91 100.00 100.00 91.67 77.42 70.97 92.59 72.41 80.65 91.67 15.56 73.08 95.00 92.59 95.83 19.05 46.15 73.91 60.00 95.45 79.17 77.78 75.00
93.60=63.64 100.00 100.00 100.00 100.00 100.00 100.00 80.00 100.00 100.00 100.00 100.00 100.00 83.33 100.00 100.00 100.00 100.00 100.00 100.00 100.00 100.00 87.50 75.00 45.45 100.00 100.00 100.00 83.33 100.00 83.33
89.22=63.64 100.00 100.00 100.00 100.00 100.00 100.00 80.00 100.00 100.00 100.00 87.50 87.50 100.00 100.00 100.00 100.00 100.00 50.00 88.89 100.00 100.00 100.00 60.00 20.00 100.00 100.00 100.00 80.00 85.71 62.50
88.78=63.64 100.00 100.00 100.00 100.00 100.00 100.00 66.67 100.00 100.00 100.00 87.50 100.00 100.00 100.00 100.00 100.00 100.00 0.00 80.00 100.00 100.00 100.00 100.00 36.36 66.67 100.00 80.00 85.71 85.71 100.00
88.64=63.64 100.00 100.00 100.00 100.00 100.00 100.00 80.00 100.00 100.00 100.00 100.00 88.89 100.00 100.00 100.00 100.00 100.00 0.00 80.00 100.00 71.43 100.00 85.71 30.00 100.00 100.00 100.00 85.71 100.00 62.50
89.81=63.64 100.00 100.00 100.00 80.00 100.00 100.00 100.00 100.00 100.00 100.00 87.50 88.89 100.00 100.00 100.00 100.00 100.00 0.00 88.89 100.00 100.00 100.00 83.33 46.15 100.00 100.00 87.50 75.00 100.00 83.33
80.84=92.31 100.00 94.74 90.91 46.67 92.00 87.50 80.00 100.00 100.00 96.15 92.59 69.44 74.19 86.21 80.00 89.66 100.00 26.32 53.85 100.00 92.86 92.00 38.46 48.78 93.75 75.00 95.45 65.52 60.00 91.67
80.52=100.00 100.00 90.00 86.96 50.00 92.31 95.65 82.61 100.00 86.67 88.46 89.66 75.76 75.00 86.21 73.53 88.89 95.65 21.05 48.39 100.00 100.00 92.31 38.46 52.63 100.00 83.33 95.24 62.50 71.43 73.33
80.29=96.00 95.45 100.00 79.17 33.33 92.00 91.30 89.47 90.91 100.00 92.59 100.00 62.16 76.92 86.21 73.33 89.66 100.00 19.44 53.57 100.00 92.59 92.00 46.15 47.50 88.89 78.95 100.00 70.00 72.73 78.57
79.09=92.31 100.00 100.00 86.36 50.00 92.31 91.30 85.71 90.00 92.86 92.31 86.67 67.65 74.07 85.71 79.31 86.21 100.00 17.07 56.00 100.00 96.00 96.00 35.29 48.72 88.89 73.68 95.65 62.96 52.17 76.47
79.92=88.89 100.00 100.00 90.48 43.75 89.29 95.65 89.47 100.00 100.00 96.00 96.00 70.27 64.52 86.21 79.31 92.59 100.00 16.67 50.00 100.00 96.00 95.83 35.00 47.37 88.24 71.43 100.00 70.37 52.00 72.22
78.26=82.76 95.45 95.00 86.96 45.45 89.29 95.65 90.48 84.62 100.00 100.00 91.67 65.52 76.67 96.15 70.00 75.76 92.00 10.53 55.88 100.00 86.67 92.00 33.33 41.67 68.42 91.67 89.47 100.00 59.26 63.64
79.36=85.71 95.65 100.00 83.33 33.33 89.29 95.83 91.30 62.50 100.00 100.00 91.30 78.57 76.92 92.00 69.70 81.25 91.67 11.90 68.97 100.00 92.86 96.00 25.00 47.62 88.89 80.00 94.74 81.48 76.47 77.78
78.34=82.14 95.45 90.00 86.96 35.71 92.31 91.30 77.27 80.00 100.00 95.83 80.77 86.21 82.14 92.31 73.33 83.33 88.00 10.00 65.52 100.00 86.21 96.00 22.22 48.78 77.78 80.00 85.71 87.50 68.18 87.50
77.81=92.00 95.65 95.00 82.61 35.71 96.15 100.00 86.36 81.82 100.00 96.15 95.65 68.97 74.07 92.59 61.76 86.21 91.67 5.00 64.52 100.00 92.86 92.00 25.00 52.50 62.50 80.00 88.89 73.33 65.22 77.78
78.10=85.19 95.65 100.00 90.48 40.00 89.29 95.83 94.74 85.71 100.00 92.31 87.50 84.62 68.97 92.31 64.71 78.79 91.67 7.50 68.97 100.00 85.19 92.00 22.22 43.24 77.27 76.92 85.71 88.00 63.64 72.73
88.27=58.33 100.00 100.00 100.00 100.00 100.00 100.00 57.14 100.00 100.00 100.00 100.00 100.00 100.00 100.00 100.00 100.00 100.00 0.00 88.89 100.00 100.00 100.00 75.00 33.33 100.00 100.00 100.00 66.67 100.00 57.14
88.38=63.64 100.00 100.00 100.00 100.00 100.00 100.00 80.00 100.00 100.00 100.00 100.00 100.00 100.00 100.00 100.00 88.89 100.00 0.00 80.00 100.00 100.00 87.50 75.00 33.33 100.00 100.00 62.50 85.71 100.00 83.33
88.71=63.64 100.00 100.00 100.00 100.00 100.00 100.00 80.00 100.00 100.00 100.00 100.00 87.50 100.00 100.00 100.00 100.00 100.00 0.00 88.89 100.00 100.00 100.00 66.67 33.33 66.67 100.00 80.00 83.33 100.00 100.00
89.82=63.64 100.00 100.00 100.00 100.00 100.00 100.00 66.67 100.00 100.00 100.00 100.00 80.00 100.00 100.00 100.00 100.00 100.00 0.00 88.89 100.00 100.00 100.00 100.00 45.45 100.00 100.00 87.50 66.67 85.71 100.00
90.50=70.00 100.00 100.00 100.00 100.00 100.00 100.00 66.67 100.00 83.33 100.00 100.00 87.50 100.00 100.00 100.00 100.00 100.00 0.00 88.89 100.00 100.00 100.00 100.00 40.00 100.00 100.00 100.00 85.71 100.00 83.33
79.83=100.00 100.00 85.71 95.65 33.33 95.83 95.45 82.61 76.47 92.86 91.67 100.00 74.29 70.97 89.66 88.46 89.66 100.00 12.24 65.22 100.00 96.30 82.61 47.37 40.00 84.62 80.00 85.71 71.43 66.67 80.00
79.01=95.83 100.00 90.48 91.67 35.29 95.65 95.65 69.23 85.71 86.67 89.29 95.00 72.73 74.19 88.89 76.67 83.33 100.00 10.87 70.83 93.33 96.30 80.77 47.37 40.91 78.57 87.50 90.00 68.97 78.95 78.57
78.54=100.00 100.00 100.00 88.00 33.33 88.46 88.00 86.96 66.67 100.00 96.15 84.00 70.00 59.38 92.59 65.62 96.00 100.00 10.42 44.44 100.00 100.00 87.50 29.17 43.18 84.62 87.50 79.17 86.96 75.00 91.67
79.22=95.83 100.00 100.00 88.00 29.41 95.83 95.65 90.91 76.92 100.00 96.30 87.50 68.57 76.92 89.66 88.00 81.25 100.00 10.53 50.00 100.00 96.15 79.17 38.10 37.78 84.62 81.25 95.00 73.08 64.71 84.62
78.58=100.00 100.00 90.48 91.67 35.71 88.89 95.65 76.92 56.25 92.86 92.59 83.33 64.71 71.43 92.86 78.57 92.59 100.00 12.24 58.33 100.00 92.86 87.50 35.00 46.15 78.57 89.47 85.71 68.97 84.21 92.31
88.13=87.50 100.00 100.00 75.00 100.00 100.00 100.00 75.00 71.43 100.00 100.00 100.00 100.00 100.00 100.00 100.00 88.89 100.00 0.00 80.00 100.00 100.00 100.00 75.00 56.25 100.00 100.00 80.00 85.71 85.71 71.43
90.26=87.50 100.00 100.00 75.00 100.00 100.00 90.91 60.00 100.00 100.00 87.50 100.00 100.00 100.00 100.00 100.00 100.00 100.00 0.00 100.00 100.00 100.00 100.00 85.71 52.94 100.00 100.00 72.73 85.71 100.00 100.00
89.08=77.78 100.00 100.00 100.00 100.00 100.00 100.00 60.00 83.33 100.00 87.50 87.50 100.00 100.00 87.50 100.00 88.89 100.00 0.00 100.00 100.00 100.00 100.00 75.00 52.94 100.00 100.00 77.78 83.33 100.00 100.00
89.31=87.50 100.00 100.00 100.00 100.00 100.00 100.00 75.00 83.33 100.00 100.00 100.00 100.00 100.00 100.00 81.82 80.00 100.00 0.00 100.00 100.00 83.33 100.00 85.71 46.15 100.00 100.00 80.00 80.00 85.71 100.00
89.28=87.50 100.00 100.00 100.00 100.00 100.00 100.00 80.00 100.00 100.00 87.50 100.00 100.00 100.00 100.00 100.00 88.89 100.00 0.00 88.89 100.00 80.00 100.00 71.43 56.25 100.00 100.00 70.00 85.71 100.00 71.43
79.72=100.00 100.00 90.48 91.67 38.46 92.31 91.67 84.00 84.62 100.00 96.00 90.91 70.27 75.00 92.86 81.48 89.29 100.00 8.51 65.00 100.00 89.29 83.33 34.78 41.86 73.33 89.47 83.33 70.37 71.43 91.67
78.15=100.00 100.00 100.00 91.67 31.25 96.00 95.83 83.33 80.00 92.86 92.31 90.91 67.65 70.00 92.59 84.62 88.46 100.00 9.43 60.00 100.00 86.21 86.96 43.75 37.21 80.00 84.21 70.83 62.96 52.00 91.67
77.64=95.83 100.00 100.00 84.62 37.50 96.00 100.00 81.82 71.43 92.86 89.29 84.00 62.16 67.86 100.00 82.14 92.86 100.00 8.93 54.55 100.00 92.86 80.95 43.75 37.84 68.75 78.95 84.00 66.67 64.71 86.67
79.18=96.00 100.00 86.36 80.77 35.29 92.31 91.30 80.95 83.33 100.00 100.00 86.96 63.16 70.00 96.30 87.50 92.59 100.00 11.32 65.00 100.00 92.86 88.00 45.00 42.22 75.00 85.71 80.77 62.96 70.59 92.31
78.14=100.00 100.00 95.00 88.00 26.32 92.00 91.67 85.00 76.92 100.00 92.59 84.00 74.29 70.00 86.67 91.67 89.29 100.00 9.26 50.00 100.00 92.59 81.48 36.84 43.90 78.57 87.50 82.61 60.71 72.22 83.33
80.25=92.31 100.00 94.74 84.00 38.10 92.31 100.00 85.71 100.00 100.00 91.30 89.66 65.71 73.33 89.29 75.00 92.86 100.00 21.88 43.33 100.00 96.00 92.00 56.25 47.50 83.33 66.67 100.00 73.08 57.69 85.71
79.27=96.00 100.00 90.48 87.50 46.67 92.59 95.65 86.36 90.00 100.00 96.00 92.86 70.59 76.92 88.89 73.53 82.76 100.00 17.65 51.85 95.00 100.00 91.30 26.67 48.72 88.24 77.27 90.48 70.37 51.85 81.25
79.66=92.31 100.00 94.74 87.50 41.18 89.29 95.65 82.61 100.00 100.00 92.59 96.30 71.88 74.07 86.21 71.88 86.21 100.00 21.21 44.83 100.00 100.00 88.89 42.86 48.57 88.24 77.78 81.48 64.52 56.52 92.31
79.14=92.31 100.00 100.00 95.00 42.11 89.29 91.30 78.95 100.00 92.31 96.15 89.66 69.44 68.97 89.66 75.86 86.21 100.00 17.65 45.16 94.44 96.15 85.19 37.50 46.34 83.33 75.00 94.74 78.26 55.56 86.67
80.04=100.00 100.00 95.00 87.50 50.00 92.31 100.00 85.00 100.00 100.00 92.31 92.59 65.71 76.00 86.21 76.67 88.89 100.00 18.92 57.69 100.00 96.00 96.00 29.41 42.50 83.33 88.89 100.00 56.25 53.57 70.59
88.38=63.64 100.00 100.00 100.00 100.00 100.00 100.00 66.67 100.00 100.00 87.50 100.00 100.00 100.00 100.00 100.00 100.00 100.00 0.00 80.00 100.00 100.00 100.00 63.64 30.00 100.00 100.00 100.00 100.00 85.71 62.50
87.35=63.64 100.00 100.00 100.00 80.00 100.00 90.00 66.67 100.00 100.00 100.00 100.00 100.00 100.00 87.50 100.00 100.00 100.00 0.00 80.00 100.00 100.00 100.00 85.71 36.36 100.00 100.00 100.00 71.43 75.00 71.43
90.49=63.64 100.00 100.00 100.00 75.00 100.00 100.00 66.67 100.00 100.00 100.00 100.00 100.00 100.00 100.00 100.00 100.00 87.50 0.00 100.00 100.00 100.00 100.00 87.50 50.00 100.00 100.00 100.00 75.00 100.00 100.00
92.10=63.64 100.00 100.00 75.00 100.00 100.00 100.00 80.00 100.00 100.00 100.00 100.00 100.00 100.00 100.00 100.00 100.00 87.50 50.00 88.89 100.00 100.00 100.00 100.00 44.44 100.00 100.00 100.00 85.71 100.00 80.00
88.23=63.64 100.00 100.00 100.00 100.00 100.00 90.91 80.00 100.00 100.00 100.00 100.00 100.00 100.00 100.00 100.00 100.00 100.00 0.00 88.89 100.00 100.00 100.00 66.67 30.00 100.00 100.00 88.89 83.33 71.43 71.43
76.94=88.89 100.00 95.00 82.61 33.33 92.31 100.00 86.96 72.73 100.00 96.15 95.83 70.00 75.00 96.00 66.67 76.47 86.36 10.53 74.07 100.00 86.21 92.00 21.05 37.84 76.19 78.57 84.21 83.33 65.22 61.54
78.62=92.00 95.24 90.48 85.71 43.75 92.59 95.65 90.00 83.33 100.00 100.00 100.00 82.14 77.78 92.31 67.74 75.76 91.67 10.26 64.29 100.00 83.87 92.00 26.67 51.22 64.00 73.33 79.17 85.19 76.19 75.00
79.02=85.19 95.65 95.00 86.96 45.45 92.59 100.00 90.48 71.43 95.24 96.00 90.91 79.31 84.00 92.00 75.00 89.66 92.00 4.65 75.00 100.00 92.86 95.65 21.05 45.00 70.83 80.00 89.47 80.00 68.18 70.00
78.23=92.00 95.65 100.00 86.96 36.36 88.89 95.83 95.24 78.57 100.00 100.00 95.83 76.67 75.86 92.59 66.67 76.47 92.31 6.98 69.23 100.00 92.31 92.31 36.36 43.24 68.18 85.71 94.44 73.33 62.50 54.55
80.07=88.89 95.65 100.00 86.36 45.45 88.89 100.00 100.00 80.00 100.00 100.00 92.00 73.33 75.00 92.86 70.59 83.33 91.30 6.98 76.92 100.00 92.86 100.00 26.32 43.59 76.19 80.00 85.71 80.00 77.27 72.73
78.33=95.83 100.00 100.00 91.30 38.46 92.00 91.67 77.27 75.00 92.31 96.30 86.96 62.86 72.41 92.86 81.48 92.59 100.00 11.76 52.00 100.00 96.30 84.00 38.10 39.58 73.33 87.50 82.61 70.37 61.11 92.31
79.45=100.00 100.00 100.00 87.50 31.58 92.31 95.65 78.26 88.24 100.00 88.46 90.91 70.59 76.00 92.86 85.19 89.29 100.00 10.64 50.00 100.00 96.30 83.33 38.89 39.58 84.62 89.47 86.96 64.52 68.42 83.33
79.38=100.00 100.00 90.48 84.62 35.29 92.00 95.65 83.33 86.67 100.00 96.15 90.48 64.10 72.41 92.86 86.96 92.31 100.00 6.98 68.42 100.00 89.66 86.96 33.33 40.00 68.75 87.50 83.33 66.67 73.68 92.31
78.80=95.83 100.00 95.00 91.67 29.41 91.67 95.65 84.21 85.71 100.00 96.00 87.50 71.88 75.00 86.21 78.57 89.29 100.00 10.00 52.17 100.00 92.86 81.48 35.00 38.30 76.92 84.21 82.61 68.97 75.00 91.67
79.56=100.00 100.00 100.00 88.00 37.50 91.67 95.45 84.00 85.71 100.00 92.59 87.50 70.59 66.67 92.86 85.19 92.31 100.00 10.00 54.55 92.86 92.86 84.00 39.13 42.55 81.25 82.35 86.36 73.08 72.73 84.62
89.67=58.33 100.00 100.00 100.00 100.00 100.00 100.00 100.00 100.00 100.00 100.00 100.00 88.89 100.00 100.00 100.00 100.00 100.00 0.00 88.89 100.00 83.33 100.00 85.71 36.36 100.00 100.00 100.00 85.71 85.71 66.67
90.70=63.64 100.00 87.50 100.00 100.00 100.00 100.00 75.00 100.00 100.00 100.00 100.00 100.00 100.00 100.00 90.00 100.00 100.00 0.00 88.89 100.00 100.00 100.00 100.00 42.86 100.00 100.00 88.89 75.00 100.00 100.00
89.37=63.64 100.00 100.00 75.00 100.00 100.00 100.00 80.00 100.00 100.00 100.00 100.00 87.50 100.00 100.00 100.00 100.00 87.50 0.00 88.89 100.00 100.00 100.00 100.00 35.71 100.00 100.00 100.00 85.71 100.00 66.67
90.12=63.64 100.00 100.00 100.00 100.00 100.00 100.00 80.00 100.00 100.00 100.00 100.00 100.00 100.00 100.00 90.91 100.00 100.00 0.00 88.89 100.00 83.33 100.00 85.71 42.86 100.00 100.00 100.00 83.33 75.00 100.00
87.85=63.64 100.00 100.00 75.00 75.00 100.00 100.00 80.00 100.00 100.00 100.00 100.00 100.00 100.00 100.00 100.00 100.00 100.00 0.00 72.73 100.00 100.00 100.00 100.00 20.00 100.00 100.00 88.89 85.71 100.00 62.50
90.40=87.50 100.00 100.00 100.00 100.00 100.00 100.00 80.00 83.33 100.00 100.00 100.00 100.00 80.00 100.00 100.00 87.50 100.00 0.00 88.89 100.00 100.00 100.00 66.67 56.25 100.00 100.00 88.89 83.33 100.00 100.00
86.00=87.50 100.00 100.00 100.00 80.00 100.00 100.00 57.14 100.00 100.00 100.00 87.50 83.33 80.00 100.00 100.00 100.00 100.00 0.00 100.00 100.00 100.00 100.00 66.67 50.00 100.00 85.71 70.00 66.67 71.43 80.00
92.05=87.50 100.00 100.00 100.00 100.00 100.00 100.00 66.67 100.00 100.00 100.00 100.00 100.00 100.00 100.00 100.00 87.50 100.00 0.00 88.89 100.00 100.00 100.00 100.00 56.25 100.00 100.00 66.67 100.00 100.00 100.00
91.82=77.78 100.00 100.00 75.00 100.00 100.00 100.00 80.00 100.00 100.00 100.00 100.00 100.00 100.00 100.00 100.00 100.00 100.00 25.00 100.00 100.00 80.00 100.00 85.71 57.14 100.00 100.00 80.00 85.71 100.00 100.00
87.29=87.50 100.00 100.00 75.00 100.00 100.00 100.00 57.14 83.33 100.00 100.00 100.00 100.00 80.00 100.00 100.00 100.00 87.50 0.00 88.89 100.00 100.00 100.00 100.00 53.33 75.00 100.00 60.00 75.00 100.00 83.33
86.54=63.64 100.00 100.00 75.00 80.00 100.00 100.00 80.00 80.00 100.00 100.00 85.71 75.00 100.00 88.89 100.00 100.00 100.00 0.00 80.00 100.00 100.00 100.00 87.50 30.00 100.00 100.00 100.00 100.00 85.71 71.43
89.85=63.64 100.00 100.00 100.00 100.00 100.00 100.00 57.14 100.00 100.00 100.00 100.00 100.00 100.00 100.00 100.00 100.00 100.00 0.00 100.00 100.00 100.00 100.00 87.50 40.00 100.00 100.00 88.89 100.00 85.71 62.50
90.77=63.64 100.00 100.00 100.00 80.00 100.00 100.00 80.00 100.00 100.00 100.00 87.50 100.00 100.00 100.00 100.00 87.50 100.00 0.00 88.89 100.00 100.00 100.00 100.00 42.86 100.00 100.00 100.00 100.00 100.00 83.33
89.55=63.64 100.00 100.00 100.00 80.00 88.89 100.00 80.00 100.00 100.00 100.00 100.00 100.00 100.00 100.00 100.00 100.00 100.00 0.00 100.00 100.00 100.00 100.00 100.00 22.22 100.00 100.00 100.00 100.00 85.71 55.56
89.38=58.33 100.00 100.00 100.00 100.00 100.00 100.00 66.67 100.00 100.00 100.00 100.00 100.00 100.00 100.00 100.00 100.00 100.00 0.00 100.00 100.00 100.00 100.00 100.00 30.00 100.00 85.71 100.00 85.71 100.00 44.44
79.88=100.00 100.00 95.00 91.67 35.29 92.31 95.65 81.82 86.67 100.00 96.15 91.30 76.67 73.08 96.30 81.48 83.87 100.00 10.00 55.00 100.00 89.66 86.36 34.78 40.82 75.00 87.50 83.33 76.92 76.19 83.33
79.41=95.83 100.00 95.00 91.67 27.78 92.00 95.83 83.33 80.00 100.00 96.00 83.33 82.76 75.86 81.25 81.48 92.59 100.00 13.95 77.78 100.00 100.00 78.57 40.91 41.67 70.59 84.21 90.91 66.67 68.42 73.33
79.50=100.00 100.00 90.48 91.67 28.57 92.31 95.65 80.00 87.50 100.00 100.00 87.50 71.88 75.00 92.86 88.00 92.86 100.00 12.50 68.42 100.00 96.30 77.78 38.89 37.21 80.00 76.19 86.96 66.67 63.64 85.71
79.18=100.00 100.00 86.36 91.67 27.78 92.31 95.65 75.00 81.25 93.33 100.00 95.45 78.79 74.19 92.86 84.00 89.66 100.00 10.64 68.42 100.00 96.30 79.17 38.89 40.91 76.47 80.00 86.96 67.86 59.09 91.67
79.82=100.00 100.00 90.48 88.00 31.25 92.00 95.65 90.00 76.47 100.00 100.00 84.00 78.12 71.43 86.67 86.96 92.86 100.00 9.80 54.55 100.00 89.66 81.48 42.11 36.96 80.00 87.50 91.30 67.86 77.78 91.67
89.02=87.50 100.00 100.00 100.00 100.00 100.00 100.00 66.67 100.00 100.00 100.00 87.50 100.00 100.00 88.89 100.00 100.00 100.00 0.00 88.89 80.00 83.33 100.00 83.33 50.00 100.00 100.00 88.89 85.71 85.71 83.33
88.48=100.00 100.00 100.00 75.00 100.00 100.00 90.91 60.00 100.00 100.00 100.00 87.50 77.78 100.00 100.00 100.00 100.00 100.00 0.00 100.00 100.00 100.00 100.00 66.67 56.25 100.00 100.00 88.89 100.00 60.00 80.00
88.43=87.50 100.00 100.00 60.00 100.00 100.00 90.91 66.67 100.00 83.33 100.00 87.50 87.50 100.00 88.89 100.00 100.00 100.00 0.00 100.00 100.00 100.00 100.00 100.00 50.00 100.00 100.00 88.89 100.00 66.67 83.33
87.58=87.50 100.00 100.00 100.00 80.00 100.00 100.00 60.00 100.00 100.00 100.00 85.71 100.00 100.00 88.89 100.00 100.00 100.00 0.00 100.00 100.00 100.00 100.00 66.67 46.67 100.00 100.00 72.73 100.00 60.00 66.67
85.39=70.00 100.00 100.00 75.00 100.00 100.00 100.00 66.67 100.00 100.00 100.00 87.50 100.00 66.67 87.50 100.00 100.00 87.50 0.00 80.00 100.00 83.33 100.00 57.14 53.33 100.00 85.71 100.00 100.00 66.67 80.00
79.27=96.00 100.00 90.48 82.61 42.86 92.31 100.00 72.73 100.00 100.00 88.46 96.00 64.71 70.37 86.21 73.53 88.46 100.00 19.44 58.33 100.00 96.30 92.00 43.75 47.62 94.12 69.57 91.30 67.86 56.00 76.47
80.40=92.00 100.00 100.00 90.91 36.84 88.89 88.00 86.36 100.00 93.33 88.89 89.29 68.75 78.57 86.21 75.00 89.29 100.00 21.62 56.52 100.00 92.86 96.00 42.86 47.37 84.21 78.95 100.00 63.33 69.57 86.67
80.11=96.00 100.00 94.74 84.00 37.50 92.59 95.65 80.00 90.91 92.31 92.31 92.86 74.29 78.57 92.31 73.53 86.21 95.65 24.24 55.17 95.00 100.00 92.00 37.50 46.34 83.33 76.19 95.24 71.43 66.67 90.91
78.88=95.83 100.00 90.48 84.00 42.86 92.00 100.00 80.00 90.00 100.00 92.31 89.66 67.57 72.00 85.71 82.76 80.65 95.83 20.00 46.88 100.00 92.00 100.00 14.29 52.50 84.21 78.95 95.45 64.52 62.50 92.31
79.00=92.31 100.00 95.00 91.30 53.85 88.89 91.67 77.27 100.00 86.67 95.83 89.66 68.57 65.62 85.71 77.42 85.71 95.65 17.95 53.57 100.00 100.00 95.65 31.25 47.37 88.89 78.95 90.48 63.33 61.90 78.57
89.18=77.78 100.00 100.00 100.00 100.00 100.00 100.00 66.67 100.00 100.00 100.00 100.00 100.00 75.00 87.50 100.00 100.00 100.00 0.00 80.00 100.00 100.00 100.00 85.71 50.00 100.00 100.00 72.73 83.33 85.71 100.00
89.92=87.50 100.00 100.00 100.00 100.00 100.00 100.00 66.67 100.00 100.00 100.00 100.00 100.00 100.00 100.00 100.00 100.00 100.00 0.00 100.00 100.00 100.00 72.73 75.00 53.33 100.00 100.00 66.67 80.00 85.71 100.00
89.10=87.50 100.00 100.00 100.00 100.00 88.89 100.00 50.00 100.00 100.00 100.00 100.00 100.00 100.00 100.00 100.00 100.00 100.00 0.00 88.89 75.00 83.33 100.00 100.00 46.67 100.00 100.00 72.73 85.71 100.00 83.33
89.63=87.50 100.00 100.00 75.00 66.67 100.00 100.00 66.67 100.00 100.00 100.00 100.00 100.00 80.00 100.00 100.00 100.00 100.00 0.00 100.00 100.00 100.00 100.00 100.00 50.00 100.00 100.00 72.73 100.00 100.00 80.00
90.98=87.50 100.00 100.00 100.00 100.00 100.00 83.33 60.00 100.00 100.00 100.00 100.00 100.00 100.00 100.00 100.00 88.89 100.00 0.00 100.00 100.00 100.00 100.00 100.00 52.94 100.00 100.00 72.73 75.00 100.00 100.00
79.48=92.00 95.65 100.00 83.33 53.85 89.29 100.00 91.30 84.62 95.00 100.00 95.83 85.71 76.00 92.59 74.19 79.31 92.31 6.98 62.07 100.00 86.21 82.76 23.53 46.34 71.43 76.92 88.89 76.92 60.87 100.00
80.10=95.65 95.45 100.00 82.61 50.00 92.59 95.65 90.91 85.71 100.00 100.00 95.65 76.67 68.75 92.31 71.88 81.25 92.00 6.98 65.38 100.00 92.59 92.59 30.77 46.34 72.73 91.67 89.47 79.31 68.18 80.00
81.71=85.71 95.24 100.00 86.96 46.67 89.29 100.00 95.45 83.33 94.74 100.00 100.00 82.76 78.57 92.31 74.19 78.12 92.00 6.82 76.00 100.00 86.67 88.46 40.00 43.90 76.19 100.00 95.00 80.65 64.00 100.00
79.83=95.83 95.65 100.00 90.91 60.00 92.31 95.83 100.00 71.43 94.44 100.00 100.00 75.86 75.00 88.46 65.62 80.65 92.31 7.89 65.52 95.45 86.21 92.31 44.44 46.34 66.67 90.91 90.00 66.67 67.86 80.00
79.17=92.31 95.65 95.00 81.82 46.15 92.31 100.00 90.00 85.71 90.00 92.59 100.00 88.46 80.00 88.89 65.71 86.67 92.31 7.69 76.92 95.24 89.29 96.00 25.00 42.50 69.57 80.00 90.48 70.00 68.00 80.00
87.31=87.50 100.00 100.00 100.00 80.00 100.00 100.00 50.00 83.33 83.33 100.00 100.00 100.00 100.00 100.00 100.00 88.89 87.50 0.00 100.00 100.00 100.00 100.00 71.43 53.33 100.00 85.71 85.71 66.67 83.33 100.00
89.12=87.50 100.00 100.00 75.00 100.00 100.00 100.00 66.67 100.00 100.00 100.00 77.78 100.00 100.00 100.00 100.00 88.89 100.00 0.00 88.89 100.00 100.00 88.89 100.00 53.33 100.00 85.71 66.67 83.33 100.00 100.00
90.19=87.50 100.00 100.00 100.00 100.00 100.00 100.00 60.00 100.00 100.00 100.00 100.00 100.00 100.00 100.00 100.00 100.00 100.00 0.00 100.00 100.00 100.00 100.00 83.33 52.94 75.00 100.00 80.00 71.43 85.71 100.00
90.15=87.50 100.00 87.50 100.00 80.00 100.00 100.00 80.00 100.00 100.00 100.00 100.00 87.50 100.00 100.00 100.00 100.00 100.00 0.00 100.00 100.00 100.00 100.00 100.00 56.25 100.00 100.00 63.64 66.67 85.71 100.00
87.82=85.71 100.00 100.00 75.00 100.00 88.89 100.00 80.00 83.33 100.00 100.00 100.00 100.00 100.00 100.00 87.50 72.73 100.00 0.00 100.00 100.00 100.00 100.00 100.00 60.00 75.00 100.00 72.73 75.00 66.67 100.00
85.23=87.50 100.00 100.00 75.00 80.00 100.00 100.00 66.67 83.33 100.00 100.00 87.50 100.00 100.00 100.00 100.00 100.00 87.50 0.00 72.73 100.00 80.00 100.00 50.00 53.85 100.00 100.00 66.67 71.43 80.00 100.00
84.70=77.78 100.00 100.00 75.00 100.00 100.00 100.00 57.14 83.33 100.00 100.00 85.71 87.50 100.00 88.89 100.00 77.78 100.00 0.00 80.00 100.00 57.14 100.00 75.00 50.00 100.00 100.00 87.50 71.43 71.43 100.00
90.38=87.50 100.00 100.00 100.00 100.00 100.00 100.00 60.00 100.00 100.00 100.00 100.00 87.50 83.33 100.00 100.00 100.00 100.00 0.00 88.89 100.00 83.33 100.00 100.00 53.33 100.00 100.00 88.89 85.71 100.00 83.33
87.42=85.71 100.00 100.00 75.00 100.00 100.00 90.91 66.67 83.33 100.00 100.00 87.50 100.00 100.00 100.00 100.00 87.50 87.50 0.00 100.00 100.00 100.00 100.00 75.00 50.00 100.00 100.00 100.00 62.50 75.00 83.33
86.44=87.50 100.00 100.00 100.00 100.00 100.00 90.91 66.67 80.00 83.33 100.00 87.50 100.00 100.00 72.73 100.00 100.00 87.50 0.00 88.89 100.00 100.00 100.00 66.67 46.67 100.00 100.00 66.67 100.00 71.43 83.33
81.23=95.83 100.00 100.00 90.91 35.00 88.46 95.65 88.24 100.00 100.00 92.59 92.86 73.53 76.92 89.29 80.00 89.29 100.00 21.62 70.00 100.00 96.30 92.31 33.33 45.45 88.89 78.95 100.00 65.62 60.71 76.47
80.48=96.00 100.00 100.00 84.00 37.50 92.59 100.00 86.36 100.00 86.67 96.00 89.66 70.27 76.00 88.89 78.12 86.67 100.00 20.59 69.57 95.00 96.30 100.00 28.57 48.78 78.95 75.00 100.00 61.76 60.87 90.91
79.16=96.00 100.00 90.48 91.30 47.06 92.31 100.00 90.00 100.00 92.86 95.45 89.29 65.62 74.07 89.29 73.33 83.33 92.00 20.59 45.16 100.00 92.86 92.31 33.33 47.37 83.33 68.18 100.00 65.52 61.54 81.25
78.91=100.00 100.00 95.00 91.30 46.15 88.46 95.65 84.21 100.00 86.67 92.31 89.66 79.31 68.00 83.33 70.59 86.21 100.00 20.59 65.22 100.00 96.30 100.00 21.05 40.00 84.21 69.57 90.48 60.00 55.17 86.67
80.55=92.31 100.00 100.00 86.96 42.86 88.46 95.45 83.33 100.00 100.00 96.00 86.21 77.42 75.00 89.29 77.42 89.29 100.00 20.00 50.00 100.00 92.59 100.00 42.86 46.34 82.35 80.00 100.00 64.52 51.85 86.67
86.81=87.50 100.00 100.00 60.00 100.00 100.00 100.00 60.00 100.00 100.00 100.00 100.00 77.78 75.00 100.00 100.00 100.00 87.50 0.00 66.67 100.00 83.33 100.00 100.00 46.15 100.00 100.00 61.54 100.00 85.71 100.00
88.46=87.50 100.00 100.00 100.00 100.00 100.00 100.00 80.00 100.00 100.00 100.00 100.00 87.50 100.00 88.89 100.00 100.00 87.50 0.00 100.00 100.00 100.00 85.71 66.67 53.33 100.00 100.00 63.64 83.33 75.00 83.33
91.42=77.78 100.00 100.00 100.00 100.00 100.00 100.00 66.67 100.00 100.00 100.00 100.00 100.00 100.00 100.00 100.00 100.00 100.00 0.00 100.00 100.00 100.00 100.00 75.00 56.25 100.00 100.00 72.73 85.71 100.00 100.00
87.63=87.50 100.00 100.00 75.00 100.00 100.00 100.00 60.00 100.00 100.00 100.00 100.00 87.50 100.00 80.00 100.00 100.00 87.50 0.00 100.00 100.00 83.33 100.00 85.71 46.15 100.00 100.00 57.14 66.67 100.00 100.00
90.81=87.50 100.00 100.00 100.00 100.00 100.00 100.00 66.67 83.33 100.00 100.00 100.00 87.50 100.00 100.00 100.00 100.00 87.50 0.00 80.00 100.00 100.00 100.00 100.00 50.00 100.00 100.00 72.73 100.00 100.00 100.00
86.26=87.50 100.00 100.00 60.00 100.00 100.00 100.00 60.00 100.00 100.00 100.00 100.00 100.00 100.00 100.00 88.89 88.89 87.50 0.00 80.00 80.00 100.00 100.00 66.67 50.00 66.67 100.00 88.89 100.00 85.71 83.33
89.33=100.00 100.00 100.00 100.00 100.00 100.00 100.00 57.14 80.00 83.33 100.00 87.50 100.00 100.00 100.00 100.00 88.89 100.00 0.00 88.89 100.00 100.00 100.00 100.00 53.33 100.00 100.00 80.00 66.67 100.00 83.33
88.24=87.50 100.00 100.00 100.00 100.00 100.00 100.00 66.67 100.00 100.00 100.00 87.50 100.00 100.00 87.50 100.00 100.00 100.00 0.00 80.00 100.00 83.33 100.00 83.33 53.33 100.00 100.00 88.89 71.43 62.50 83.33
89.03=100.00 100.00 100.00 100.00 100.00 100.00 100.00 60.00 100.00 100.00 100.00 87.50 85.71 83.33 72.73 100.00 100.00 87.50 0.00 88.89 80.00 100.00 100.00 85.71 56.25 100.00 100.00 88.89 100.00 100.00 83.33
87.40=87.50 100.00 100.00 60.00 100.00 100.00 100.00 57.14 83.33 100.00 100.00 100.00 88.89 100.00 88.89 100.00 100.00 100.00 0.00 100.00 100.00 100.00 100.00 63.64 53.33 66.67 100.00 80.00 100.00 100.00 80.00
87.75=63.64 100.00 100.00 100.00 100.00 100.00 100.00 66.67 75.00 83.33 100.00 100.00 100.00 100.00 100.00 100.00 88.89 100.00 0.00 88.89 100.00 100.00 100.00 85.71 20.00 100.00 100.00 100.00 85.71 100.00 62.50
89.01=63.64 100.00 100.00 75.00 100.00 100.00 100.00 66.67 100.00 100.00 100.00 85.71 100.00 100.00 100.00 100.00 100.00 100.00 0.00 88.89 100.00 100.00 100.00 85.71 42.86 100.00 100.00 87.50 83.33 100.00 80.00
89.14=63.64 100.00 100.00 100.00 100.00 100.00 100.00 80.00 100.00 100.00 100.00 100.00 100.00 100.00 100.00 100.00 100.00 100.00 0.00 72.73 100.00 100.00 100.00 83.33 22.22 100.00 100.00 100.00 85.71 100.00 55.56
92.28=63.64 100.00 100.00 100.00 100.00 100.00 100.00 66.67 100.00 100.00 100.00 100.00 100.00 100.00 100.00 100.00 100.00 100.00 0.00 100.00 100.00 100.00 100.00 87.50 42.86 100.00 100.00 100.00 100.00 100.00 100.00
89.20=63.64 100.00 100.00 100.00 100.00 100.00 100.00 60.00 100.00 100.00 100.00 100.00 100.00 100.00 100.00 100.00 100.00 100.00 0.00 100.00 100.00 100.00 100.00 63.64 22.22 100.00 100.00 100.00 100.00 100.00 55.56
80.74=96.00 100.00 90.00 87.50 43.75 92.31 100.00 77.27 100.00 100.00 96.00 89.29 75.00 75.00 86.21 76.67 80.65 100.00 20.59 65.22 100.00 96.30 100.00 37.50 47.50 89.47 82.35 100.00 63.64 53.57 81.25
