62.67581482417306
53.68331221592766
55.402351366478264
55.412133465998245
55.32952672684513
61.82022276882411
56.71880540474645
57.206285376315996
57.19874473977965
54.11864634427847
92.94162826420889
97.81874039938556
94.80286738351253
96.59498207885305
94.75806451612904
95.88709677419355
96.39784946236558
94.0552995391705
94.51612903225805
97.74193548387096
91.31720430107526
91.55913978494623
94.19354838709675
91.88172043010752
96.20583717357911
59.352339949561966
60.460425463851045
59.59913227504761
59.14653877250818
58.236817078292006
58.08866584428219
57.430978596868364
59.334664678526956
59.46574091694584
58.43505806559342
88.87096774193549
87.99539170506914
88.49462365591397
89.30107526881721
85.59139784946235
95.23809523809524
93.81720430107526
88.03763440860214
96.7741935483871
95.59139784946235
58.860997830935595
53.219101211280304
57.373969171920436
59.81820967233902
59.746336822544166
87.56528417818741
85.91397849462366
87.2043010752688
83.67895545314902
88.40501792114695
87.02764976958525
92.04301075268818
87.9032258064516
90.14592933947772
88.41013824884791
61.22850362262611
60.25823772008853
59.1019680080469
58.108324173115925
60.26257249018795
80.3225806451613
88.42549923195084
92.25806451612904
88.47926267281106
86.38248847926268
59.00503954110905
59.38025634875678
60.81761784875507
60.19750632453652
58.94203602891077
87.33870967741936
88.38709677419354
86.22119815668202
89.33947772657449
87.12365591397848
83.92089093701996
89.40860215053763
87.38863287250385
80.86021505376344
89.40860215053763
62.92869126957516
61.829929806460875
57.39673085585964
60.06810022852976
58.73325482580852
90.10752688172042
87.99539170506912
83.48694316436251
88.47926267281103
90.95238095238093
88.01075268817203
87.16973886328726
85.84485407066052
88.67511520737328
88.45878136200717
60.5416710843703
60.90091341053653
59.07858976848744
62.00580447535088
60.56737529442162
58.03763938778988
61.454253566188896
62.253890514440066
