50.299907990935615
52.754140786156384
51.09059552901409
52.58337709805917
54.436808479007965
76.08697955606952
78.0573384462644
78.87962519077071
80.35605845161692
78.17686791126896
80.63770598034708
83.61713767167446
82.33225839810741
81.39042986464992
84.05294542059248
75.92690742763949
75.66567810601327
79.62451621279293
80.078605115541
81.60172366201184
77.57719993299375
79.44281337071187
79.3188313643166
79.30672984764435
79.0838166437833
79.12440755640326
80.33450355973575
80.55463030129617
80.22259695664079
80.6703187395019
79.5233520530258
81.42542876799841
81.2601673550709
80.84856443733557
81.43458329794362
82.55775722517804
83.75688062565891
81.3341391217076
83.50120734759935
84.61918159768838
52.86818369319586
56.072876622649304
53.57550659628536
53.98354065974436
52.75518568693859
78.7728157626163
79.75459320209991
78.78300550639393
80.6342753367402
78.09849369469154
78.2238906254609
81.83300588829286
81.39230262421214
83.04240495420538
80.17394346544143
80.48148552910399
78.89808429907265
81.20807330264032
80.27528560851971
80.61497692958599
82.01262040115245
80.82346144363497
80.9889117695521
80.67271437514353
82.31291151361405
80.7047173540386
80.87243862749936
82.30453001248841
82.34669178298611
82.5732912928674
52.62348857959744
53.59953588046096
54.12713173115995
53.5584317312705
52.44488748762632
80.67877466002018
82.94348937162702
82.78615677276073
83.47257864386943
80.48588556530923
82.21278217033158
82.07745723356582
83.16827863993855
83.50906427990259
84.07105278622306
80.46958886288489
80.93828880718875
82.24230132075168
81.54147670107992
80.93134129895469
56.10636091308742
55.368922070551335
53.893974693384855
55.589966360652674
53.70263577288854
53.55051225336864
56.69459320073416
57.53535110193977
55.61059014944463
55.73726831044008
81.71723592091536
81.90519367360905
82.16824693387177
82.77192777585728
82.23597517970765
54.53331196735576
52.31988827746747
52.39427125757204
54.945306478134036
53.73764496094492
82.82828951631048
83.39557982437239
83.96760872558681
84.76425655527822
80.95996013327522
84.22217103766282
83.60288894112423
83.22018898251335
84.48109420811255
84.54118493371887
83.24619081799361
82.35039804074098
82.68951371588903
83.34446858214422
82.74183070640562
55.7022570521493
56.22748750085616
57.00536236275698
54.50980979011462
55.91556641442377
83.66962986604568
82.63920985473735
85.39798202247596
85.31791302159247
83.6695975031293
83.40261406842941
82.01765550166827
84.07571706256175
84.7044588242348
84.66214217476431
54.79648673089522
53.987841107583904
55.73127769295568
56.029237655696335
56.346414183577785
80.92626724806239
82.03449476484722
83.77803184068
83.97571804990497
83.66582221726304
83.4063124235189
82.74634722664015
83.50609420745167
84.90677953466712
84.77685098368595
81.6849462119428
81.22567288100748
81.29282610030614
82.0823527045842
81.41236049547553
83.55450781522465
82.34145031888542
84.55205428056107
84.06448253923843
83.8913483581857
57.205060756184515
54.77008641381111
53.32821864287305
55.03448125529573
56.60326233904829
81.64516529883285
81.4372915151672
81.02560028286392
82.482829453894
80.72836770014669
85.05139446565977
84.90395599743063
83.50898473070419
83.85452525432282
85.35729457359608
54.865805202718334
56.10920708917644
53.78552038158972
58.043241265028776
53.611251831741185
83.5215992099774
85.16938422642163
83.83902342685748
84.40916290451895
84.97222097317359
80.83949221044362
81.77825030088617
81.8446677624458
83.096054913571
81.97289411126039
55.64920651244181
56.95420375495699
57.65074233802503
56.35190120579499
57.57607401738623
81.51545358005231
82.54360501163622
83.9354258572525
81.7783579977943
80.30535598533932
82.92325588729494
83.0650551057791
83.72669770228713
84.844203909398
83.15359879595412
83.12291454146657
83.69988993304068
83.25875912211944
84.37882285214982
83.91455256923226
82.2493630050191
84.41732121441575
83.47931317048963
84.62579477493743
84.44015867438111
82.70870183586052
83.2167702854125
84.66300510944271
83.25344367997381
82.2661970315332
55.95983649332066
55.15467574701295
54.734398093482035
55.43076793545952
54.46442224738792
84.01364160038844
83.78871190332254
82.52720406792804
84.30247454908087
84.22773242343379
85.0846788225438
84.49990915247135
83.93307209936428
83.46301754488486
83.45228497246057
81.17335827623991
82.85551682711723
81.17162902715624
83.04270886227899
82.09709514265724
84.58230031723721
85.88568005649454
84.73788747306253
84.33756753553135
84.27624050951034
57.362017074934194
58.04666511221644
59.318236481132416
58.42109816141652
57.98826077785353
84.22414853279345
85.32069748145004
82.60376903797956
84.36635096929214
84.57449213748332
84.19590844265305
83.56389218201555
84.47331625996189
82.71553943854752
83.97834015842811
55.47063870726078
53.70755089555995
53.17741381707181
54.35632230620917
55.70214101522281
82.58380072997839
85.08510039350716
83.86120384729786
85.03277662768222
83.79212896005583
54.40009393002209
55.21519229785442
54.88626743433271
55.55927525021152
55.079962068441475
81.1209074444291
83.10561674274993
83.17094520678707
82.59315477060385
83.47933364410022
55.97555450499812
55.38109609151702
57.65758605644791
53.763108524249105
56.28634124908471
56.74183037132548
54.82367634169228
54.81886125834684
54.75798653309603
56.27916360495545
82.47521385893616
82.8527971525709
82.70992924410403
84.35065585363274
83.49375274113306
82.31138066969271
83.21213923626375
84.75998677832447
84.03259039854063
82.76048345120209
82.6777413953786
82.93080836894839
83.54249092311727
84.2768612734676
81.86579752839576
54.98266212208659
55.63485175564915
54.43174208840723
53.43408677296467
52.439316241787324
82.67763182677447
83.51701990026591
83.36508907164354
84.71778845929005
82.39579328468764
84.20537793995761
83.99379451090572
84.43489671002175
83.32715834746081
84.47482234761348
56.896748674668146
54.6678153312484
55.32160405634582
55.25640615151213
55.648406584627466
57.719983285786995
56.277237213995605
56.05188583094085
57.15992671195593
56.46157351203061
82.77180075620181
83.38954396160045
83.17368527843847
82.12756893144304
82.78460654478755
84.59100401860583
84.43635590944474
84.54433522604516
84.43832273809649
82.04821991932018
55.2183709307122
54.95602559959756
58.86049254124987
57.59835580876304
55.676199373684284
83.71958268725356
85.04856887655846
84.18529383737975
84.97864475103103
83.46787834033606
83.92864140833895
85.78320724022082
83.84718692172848
84.58083794562718
85.13582893119688
83.58555143884985
83.90901613799923
83.49209997480031
82.89999141791236
83.89913530339435
55.51586043746185
55.22429669375371
53.07457806863393
55.83620001082109
57.97249829616491
85.33262100551931
84.94492017997615
85.99086672502963
83.00995435592958
85.44440840707809
84.99675893686374
83.31418089729593
84.39399049919412
83.71187164318034
83.71313999302807
83.12821617798994
84.36180448510765
83.90255888695994
82.43201902751795
84.2114652501054
84.24969833162261
84.13250973571495
83.78126940087604
83.56246081589019
84.47815046481396
82.23261467327083
82.26001105216393
81.66536624842175
83.01016325766267
82.04694044774249
83.93664040835985
82.19273775495495
83.30529419377955
83.32337653878497
83.56244245950127
83.26338405845432
84.16343071868197
84.94977576074267
85.11238886804497
84.80670091333343
84.55701679707396
84.99039523229806
85.83796909475642
85.80672636869764
83.65335167597611
84.0592160512082
83.65281292914425
83.67441106850853
82.55138370493475
83.8380805589147
85.62190289137182
84.09162284620727
83.85886355712505
84.26660192497297
83.30922816830176
56.28888622492627
56.54388444620073
56.54507762222694
57.22446357061742
56.33376797156192
84.4918453249008
86.22075133857702
84.77029082822128
85.79205786671851
85.65420383115071
84.93281216679645
83.41954736935683
85.55364344052127
85.24538273639251
84.55545317321929
84.27639404336236
83.64387379575521
83.15975757062922
85.20235217800115
82.56432733337948
58.32543922981199
57.6992667502908
56.92644159973287
54.87990501157197
57.46838787772344
83.6021114380843
85.55293036592155
85.08729212361028
85.42267247583989
84.6891289692552
56.68429749578832
59.082107459740946
57.12425910543402
59.93948621699276
57.734800356823456
81.97518450959747
83.2061933792703
82.38059167444277
82.18223040349945
82.92945309808964
83.31817416528061
83.65192074206125
84.89407061013397
84.9503499926815
85.46147881781366
85.04191745779029
84.99588088871252
84.36315538738734
85.18036639077363
83.78587294793533
84.66940213893423
85.24339591855669
84.93365182487592
83.14631105179319
84.03611183868593
55.493473568484035
55.341395885926424
54.69326421615
54.161987071020796
56.01462500501442
82.72849866520978
82.29729535897671
85.93398853931123
83.4637419617772
85.814813140605
85.1603504920366
85.25955721111825
85.96419538693061
85.22195308197928
82.7657005017686
57.26854521959397
56.4429541533249
58.56052608215675
58.55703642459806
56.22113707594464
82.43108566298817
83.300975651059
82.72640755377587
84.39284474087016
84.17261233976524
82.76273708650466
84.12733540043615
84.70088267385502
84.08649678627053
84.57654145621518
85.79240528067629
85.63359709275403
81.59409986166357
84.92414753619803
83.17617475536026
84.89287684346031
83.71691697733613
83.48307635578415
84.94901164697545
85.10820341839631
56.80827472123019
56.81219862405859
56.61436282164717
54.35983721826884
55.67607028346868
56.91226693446269
57.74425820643606
58.17502439622238
57.78505650438937
59.202970148598844
83.32770554311398
83.49024668142314
83.53099631838617
84.22352680396261
83.99161852013721
84.88852886548767
83.69908411823153
84.96134635257047
85.37527257347452
84.13375966073036
83.50305575317688
83.41893119185332
84.18301173959871
84.40983837548495
84.31037942766925
84.65140076041092
83.77952930414827
84.7199043481194
84.4597241489954
83.87806171316069
83.7699967598753
82.80265635867391
82.7484682962773
83.19506299936423
83.29028356999302
84.40494748431162
83.17286953474141
84.42017032741015
82.34865988051268
84.92442607404502
84.07826026466594
84.87477183799658
84.3704650042481
85.80132567612974
85.31063105565833
82.74369926995551
83.70935151615075
86.16812636757977
85.99340595557862
86.57736577544864
55.60857197806471
54.757300120191914
56.99693433016843
52.18253028097039
55.96658319688648
85.20259452648116
85.33459372512925
83.06519257109589
83.60601379245311
84.3498207650542
84.09421490918639
83.82937072982321
83.40648391987996
85.28124828916684
85.63556815098849
86.02895826752697
84.63703967567982
85.18570079334546
87.27295361488027
87.13134252030417
57.49829225098855
53.95804749230151
57.66445761437271
60.34341962052131
57.27419889385444
54.4906397983326
53.000480291286856
54.64385395500152
55.62571513235491
55.24200150224203
83.76205098639797
83.63397646936947
82.66327877753217
83.70226261637427
83.77595355875899
52.617157815062086
54.58736887450483
52.445525987531326
53.722569424700886
55.7156764175995
83.90566841668294
83.2834574689588
82.65348603792282
83.09539446423229
83.21831565464885
59.00589246228192
56.90264768026947
58.994098220406215
58.69136384512457
57.810503875209754
54.85175349202498
57.60135874264834
56.91981921306183
54.61602077233385
55.90259261685483
86.2527676670925
84.7442500937976
84.88246969748516
85.53524081036583
83.21314356834719
53.24133125171139
55.201585098641324
57.1522802209037
56.37438891698861
55.95165794066626
84.27793285146225
85.4817780325044
84.95090530384648
86.6817430935078
86.45028968808441
83.65172230722362
84.61786543085661
83.91188937283245
83.94127411711361
84.43770781222763
84.56241480458168
84.8835166910304
85.38252130500285
85.50898601107245
85.45046748744316
58.37205628173628
58.62268102185733
56.79052152246546
58.18958754911673
57.48673684152369
84.07594432505127
83.61792123491338
84.9914996886895
84.87668697897324
85.23820451332953
57.98787517744723
56.98818187669104
54.65353907148796
55.027992916019045
55.99580700318971
85.67276097324918
84.70857300858492
86.47908840782144
86.79288890702323
87.05025543242978
83.26359844801348
83.97512181925138
84.78561522095696
84.72665705955244
84.30929347889256
84.18118834408428
83.99730323128752
83.05910188882324
85.51578296541383
86.82331513713986
57.66460103848599
56.58964285826634
57.5890057046761
58.66609208299712
56.3686993512428
85.47135039948805
84.44660529198515
86.26904476011406
83.74106989039116
85.58428637727279
83.62560573500289
83.14129363795952
82.81645047794247
84.07116057075935
84.84188774681076
84.07529060339255
84.56798505667284
84.56897890947666
83.85328555041583
83.73076960746644
54.84690080482557
52.75241045900727
55.078397489626354
55.80388874970918
53.72744805841713
84.68056503576867
84.67348596337642
83.77297391687722
86.49099668556683
84.66002185346078
56.705293594639635
56.996967326468656
57.19026617066213
56.56796146353184
56.134087694464384
85.79141285477272
84.93871775548112
83.64889269789245
83.80510683207754
85.62409453767857
82.97578217233259
82.98242858726309
83.30374971539536
82.67845106310733
84.40289166920508
55.691400158277666
57.320675858731775
54.52226062859547
56.40095529895861
59.70376287401407
84.49059775661348
84.24685310455732
81.68618884753678
83.7603718884381
84.63033735997534
83.53808412090144
84.26103645501122
83.43605395689225
84.51710136599397
85.95467589091069
83.30147078980134
83.77050016476275
84.09501438335684
83.4834626554679
83.17354882917344
57.19503003936409
59.745553765508504
57.909790272793366
57.35486417750828
57.10725772795417
58.64052957579781
57.128248699515666
56.02017575110289
56.79072972143268
57.62614124924975
82.62932512170427
83.9658509903211
85.19923430806973
85.51183985102776
84.01936072976797
84.9925020418435
81.96972126671486
85.50121858539093
84.2261177207593
85.8245707453697
83.7339882207708
84.87343692797373
84.52593007975965
83.93424125026888
83.20128927589244
82.929727292569
82.8183249763388
83.2789261516619
81.92914573676126
83.20412782951483
85.83034945526015
85.53059597516611
84.37113175914081
84.64818194956324
84.09680949095096
56.9993452826171
56.84720211173456
57.68792107841881
58.207634671927416
58.90436286156386
82.82341364015572
84.3681302093424
84.43917442462644
82.34239578922838
85.6208214862061
85.31319919132493
86.02713555529702
83.67207089039668
84.0997428915981
85.52302699814011
84.92090049216746
84.88332808468554
86.82347919868758
84.14300455703172
85.68318659721375
85.96592296592297
85.46712080356997
85.38259056441957
85.72269284260233
84.82137778339255
53.304132628079834
54.28093613803306
54.3650189229059
55.48126463568028
53.26869389860578
84.48873435447621
83.95371295371295
84.30761142353188
85.80643589693364
84.24728540756165
55.09451744047872
54.98455451343044
58.50175888295022
54.75278866875209
55.30191470688428
83.42313901720128
83.40508639305973
84.21302320367572
83.59262647992107
83.18755213896914
85.04716695809813
83.93484901314405
84.82931523500912
85.5610491226114
84.88933844726891
56.60617708083772
56.39479754598416
57.13057517987108
54.86988219942494
56.17958745111224
83.30529120951013
84.16933658298838
82.88369840149258
81.86783004093192
82.6902653735352
84.9754698478204
83.11193412181743
84.34310636573079
83.65491880245395
83.02606567574416
57.11529956772872
56.96130989454451
56.67339777427842
59.795984432862255
57.047240544293665
85.90176088366134
84.24015709357458
84.82789445346005
85.68733114547595
84.76849144478342
82.99985965055029
84.03491176865789
84.29848545120038
84.32727112531826
85.27373280314457
85.23369043171377
84.06342778705246
84.48667482526736
84.30833175450941
83.50498436495103
58.16996426334778
58.48061619113474
56.93571804253847
57.716823649812355
57.07236424433972
54.64503537270658
56.34173445564253
54.41452562788232
54.051460927287984
53.670623216816416
85.70961439132432
82.27687269994962
82.78058241406656
84.86766455728528
85.77389492172775
83.48189842361074
83.90979598311313
84.03488741209544
83.56048305563583
83.01870550390643
85.07776315135212
84.16367823518335
83.35148482799322
85.26414070436456
85.43569441813071
56.61516367596924
56.75188558850145
57.05316352109326
59.11439242809393
57.95541672743387
84.91096926015955
85.28541064132872
84.16691779813952
84.65428168851602
84.80823836664511
83.21925841846483
83.24033704536568
83.11124352786393
83.24241935196925
84.29754312660958
84.36025988115772
83.33120721326452
83.18518765905048
82.53789603492173
84.17497997094331
83.42765816914425
83.39489733494258
82.81586460825564
83.19990529832158
84.71897745820108
84.00241470841614
82.44308099180127
83.86555504872192
83.37619392944009
83.39926868394568
84.28917225374717
84.30774988949554
84.64702748122971
85.5524101338581
86.3070044651969
84.54227384064717
84.62798571529817
82.82355931281785
85.16116164669393
84.20737104968083
52.72315287801118
54.37324329687315
54.01528217621335
50.89142778813973
53.68732860772632
56.58013550243222
56.97858061098879
57.98196629203495
59.76149065932348
57.23302888164915
84.65294327672275
84.24395614440863
84.46994132062005
85.2725877691941
85.56260453843211
54.63407185009896
54.23357876785712
55.80906699057087
54.37986058815033
56.08541472419777
83.6103601751375
84.37376855369234
84.83339665811683
83.61102560084461
85.11731471936282
83.37645928792243
83.94624455814619
83.90943122786625
84.66373390514698
83.79113198463044
56.07402460888997
57.49159316026428
58.49870438859536
57.722061279761874
57.02742414501167
83.43403072106592
85.15807173826941
84.84022962827439
84.38660833975194
85.64673226009258
59.22518364772884
56.16565347673944
54.824131645245885
56.533535636285265
55.950649340822466
86.1232699585879
85.97688894551243
85.41908625892907
85.95466423973211
85.35317593152791
82.29968144480048
83.45557176939649
81.41450578608234
83.06592762300384
81.90330363386448
83.95628127765863
81.76736861038614
84.25743798639002
84.03438389547402
82.1092687577565
55.4266350305604
56.09548071525043
57.39608033031726
56.10579641280118
55.72121595088088
84.92979222492202
83.78744996106272
84.63913298868052
84.87489672879052
85.47725010561399
83.67238980093231
84.92545256247661
83.96202855782518
84.17709612718814
84.13388442111413
58.732927696966755
57.413258360313556
55.72903864764297
56.42452523519855
56.73643014591947
84.27166790368743
84.09538660646066
83.59418007834297
84.15118147312718
84.05202677505606
57.769390296313375
57.229097839618454
