62.68=95.65 100.00 94.44 90.00 18.75 58.33 90.00 45.83 17.65 82.35 69.70 70.00 76.67 45.95 68.97 77.27 71.43 84.00 31.03 50.00 41.18 87.50 80.77 32.00 33.33 66.67 66.67 17.65 50.00 62.50 66.67
55.43=84.00 100.00 75.00 77.27 35.71 45.10 73.08 60.87 20.00 68.42 64.86 60.53 75.00 40.00 40.00 62.50 62.16 88.46 32.61 56.00 18.18 77.78 81.82 25.00 42.42 50.00 56.25 12.50 20.00 58.33 54.55
56.15=88.00 95.24 70.83 70.37 35.71 43.86 77.78 55.56 33.33 83.33 63.16 65.71 80.95 46.67 56.52 53.85 70.00 73.33 30.00 48.48 11.11 74.19 76.92 25.00 54.55 57.14 56.25 0.00 20.00 42.86 80.00
56.91=84.62 95.24 78.26 79.17 41.67 44.64 80.77 55.00 16.67 93.75 56.82 63.64 73.91 50.00 67.74 60.53 64.71 66.67 32.08 48.48 0.00 92.59 78.26 26.92 50.00 69.23 45.45 9.09 9.09 62.50 66.67
56.70=82.14 100.00 76.00 86.36 35.71 47.17 72.41 52.63 0.00 71.43 61.54 67.65 65.22 55.56 53.12 56.76 77.42 75.86 32.73 47.06 0.00 85.71 90.91 20.69 51.85 53.33 56.25 7.69 25.00 63.64 85.71
61.82=100.00 91.67 75.00 69.23 10.71 61.54 95.45 80.95 31.58 65.22 62.16 85.19 64.52 62.07 45.45 69.23 80.00 100.00 39.47 60.00 66.67 78.12 88.46 23.33 47.83 82.35 66.67 30.00 0.00 38.10 45.45
54.71=95.83 88.00 70.83 55.17 5.26 55.81 75.00 60.87 26.67 70.00 73.53 72.73 70.37 36.00 26.67 61.11 64.10 65.38 50.00 68.42 23.53 85.71 75.00 11.76 47.83 59.09 47.62 46.15 0.00 53.85 53.85
57.81=88.46 95.65 69.57 62.50 5.88 41.82 87.50 66.67 25.00 75.00 62.16 77.42 68.97 70.59 38.46 53.66 65.71 84.00 40.00 58.33 8.33 68.75 79.31 26.09 50.00 65.00 52.94 54.55 20.00 57.14 72.73
57.94=100.00 95.65 65.38 57.14 12.50 40.68 86.36 66.67 40.00 84.21 58.97 82.76 62.96 76.19 33.33 58.82 65.79 61.76 48.48 55.56 0.00 75.00 79.31 17.65 55.56 56.52 63.64 50.00 14.29 58.33 72.73
56.85=95.83 95.65 72.73 63.64 3.70 40.68 80.00 72.73 11.11 80.00 58.54 82.14 61.11 80.00 29.17 64.86 62.16 68.97 50.00 56.00 0.00 83.87 77.42 5.56 56.52 70.00 66.67 44.44 16.67 45.45 66.67
92.94=100.00 100.00 100.00 100.00 100.00 100.00 100.00 100.00 100.00 75.00 100.00 66.67 100.00 100.00 100.00 100.00 75.00 100.00 100.00 100.00 75.00 42.86 100.00 80.00 66.67 100.00 100.00 100.00 100.00 100.00 100.00
97.82=100.00 100.00 100.00 100.00 100.00 100.00 100.00 100.00 100.00 80.00 100.00 100.00 100.00 100.00 100.00 85.71 100.00 100.00 100.00 100.00 100.00 100.00 100.00 66.67 100.00 100.00 100.00 100.00 100.00 100.00 100.00
94.80=75.00 100.00 100.00 100.00 100.00 100.00 100.00 75.00 100.00 100.00 100.00 100.00 100.00 100.00 88.89 100.00 100.00 100.00 100.00 100.00 100.00 100.00 100.00 66.67 66.67 66.67 100.00 100.00 100.00 100.00 100.00
97.74=100.00 100.00 100.00 75.00 100.00 100.00 100.00 75.00 100.00 100.00 100.00 100.00 100.00 100.00 80.00 100.00 100.00 100.00 100.00 100.00 100.00 100.00 100.00 100.00 100.00 100.00 100.00 100.00 100.00 100.00 100.00
95.62=100.00 100.00 100.00 100.00 100.00 100.00 100.00 100.00 100.00 100.00 100.00 66.67 100.00 100.00 87.50 100.00 100.00 100.00 100.00 100.00 100.00 100.00 100.00 80.00 50.00 100.00 100.00 100.00 80.00 100.00 100.00
85.01=100.00 100.00 100.00 100.00 100.00 50.00 100.00 100.00 0.00 100.00 100.00 100.00 100.00 80.00 72.73 62.50 100.00 100.00 100.00 50.00 0.00 80.00 100.00 60.00 100.00 100.00 100.00 100.00 100.00 80.00 100.00
89.95=100.00 100.00 100.00 100.00 100.00 42.86 100.00 100.00 100.00 100.00 100.00 66.67 100.00 100.00 85.71 100.00 100.00 100.00 66.67 66.67 0.00 80.00 100.00 80.00 100.00 100.00 100.00 100.00 100.00 100.00 100.00
88.30=100.00 100.00 100.00 100.00 100.00 50.00 100.00 100.00 100.00 100.00 75.00 50.00 80.00 100.00 85.71 100.00 100.00 100.00 100.00 66.67 0.00 100.00 100.00 66.67 100.00 100.00 100.00 100.00 83.33 100.00 80.00
89.68=100.00 100.00 100.00 75.00 100.00 50.00 100.00 100.00 100.00 100.00 100.00 66.67 100.00 80.00 100.00 100.00 75.00 66.67 100.00 100.00 0.00 100.00 100.00 100.00 66.67 100.00 100.00 100.00 100.00 100.00 100.00
89.03=100.00 100.00 100.00 100.00 100.00 50.00 100.00 100.00 100.00 100.00 100.00 66.67 100.00 100.00 100.00 100.00 100.00 100.00 33.33 100.00 0.00 80.00 100.00 100.00 100.00 66.67 100.00 100.00 80.00 83.33 100.00
83.01=100.00 100.00 100.00 100.00 100.00 42.86 100.00 75.00 100.00 100.00 100.00 100.00 100.00 66.67 100.00 75.00 60.00 100.00 66.67 50.00 0.00 57.14 100.00 80.00 0.00 100.00 100.00 100.00 100.00 100.00 100.00
84.78=100.00 100.00 100.00 75.00 100.00 50.00 100.00 100.00 100.00 80.00 75.00 66.67 80.00 100.00 100.00 60.00 100.00 50.00 100.00 100.00 0.00 100.00 100.00 100.00 25.00 66.67 100.00 100.00 100.00 100.00 100.00
87.12=100.00 100.00 100.00 100.00 100.00 50.00 100.00 100.00 100.00 100.00 100.00 100.00 100.00 100.00 87.50 100.00 50.00 66.67 100.00 33.33 0.00 100.00 100.00 80.00 33.33 100.00 100.00 100.00 100.00 100.00 100.00
82.33=100.00 100.00 100.00 75.00 100.00 50.00 100.00 100.00 100.00 100.00 75.00 66.67 100.00 100.00 88.89 100.00 60.00 66.67 50.00 40.00 0.00 80.00 100.00 50.00 50.00 100.00 100.00 100.00 100.00 100.00 100.00
90.86=100.00 100.00 100.00 100.00 100.00 50.00 100.00 100.00 100.00 100.00 100.00 100.00 100.00 100.00 100.00 100.00 50.00 100.00 50.00 100.00 0.00 66.67 100.00 100.00 100.00 100.00 100.00 100.00 100.00 100.00 100.00
62.21=100.00 100.00 100.00 94.44 24.14 37.93 77.27 87.50 0.00 94.12 80.65 80.00 64.71 64.52 25.00 60.53 68.57 95.65 26.00 55.00 0.00 64.52 100.00 23.08 59.09 100.00 100.00 15.79 0.00 30.00 100.00
62.38=88.46 100.00 89.47 73.08 20.00 42.86 84.00 77.27 40.00 84.21 60.98 72.41 69.70 80.00 42.86 66.67 69.70 78.57 33.33 44.00 0.00 65.52 88.46 21.74 61.54 72.73 83.33 25.00 88.89 27.27 81.82
63.90=91.67 100.00 100.00 71.43 23.81 38.33 81.48 77.27 50.00 77.27 65.71 74.19 62.86 80.00 31.03 72.73 65.71 80.00 33.33 57.69 0.00 79.31 80.77 22.73 56.67 75.00 77.78 37.50 66.67 50.00 100.00
62.99=92.00 100.00 100.00 72.41 20.83 46.15 88.00 72.00 36.84 94.44 65.71 62.86 58.82 81.82 28.12 74.07 63.89 88.46 23.26 48.15 0.00 76.92 88.00 30.00 55.17 76.47 83.33 16.67 88.89 28.57 90.91
62.58=88.46 100.00 100.00 75.00 26.32 36.51 87.50 66.67 44.44 80.00 66.67 66.67 60.00 76.19 25.81 80.77 64.52 84.00 34.38 53.57 0.00 86.36 83.33 25.00 59.26 73.68 71.43 20.00 83.33 40.00 80.00
59.56=96.00 95.24 94.44 90.91 21.74 35.94 80.00 55.56 42.86 80.00 53.33 48.89 66.67 66.67 35.71 64.71 64.86 86.36 33.33 69.57 0.00 82.14 85.71 31.58 57.14 62.50 52.94 14.29 27.27 80.00 70.00
59.50=92.00 100.00 85.71 82.61 31.25 41.67 67.86 62.50 16.67 94.12 57.50 57.89 70.97 66.67 48.48 74.19 70.00 77.78 32.65 53.33 0.00 66.67 86.36 26.92 59.26 71.43 66.67 7.69 20.00 55.56 100.00
62.11=92.31 95.24 100.00 90.00 23.53 41.07 81.82 61.90 54.55 80.95 58.54 60.53 81.48 76.19 51.52 67.65 70.97 85.71 32.61 61.29 0.00 78.79 86.36 23.08 53.57 62.50 57.14 10.00 11.11 75.00 100.00
60.43=100.00 100.00 85.71 80.00 25.00 42.86 81.48 60.00 44.44 82.35 58.54 61.11 75.00 70.00 51.61 62.86 65.71 88.46 28.26 80.95 0.00 73.53 89.47 22.58 50.00 60.00 69.23 9.09 0.00 75.00 80.00
60.82=91.67 95.45 94.74 86.36 28.57 37.93 75.00 59.09 54.55 78.95 53.49 62.16 90.00 69.23 51.43 61.11 71.88 81.48 26.53 68.00 0.00 76.67 83.33 29.17 48.48 58.82 57.14 0.00 40.00 66.67 87.50
84.39=100.00 100.00 100.00 100.00 100.00 42.86 100.00 75.00 100.00 100.00 75.00 50.00 100.00 100.00 100.00 100.00 60.00 100.00 50.00 66.67 0.00 80.00 100.00 66.67 50.00 100.00 100.00 100.00 100.00 100.00 100.00
86.08=100.00 100.00 100.00 100.00 75.00 50.00 100.00 100.00 100.00 80.00 100.00 100.00 100.00 100.00 80.00 100.00 60.00 100.00 66.67 66.67 0.00 60.00 100.00 80.00 50.00 100.00 100.00 100.00 100.00 100.00 100.00
88.11=100.00 100.00 100.00 100.00 100.00 50.00 100.00 100.00 100.00 80.00 100.00 66.67 100.00 100.00 88.89 85.71 60.00 100.00 66.67 100.00 0.00 100.00 100.00 100.00 33.33 100.00 100.00 100.00 100.00 100.00 100.00
82.30=100.00 100.00 100.00 100.00 100.00 42.86 100.00 100.00 100.00 100.00 60.00 66.67 100.00 100.00 100.00 100.00 75.00 100.00 66.67 40.00 0.00 100.00 100.00 100.00 25.00 0.00 75.00 100.00 100.00 100.00 100.00
86.04=100.00 100.00 100.00 75.00 100.00 50.00 100.00 100.00 100.00 100.00 75.00 50.00 100.00 100.00 88.89 100.00 75.00 100.00 66.67 66.67 0.00 100.00 100.00 100.00 20.00 100.00 100.00 100.00 100.00 100.00 100.00
90.95=100.00 100.00 100.00 100.00 100.00 42.86 100.00 100.00 100.00 100.00 100.00 66.67 100.00 100.00 77.78 100.00 75.00 100.00 100.00 100.00 0.00 57.14 100.00 100.00 100.00 100.00 100.00 100.00 100.00 100.00 100.00
87.89=100.00 100.00 100.00 100.00 100.00 42.86 100.00 75.00 100.00 80.00 100.00 50.00 100.00 100.00 100.00 100.00 100.00 100.00 50.00 100.00 0.00 80.00 100.00 100.00 100.00 66.67 100.00 100.00 100.00 100.00 80.00
85.31=100.00 100.00 100.00 100.00 100.00 42.86 100.00 100.00 100.00 100.00 100.00 66.67 100.00 100.00 75.00 100.00 100.00 100.00 100.00 50.00 0.00 100.00 100.00 100.00 0.00 66.67 80.00 100.00 80.00 83.33 100.00
91.47=100.00 100.00 100.00 100.00 100.00 60.00 100.00 100.00 100.00 100.00 100.00 66.67 71.43 100.00 87.50 100.00 100.00 100.00 100.00 100.00 0.00 100.00 100.00 100.00 100.00 66.67 100.00 100.00 100.00 83.33 100.00
90.08=100.00 100.00 100.00 75.00 100.00 50.00 100.00 100.00 80.00 100.00 100.00 66.67 100.00 100.00 87.50 100.00 100.00 100.00 100.00 66.67 0.00 100.00 100.00 100.00 100.00 66.67 100.00 100.00 100.00 100.00 100.00
61.33=91.67 100.00 94.74 86.36 30.00 39.06 91.67 61.54 57.14 88.89 52.17 54.55 84.62 63.33 56.67 71.43 67.65 88.00 29.79 68.00 0.00 84.00 78.26 25.00 55.56 45.83 53.85 10.00 20.00 61.54 90.00
61.19=88.00 100.00 90.00 86.96 26.67 42.11 70.97 54.55 36.36 88.89 60.53 67.74 82.14 69.57 48.48 64.71 69.70 80.77 33.33 57.14 0.00 85.71 87.50 17.24 55.56 55.56 69.23 0.00 40.00 87.50 80.00
60.57=100.00 100.00 89.47 83.33 18.75 40.68 81.48 54.55 33.33 88.89 59.52 67.65 70.83 62.50 58.62 58.97 69.70 91.67 28.89 65.38 0.00 81.25 82.61 29.17 50.00 58.82 64.29 11.11 28.57 75.00 72.73
60.73=88.00 100.00 95.00 90.48 33.33 41.38 80.95 56.52 41.67 88.24 57.14 61.11 88.89 64.29 48.48 56.41 68.57 87.50 27.66 62.96 0.00 82.14 86.36 25.00 53.12 52.63 64.29 0.00 28.57 70.00 81.82
59.48=85.19 100.00 100.00 86.96 33.33 38.71 74.07 37.50 40.00 80.00 54.55 61.11 80.00 83.33 51.61 62.16 66.67 82.76 31.91 55.56 0.00 74.19 81.82 30.43 53.33 61.11 53.85 0.00 33.33 77.78 72.73
87.16=100.00 100.00 100.00 75.00 100.00 42.86 100.00 100.00 100.00 100.00 100.00 66.67 100.00 100.00 87.50 100.00 75.00 66.67 100.00 66.67 0.00 100.00 100.00 80.00 66.67 100.00 100.00 100.00 100.00 100.00 75.00
85.21=100.00 100.00 100.00 100.00 100.00 37.50 100.00 100.00 100.00 75.00 100.00 66.67 100.00 80.00 85.71 100.00 75.00 100.00 50.00 66.67 0.00 100.00 100.00 80.00 25.00 100.00 100.00 100.00 100.00 100.00 100.00
86.56=75.00 100.00 100.00 75.00 100.00 50.00 100.00 100.00 100.00 80.00 100.00 100.00 100.00 100.00 100.00 100.00 60.00 66.67 66.67 100.00 0.00 100.00 100.00 80.00 50.00 100.00 80.00 100.00 100.00 100.00 100.00
84.22=75.00 100.00 100.00 100.00 100.00 28.57 100.00 100.00 100.00 100.00 75.00 50.00 100.00 80.00 100.00 85.71 75.00 66.67 100.00 50.00 0.00 100.00 100.00 75.00 100.00 50.00 100.00 100.00 100.00 100.00 100.00
89.05=100.00 100.00 100.00 100.00 100.00 50.00 100.00 100.00 100.00 100.00 100.00 40.00 100.00 80.00 88.89 100.00 75.00 100.00 100.00 66.67 0.00 80.00 100.00 80.00 100.00 100.00 100.00 100.00 100.00 100.00 100.00
87.33=100.00 100.00 100.00 100.00 100.00 33.33 100.00 100.00 100.00 100.00 100.00 50.00 100.00 100.00 57.14 100.00 100.00 100.00 66.67 50.00 0.00 100.00 100.00 66.67 100.00 100.00 100.00 83.33 100.00 100.00 100.00
83.59=100.00 100.00 100.00 100.00 100.00 50.00 100.00 60.00 66.67 75.00 100.00 66.67 100.00 75.00 71.43 100.00 100.00 100.00 66.67 50.00 0.00 80.00 100.00 80.00 66.67 100.00 100.00 100.00 100.00 83.33 100.00
86.70=100.00 100.00 100.00 75.00 100.00 50.00 100.00 100.00 80.00 100.00 100.00 66.67 100.00 100.00 77.78 100.00 100.00 100.00 100.00 50.00 0.00 80.00 100.00 66.67 66.67 100.00 100.00 100.00 100.00 75.00 100.00
87.58=100.00 100.00 100.00 100.00 100.00 50.00 75.00 100.00 80.00 100.00 100.00 100.00 100.00 75.00 100.00 100.00 75.00 100.00 100.00 50.00 0.00 80.00 100.00 80.00 100.00 100.00 100.00 100.00 75.00 100.00 75.00
88.54=100.00 100.00 100.00 100.00 100.00 33.33 100.00 100.00 100.00 100.00 100.00 100.00 85.71 100.00 62.50 100.00 100.00 100.00 100.00 66.67 0.00 100.00 100.00 80.00 33.33 100.00 100.00 100.00 83.33 100.00 100.00
62.44=82.14 95.24 94.74 86.36 25.00 39.34 84.62 66.67 50.00 88.89 57.50 54.76 86.96 64.00 45.95 70.97 74.19 82.14 32.00 60.00 0.00 82.76 90.00 25.00 60.00 60.00 75.00 0.00 28.57 72.73 100.00
62.25=100.00 95.65 90.00 83.33 26.32 41.82 81.48 61.11 30.77 93.75 57.14 65.71 72.00 73.08 48.39 62.86 74.19 78.57 31.25 57.14 0.00 86.21 87.50 25.81 60.00 62.50 60.00 11.11 37.50 85.71 88.89
62.38=88.89 95.00 95.00 83.33 40.00 40.35 80.77 60.71 42.86 88.89 61.54 61.11 80.77 65.22 51.52 62.16 71.88 90.91 28.00 70.83 0.00 80.65 86.36 28.00 45.83 55.56 69.23 8.33 37.50 72.73 90.00
63.00=85.71 95.45 85.71 80.00 44.44 50.00 75.86 50.00 36.36 87.50 55.81 57.89 82.61 81.82 48.72 66.67 71.88 84.62 29.63 60.71 0.00 85.71 90.91 26.92 53.85 55.56 61.54 16.67 42.86 87.50 100.00
63.21=95.83 95.45 85.71 86.96 31.25 40.68 77.78 60.87 45.45 88.89 52.27 63.89 81.82 62.96 58.06 59.46 76.67 88.00 31.37 72.00 0.00 79.31 79.17 30.43 59.09 58.82 64.29 16.67 37.50 90.00 88.89
81.08=100.00 100.00 100.00 100.00 100.00 33.33 100.00 60.00 100.00 100.00 100.00 100.00 83.33 75.00 60.00 80.00 75.00 100.00 100.00 40.00 0.00 80.00 100.00 100.00 66.67 0.00 100.00 100.00 60.00 100.00 100.00
81.05=100.00 100.00 100.00 100.00 100.00 37.50 100.00 42.86 100.00 80.00 100.00 100.00 100.00 80.00 55.56 100.00 60.00 100.00 100.00 40.00 0.00 100.00 100.00 66.67 50.00 0.00 100.00 100.00 100.00 100.00 100.00
86.88=100.00 100.00 100.00 100.00 100.00 50.00 100.00 75.00 80.00 100.00 100.00 100.00 100.00 75.00 66.67 100.00 66.67 100.00 100.00 100.00 0.00 75.00 83.33 80.00 100.00 66.67 100.00 100.00 75.00 100.00 100.00
77.32=100.00 100.00 100.00 100.00 100.00 25.00 100.00 42.86 100.00 80.00 100.00 66.67 100.00 80.00 62.50 100.00 75.00 100.00 66.67 40.00 0.00 100.00 83.33 60.00 40.00 0.00 100.00 100.00 75.00 100.00 100.00
77.00=100.00 100.00 100.00 100.00 100.00 25.00 75.00 40.00 80.00 100.00 100.00 50.00 80.00 100.00 57.14 100.00 60.00 100.00 100.00 50.00 0.00 80.00 80.00 80.00 50.00 0.00 100.00 100.00 80.00 100.00 100.00
63.32=100.00 95.45 90.48 83.33 53.85 36.36 84.62 59.09 61.11 71.43 69.44 57.14 65.62 71.88 16.00 75.86 71.88 92.31 35.29 64.00 0.00 76.67 82.61 29.41 64.00 80.95 66.67 6.67 85.71 33.33 81.82
64.12=95.83 100.00 100.00 71.43 37.50 41.51 84.62 64.00 40.00 88.24 64.10 70.00 62.86 76.92 25.00 65.62 77.42 84.62 25.71 51.72 0.00 76.67 84.00 35.29 48.48 70.00 75.00 33.33 77.78 60.00 100.00
64.28=95.83 100.00 90.00 85.71 42.86 38.71 84.62 79.17 36.84 80.00 64.10 68.75 64.10 83.33 29.03 73.33 77.42 83.33 26.47 60.71 0.00 85.19 81.48 31.58 60.00 71.43 82.35 16.67 72.73 55.56 71.43
66.87=88.89 100.00 94.74 75.00 33.33 43.40 78.57 73.91 58.82 78.95 66.67 72.41 63.64 78.57 32.43 75.86 75.86 92.31 31.58 57.14 0.00 70.59 95.45 33.33 60.71 77.78 83.33 22.22 90.00 85.71 81.82
65.23=92.31 100.00 90.00 80.00 33.33 42.11 84.00 72.00 26.09 73.91 71.43 65.62 73.33 91.67 31.03 76.67 82.14 88.89 32.35 55.17 0.00 77.42 90.91 27.27 53.57 78.95 76.19 12.50 90.00 71.43 81.82
81.76=100.00 100.00 100.00 75.00 100.00 25.00 100.00 50.00 75.00 100.00 100.00 50.00 100.00 100.00 44.44 100.00 100.00 100.00 66.67 40.00 0.00 100.00 100.00 75.00 66.67 100.00 100.00 100.00 66.67 100.00 100.00
79.06=100.00 100.00 100.00 100.00 100.00 37.50 100.00 50.00 100.00 100.00 100.00 66.67 100.00 100.00 50.00 100.00 100.00 100.00 66.67 40.00 0.00 100.00 100.00 60.00 66.67 0.00 100.00 100.00 33.33 100.00 80.00
84.69=100.00 100.00 100.00 100.00 100.00 42.86 100.00 50.00 100.00 75.00 100.00 66.67 100.00 66.67 85.71 100.00 100.00 66.67 66.67 100.00 0.00 75.00 100.00 100.00 100.00 50.00 80.00 100.00 100.00 100.00 100.00
84.13=100.00 100.00 100.00 100.00 100.00 37.50 100.00 60.00 100.00 100.00 100.00 100.00 100.00 100.00 55.56 100.00 75.00 100.00 100.00 33.33 0.00 100.00 100.00 80.00 66.67 0.00 100.00 100.00 100.00 100.00 100.00
78.56=100.00 100.00 100.00 100.00 100.00 42.86 75.00 50.00 75.00 66.67 75.00 100.00 100.00 100.00 62.50 100.00 75.00 100.00 66.67 33.33 0.00 100.00 83.33 80.00 50.00 0.00 100.00 100.00 100.00 100.00 100.00
81.56=100.00 100.00 100.00 100.00 100.00 33.33 100.00 100.00 75.00 100.00 75.00 50.00 100.00 100.00 75.00 75.00 60.00 100.00 50.00 50.00 0.00 100.00 100.00 80.00 25.00 100.00 100.00 80.00 100.00 100.00 100.00
91.18=100.00 100.00 100.00 75.00 100.00 50.00 100.00 100.00 100.00 100.00 100.00 100.00 100.00 100.00 100.00 75.00 60.00 100.00 66.67 100.00 0.00 100.00 100.00 100.00 100.00 100.00 100.00 100.00 100.00 100.00 100.00
85.91=100.00 100.00 100.00 75.00 100.00 50.00 100.00 75.00 100.00 100.00 100.00 100.00 85.71 100.00 87.50 100.00 75.00 100.00 66.67 40.00 0.00 100.00 100.00 75.00 33.33 100.00 100.00 100.00 100.00 100.00 100.00
82.58=100.00 100.00 100.00 100.00 100.00 37.50 100.00 66.67 100.00 100.00 100.00 66.67 83.33 100.00 85.71 100.00 75.00 66.67 50.00 33.33 0.00 100.00 100.00 75.00 20.00 100.00 100.00 100.00 100.00 100.00 100.00
87.16=100.00 100.00 100.00 100.00 100.00 42.86 75.00 100.00 75.00 100.00 100.00 100.00 100.00 80.00 87.50 100.00 75.00 100.00 50.00 100.00 0.00 100.00 100.00 100.00 50.00 66.67 100.00 100.00 100.00 100.00 100.00
61.42=96.00 95.45 81.82 90.48 30.77 38.10 74.07 60.00 40.00 93.33 58.97 46.81 95.00 69.57 45.16 66.67 63.89 92.00 31.82 56.67 0.00 73.53 81.82 30.00 57.69 57.89 60.00 0.00 33.33 100.00 83.33
61.46=92.00 100.00 85.71 77.27 23.53 44.23 86.96 65.22 26.67 84.21 57.50 58.33 81.48 71.43 51.35 64.71 80.00 91.67 34.09 60.71 0.00 81.25 81.82 28.57 48.00 57.89 64.29 9.09 42.86 72.73 81.82
60.44=85.71 100.00 90.00 90.48 21.43 42.86 82.61 50.00 40.00 84.21 53.49 57.89 70.00 71.43 53.33 73.33 67.65 88.46 30.00 53.12 0.00 85.71 86.96 26.09 48.39 66.67 61.54 12.50 23.08 66.67 90.00
62.23=95.83 95.45 85.71 86.36 31.25 42.59 75.86 47.06 50.00 88.89 67.65 71.88 81.48 72.00 52.63 66.67 74.29 90.48 27.08 53.12 0.00 89.29 86.96 21.43 50.00 61.11 63.64 9.09 42.86 66.67 81.82
61.98=88.89 100.00 90.00 83.33 31.25 45.10 81.82 63.64 28.57 78.95 54.55 70.00 73.33 72.00 54.05 68.75 67.74 84.62 32.61 70.83 0.00 77.42 85.00 26.92 54.84 50.00 62.50 8.33 40.00 88.89 87.50
86.01=100.00 100.00 100.00 100.00 80.00 42.86 100.00 100.00 80.00 75.00 100.00 100.00 100.00 75.00 75.00 100.00 75.00 100.00 100.00 66.67 0.00 75.00 100.00 100.00 66.67 100.00 100.00 80.00 75.00 100.00 100.00
84.23=100.00 100.00 100.00 100.00 100.00 42.86 100.00 100.00 100.00 80.00 75.00 40.00 100.00 100.00 66.67 100.00 66.67 100.00 100.00 66.67 0.00 80.00 100.00 80.00 66.67 66.67 100.00 100.00 100.00 80.00 100.00
81.45=75.00 100.00 100.00 100.00 100.00 42.86 100.00 75.00 100.00 100.00 75.00 50.00 100.00 100.00 75.00 100.00 100.00 100.00 66.67 66.67 0.00 57.14 100.00 66.67 33.33 66.67 100.00 100.00 100.00 100.00 75.00
86.85=100.00 100.00 100.00 100.00 100.00 37.50 100.00 100.00 100.00 100.00 100.00 40.00 100.00 100.00 71.43 100.00 100.00 66.67 100.00 100.00 0.00 80.00 100.00 100.00 66.67 66.67 100.00 100.00 80.00 83.33 100.00
88.51=100.00 100.00 100.00 100.00 100.00 42.86 100.00 100.00 100.00 100.00 75.00 66.67 100.00 100.00 87.50 100.00 75.00 66.67 100.00 100.00 0.00 100.00 100.00 80.00 50.00 100.00 100.00 100.00 100.00 100.00 100.00
82.33=100.00 100.00 100.00 100.00 100.00 14.29 100.00 60.00 100.00 100.00 100.00 50.00 100.00 66.67 50.00 80.00 75.00 100.00 100.00 100.00 0.00 80.00 71.43 80.00 50.00 100.00 100.00 100.00 75.00 100.00 100.00
80.48=60.00 100.00 100.00 75.00 100.00 25.00 100.00 60.00 66.67 80.00 100.00 50.00 83.33 100.00 66.67 100.00 75.00 100.00 100.00 66.67 0.00 60.00 100.00 80.00 66.67 100.00 100.00 80.00 100.00 100.00 100.00
78.95=75.00 100.00 100.00 100.00 100.00 37.50 75.00 66.67 100.00 80.00 100.00 66.67 100.00 100.00 50.00 100.00 60.00 100.00 66.67 40.00 0.00 100.00 100.00 80.00 50.00 0.00 100.00 100.00 100.00 100.00 100.00
81.28=100.00 100.00 100.00 100.00 100.00 37.50 100.00 60.00 100.00 80.00 100.00 100.00 71.43 100.00 62.50 80.00 60.00 100.00 100.00 66.67 0.00 60.00 75.00 66.67 33.33 100.00 100.00 100.00 66.67 100.00 100.00
82.13=100.00 100.00 100.00 75.00 100.00 50.00 100.00 42.86 100.00 80.00 100.00 100.00 100.00 100.00 61.54 100.00 75.00 100.00 100.00 40.00 0.00 75.00 100.00 80.00 66.67 0.00 100.00 100.00 100.00 100.00 100.00
61.97=92.31 100.00 94.12 90.91 30.77 42.86 76.92 63.16 40.00 88.24 57.50 45.83 81.82 58.62 47.22 59.46 70.59 79.31 32.00 64.00 0.00 85.71 86.36 29.17 50.00 91.67 50.00 0.00 50.00 87.50 75.00
62.89=85.19 95.00 94.74 95.00 25.00 38.46 76.67 56.52 46.15 94.12 60.00 57.89 82.61 70.37 53.12 69.70 67.65 87.50 29.63 77.27 0.00 74.29 79.17 23.08 48.15 61.11 83.33 11.11 16.67 90.00 100.00
60.00=91.67 100.00 89.47 87.50 23.08 42.59 88.00 54.55 23.08 76.19 64.86 61.76 71.88 67.86 51.52 75.00 70.59 85.19 31.91 70.83 0.00 80.00 82.61 25.00 57.69 47.62 61.54 9.09 14.29 54.55 100.00
62.38=95.45 95.45 90.00 82.61 21.05 39.34 90.91 56.52 29.41 94.12 55.56 64.71 77.78 68.18 46.88 65.71 79.31 91.67 30.43 61.54 0.00 78.12 86.36 26.09 57.14 50.00 64.29 12.50 50.00 72.73 100.00
63.81=88.00 100.00 90.00 90.91 35.71 45.10 84.62 60.00 33.33 94.12 53.33 60.00 80.00 69.57 55.88 63.89 77.42 88.00 31.82 81.82 0.00 80.65 86.36 25.00 50.00 64.71 53.33 8.33 44.44 100.00 81.82
62.84=91.67 95.24 86.36 83.33 46.15 40.00 75.86 66.67 37.50 75.00 66.67 65.71 57.89 73.33 35.71 83.33 67.65 88.46 26.19 80.00 0.00 69.70 86.36 33.33 50.00 84.21 78.95 28.57 50.00 33.33 90.91
66.27=95.65 100.00 100.00 75.00 43.75 40.35 82.14 78.26 52.63 85.00 65.00 67.74 62.86 84.62 33.33 71.88 74.19 95.83 34.29 71.43 0.00 82.76 90.00 26.92 50.00 80.95 66.67 12.50 66.67 75.00 88.89
64.97=95.83 100.00 94.74 80.00 33.33 36.51 78.57 68.00 44.44 76.19 63.89 76.67 61.54 77.78 24.14 80.77 75.00 88.46 32.43 59.26 0.00 71.88 90.48 30.00 50.00 72.22 88.24 28.57 72.73 62.50 100.00
65.85=92.31 95.65 90.00 80.00 22.22 41.07 81.48 74.07 40.91 70.00 66.67 68.75 66.67 84.00 30.00 88.00 86.21 88.46 35.29 64.00 0.00 82.76 87.50 35.00 53.57 76.19 78.95 25.00 80.00 66.67 90.00
64.41=91.30 100.00 95.00 87.50 20.00 39.29 84.00 72.00 30.77 83.33 71.43 63.89 67.65 81.48 33.33 84.00 71.88 92.00 28.95 69.23 0.00 77.42 84.62 29.41 48.00 73.91 78.95 25.00 100.00 50.00 62.50
62.40=88.46 100.00 81.82 90.91 41.67 38.98 87.50 60.87 45.45 88.89 59.52 46.81 75.00 64.00 53.33 61.76 73.53 84.62 31.25 61.54 0.00 75.76 86.36 31.58 70.00 58.82 69.23 0.00 25.00 100.00 81.82
61.92=91.67 100.00 94.74 79.17 26.67 40.98 88.00 60.00 41.67 85.00 54.55 63.89 74.07 75.00 65.52 68.57 70.59 95.65 23.26 62.96 0.00 80.00 82.61 23.08 62.96 61.11 64.29 10.00 11.11 87.50 75.00
61.88=100.00 100.00 78.26 83.33 27.78 46.15 78.57 73.68 25.00 87.50 61.54 62.86 75.00 66.67 53.12 65.71 71.88 84.00 27.08 64.29 0.00 77.42 86.96 24.14 51.85 68.75 64.29 10.00 42.86 81.82 77.78
62.39=84.62 91.67 94.74 83.33 30.77 39.29 84.62 57.89 41.67 80.00 58.54 64.71 76.92 71.43 48.65 68.75 70.59 92.31 26.67 62.96 0.00 86.21 86.36 25.00 46.88 52.94 64.29 9.09 33.33 100.00 100.00
63.00=91.67 95.24 94.44 82.61 23.53 47.06 86.96 65.38 46.67 83.33 54.76 63.89 82.61 68.97 58.33 63.16 75.00 92.00 33.33 72.00 0.00 69.70 81.82 33.33 53.57 66.67 69.23 7.14 42.86 75.00 72.73
81.13=100.00 100.00 100.00 100.00 66.67 40.00 100.00 20.00 100.00 80.00 100.00 100.00 100.00 80.00 80.00 100.00 60.00 66.67 66.67 66.67 0.00 75.00 100.00 80.00 100.00 66.67 100.00 100.00 66.67 100.00 100.00
83.97=100.00 100.00 100.00 100.00 100.00 33.33 100.00 66.67 75.00 75.00 100.00 66.67 100.00 66.67 71.43 83.33 100.00 100.00 100.00 50.00 0.00 60.00 80.00 75.00 100.00 100.00 100.00 100.00 100.00 100.00 100.00
87.09=100.00 100.00 100.00 100.00 100.00 37.50 100.00 60.00 75.00 100.00 100.00 100.00 100.00 60.00 71.43 100.00 66.67 100.00 100.00 100.00 0.00 100.00 85.71 80.00 100.00 100.00 100.00 83.33 80.00 100.00 100.00
78.42=75.00 100.00 100.00 75.00 100.00 28.57 100.00 60.00 75.00 80.00 60.00 50.00 100.00 100.00 62.50 80.00 100.00 100.00 100.00 66.67 0.00 66.67 100.00 66.67 100.00 50.00 100.00 100.00 60.00 100.00 75.00
83.40=75.00 100.00 100.00 100.00 100.00 33.33 100.00 50.00 100.00 80.00 100.00 100.00 100.00 80.00 57.14 100.00 60.00 100.00 100.00 50.00 0.00 75.00 75.00 100.00 50.00 100.00 100.00 100.00 100.00 100.00 100.00
60.52=95.83 100.00 94.44 81.82 28.57 32.86 81.48 80.95 30.77 72.22 64.86 65.71 51.43 73.91 44.83 62.86 75.00 85.19 36.36 84.21 0.00 71.88 88.00 5.88 45.16 53.85 47.37 0.00 60.00 75.00 85.71
61.34=96.00 100.00 100.00 68.97 16.67 42.86 87.50 94.44 44.44 84.21 60.98 74.19 66.67 69.23 38.71 59.46 79.31 83.33 35.29 55.56 0.00 83.33 86.21 5.88 52.00 65.22 71.43 0.00 21.43 75.00 83.33
60.51=92.00 100.00 80.95 74.07 10.00 44.44 87.50 85.71 26.67 86.67 58.54 75.00 59.38 68.97 50.00 58.97 80.65 91.30 36.11 62.07 0.00 75.76 89.29 16.67 58.62 58.33 55.56 20.00 0.00 81.82 90.91
61.27=100.00 100.00 89.47 63.33 14.29 40.00 81.48 80.95 50.00 87.50 58.14 92.00 70.97 67.86 40.00 60.53 82.76 100.00 33.33 59.26 0.00 80.65 82.14 8.33 55.56 54.17 52.63 18.18 36.36 66.67 72.73
61.89=88.46 100.00 89.47 63.33 9.09 42.11 91.30 84.00 47.62 78.95 61.90 82.14 68.97 75.00 48.00 56.10 79.31 90.48 31.58 51.61 0.00 86.21 86.21 5.56 56.00 61.90 64.29 0.00 50.00 80.00 88.89
82.85=75.00 100.00 100.00 100.00 100.00 50.00 100.00 100.00 100.00 80.00 100.00 50.00 100.00 100.00 100.00 100.00 50.00 100.00 100.00 25.00 0.00 75.00 100.00 80.00 33.33 50.00 100.00 100.00 100.00 100.00 100.00
87.32=100.00 100.00 100.00 100.00 100.00 42.86 100.00 100.00 100.00 100.00 100.00 66.67 100.00 100.00 87.50 100.00 60.00 100.00 50.00 50.00 0.00 100.00 100.00 100.00 50.00 100.00 100.00 100.00 100.00 100.00 100.00
85.66=100.00 100.00 100.00 100.00 100.00 42.86 100.00 100.00 100.00 80.00 100.00 100.00 100.00 100.00 87.50 100.00 75.00 100.00 50.00 40.00 0.00 100.00 100.00 80.00 0.00 100.00 100.00 100.00 100.00 100.00 100.00
86.44=100.00 100.00 100.00 75.00 100.00 60.00 100.00 100.00 100.00 100.00 60.00 66.67 100.00 80.00 85.71 85.71 60.00 100.00 66.67 40.00 0.00 100.00 100.00 100.00 100.00 100.00 100.00 100.00 100.00 100.00 100.00
83.10=100.00 100.00 100.00 100.00 100.00 42.86 100.00 100.00 100.00 100.00 100.00 100.00 80.00 80.00 71.43 75.00 60.00 100.00 50.00 50.00 0.00 66.67 100.00 66.67 33.33 100.00 100.00 100.00 100.00 100.00 100.00
64.60=95.65 100.00 86.36 90.48 35.71 38.33 88.00 64.00 44.44 75.00 73.53 57.50 57.14 67.74 24.14 95.45 69.70 91.30 33.33 85.00 0.00 69.70 86.96 37.50 52.00 69.57 75.00 9.09 83.33 80.00 66.67
67.51=88.46 95.45 100.00 83.33 50.00 46.00 84.62 72.41 47.62 80.00 62.86 68.75 66.67 76.92 37.50 76.67 79.31 91.30 29.41 60.00 0.00 76.67 90.91 30.43 59.26 75.00 66.67 22.22 83.33 100.00 90.91
65.51=92.31 100.00 89.47 86.96 35.29 37.50 84.62 65.52 38.89 85.00 71.43 67.74 62.86 79.17 30.00 75.00 70.97 95.83 36.36 57.69 0.00 78.12 88.46 40.00 57.69 72.73 87.50 22.22 71.43 66.67 83.33
64.42=84.62 100.00 89.47 82.61 40.00 41.07 86.96 58.62 33.33 80.95 63.16 58.82 60.53 84.00 29.63 75.00 72.73 95.65 31.43 56.25 0.00 78.57 88.46 41.18 60.00 73.68 81.25 22.22 83.33 63.64 80.00
68.41=88.89 100.00 95.00 76.92 41.18 37.10 82.14 76.92 40.91 89.47 68.42 75.86 68.57 84.00 26.67 80.77 88.89 91.67 31.43 68.00 0.00 72.73 88.00 37.50 50.00 80.00 93.33 25.00 71.43 90.00 100.00
89.27=100.00 100.00 100.00 100.00 100.00 37.50 100.00 100.00 100.00 100.00 100.00 66.67 100.00 100.00 100.00 100.00 100.00 66.67 100.00 66.67 0.00 80.00 100.00 100.00 66.67 100.00 100.00 100.00 100.00 83.33 100.00
85.99=100.00 100.00 100.00 75.00 100.00 37.50 100.00 100.00 100.00 100.00 75.00 66.67 100.00 75.00 71.43 100.00 75.00 100.00 100.00 100.00 0.00 100.00 100.00 80.00 50.00 100.00 100.00 100.00 100.00 80.00 80.00
90.68=100.00 100.00 100.00 100.00 100.00 42.86 100.00 100.00 100.00 100.00 100.00 100.00 100.00 100.00 66.67 100.00 75.00 100.00 100.00 100.00 0.00 80.00 100.00 66.67 100.00 100.00 100.00 100.00 100.00 100.00 80.00
87.83=100.00 100.00 100.00 100.00 100.00 42.86 100.00 100.00 100.00 100.00 100.00 50.00 100.00 100.00 75.00 100.00 75.00 100.00 66.67 66.67 0.00 100.00 100.00 66.67 100.00 100.00 100.00 100.00 100.00 80.00 100.00
90.32=75.00 100.00 100.00 100.00 100.00 50.00 75.00 100.00 100.00 100.00 100.00 50.00 100.00 100.00 100.00 100.00 100.00 100.00 100.00 100.00 0.00 66.67 100.00 100.00 100.00 100.00 100.00 100.00 100.00 83.33 100.00
64.82=95.65 100.00 100.00 80.00 57.14 41.07 88.00 66.67 44.44 80.00 68.57 57.50 61.11 75.86 23.08 73.08 71.88 88.46 27.03 66.67 0.00 76.67 86.96 26.32 53.57 77.27 76.47 7.69 81.82 77.78 78.57
65.59=91.67 100.00 95.00 71.43 29.41 38.89 84.62 73.08 39.13 78.95 69.44 66.67 56.76 88.00 26.47 61.76 77.42 95.83 25.00 70.83 0.00 75.86 83.33 38.89 56.00 88.24 75.00 22.22 81.82 71.43 100.00
65.30=96.00 100.00 94.74 77.78 29.41 40.68 77.78 74.07 40.00 94.44 66.67 63.89 61.11 90.91 28.00 68.97 75.00 90.91 21.62 65.38 0.00 79.31 85.19 27.78 51.72 81.25 87.50 22.22 76.92 80.00 75.00
65.90=100.00 100.00 95.00 86.36 27.78 39.34 88.46 73.08 40.00 66.67 66.67 70.97 57.14 76.92 25.93 79.31 75.86 88.00 31.43 65.38 0.00 80.77 83.33 28.57 53.57 84.21 83.33 33.33 81.82 77.78 81.82
67.31=100.00 100.00 100.00 79.17 31.58 37.93 85.19 68.00 55.56 94.74 64.86 68.75 64.71 80.00 22.22 63.33 79.31 91.67 25.00 60.71 0.00 82.76 86.96 26.09 54.84 83.33 83.33 27.27 100.00 87.50 81.82
60.34=88.89 95.65 94.44 70.37 12.50 33.82 84.00 70.00 58.33 83.33 62.16 68.75 58.82 70.37 33.33 68.75 78.57 86.96 34.38 69.57 0.00 89.66 82.76 18.18 58.33 45.16 55.00 0.00 50.00 66.67 81.82
61.01=92.31 100.00 94.44 65.52 18.18 42.86 87.50 87.50 37.50 76.47 60.00 88.00 61.76 64.29 48.39 61.76 83.33 78.26 37.50 59.38 0.00 78.79 80.77 9.09 57.14 60.87 73.33 9.09 50.00 54.55 72.73
60.70=92.31 95.65 89.47 56.67 11.76 40.68 87.50 85.71 55.56 86.67 59.52 88.00 64.29 66.67 29.03 61.11 85.71 91.30 32.35 54.55 0.00 76.47 88.00 5.88 55.56 63.64 50.00 9.09 42.86 66.67 88.89
60.18=92.31 100.00 94.44 71.43 16.67 40.38 81.48 80.00 41.18 83.33 60.53 79.31 55.26 68.00 39.39 73.33 75.76 84.62 37.50 62.96 0.00 83.87 83.33 10.53 56.00 57.69 64.29 0.00 30.00 72.73 69.23
60.29=96.00 91.67 90.00 68.97 36.36 40.68 86.36 94.44 22.22 76.19 64.10 76.67 59.46 75.00 37.04 63.64 88.89 91.67 26.32 60.00 0.00 86.21 85.19 8.70 60.87 61.90 58.82 9.09 25.00 58.33 69.23
83.41=100.00 100.00 100.00 100.00 100.00 50.00 100.00 100.00 100.00 80.00 75.00 50.00 100.00 80.00 85.71 100.00 50.00 100.00 66.67 40.00 0.00 75.00 100.00 100.00 50.00 100.00 100.00 83.33 100.00 100.00 100.00
87.90=100.00 100.00 100.00 100.00 100.00 42.86 100.00 100.00 100.00 100.00 100.00 100.00 85.71 100.00 100.00 100.00 75.00 100.00 50.00 66.67 0.00 100.00 100.00 100.00 33.33 100.00 100.00 100.00 71.43 100.00 100.00
86.48=100.00 100.00 100.00 100.00 100.00 37.50 100.00 100.00 100.00 100.00 75.00 66.67 100.00 66.67 100.00 100.00 75.00 100.00 66.67 50.00 0.00 80.00 83.33 80.00 100.00 100.00 100.00 100.00 100.00 100.00 100.00
81.83=100.00 100.00 100.00 100.00 75.00 50.00 100.00 100.00 80.00 80.00 75.00 66.67 75.00 100.00 100.00 83.33 50.00 100.00 66.67 100.00 0.00 75.00 100.00 60.00 50.00 50.00 100.00 100.00 100.00 100.00 100.00
86.71=100.00 100.00 100.00 100.00 100.00 42.86 100.00 100.00 100.00 80.00 75.00 100.00 100.00 100.00 75.00 100.00 60.00 100.00 33.33 66.67 0.00 75.00 100.00 100.00 100.00 100.00 100.00 100.00 100.00 80.00 100.00
64.37=95.83 100.00 100.00 76.92 41.18 36.51 92.00 81.82 30.00 89.47 67.65 64.71 62.50 72.41 26.09 80.00 77.42 92.00 31.25 66.67 0.00 72.73 76.92 18.75 51.72 68.18 78.95 12.50 55.56 85.71 90.00
66.36=91.67 100.00 95.00 84.00 40.00 36.92 88.00 69.23 39.13 94.44 65.71 73.33 55.81 86.96 13.64 91.30 77.42 84.62 35.29 62.50 0.00 77.42 85.19 33.33 56.67 80.00 93.75 18.18 80.00 72.73 75.00
66.12=96.00 100.00 100.00 87.50 42.86 38.71 91.67 68.97 26.09 73.68 59.46 76.67 53.19 80.00 28.00 90.91 73.33 88.46 25.00 70.83 0.00 82.14 91.67 46.15 56.67 85.00 76.47 8.33 81.82 60.00 90.00
65.85=88.46 100.00 100.00 80.77 44.44 40.00 82.14 61.29 22.73 89.47 70.97 72.73 57.14 82.14 23.08 78.57 82.76 87.50 28.57 66.67 0.00 77.42 85.19 33.33 57.14 76.19 80.00 20.00 100.00 62.50 90.00
67.42=91.67 100.00 100.00 76.92 50.00 36.92 91.67 67.86 40.00 100.00 64.86 74.19 58.54 84.00 20.00 91.67 81.48 92.00 22.86 69.57 0.00 80.00 91.30 37.50 50.00 84.21 82.35 22.22 76.92 66.67 84.62
60.58=96.00 87.50 89.47 68.97 15.38 40.68 87.50 77.78 47.06 78.95 57.50 63.89 53.85 81.82 36.00 81.48 85.19 95.65 33.33 62.96 0.00 86.67 82.76 5.26 55.00 51.61 58.82 0.00 50.00 70.00 76.92
59.51=100.00 95.24 94.74 63.33 11.11 35.59 91.67 88.89 41.18 66.67 63.16 82.14 56.25 76.00 33.33 59.46 88.89 91.30 37.50 53.12 0.00 76.47 78.57 9.52 52.38 60.87 53.33 9.09 25.00 66.67 83.33
61.81=92.00 95.65 94.74 71.43 14.29 43.64 84.62 81.82 31.58 89.47 71.43 76.67 64.71 76.00 34.62 62.16 78.12 91.67 34.38 56.67 0.00 83.87 85.71 10.53 66.67 66.67 68.75 7.69 31.25 77.78 71.43
61.64=100.00 95.65 100.00 61.29 20.00 40.35 84.00 85.00 30.77 83.33 57.14 92.00 61.76 77.78 33.33 64.71 86.21 85.19 37.93 56.25 0.00 72.22 88.46 10.53 71.43 50.00 62.50 7.14 35.71 70.00 90.00
61.87=100.00 100.00 80.00 58.82 28.57 40.74 84.00 89.47 31.58 80.00 55.81 82.14 58.97 77.78 40.00 73.33 80.00 88.00 38.46 66.67 0.00 85.71 86.21 19.05 61.54 53.85 58.82 5.88 40.00 63.64 88.89
59.56=95.83 95.65 85.71 90.91 26.67 38.10 84.00 56.52 46.15 84.21 57.14 56.10 73.33 71.43 43.33 64.52 68.75 87.50 28.95 61.29 0.00 78.12 83.33 30.43 52.17 52.63 72.73 0.00 0.00 85.71 75.00
61.62=100.00 95.24 94.74 83.33 21.05 39.29 75.00 59.09 25.00 88.24 56.41 57.89 65.71 68.97 40.00 78.57 71.88 92.00 26.09 69.23 0.00 77.42 86.96 25.00 56.00 55.56 75.00 7.69 40.00 90.00 88.89
62.80=92.31 100.00 90.00 90.91 31.25 39.66 83.33 68.00 26.32 84.21 55.81 61.76 80.77 75.00 45.16 68.57 71.88 95.83 27.27 75.00 0.00 83.87 85.71 23.81 45.45 50.00 69.23 6.67 57.14 80.00 81.82
62.00=79.31 95.45 89.47 83.33 15.00 40.00 84.00 66.67 30.77 87.50 58.97 60.00 68.75 77.27 41.18 65.62 68.57 100.00 31.82 78.26 0.00 82.76 86.36 25.00 58.33 55.56 69.23 16.67 27.27 88.89 90.00
61.77=88.46 95.24 90.00 90.91 20.00 35.38 68.97 57.14 33.33 84.21 62.86 64.71 69.23 76.19 45.16 59.46 75.00 95.45 25.00 73.91 0.00 86.67 86.36 26.32 55.56 50.00 75.00 8.33 25.00 90.91 100.00
80.88=100.00 100.00 100.00 100.00 100.00 50.00 75.00 100.00 100.00 80.00 75.00 50.00 80.00 100.00 66.67 85.71 75.00 100.00 66.67 66.67 0.00 60.00 80.00 80.00 50.00 100.00 100.00 100.00 66.67 100.00 100.00
80.89=75.00 100.00 100.00 100.00 80.00 37.50 75.00 75.00 75.00 100.00 100.00 100.00 80.00 100.00 66.67 83.33 60.00 100.00 50.00 66.67 0.00 100.00 100.00 50.00 33.33 100.00 100.00 100.00 100.00 100.00 100.00
86.99=100.00 100.00 100.00 75.00 100.00 42.86 100.00 100.00 100.00 80.00 100.00 100.00 85.71 100.00 85.71 85.71 75.00 100.00 100.00 66.67 0.00 100.00 100.00 100.00 50.00 66.67 100.00 100.00 100.00 83.33 100.00
83.46=100.00 100.00 100.00 60.00 100.00 33.33 100.00 75.00 100.00 100.00 100.00 66.67 100.00 100.00 100.00 100.00 75.00 100.00 50.00 50.00 0.00 100.00 100.00 75.00 50.00 66.67 100.00 85.71 100.00 100.00 100.00
83.64=100.00 100.00 100.00 75.00 100.00 42.86 100.00 100.00 100.00 100.00 100.00 50.00 83.33 100.00 100.00 100.00 75.00 66.67 50.00 50.00 0.00 100.00 100.00 100.00 50.00 50.00 100.00 100.00 100.00 100.00 100.00
61.50=96.00 95.45 90.00 70.37 33.33 38.46 78.57 89.47 50.00 77.78 66.67 82.14 56.76 76.19 34.29 76.92 75.00 84.62 39.29 66.67 0.00 82.76 86.21 20.00 60.87 50.00 47.37 0.00 58.33 61.54 61.54
60.32=92.31 100.00 89.47 58.82 23.08 38.10 88.00 80.00 28.57 78.95 59.09 92.00 57.89 80.00 29.63 76.67 80.00 84.00 37.50 62.07 0.00 89.29 82.14 9.52 68.42 54.55 62.50 0.00 30.77 70.00 66.67
61.38=100.00 100.00 80.00 66.67 33.33 35.48 84.00 88.89 39.13 68.42 66.67 92.00 62.86 72.73 32.00 68.97 85.19 87.50 31.58 62.96 0.00 86.21 88.89 9.09 61.90 52.00 52.63 5.88 38.46 77.78 71.43
61.74=85.19 100.00 94.44 62.50 15.38 39.06 84.62 88.89 35.29 73.68 65.79 95.65 58.33 70.83 33.33 71.88 74.19 100.00 34.38 60.00 0.00 78.12 89.29 18.18 69.57 53.85 53.33 7.14 40.00 77.78 83.33
60.85=92.31 100.00 94.12 64.52 16.67 38.10 91.67 85.71 37.50 78.95 64.10 88.00 57.14 68.00 37.50 66.67 77.42 87.50 40.00 69.23 0.00 80.00 85.71 10.53 68.18 51.85 53.33 13.33 38.46 70.00 60.00
83.71=100.00 100.00 100.00 100.00 100.00 42.86 75.00 100.00 100.00 100.00 100.00 66.67 80.00 100.00 66.67 100.00 100.00 100.00 50.00 100.00 0.00 57.14 100.00 40.00 66.67 66.67 100.00 83.33 100.00 100.00 100.00
88.81=100.00 100.00 100.00 100.00 80.00 27.27 100.00 66.67 100.00 100.00 100.00 100.00 100.00 100.00 33.33 85.71 100.00 100.00 100.00 100.00 0.00 80.00 100.00 100.00 100.00 100.00 100.00 100.00 80.00 100.00 100.00
83.99=100.00 100.00 100.00 100.00 100.00 33.33 100.00 66.67 100.00 100.00 100.00 66.67 100.00 100.00 33.33 100.00 75.00 100.00 100.00 66.67 0.00 57.14 75.00 100.00 100.00 66.67 100.00 83.33 80.00 100.00 100.00
86.55=100.00 100.00 100.00 100.00 100.00 33.33 100.00 100.00 80.00 100.00 100.00 66.67 100.00 100.00 71.43 100.00 75.00 100.00 50.00 100.00 0.00 80.00 100.00 80.00 100.00 66.67 100.00 100.00 80.00 100.00 100.00
83.60=75.00 100.00 100.00 100.00 100.00 25.00 100.00 100.00 100.00 80.00 100.00 66.67 100.00 100.00 60.00 100.00 75.00 100.00 33.33 66.67 0.00 80.00 100.00 80.00 100.00 66.67 100.00 100.00 100.00 83.33 100.00
60.08=96.00 100.00 94.74 90.91 33.33 36.36 77.78 58.82 33.33 78.95 57.14 61.54 72.00 73.08 43.33 63.64 66.67 91.67 25.58 66.67 0.00 77.42 80.00 27.27 50.00 47.62 57.14 0.00 35.71 85.71 80.00
59.74=95.65 100.00 90.00 76.92 29.41 35.82 80.77 58.33 35.71 84.21 62.86 67.65 75.86 73.08 41.38 66.67 67.74 95.45 23.26 60.71 0.00 89.29 83.33 15.79 50.00 38.46 66.67 0.00 25.00 80.00 81.82
61.19=92.00 100.00 94.74 95.24 27.78 38.33 83.33 68.18 26.32 75.00 58.97 63.89 69.23 71.43 31.25 58.33 79.31 91.67 26.09 77.27 0.00 86.21 90.91 16.67 53.85 43.48 69.23 0.00 36.36 90.00 81.82
59.70=88.00 91.67 90.00 80.00 21.05 36.92 81.48 61.90 33.33 94.12 62.16 62.16 81.48 69.57 50.00 63.89 75.86 100.00 21.43 65.38 0.00 82.76 83.33 12.50 53.57 42.86 66.67 0.00 16.67 81.82 80.00
61.10=88.46 100.00 85.00 87.50 20.00 33.82 84.62 71.43 25.00 84.21 62.16 57.89 75.86 85.00 31.03 69.70 69.70 92.00 26.67 62.96 0.00 89.29 86.96 15.79 55.00 62.50 66.67 7.69 30.00 92.31 75.00
80.58=100.00 100.00 100.00 100.00 100.00 42.86 100.00 100.00 100.00 75.00 100.00 66.67 100.00 100.00 100.00 100.00 100.00 66.67 50.00 33.33 0.00 50.00 100.00 80.00 25.00 33.33 100.00 100.00 75.00 100.00 100.00
81.59=100.00 100.00 100.00 66.67 100.00 37.50 100.00 100.00 100.00 75.00 75.00 50.00 100.00 75.00 100.00 100.00 100.00 100.00 50.00 50.00 0.00 100.00 100.00 66.67 33.33 50.00 100.00 100.00 100.00 100.00 100.00
84.42=100.00 100.00 100.00 50.00 100.00 42.86 75.00 100.00 75.00 100.00 100.00 66.67 100.00 100.00 85.71 100.00 75.00 100.00 50.00 100.00 0.00 80.00 100.00 100.00 50.00 66.67 100.00 100.00 100.00 100.00 100.00
84.16=100.00 100.00 100.00 100.00 100.00 42.86 100.00 75.00 100.00 80.00 100.00 100.00 100.00 100.00 77.78 100.00 75.00 66.67 66.67 66.67 0.00 66.67 100.00 100.00 50.00 66.67 100.00 100.00 100.00 100.00 75.00
82.22=100.00 100.00 100.00 75.00 100.00 50.00 100.00 100.00 100.00 100.00 100.00 50.00 100.00 100.00 88.89 100.00 50.00 100.00 50.00 50.00 0.00 80.00 100.00 75.00 33.33 66.67 100.00 100.00 80.00 100.00 100.00
88.06=100.00 100.00 100.00 100.00 100.00 33.33 100.00 100.00 100.00 66.67 100.00 66.67 100.00 100.00 66.67 100.00 75.00 100.00 100.00 100.00 0.00 75.00 100.00 100.00 100.00 66.67 100.00 80.00 100.00 100.00 100.00
88.81=100.00 100.00 100.00 100.00 80.00 27.27 100.00 100.00 100.00 100.00 75.00 100.00 100.00 100.00 50.00 75.00 100.00 100.00 100.00 100.00 0.00 80.00 100.00 100.00 100.00 100.00 100.00 85.71 80.00 100.00 100.00
82.50=100.00 100.00 100.00 100.00 100.00 37.50 100.00 100.00 80.00 80.00 100.00 100.00 83.33 100.00 50.00 75.00 75.00 100.00 66.67 50.00 0.00 66.67 100.00 100.00 66.67 66.67 100.00 100.00 80.00 80.00 100.00
88.17=100.00 100.00 100.00 100.00 100.00 30.00 100.00 100.00 100.00 100.00 100.00 66.67 100.00 100.00 60.00 100.00 100.00 100.00 66.67 100.00 0.00 66.67 100.00 100.00 100.00 100.00 100.00 83.33 60.00 100.00 100.00
89.15=100.00 100.00 100.00 75.00 100.00 37.50 100.00 100.00 100.00 100.00 100.00 66.67 100.00 100.00 71.43 100.00 100.00 100.00 100.00 100.00 0.00 75.00 100.00 100.00 66.67 100.00 100.00 100.00 71.43 100.00 100.00
62.60=95.65 100.00 89.47 86.96 44.44 36.67 88.00 68.18 45.00 88.89 75.76 61.11 53.85 75.86 22.22 76.92 82.76 88.46 32.35 78.95 0.00 80.00 75.86 6.67 58.33 65.38 77.78 11.76 41.67 40.00 91.67
66.55=95.65 100.00 100.00 80.77 50.00 39.34 88.46 66.67 40.00 85.00 68.57 84.62 68.75 92.00 25.00 76.67 75.76 88.89 31.58 72.00 0.00 79.31 81.48 18.75 53.33 76.19 82.35 22.22 52.94 66.67 100.00
63.97=88.89 95.24 94.74 80.77 61.54 37.50 88.00 68.97 40.74 88.24 69.70 68.75 61.76 77.78 16.67 76.67 71.88 96.00 33.33 68.00 0.00 82.76 88.00 9.09 55.56 77.78 72.22 20.00 47.06 63.64 81.82
64.29=91.30 100.00 95.00 80.00 50.00 37.50 84.00 67.86 29.63 73.91 68.57 64.86 56.76 87.50 27.59 76.67 78.12 91.67 27.59 64.00 0.00 81.48 92.00 30.77 53.85 72.73 93.33 14.29 50.00 75.00 76.92
64.46=92.31 100.00 90.00 77.78 46.67 37.70 88.46 77.27 30.43 80.00 68.57 66.67 63.16 82.76 21.88 80.00 80.00 88.89 29.41 76.19 0.00 75.86 95.00 13.33 54.17 70.00 77.78 9.09 57.14 77.78 90.00
85.76=100.00 100.00 100.00 100.00 100.00 37.50 100.00 75.00 100.00 100.00 100.00 66.67 100.00 100.00 77.78 83.33 75.00 100.00 66.67 66.67 0.00 80.00 100.00 80.00 50.00 100.00 100.00 100.00 100.00 100.00 100.00
81.95=100.00 100.00 83.33 100.00 100.00 37.50 100.00 100.00 75.00 80.00 100.00 50.00 100.00 80.00 75.00 83.33 42.86 100.00 33.33 100.00 0.00 100.00 100.00 100.00 33.33 66.67 100.00 100.00 100.00 100.00 100.00
84.11=100.00 100.00 85.71 75.00 100.00 50.00 100.00 100.00 80.00 100.00 100.00 66.67 100.00 100.00 75.00 100.00 75.00 50.00 66.67 66.67 0.00 100.00 100.00 100.00 50.00 100.00 100.00 100.00 66.67 100.00 100.00
79.60=100.00 100.00 100.00 75.00 100.00 37.50 75.00 100.00 75.00 80.00 100.00 50.00 100.00 75.00 100.00 100.00 75.00 100.00 50.00 0.00 0.00 100.00 100.00 100.00 50.00 25.00 100.00 100.00 100.00 100.00 100.00
84.68=100.00 100.00 100.00 75.00 75.00 50.00 100.00 100.00 100.00 66.67 75.00 100.00 100.00 100.00 75.00 100.00 75.00 100.00 66.67 66.67 0.00 100.00 100.00 100.00 33.33 66.67 100.00 100.00 100.00 100.00 100.00
79.08=100.00 100.00 100.00 100.00 100.00 20.00 100.00 60.00 100.00 66.67 100.00 50.00 100.00 100.00 37.50 100.00 100.00 100.00 100.00 66.67 0.00 28.57 57.14 100.00 40.00 50.00 100.00 100.00 75.00 100.00 100.00
79.38=100.00 100.00 100.00 100.00 80.00 50.00 100.00 50.00 60.00 75.00 100.00 100.00 100.00 66.67 40.00 83.33 60.00 100.00 100.00 66.67 0.00 66.67 62.50 66.67 66.67 100.00 100.00 100.00 66.67 100.00 100.00
78.89=100.00 100.00 100.00 75.00 100.00 37.50 100.00 25.00 100.00 66.67 75.00 100.00 100.00 60.00 33.33 60.00 75.00 100.00 100.00 100.00 0.00 75.00 71.43 100.00 50.00 100.00 100.00 100.00 66.67 75.00 100.00
81.61=100.00 100.00 100.00 100.00 100.00 25.00 100.00 60.00 100.00 80.00 100.00 50.00 100.00 100.00 50.00 100.00 100.00 100.00 100.00 33.33 0.00 60.00 71.43 100.00 100.00 0.00 100.00 100.00 100.00 100.00 100.00
80.43=100.00 100.00 100.00 100.00 100.00 27.27 100.00 75.00 75.00 66.67 100.00 100.00 83.33 100.00 42.86 100.00 50.00 100.00 66.67 40.00 0.00 100.00 100.00 66.67 33.33 100.00 100.00 100.00 66.67 100.00 100.00
80.82=100.00 100.00 100.00 100.00 100.00 42.86 100.00 75.00 100.00 100.00 100.00 40.00 80.00 100.00 87.50 100.00 75.00 100.00 50.00 50.00 0.00 80.00 100.00 66.67 33.33 50.00 100.00 100.00 75.00 100.00 100.00
82.03=100.00 100.00 100.00 100.00 100.00 42.86 100.00 100.00 100.00 66.67 75.00 50.00 100.00 100.00 100.00 100.00 75.00 100.00 40.00 66.67 0.00 60.00 100.00 100.00 50.00 50.00 100.00 100.00 100.00 100.00 66.67
82.35=100.00 100.00 100.00 100.00 66.67 42.86 100.00 100.00 100.00 80.00 100.00 66.67 80.00 100.00 100.00 100.00 75.00 100.00 50.00 50.00 0.00 75.00 100.00 100.00 50.00 33.33 100.00 100.00 83.33 100.00 100.00
79.83=100.00 100.00 85.71 100.00 100.00 37.50 100.00 75.00 100.00 66.67 100.00 66.67 100.00 66.67 75.00 100.00 75.00 100.00 66.67 66.67 0.00 60.00 100.00 75.00 33.33 50.00 100.00 100.00 75.00 100.00 100.00
83.02=100.00 100.00 100.00 75.00 100.00 42.86 100.00 100.00 100.00 80.00 60.00 66.67 80.00 100.00 100.00 85.71 66.67 100.00 66.67 50.00 0.00 100.00 100.00 100.00 50.00 50.00 100.00 100.00 100.00 100.00 100.00
61.58=95.83 100.00 90.00 64.52 23.53 34.29 95.00 85.71 45.45 70.00 62.16 71.88 50.00 73.91 27.59 72.41 79.31 84.62 37.04 65.38 0.00 92.00 86.21 16.67 71.43 58.33 52.94 8.33 50.00 77.78 66.67
59.97=92.31 100.00 100.00 71.43 18.75 37.93 86.96 80.00 21.43 78.95 60.00 70.97 57.14 80.00 32.14 58.33 88.89 92.00 30.30 62.96 0.00 83.87 86.21 10.00 66.67 58.33 53.85 10.00 40.00 58.33 71.43
59.03=95.83 95.45 84.21 55.56 12.50 38.98 80.77 76.47 38.10 83.33 63.16 85.19 67.74 76.19 32.00 58.82 80.77 90.48 23.53 47.22 0.00 92.31 82.14 14.29 61.54 50.00 52.94 0.00 38.46 75.00 76.92
60.85=100.00 95.65 100.00 60.61 25.00 38.71 84.00 84.21 50.00 71.43 62.86 85.19 70.37 80.95 39.29 63.16 75.00 84.00 29.41 51.52 0.00 89.29 92.31 14.29 65.22 48.00 52.63 8.33 28.57 63.64 72.73
62.01=100.00 100.00 89.47 71.43 13.64 37.50 91.30 88.24 33.33 73.68 56.82 79.31 61.54 78.26 34.62 62.07 86.21 95.24 36.36 53.12 0.00 76.67 77.42 15.79 73.91 54.17 64.71 6.25 45.45 85.71 80.00
59.06=92.00 91.30 94.74 64.52 18.18 37.70 80.00 69.57 31.25 73.68 70.59 62.16 58.82 72.73 40.00 61.11 78.12 88.00 42.86 61.54 0.00 84.62 82.76 11.76 65.00 46.67 52.94 6.25 45.45 75.00 71.43
61.39=100.00 95.65 90.00 55.88 11.11 40.35 84.00 72.73 50.00 66.67 62.50 74.19 60.61 80.00 41.67 62.16 78.12 90.91 33.33 72.00 0.00 83.87 82.76 16.67 68.18 46.43 64.29 7.14 50.00 81.82 80.00
62.64=96.00 100.00 94.74 63.33 12.50 40.68 84.00 75.00 38.46 87.50 63.16 91.67 58.82 76.19 39.29 59.46 88.89 88.46 35.29 58.62 0.00 80.00 82.76 17.39 61.54 56.00 56.25 12.50 50.00 90.00 83.33
61.64=96.00 100.00 94.44 71.43 11.76 37.50 84.00 73.91 41.18 84.21 64.10 84.62 60.61 77.27 33.33 62.86 82.76 95.65 33.33 56.25 0.00 96.00 86.67 15.00 57.69 57.14 62.50 7.14 33.33 75.00 75.00
61.56=100.00 95.65 100.00 58.82 21.43 37.29 80.77 85.71 37.50 71.43 70.59 73.33 64.71 76.19 40.74 62.16 83.33 91.67 29.41 55.17 0.00 88.89 83.33 13.04 69.57 50.00 58.82 14.29 28.57 75.00 90.91
85.15=100.00 100.00 100.00 100.00 100.00 42.86 100.00 100.00 100.00 80.00 100.00 50.00 100.00 100.00 85.71 100.00 42.86 100.00 66.67 66.67 0.00 75.00 100.00 80.00 50.00 100.00 100.00 100.00 100.00 100.00 100.00
85.76=75.00 100.00 100.00 100.00 100.00 42.86 100.00 100.00 100.00 100.00 100.00 50.00 100.00 100.00 100.00 85.71 75.00 100.00 50.00 66.67 0.00 80.00 100.00 100.00 33.33 100.00 100.00 100.00 100.00 100.00 100.00
82.59=100.00 100.00 100.00 100.00 100.00 42.86 100.00 66.67 100.00 80.00 100.00 50.00 100.00 100.00 75.00 83.33 100.00 100.00 66.67 66.67 0.00 50.00 100.00 100.00 50.00 66.67 100.00 100.00 62.50 100.00 100.00
81.51=100.00 100.00 100.00 100.00 100.00 33.33 100.00 100.00 100.00 100.00 100.00 50.00 100.00 100.00 80.00 100.00 50.00 100.00 40.00 50.00 0.00 80.00 100.00 80.00 50.00 66.67 100.00 80.00 66.67 100.00 100.00
83.15=75.00 100.00 100.00 50.00 100.00 50.00 100.00 100.00 100.00 100.00 100.00 66.67 100.00 100.00 87.50 100.00 75.00 66.67 50.00 66.67 0.00 80.00 100.00 80.00 50.00 100.00 80.00 100.00 100.00 100.00 100.00
63.39=92.00 95.24 94.44 86.36 27.27 33.33 78.57 73.68 41.67 84.21 69.70 60.00 82.76 73.08 42.86 75.86 71.43 91.30 27.78 81.82 0.00 83.33 87.50 14.29 62.50 57.89 64.29 0.00 28.57 100.00 83.33
59.36=92.31 95.45 90.48 86.96 20.00 36.92 84.00 56.00 28.57 77.27 57.89 58.33 70.97 68.18 44.83 65.62 81.48 88.00 30.00 62.07 0.00 78.57 81.82 13.04 52.00 50.00 64.29 10.00 16.67 87.50 90.91
59.47=82.76 100.00 94.74 76.92 22.22 37.31 75.00 52.00 10.00 80.00 61.11 63.64 76.00 71.43 41.94 55.26 75.00 95.83 27.91 67.86 0.00 95.83 87.50 21.05 39.13 45.45 80.00 0.00 38.46 100.00 69.23
63.01=96.00 100.00 90.48 90.91 22.22 39.06 84.62 66.67 35.71 80.95 57.50 64.71 81.48 70.37 46.88 69.70 82.76 92.00 28.57 70.37 0.00 89.66 86.36 15.00 51.85 58.82 66.67 0.00 25.00 88.89 100.00
62.83=92.31 100.00 90.00 86.96 22.22 37.88 78.57 66.67 42.86 83.33 60.53 64.71 81.48 80.95 38.71 68.75 69.70 92.00 29.27 59.38 0.00 83.87 86.96 26.67 64.00 55.00 66.67 8.33 20.00 100.00 90.00
59.49=96.00 100.00 85.71 87.50 21.43 31.08 80.00 71.43 41.18 78.95 57.50 55.00 76.67 72.00 37.04 70.97 72.73 88.46 28.95 77.27 0.00 80.95 82.61 23.08 48.15 47.83 56.25 0.00 21.43 66.67 87.50
61.14=95.83 100.00 94.74 86.36 22.22 37.31 95.00 58.33 33.33 77.78 57.14 63.64 71.88 72.00 38.89 68.75 72.73 95.83 24.44 77.27 0.00 83.33 82.61 23.53 42.31 50.00 60.00 0.00 26.67 83.33 100.00
61.97=91.67 100.00 81.82 86.96 23.81 38.46 81.48 60.87 35.71 84.21 54.05 69.70 68.75 65.62 38.71 67.65 68.75 95.00 23.81 78.26 0.00 85.71 82.61 15.79 58.33 47.62 66.67 9.09 40.00 100.00 100.00
60.74=85.71 95.45 89.47 83.33 26.32 37.31 75.00 63.16 28.57 88.89 58.82 63.89 78.57 80.95 40.00 63.33 76.67 95.65 27.91 66.67 0.00 82.76 86.36 16.67 62.96 47.83 55.56 0.00 28.57 85.71 90.91
61.39=100.00 95.65 90.00 83.33 27.27 35.71 91.67 65.00 50.00 88.89 61.54 62.86 70.00 74.07 43.33 62.16 70.97 95.83 22.22 73.91 0.00 84.00 83.33 11.76 48.00 50.00 81.82 0.00 23.08 75.00 81.82
82.85=100.00 100.00 100.00 100.00 100.00 37.50 75.00 100.00 100.00 75.00 75.00 66.67 100.00 100.00 62.50 100.00 75.00 100.00 100.00 40.00 0.00 75.00 100.00 66.67 40.00 100.00 100.00 80.00 100.00 100.00 100.00
87.19=100.00 100.00 100.00 100.00 100.00 37.50 100.00 66.67 100.00 100.00 75.00 40.00 100.00 100.00 71.43 100.00 100.00 100.00 100.00 100.00 0.00 80.00 85.71 100.00 100.00 66.67 100.00 100.00 100.00 80.00 100.00
87.74=100.00 100.00 100.00 100.00 80.00 37.50 100.00 100.00 100.00 100.00 60.00 66.67 83.33 100.00 62.50 100.00 100.00 100.00 66.67 100.00 0.00 80.00 100.00 100.00 100.00 100.00 100.00 83.33 100.00 100.00 100.00
83.76=100.00 100.00 100.00 100.00 100.00 30.00 100.00 75.00 80.00 100.00 75.00 66.67 100.00 100.00 60.00 100.00 50.00 100.00 100.00 100.00 0.00 66.67 100.00 100.00 66.67 66.67 100.00 80.00 80.00 100.00 100.00
89.23=100.00 100.00 83.33 100.00 100.00 42.86 100.00 100.00 80.00 100.00 75.00 66.67 100.00 100.00 75.00 100.00 100.00 100.00 100.00 100.00 0.00 80.00 100.00 100.00 100.00 100.00 100.00 100.00 83.33 100.00 80.00
62.00=100.00 100.00 90.00 67.86 28.57 37.70 79.17 84.21 46.15 86.67 64.86 62.16 51.35 75.00 33.33 64.71 77.42 92.00 34.48 64.00 0.00 88.00 88.46 6.25 69.23 48.28 73.33 5.56 56.25 63.64 83.33
61.37=100.00 95.65 94.74 66.67 18.75 34.92 87.50 94.74 33.33 75.00 64.86 82.14 58.33 80.00 29.17 65.71 81.48 91.67 34.38 62.50 0.00 86.21 83.33 15.00 54.17 58.33 62.50 8.33 33.33 72.73 76.92
60.30=92.00 95.45 89.47 62.50 25.00 37.70 87.50 86.36 47.06 65.00 58.54 88.46 62.50 73.68 41.67 63.89 82.76 91.30 35.71 59.26 0.00 89.66 82.76 11.76 55.56 54.17 56.25 0.00 38.89 70.00 64.29
59.85=95.83 100.00 89.47 69.23 21.43 38.98 75.86 75.00 28.57 71.43 67.57 75.86 59.38 66.67 30.77 60.53 82.14 87.50 34.38 53.12 0.00 88.89 79.31 13.33 68.00 58.33 64.29 0.00 46.67 77.78 75.00
61.44=95.65 95.65 94.74 62.50 12.50 38.98 100.00 81.82 27.78 68.18 59.52 82.14 61.11 72.00 41.67 63.64 82.76 91.30 35.48 68.00 0.00 86.21 92.31 13.64 60.87 53.57 62.50 0.00 45.45 77.78 76.92
86.23=75.00 100.00 100.00 100.00 100.00 42.86 100.00 100.00 100.00 66.67 100.00 100.00 85.71 100.00 77.78 100.00 75.00 100.00 50.00 100.00 0.00 66.67 100.00 100.00 33.33 100.00 100.00 100.00 100.00 100.00 100.00
82.72=100.00 100.00 100.00 100.00 100.00 42.86 100.00 100.00 80.00 100.00 100.00 33.33 80.00 100.00 87.50 85.71 75.00 100.00 66.67 33.33 0.00 100.00 100.00 80.00 50.00 50.00 100.00 100.00 100.00 100.00 100.00
84.97=100.00 100.00 100.00 75.00 100.00 37.50 75.00 100.00 100.00 80.00 100.00 66.67 83.33 100.00 75.00 100.00 75.00 66.67 66.67 100.00 0.00 100.00 100.00 100.00 50.00 100.00 100.00 100.00 83.33 100.00 100.00
82.34=100.00 100.00 85.71 50.00 100.00 42.86 100.00 100.00 100.00 75.00 100.00 50.00 100.00 100.00 75.00 100.00 75.00 66.67 50.00 100.00 0.00 100.00 85.71 100.00 50.00 100.00 100.00 80.00 100.00 100.00 66.67
86.03=100.00 100.00 100.00 100.00 100.00 42.86 100.00 100.00 100.00 60.00 100.00 100.00 100.00 100.00 87.50 100.00 60.00 100.00 66.67 50.00 0.00 50.00 100.00 100.00 50.00 100.00 100.00 100.00 100.00 100.00 100.00
59.84=100.00 95.45 85.71 86.96 25.00 34.29 80.77 60.00 41.67 88.89 60.00 57.50 73.33 73.08 37.50 68.97 76.67 91.67 25.64 70.83 0.00 76.67 86.96 10.53 60.00 47.62 64.29 0.00 10.00 90.00 75.00
62.67=91.67 100.00 94.44 86.96 18.18 38.71 76.92 53.85 35.71 85.00 54.76 65.71 75.00 83.33 50.00 62.86 76.67 100.00 24.39 73.08 0.00 83.87 89.47 10.53 46.43 58.82 75.00 9.09 22.22 100.00 100.00
61.51=88.89 100.00 90.00 90.91 19.05 33.33 81.48 66.67 28.57 88.24 57.50 57.89 77.78 80.00 39.29 62.86 68.75 95.83 25.58 67.86 0.00 82.14 86.36 21.43 44.83 50.00 75.00 0.00 26.67 100.00 100.00
61.85=88.46 95.65 81.82 83.33 22.73 35.38 82.61 57.14 50.00 84.21 60.53 66.67 92.00 82.61 42.86 65.71 72.73 95.65 26.83 69.23 0.00 80.65 83.33 5.88 50.00 50.00 72.73 0.00 18.75 100.00 100.00
61.53=92.00 95.45 79.17 82.61 27.27 36.76 81.48 60.00 17.65 89.47 62.16 68.75 80.00 81.82 42.31 60.53 68.57 95.83 18.18 73.91 0.00 85.19 86.36 33.33 50.00 60.00 90.00 0.00 21.05 87.50 80.00
61.38=88.89 100.00 100.00 76.00 12.50 33.85 80.77 90.00 30.77 88.24 61.54 66.67 51.28 82.61 30.00 75.00 82.14 84.00 30.00 73.91 0.00 86.21 89.66 5.56 68.18 43.75 68.75 0.00 57.14 72.73 72.73
61.01=92.31 100.00 85.71 71.43 11.11 39.34 84.00 90.00 33.33 75.00 64.86 85.19 59.46 76.19 31.03 61.76 85.19 95.45 34.48 58.06 0.00 75.00 85.19 12.50 61.54 52.00 61.54 0.00 57.89 70.00 81.82
61.33=96.00 100.00 94.74 60.61 6.67 35.29 84.00 85.00 35.00 81.25 62.50 88.46 58.97 77.27 32.00 73.33 86.21 95.83 31.25 68.00 0.00 80.65 88.46 10.53 68.42 54.17 64.71 9.09 30.77 63.64 78.57
60.18=95.83 100.00 89.47 62.50 15.79 37.50 88.00 82.61 31.25 70.00 62.16 88.46 54.05 66.67 28.00 67.65 86.21 88.00 35.48 62.07 0.00 86.67 84.62 17.65 52.38 50.00 60.00 0.00 56.25 75.00 71.43
62.56=95.65 100.00 90.00 69.23 6.67 38.71 87.50 80.95 50.00 69.57 62.50 92.31 62.16 84.21 37.93 67.65 89.29 86.96 34.38 65.38 0.00 83.87 89.29 14.29 70.83 54.17 62.50 11.11 37.50 80.00 64.71
79.59=100.00 100.00 100.00 100.00 80.00 18.18 100.00 75.00 80.00 75.00 100.00 66.67 100.00 60.00 16.67 100.00 60.00 100.00 100.00 100.00 0.00 75.00 85.71 75.00 50.00 100.00 100.00 100.00 50.00 100.00 100.00
80.44=100.00 100.00 100.00 100.00 100.00 37.50 100.00 50.00 75.00 66.67 100.00 66.67 83.33 100.00 44.44 100.00 75.00 66.67 100.00 100.00 0.00 60.00 60.00 100.00 66.67 100.00 100.00 100.00 75.00 66.67 100.00
83.33=100.00 100.00 100.00 75.00 100.00 33.33 100.00 50.00 100.00 66.67 100.00 100.00 100.00 100.00 50.00 100.00 50.00 100.00 100.00 66.67 0.00 60.00 71.43 100.00 100.00 100.00 100.00 100.00 60.00 100.00 100.00
81.34=100.00 100.00 100.00 75.00 100.00 33.33 100.00 50.00 60.00 80.00 100.00 50.00 100.00 80.00 50.00 100.00 100.00 100.00 100.00 100.00 0.00 75.00 71.43 100.00 50.00 66.67 100.00 100.00 80.00 100.00 100.00
80.25=75.00 100.00 100.00 75.00 100.00 22.22 100.00 50.00 100.00 80.00 100.00 66.67 100.00 60.00 40.00 100.00 60.00 100.00 100.00 66.67 0.00 60.00 57.14 100.00 100.00 100.00 100.00 100.00 75.00 100.00 100.00
63.78=100.00 100.00 90.00 83.33 35.00 34.78 91.67 65.22 28.57 100.00 67.57 69.70 62.16 75.00 14.29 80.00 68.57 91.30 25.81 84.21 0.00 75.00 88.00 20.00 53.85 65.38 82.35 20.00 62.50 71.43 71.43
64.86=100.00 100.00 95.00 72.41 36.84 36.51 75.86 63.33 42.86 85.00 65.62 75.00 64.71 82.14 20.00 84.62 80.77 91.67 29.41 62.96 0.00 80.00 91.67 7.14 57.69 77.27 76.47 20.00 50.00 85.71 100.00
64.19=95.83 100.00 100.00 76.92 53.33 36.67 75.86 75.00 32.00 75.00 63.89 72.73 58.97 84.62 21.43 77.78 82.76 88.46 31.03 75.00 0.00 68.97 95.24 20.00 54.55 72.73 87.50 20.00 66.67 50.00 76.92
65.34=96.00 100.00 95.00 76.92 43.75 33.82 79.31 75.00 40.00 77.27 72.73 74.19 54.05 87.50 23.08 84.62 85.71 84.62 26.67 72.00 0.00 77.42 92.00 13.33 55.17 76.19 87.50 22.22 57.14 70.00 92.31
64.80=92.00 100.00 100.00 77.78 42.11 38.33 81.48 73.08 44.00 66.67 77.42 64.86 61.11 91.30 20.00 72.41 85.71 91.67 32.35 60.00 0.00 83.33 84.00 7.14 55.56 78.95 83.33 16.67 47.06 88.89 91.67
84.21=100.00 100.00 100.00 100.00 100.00 27.27 100.00 100.00 66.67 80.00 60.00 100.00 100.00 100.00 60.00 100.00 60.00 100.00 66.67 100.00 0.00 80.00 100.00 50.00 100.00 100.00 100.00 80.00 80.00 100.00 100.00
85.07=100.00 100.00 100.00 100.00 100.00 42.86 100.00 100.00 80.00 100.00 100.00 66.67 83.33 75.00 62.50 100.00 100.00 100.00 100.00 100.00 0.00 66.67 100.00 100.00 50.00 50.00 100.00 80.00 80.00 100.00 100.00
87.20=100.00 100.00 100.00 100.00 100.00 33.33 75.00 100.00 100.00 100.00 100.00 66.67 100.00 100.00 66.67 100.00 60.00 100.00 100.00 100.00 0.00 80.00 100.00 100.00 50.00 100.00 100.00 100.00 71.43 100.00 100.00
88.08=100.00 100.00 100.00 75.00 100.00 37.50 100.00 100.00 100.00 100.00 100.00 50.00 66.67 100.00 71.43 100.00 100.00 100.00 100.00 100.00 0.00 80.00 100.00 100.00 50.00 100.00 100.00 100.00 100.00 100.00 100.00
88.97=100.00 100.00 100.00 100.00 100.00 37.50 100.00 100.00 100.00 80.00 100.00 100.00 100.00 100.00 66.67 100.00 100.00 100.00 100.00 100.00 0.00 80.00 85.71 75.00 100.00 100.00 100.00 83.33 50.00 100.00 100.00
