59.799618502525206
54.23673278433678
54.73024023845252
56.77872682781248
58.871626958501516
53.585643320823536
52.74131174393753
54.58317004143639
55.843539465709654
56.970712029772635
87.22990271377368
89.63773681515617
92.31862223797708
91.21212121212122
90.38495554624586
77.7904622259461
84.52287855513661
85.73319153964313
83.63927291346646
83.59821182401826
78.29029393545522
83.71072475911186
83.1683728457922
86.65386584741422
85.28743657775917
62.54397443878826
59.18974604571915
59.60999736774862
60.39439837047332
62.256357136421705
59.123622267558424
58.74751791434617
59.420122225655504
59.53616380486023
59.967985281952124
86.31848438300051
83.93280554570877
86.21479774705581
84.78110599078343
84.89491691104595
84.15863706186288
81.10343061955966
83.72631848438301
76.65287221738835
82.13599124889448
59.46328455684572
59.05337230092229
61.63305239527284
60.84830171875383
60.157621941664715
81.47814551040358
85.97507331378299
84.57059069962297
84.08129504903701
85.47107014848952
81.25913513010289
82.69201228878649
86.02732393054974
82.4471675278127
87.23216747410297
59.86497826461247
59.93014253977189
60.582787971207345
59.579308498327876
60.59573228756467
81.64490527393754
83.21347111669692
79.98766466508403
82.5418935902807
81.80863938928455
61.94241565669565
62.88496211180455
64.81398890838301
60.92102574036232
61.41876309090786
79.38288414094866
83.4741423451101
83.15028161802357
86.15952148210214
84.05145929339477
80.25438718987107
83.36597094661612
81.87369082530373
83.63031233998977
84.69650421263324
60.22481828303661
59.42868267684159
60.386523500828126
61.18459230526841
59.11255269154004
82.4193548387097
80.1224223804869
83.88062654191687
86.16841939422586
82.97491039426524
84.84836847740073
79.5441744635293
79.44432807336034
80.97390960294187
84.28827444956477
60.70476491330506
60.491876753410175
62.71702482436212
61.52209403131837
62.48989962226973
65.72836066246649
61.38237406884621
63.124954553699894
61.47306488042668
61.66283186367422
61.42968027949539
59.45698737061691
58.89594001637197
60.81738466615626
59.4862597045523
80.31460475008863
81.49129544290834
84.30875576036867
79.58356159969064
80.5138320460901
59.87376378495098
57.519508862325715
60.18838072171787
61.43517336450238
60.89692659601347
82.60287203835591
82.44495647721453
85.6112346434927
83.60984893242959
86.98511166253103
62.91922684979923
63.270452232016765
62.71197030273611
64.88977088504434
64.4190931060512
81.13287250384025
78.68261666648765
82.10645089677348
82.80820434046241
75.75850672624865
63.234191733910464
64.6554057214719
65.75453483929084
63.14681329062741
62.52637752096645
60.4592439160376
61.76199408251563
58.52526691559312
60.929969425617486
59.253785679338144
75.61653400363078
84.03417371159308
83.18868407578084
85.56166056166056
83.23924283601704
62.75851163320085
64.67932587487277
64.1401275731351
65.05435455374554
62.71630986181573
60.00342611250044
60.15567208931331
61.002496201167965
58.994161757753595
60.02441187475308
63.003309190606096
63.85231661381435
60.17041802410984
63.461056815253876
60.958705133575535
76.16184890378437
80.89074008428848
79.6479774705581
76.70250896057348
86.0565330726621
58.79434433624149
59.867133170959676
60.760036929459815
60.003864652395414
60.82648632096689
79.5441744635293
75.41986687147978
77.42821694434598
80.40824766631219
79.75294418842806
63.94464531227989
62.80799417631046
58.94057169941997
62.75605941416321
61.22749976217344
80.70464481754804
76.38144113950565
77.14355536936182
81.82167295070522
78.42968859097891
79.58751821655049
78.84152585765487
83.87504072987944
78.8361101264327
78.44598054275474
64.88751668514716
65.13123413856557
64.4000764145337
64.1033674943235
65.46852074986428
79.63471116696924
76.84147393824814
80.23984080435693
82.73266160362935
80.39170506912443
76.77547363031233
79.10364724880856
80.67204301075269
82.33184378345669
79.30107526881721
78.75320020481311
82.39759344598055
82.16601498859563
74.62749615975423
79.28222315319088
59.69413774579512
61.86106787855868
61.2018055411509
59.11452275783604
60.65979736470991
