58.71=88.89 100.00 75.00 76.00 11.11 51.28 85.71 50.00 27.27 65.22 66.67 84.00 70.83 33.33 68.00 52.50 68.75 71.88 39.13 86.67 15.38 75.86 82.61 38.89 33.33 53.85 45.00 50.00 26.32 66.67 60.00
58.71=88.89 100.00 75.00 76.00 11.11 51.28 85.71 50.00 27.27 65.22 66.67 84.00 70.83 33.33 68.00 52.50 68.75 71.88 39.13 86.67 15.38 75.86 82.61 38.89 33.33 53.85 45.00 50.00 26.32 66.67 60.00
57.09=79.31 100.00 70.83 68.97 2.33 46.81 77.27 44.83 47.06 66.67 62.86 74.19 61.29 28.57 75.00 64.29 78.57 61.76 52.38 90.91 14.29 88.00 86.36 26.67 36.67 50.00 40.00 61.11 22.73 50.00 40.00
57.99=95.65 100.00 67.86 68.97 5.13 41.18 94.74 54.17 46.15 85.00 62.16 84.00 61.29 44.44 64.29 70.97 66.67 75.00 36.36 72.22 0.00 77.78 74.07 35.71 32.14 50.00 56.25 68.75 15.79 37.50 53.33
57.67=88.46 95.45 66.67 66.67 0.00 41.51 86.36 61.11 15.00 88.89 63.64 88.46 56.41 25.00 86.96 75.86 61.11 68.57 42.86 66.67 0.00 76.67 87.50 45.45 29.17 53.85 41.67 62.50 31.58 50.00 63.64
60.06=95.83 100.00 76.00 75.00 2.56 45.10 100.00 70.00 31.25 94.12 52.63 75.86 58.82 33.33 80.00 73.33 67.65 63.89 56.52 73.33 0.00 81.48 75.00 40.00 45.83 62.50 47.06 68.75 38.10 33.33 44.44
58.75=83.33 100.00 81.82 77.78 3.45 61.11 100.00 53.33 25.00 100.00 70.27 75.86 81.48 37.93 50.00 82.61 63.89 75.00 21.74 59.09 46.15 91.67 69.23 0.00 33.33 42.86 73.33 61.54 26.67 41.67 31.25
54.57=83.33 100.00 80.95 72.73 0.00 50.00 86.96 46.88 28.57 66.67 61.54 88.89 63.89 33.33 40.00 78.26 72.22 60.61 23.53 58.82 20.00 81.82 74.07 7.14 32.43 61.54 61.90 81.82 11.76 28.57 33.33
55.23=100.00 100.00 88.24 67.86 0.00 44.44 87.50 59.09 27.27 61.90 67.57 68.57 65.62 23.81 30.77 92.86 69.44 67.74 36.36 38.10 9.09 81.48 67.86 7.14 33.33 64.00 63.16 75.00 22.22 46.15 45.45
57.83=95.45 100.00 90.00 61.29 6.45 47.92 90.91 61.54 35.00 61.11 65.79 82.14 70.00 57.14 55.56 76.00 75.76 69.70 33.33 64.29 8.70 80.00 70.37 0.00 31.82 53.33 60.87 69.23 26.32 42.86 50.00
57.18=100.00 100.00 100.00 62.50 0.00 41.67 95.45 48.15 34.78 81.25 60.53 63.89 70.97 46.15 33.33 81.48 77.42 70.97 43.75 66.67 5.88 94.44 64.00 6.67 36.00 59.26 56.00 43.75 25.00 40.00 62.50
88.04=100.00 100.00 100.00 100.00 100.00 100.00 100.00 66.67 71.43 100.00 100.00 100.00 75.00 100.00 88.89 80.00 100.00 70.00 71.43 100.00 100.00 83.33 85.71 85.71 83.33 75.00 100.00 77.78 62.50 85.71 66.67
88.38=87.50 100.00 100.00 100.00 80.00 87.50 100.00 80.00 100.00 100.00 87.50 100.00 87.50 100.00 100.00 88.89 71.43 100.00 100.00 100.00 100.00 100.00 71.43 60.00 85.71 66.67 83.33 87.50 60.00 83.33 71.43
90.21=100.00 100.00 87.50 100.00 100.00 88.89 100.00 57.14 100.00 100.00 100.00 87.50 75.00 71.43 100.00 81.82 100.00 100.00 100.00 100.00 80.00 75.00 100.00 100.00 100.00 75.00 83.33 87.50 75.00 100.00 71.43
94.96=100.00 83.33 100.00 100.00 100.00 88.89 100.00 44.44 100.00 100.00 100.00 100.00 88.89 83.33 100.00 100.00 100.00 100.00 100.00 100.00 100.00 83.33 100.00 100.00 100.00 100.00 100.00 100.00 71.43 100.00 100.00
90.81=100.00 100.00 100.00 75.00 80.00 77.78 100.00 66.67 83.33 100.00 100.00 100.00 100.00 100.00 100.00 100.00 100.00 87.50 100.00 100.00 100.00 80.00 85.71 85.71 100.00 100.00 83.33 100.00 66.67 83.33 60.00
80.07=77.78 100.00 100.00 75.00 100.00 88.89 100.00 60.00 66.67 50.00 87.50 87.50 87.50 100.00 75.00 77.78 88.89 75.00 80.00 70.00 100.00 100.00 100.00 83.33 100.00 0.00 71.43 85.71 80.00 71.43 42.86
80.94=85.71 100.00 100.00 60.00 100.00 54.55 100.00 44.44 83.33 100.00 100.00 77.78 100.00 100.00 63.64 100.00 100.00 87.50 100.00 55.56 0.00 100.00 100.00 100.00 90.00 0.00 100.00 100.00 66.67 100.00 40.00
87.66=87.50 100.00 100.00 60.00 80.00 87.50 100.00 66.67 100.00 100.00 100.00 87.50 100.00 100.00 85.71 100.00 100.00 100.00 75.00 72.73 100.00 100.00 100.00 85.71 80.00 0.00 85.71 100.00 80.00 100.00 83.33
88.67=77.78 100.00 100.00 100.00 100.00 100.00 100.00 57.14 71.43 100.00 100.00 100.00 100.00 100.00 77.78 87.50 100.00 100.00 100.00 66.67 80.00 83.33 100.00 100.00 88.89 25.00 100.00 100.00 50.00 83.33 100.00
87.03=87.50 100.00 100.00 100.00 100.00 80.00 100.00 42.86 66.67 100.00 100.00 85.71 83.33 100.00 77.78 57.14 88.89 100.00 85.71 80.00 80.00 100.00 83.33 85.71 100.00 33.33 100.00 100.00 80.00 100.00 100.00
83.58=77.78 100.00 100.00 75.00 100.00 63.64 90.00 100.00 100.00 80.00 75.00 87.50 100.00 83.33 77.78 90.91 66.67 87.50 100.00 100.00 0.00 100.00 100.00 100.00 75.00 60.00 100.00 88.89 57.14 83.33 71.43
88.45=77.78 100.00 100.00 100.00 100.00 88.89 100.00 66.67 100.00 100.00 77.78 87.50 100.00 62.50 100.00 76.92 80.00 87.50 100.00 100.00 100.00 75.00 100.00 75.00 87.50 60.00 100.00 100.00 55.56 83.33 100.00
90.13=87.50 100.00 100.00 75.00 100.00 80.00 100.00 80.00 100.00 83.33 100.00 100.00 88.89 80.00 100.00 75.00 80.00 100.00 100.00 100.00 100.00 100.00 100.00 80.00 87.50 75.00 100.00 80.00 75.00 83.33 83.33
91.95=77.78 100.00 100.00 75.00 100.00 88.89 100.00 100.00 100.00 83.33 87.50 100.00 100.00 62.50 85.71 100.00 88.89 100.00 100.00 100.00 100.00 100.00 100.00 100.00 90.00 75.00 100.00 87.50 62.50 85.71 100.00
92.77=75.00 100.00 100.00 75.00 100.00 100.00 100.00 100.00 100.00 100.00 100.00 100.00 100.00 83.33 88.89 81.82 72.73 85.71 100.00 100.00 100.00 100.00 100.00 80.00 77.78 100.00 100.00 88.89 66.67 100.00 100.00
61.43=88.00 100.00 85.00 95.00 8.11 45.83 91.67 92.31 37.04 92.86 68.75 87.50 77.27 47.37 62.50 58.33 73.53 51.22 50.00 89.47 0.00 94.12 87.50 14.29 25.00 50.00 60.00 55.56 52.94 36.36 26.67
63.20=88.46 95.45 78.26 70.37 2.70 43.40 91.67 77.27 39.13 89.47 86.21 80.77 70.00 55.00 84.21 74.07 76.47 65.62 35.71 69.57 0.00 96.15 78.57 30.77 43.48 55.00 52.38 50.00 50.00 62.50 66.67
61.50=92.31 95.24 80.95 81.82 2.56 48.00 91.67 59.09 45.83 88.24 71.43 80.77 74.07 50.00 86.36 73.08 83.87 65.52 34.48 68.42 11.76 86.36 78.57 25.00 39.29 55.00 47.83 52.17 23.08 44.44 69.23
64.09=88.00 100.00 85.71 80.00 0.00 51.06 84.62 63.64 30.00 83.33 77.42 71.43 68.97 70.00 87.50 87.50 86.67 58.82 41.38 80.00 0.00 96.15 75.00 12.50 48.48 55.00 55.56 64.71 26.67 66.67 90.00
61.09=96.00 95.24 80.95 76.00 0.00 39.62 81.48 73.68 36.84 88.89 76.67 80.77 68.00 54.55 76.00 75.00 78.12 61.11 30.30 73.68 0.00 79.31 65.52 8.33 46.43 45.45 52.38 62.50 40.00 60.00 90.91
60.96=100.00 95.45 72.00 80.00 2.78 53.66 82.61 57.89 13.33 85.71 53.66 69.70 61.54 53.57 72.73 82.76 65.62 78.12 26.32 90.91 7.69 75.00 74.19 38.46 51.85 52.17 57.14 40.00 45.00 62.50 87.50
60.29=92.00 100.00 79.17 74.07 0.00 51.16 82.61 61.11 15.38 100.00 55.26 70.59 56.76 40.91 91.67 73.33 70.59 59.46 47.62 52.63 0.00 79.31 70.00 45.45 34.48 61.90 53.33 68.75 33.33 85.71 62.50
63.00=91.67 100.00 94.74 76.92 0.00 48.84 71.43 76.47 38.46 84.21 60.53 75.00 58.33 40.74 85.71 79.31 72.73 60.98 52.17 75.00 0.00 88.00 68.97 40.00 40.00 72.22 57.14 70.59 50.00 50.00 72.73
61.01=95.83 100.00 90.00 80.00 2.70 55.81 70.37 75.00 13.33 94.12 55.26 65.62 51.16 42.86 83.33 91.67 69.70 60.53 52.17 56.25 0.00 92.86 78.57 50.00 42.86 59.09 42.11 80.00 31.58 55.56 52.94
63.24=95.65 95.45 85.71 80.00 0.00 45.83 82.61 63.16 35.29 75.00 57.89 81.48 54.76 42.86 85.19 79.31 68.75 59.52 50.00 71.43 0.00 85.19 82.14 43.75 40.74 76.47 52.94 86.67 38.10 55.56 88.89
85.65=70.00 100.00 83.33 100.00 100.00 72.73 100.00 100.00 83.33 80.00 100.00 100.00 100.00 66.67 75.00 100.00 54.55 87.50 77.78 100.00 100.00 100.00 83.33 60.00 77.78 60.00 75.00 85.71 62.50 100.00 100.00
88.62=87.50 100.00 100.00 100.00 100.00 88.89 90.00 75.00 100.00 100.00 100.00 85.71 100.00 100.00 77.78 83.33 70.00 100.00 77.78 100.00 100.00 83.33 100.00 50.00 85.71 75.00 100.00 100.00 57.14 80.00 80.00
88.94=87.50 100.00 100.00 100.00 80.00 63.64 90.91 80.00 100.00 100.00 100.00 100.00 85.71 83.33 100.00 100.00 72.73 100.00 85.71 100.00 100.00 71.43 83.33 100.00 90.00 75.00 83.33 88.89 50.00 85.71 100.00
88.78=87.50 100.00 100.00 100.00 80.00 80.00 100.00 100.00 100.00 100.00 100.00 87.50 100.00 83.33 83.33 100.00 80.00 87.50 66.67 100.00 60.00 80.00 100.00 66.67 80.00 100.00 83.33 100.00 71.43 100.00 75.00
90.89=77.78 100.00 100.00 100.00 100.00 88.89 100.00 80.00 100.00 83.33 100.00 100.00 100.00 100.00 87.50 100.00 80.00 100.00 85.71 100.00 100.00 83.33 100.00 57.14 75.00 100.00 100.00 100.00 50.00 85.71 83.33
87.50=70.00 100.00 100.00 75.00 75.00 80.00 90.00 80.00 100.00 83.33 87.50 87.50 100.00 100.00 85.71 88.89 100.00 87.50 85.71 100.00 100.00 100.00 100.00 83.33 80.00 60.00 100.00 75.00 71.43 100.00 66.67
86.28=85.71 100.00 100.00 75.00 100.00 80.00 100.00 80.00 100.00 100.00 87.50 100.00 87.50 66.67 60.00 100.00 87.50 100.00 85.71 66.67 100.00 83.33 85.71 80.00 100.00 0.00 100.00 100.00 83.33 100.00 80.00
88.11=87.50 100.00 100.00 100.00 75.00 72.73 100.00 50.00 100.00 100.00 100.00 100.00 100.00 100.00 71.43 100.00 100.00 87.50 100.00 72.73 100.00 100.00 87.50 71.43 90.00 0.00 100.00 85.71 80.00 100.00 100.00
86.30=85.71 100.00 100.00 100.00 100.00 63.64 100.00 40.00 100.00 83.33 100.00 87.50 87.50 100.00 57.14 85.71 100.00 100.00 85.71 66.67 80.00 100.00 100.00 85.71 100.00 0.00 83.33 100.00 83.33 100.00 100.00
91.08=87.50 100.00 100.00 75.00 80.00 87.50 100.00 44.44 100.00 100.00 100.00 100.00 87.50 100.00 87.50 80.00 100.00 100.00 100.00 88.89 100.00 100.00 100.00 75.00 100.00 66.67 100.00 80.00 83.33 100.00 100.00
62.46=85.19 100.00 78.26 83.33 0.00 43.18 79.17 78.57 21.43 100.00 58.97 71.88 47.06 45.45 80.65 79.31 79.31 65.71 47.62 62.50 0.00 82.76 76.00 37.50 42.86 61.90 56.25 70.00 50.00 62.50 88.89
60.94=95.65 95.65 90.00 80.00 0.00 51.11 84.00 57.89 16.67 94.12 52.78 75.86 51.22 52.38 83.33 92.00 66.67 64.10 37.50 62.50 0.00 74.19 77.78 41.67 42.42 68.42 38.89 81.25 22.22 50.00 88.89
62.56=88.46 95.45 76.00 76.00 0.00 44.90 76.00 72.22 25.00 84.21 59.46 79.31 53.49 68.42 72.41 74.07 69.70 56.10 60.87 77.78 0.00 88.89 77.42 33.33 50.00 61.90 61.54 64.29 42.11 62.50 87.50
63.03=96.00 95.65 95.00 80.00 0.00 52.38 82.61 65.00 34.78 84.21 52.78 69.70 57.58 45.83 79.31 85.19 62.86 64.86 52.17 60.00 0.00 83.33 90.91 50.00 42.86 53.85 44.44 70.59 43.75 83.33 75.00
62.12=95.83 95.65 78.26 73.08 0.00 51.02 76.92 66.67 12.50 88.24 56.41 75.86 47.62 57.14 82.76 91.67 73.33 57.14 52.63 58.82 0.00 70.97 84.62 50.00 52.17 61.90 66.67 80.00 50.00 40.00 77.78
89.58=77.78 100.00 100.00 100.00 80.00 88.89 100.00 100.00 83.33 83.33 100.00 100.00 100.00 100.00 87.50 90.91 72.73 100.00 100.00 100.00 100.00 83.33 100.00 66.67 87.50 75.00 66.67 100.00 50.00 83.33 100.00
90.53=77.78 100.00 100.00 75.00 100.00 100.00 100.00 75.00 100.00 100.00 100.00 100.00 87.50 100.00 100.00 100.00 80.00 100.00 100.00 100.00 80.00 100.00 100.00 42.86 80.00 75.00 100.00 88.89 44.44 100.00 100.00
87.02=70.00 100.00 83.33 75.00 80.00 88.89 100.00 100.00 100.00 100.00 75.00 100.00 87.50 66.67 100.00 90.91 72.73 85.71 100.00 100.00 80.00 100.00 80.00 57.14 71.43 100.00 100.00 100.00 50.00 83.33 100.00
92.61=87.50 100.00 100.00 100.00 100.00 100.00 100.00 100.00 100.00 83.33 100.00 87.50 100.00 83.33 100.00 90.91 80.00 100.00 70.00 80.00 100.00 100.00 100.00 80.00 100.00 100.00 85.71 80.00 62.50 100.00 100.00
88.13=75.00 100.00 100.00 100.00 100.00 88.89 100.00 100.00 75.00 71.43 70.00 87.50 100.00 100.00 77.78 90.91 77.78 100.00 85.71 88.89 100.00 100.00 100.00 66.67 75.00 75.00 100.00 88.89 62.50 100.00 75.00
83.53=63.64 100.00 100.00 75.00 100.00 72.73 100.00 57.14 100.00 100.00 87.50 100.00 88.89 100.00 60.00 85.71 80.00 87.50 100.00 88.89 60.00 100.00 83.33 83.33 70.00 75.00 75.00 87.50 66.67 66.67 75.00
87.35=85.71 100.00 100.00 100.00 100.00 66.67 100.00 57.14 66.67 100.00 100.00 87.50 87.50 100.00 57.14 100.00 80.00 100.00 100.00 100.00 100.00 83.33 75.00 80.00 80.00 75.00 83.33 85.71 57.14 100.00 100.00
85.34=100.00 100.00 100.00 75.00 100.00 80.00 100.00 50.00 66.67 100.00 100.00 100.00 88.89 100.00 75.00 87.50 100.00 100.00 100.00 72.73 40.00 100.00 100.00 85.71 88.89 20.00 75.00 100.00 40.00 100.00 100.00
92.95=87.50 83.33 100.00 100.00 80.00 88.89 100.00 50.00 100.00 100.00 100.00 100.00 100.00 100.00 85.71 87.50 88.89 85.71 100.00 100.00 100.00 100.00 100.00 85.71 75.00 100.00 100.00 100.00 83.33 100.00 100.00
85.78=85.71 100.00 100.00 100.00 100.00 88.89 81.82 50.00 66.67 80.00 100.00 87.50 70.00 100.00 75.00 75.00 88.89 100.00 100.00 87.50 100.00 100.00 87.50 75.00 100.00 40.00 85.71 71.43 62.50 100.00 100.00
62.97=95.65 95.45 90.00 79.17 0.00 50.00 81.82 70.59 41.67 92.86 52.27 75.00 58.97 52.38 80.00 88.89 68.75 60.98 52.00 62.50 0.00 85.71 85.71 36.36 56.52 56.52 52.94 76.47 39.13 50.00 63.64
