87.03=100.00 83.33 100.00 50.00 80.00 100.00 100.00 60.00 80.00 100.00 100.00 100.00 100.00 71.43 100.00 88.89 88.89 100.00 85.71 72.73 80.00 100.00 100.00 80.00 90.91 50.00 100.00 77.78 75.00 83.33 100.00
90.09=100.00 100.00 100.00 60.00 80.00 100.00 100.00 42.86 100.00 100.00 100.00 100.00 100.00 83.33 80.00 100.00 100.00 100.00 87.50 80.00 100.00 100.00 100.00 71.43 100.00 50.00 100.00 77.78 80.00 100.00 100.00
89.09=100.00 100.00 100.00 100.00 100.00 100.00 100.00 44.44 66.67 62.50 100.00 100.00 85.71 83.33 87.50 100.00 88.89 100.00 100.00 77.78 100.00 100.00 100.00 100.00 90.91 50.00 85.71 80.00 75.00 100.00 83.33
87.52=100.00 100.00 100.00 0.00 100.00 100.00 100.00 66.67 66.67 100.00 100.00 100.00 100.00 55.56 100.00 100.00 100.00 100.00 87.50 80.00 100.00 83.33 80.00 100.00 80.00 100.00 100.00 72.73 75.00 85.71 80.00
87.04=100.00 100.00 100.00 66.67 75.00 100.00 100.00 57.14 80.00 100.00 100.00 100.00 100.00 83.33 88.89 100.00 100.00 87.50 70.00 77.78 100.00 71.43 100.00 100.00 77.78 50.00 100.00 75.00 54.55 100.00 83.33
84.16=100.00 100.00 100.00 0.00 100.00 100.00 100.00 44.44 71.43 100.00 100.00 87.50 100.00 62.50 80.00 100.00 88.89 87.50 66.67 77.78 100.00 100.00 100.00 100.00 83.33 20.00 100.00 55.56 83.33 100.00 100.00
87.37=100.00 100.00 100.00 0.00 100.00 100.00 100.00 66.67 71.43 100.00 100.00 77.78 100.00 50.00 100.00 87.50 100.00 100.00 70.00 88.89 100.00 100.00 100.00 100.00 77.78 100.00 100.00 77.78 75.00 85.71 80.00
90.78=100.00 100.00 100.00 50.00 100.00 100.00 100.00 66.67 100.00 100.00 100.00 87.50 100.00 83.33 100.00 100.00 88.89 100.00 70.00 88.89 100.00 100.00 87.50 100.00 77.78 100.00 100.00 44.44 83.33 85.71 100.00
92.19=77.78 100.00 100.00 100.00 100.00 100.00 100.00 40.00 100.00 100.00 100.00 87.50 100.00 100.00 100.00 100.00 100.00 100.00 77.78 80.00 100.00 100.00 75.00 83.33 88.89 100.00 100.00 72.73 75.00 100.00 100.00
93.56=100.00 100.00 100.00 100.00 100.00 100.00 100.00 57.14 100.00 83.33 100.00 87.50 100.00 83.33 100.00 100.00 100.00 100.00 70.00 88.89 100.00 100.00 100.00 100.00 100.00 66.67 100.00 77.78 85.71 100.00 100.00
89.57=100.00 100.00 100.00 66.67 100.00 100.00 100.00 60.00 100.00 100.00 100.00 100.00 100.00 71.43 88.89 100.00 100.00 100.00 58.33 80.00 100.00 100.00 100.00 100.00 75.00 50.00 100.00 80.00 71.43 75.00 100.00
89.80=100.00 100.00 100.00 100.00 100.00 88.89 100.00 66.67 100.00 83.33 85.71 100.00 100.00 83.33 87.50 100.00 88.89 87.50 70.00 70.00 100.00 100.00 100.00 100.00 100.00 33.33 100.00 63.64 75.00 100.00 100.00
89.53=87.50 100.00 100.00 100.00 100.00 100.00 100.00 57.14 83.33 100.00 100.00 100.00 87.50 71.43 88.89 100.00 88.89 100.00 66.67 71.43 100.00 100.00 100.00 100.00 100.00 25.00 100.00 72.73 75.00 100.00 100.00
93.59=100.00 100.00 100.00 100.00 100.00 100.00 100.00 57.14 100.00 100.00 100.00 100.00 87.50 100.00 100.00 100.00 100.00 100.00 70.00 88.89 100.00 83.33 88.89 100.00 77.78 100.00 100.00 72.73 75.00 100.00 100.00
93.47=87.50 100.00 100.00 100.00 100.00 100.00 100.00 50.00 83.33 100.00 100.00 87.50 100.00 100.00 100.00 100.00 100.00 100.00 87.50 88.89 100.00 100.00 100.00 100.00 90.00 66.67 100.00 72.73 83.33 100.00 100.00
94.69=87.50 100.00 100.00 100.00 100.00 100.00 100.00 57.14 100.00 100.00 100.00 87.50 100.00 100.00 100.00 100.00 87.50 100.00 77.78 100.00 100.00 100.00 88.89 100.00 100.00 100.00 100.00 77.78 71.43 100.00 100.00
93.19=100.00 100.00 100.00 100.00 100.00 100.00 100.00 57.14 100.00 100.00 100.00 85.71 100.00 100.00 100.00 100.00 87.50 100.00 63.64 88.89 100.00 83.33 100.00 100.00 100.00 100.00 100.00 72.73 66.67 100.00 83.33
91.33=100.00 100.00 100.00 100.00 100.00 87.50 100.00 57.14 100.00 100.00 100.00 87.50 100.00 83.33 100.00 71.43 100.00 100.00 66.67 100.00 100.00 100.00 100.00 100.00 70.00 60.00 100.00 72.73 75.00 100.00 100.00
93.18=100.00 100.00 100.00 100.00 100.00 100.00 100.00 66.67 100.00 100.00 100.00 87.50 100.00 83.33 100.00 85.71 100.00 100.00 77.78 100.00 100.00 100.00 100.00 100.00 88.89 60.00 100.00 63.64 75.00 100.00 100.00
92.80=100.00 100.00 100.00 100.00 100.00 100.00 100.00 57.14 100.00 83.33 100.00 87.50 100.00 83.33 100.00 100.00 100.00 100.00 70.00 88.89 100.00 100.00 100.00 100.00 87.50 66.67 100.00 66.67 85.71 100.00 100.00
92.81=87.50 100.00 100.00 100.00 100.00 100.00 100.00 57.14 100.00 100.00 100.00 87.50 100.00 100.00 80.00 100.00 100.00 87.50 70.00 100.00 100.00 100.00 88.89 100.00 85.71 100.00 100.00 72.73 60.00 100.00 100.00
93.83=87.50 100.00 100.00 100.00 100.00 100.00 100.00 57.14 100.00 100.00 87.50 87.50 100.00 83.33 100.00 100.00 100.00 87.50 70.00 100.00 100.00 100.00 100.00 100.00 87.50 100.00 100.00 75.00 85.71 100.00 100.00
93.74=100.00 100.00 100.00 100.00 100.00 100.00 100.00 57.14 100.00 100.00 100.00 100.00 100.00 100.00 88.89 100.00 88.89 100.00 63.64 100.00 80.00 100.00 100.00 85.71 83.33 100.00 100.00 72.73 85.71 100.00 100.00
94.72=100.00 100.00 100.00 100.00 80.00 100.00 100.00 50.00 100.00 100.00 100.00 100.00 100.00 100.00 100.00 100.00 88.89 100.00 70.00 88.89 100.00 100.00 100.00 100.00 100.00 100.00 100.00 72.73 85.71 100.00 100.00
93.43=100.00 100.00 100.00 100.00 100.00 100.00 100.00 57.14 100.00 100.00 100.00 87.50 100.00 100.00 100.00 100.00 100.00 100.00 70.00 100.00 100.00 100.00 100.00 85.71 87.50 50.00 100.00 72.73 85.71 100.00 100.00
92.63=100.00 100.00 100.00 75.00 100.00 100.00 100.00 57.14 100.00 100.00 100.00 100.00 100.00 100.00 100.00 83.33 100.00 100.00 70.00 100.00 100.00 100.00 88.89 100.00 77.78 75.00 100.00 77.78 66.67 100.00 100.00
95.26=100.00 100.00 100.00 100.00 100.00 100.00 100.00 57.14 100.00 100.00 100.00 100.00 100.00 100.00 100.00 100.00 100.00 100.00 70.00 100.00 100.00 100.00 100.00 85.71 87.50 100.00 100.00 77.78 75.00 100.00 100.00
91.85=100.00 100.00 100.00 100.00 100.00 100.00 100.00 57.14 100.00 100.00 77.78 85.71 100.00 100.00 88.89 100.00 100.00 87.50 63.64 100.00 100.00 83.33 100.00 100.00 66.67 100.00 100.00 70.00 66.67 100.00 100.00
92.56=100.00 100.00 100.00 75.00 100.00 100.00 100.00 50.00 100.00 100.00 100.00 87.50 100.00 100.00 100.00 100.00 88.89 100.00 70.00 88.89 100.00 83.33 100.00 100.00 87.50 100.00 100.00 66.67 85.71 85.71 100.00
91.66=100.00 100.00 100.00 75.00 100.00 87.50 100.00 57.14 83.33 100.00 100.00 100.00 100.00 100.00 100.00 100.00 100.00 100.00 77.78 80.00 100.00 100.00 100.00 100.00 88.89 50.00 100.00 66.67 75.00 100.00 100.00
92.56=100.00 100.00 100.00 100.00 100.00 100.00 100.00 57.14 100.00 100.00 100.00 87.50 100.00 100.00 80.00 100.00 100.00 100.00 63.64 100.00 100.00 100.00 85.71 85.71 85.71 75.00 100.00 80.00 85.71 100.00 83.33
94.14=100.00 100.00 100.00 100.00 100.00 100.00 100.00 57.14 100.00 100.00 100.00 87.50 100.00 83.33 100.00 87.50 100.00 100.00 70.00 100.00 100.00 100.00 80.00 100.00 100.00 100.00 100.00 77.78 75.00 100.00 100.00
90.87=100.00 100.00 100.00 75.00 100.00 88.89 100.00 50.00 100.00 100.00 100.00 85.71 100.00 100.00 100.00 100.00 100.00 100.00 66.67 100.00 100.00 100.00 100.00 83.33 87.50 60.00 100.00 70.00 75.00 100.00 75.00
93.12=100.00 100.00 100.00 100.00 100.00 100.00 100.00 57.14 100.00 100.00 100.00 87.50 100.00 100.00 88.89 100.00 100.00 100.00 70.00 100.00 100.00 100.00 100.00 80.00 87.50 75.00 100.00 80.00 75.00 85.71 100.00
94.23=100.00 100.00 100.00 100.00 100.00 100.00 100.00 57.14 100.00 100.00 100.00 87.50 100.00 100.00 100.00 100.00 100.00 100.00 70.00 100.00 100.00 100.00 80.00 100.00 87.50 75.00 100.00 88.89 75.00 100.00 100.00
93.58=100.00 100.00 100.00 100.00 100.00 100.00 90.00 50.00 100.00 100.00 100.00 87.50 100.00 100.00 100.00 100.00 100.00 100.00 70.00 100.00 100.00 100.00 100.00 100.00 77.78 60.00 100.00 80.00 85.71 100.00 100.00
91.81=100.00 100.00 100.00 100.00 80.00 100.00 100.00 44.44 100.00 100.00 100.00 85.71 100.00 100.00 100.00 100.00 80.00 100.00 66.67 100.00 100.00 100.00 100.00 100.00 87.50 60.00 100.00 66.67 75.00 100.00 100.00
91.91=100.00 100.00 100.00 100.00 100.00 100.00 100.00 57.14 83.33 100.00 87.50 87.50 100.00 100.00 100.00 100.00 100.00 100.00 70.00 77.78 100.00 83.33 100.00 100.00 100.00 50.00 80.00 72.73 100.00 100.00 100.00
95.84=100.00 100.00 100.00 100.00 100.00 100.00 100.00 50.00 100.00 100.00 100.00 87.50 100.00 100.00 88.89 100.00 100.00 100.00 70.00 100.00 100.00 100.00 100.00 100.00 100.00 100.00 100.00 88.89 85.71 100.00 100.00
94.20=100.00 100.00 100.00 100.00 80.00 100.00 100.00 57.14 100.00 100.00 100.00 85.71 100.00 100.00 100.00 100.00 100.00 100.00 77.78 72.73 100.00 100.00 100.00 100.00 100.00 100.00 100.00 77.78 85.71 100.00 83.33
89.64=70.00 100.00 100.00 100.00 100.00 100.00 100.00 50.00 100.00 83.33 100.00 77.78 87.50 66.67 100.00 100.00 100.00 100.00 87.50 88.89 100.00 100.00 100.00 100.00 80.00 100.00 100.00 53.85 83.33 66.67 83.33
84.96=70.00 100.00 100.00 100.00 0.00 100.00 100.00 57.14 100.00 100.00 87.50 70.00 100.00 83.33 100.00 100.00 100.00 70.00 77.78 88.89 80.00 100.00 87.50 100.00 100.00 50.00 83.33 70.00 75.00 83.33 100.00
89.25=63.64 100.00 100.00 100.00 100.00 100.00 100.00 33.33 66.67 100.00 100.00 87.50 100.00 83.33 88.89 100.00 100.00 100.00 85.71 77.78 100.00 100.00 100.00 100.00 85.71 33.33 100.00 100.00 75.00 85.71 100.00
92.69=70.00 83.33 100.00 100.00 100.00 100.00 100.00 66.67 80.00 100.00 100.00 87.50 100.00 100.00 100.00 100.00 100.00 100.00 87.50 88.89 100.00 100.00 100.00 100.00 85.71 66.67 85.71 100.00 85.71 85.71 100.00
90.94=77.78 100.00 100.00 100.00 100.00 100.00 100.00 66.67 66.67 100.00 100.00 77.78 83.33 62.50 100.00 87.50 100.00 100.00 100.00 88.89 100.00 83.33 100.00 100.00 100.00 66.67 100.00 88.89 83.33 85.71 100.00
93.59=70.00 100.00 87.50 100.00 100.00 100.00 100.00 75.00 83.33 100.00 100.00 87.50 100.00 71.43 100.00 100.00 100.00 100.00 100.00 88.89 100.00 83.33 100.00 87.50 77.78 100.00 100.00 88.89 100.00 100.00 100.00
92.79=63.64 100.00 100.00 100.00 80.00 100.00 100.00 75.00 100.00 100.00 100.00 87.50 87.50 83.33 100.00 100.00 100.00 100.00 100.00 88.89 100.00 100.00 100.00 100.00 100.00 100.00 100.00 58.33 66.67 85.71 100.00
94.31=70.00 100.00 100.00 100.00 100.00 100.00 100.00 80.00 100.00 100.00 100.00 100.00 100.00 100.00 100.00 100.00 100.00 100.00 100.00 88.89 100.00 80.00 88.89 100.00 100.00 66.67 83.33 80.00 85.71 100.00 100.00
94.37=70.00 100.00 100.00 100.00 100.00 100.00 100.00 100.00 100.00 100.00 100.00 100.00 100.00 83.33 100.00 100.00 100.00 87.50 77.78 88.89 100.00 100.00 100.00 100.00 85.71 100.00 100.00 80.00 83.33 85.71 83.33
93.76=70.00 100.00 100.00 100.00 100.00 100.00 100.00 50.00 100.00 100.00 100.00 100.00 100.00 62.50 100.00 100.00 100.00 100.00 100.00 100.00 100.00 100.00 100.00 100.00 85.71 75.00 100.00 77.78 85.71 100.00 100.00
94.19=70.00 100.00 100.00 100.00 100.00 100.00 90.00 66.67 100.00 100.00 100.00 77.78 100.00 100.00 87.50 100.00 100.00 100.00 100.00 88.89 100.00 80.00 85.71 100.00 87.50 100.00 100.00 100.00 85.71 100.00 100.00
93.51=70.00 100.00 100.00 100.00 100.00 100.00 100.00 80.00 100.00 100.00 100.00 87.50 100.00 100.00 88.89 100.00 100.00 100.00 87.50 80.00 100.00 83.33 100.00 100.00 66.67 100.00 100.00 80.00 75.00 100.00 100.00
92.33=70.00 100.00 100.00 100.00 100.00 100.00 100.00 75.00 100.00 83.33 100.00 87.50 100.00 80.00 100.00 100.00 100.00 100.00 100.00 88.89 100.00 100.00 100.00 75.00 100.00 66.67 100.00 100.00 50.00 85.71 100.00
91.53=70.00 100.00 100.00 75.00 100.00 100.00 90.00 66.67 100.00 100.00 100.00 75.00 100.00 100.00 88.89 81.82 100.00 100.00 85.71 100.00 100.00 100.00 100.00 83.33 100.00 75.00 100.00 88.89 71.43 85.71 100.00
93.13=70.00 100.00 100.00 100.00 100.00 100.00 90.91 75.00 100.00 100.00 100.00 87.50 100.00 71.43 100.00 90.91 100.00 100.00 100.00 88.89 100.00 100.00 100.00 100.00 87.50 66.67 100.00 100.00 75.00 83.33 100.00
95.14=70.00 100.00 100.00 100.00 100.00 100.00 90.91 44.44 100.00 100.00 100.00 100.00 100.00 100.00 100.00 100.00 100.00 100.00 100.00 87.50 100.00 100.00 100.00 83.33 87.50 100.00 100.00 100.00 85.71 100.00 100.00
92.90=66.67 100.00 100.00 100.00 100.00 100.00 100.00 57.14 80.00 100.00 87.50 87.50 100.00 100.00 88.89 100.00 100.00 100.00 100.00 88.89 100.00 100.00 100.00 100.00 87.50 66.67 100.00 100.00 85.71 100.00 83.33
95.21=63.64 100.00 100.00 100.00 100.00 100.00 90.91 57.14 100.00 100.00 100.00 87.50 100.00 100.00 88.89 100.00 100.00 100.00 100.00 80.00 100.00 100.00 100.00 100.00 100.00 100.00 100.00 100.00 100.00 83.33 100.00
93.89=77.78 100.00 100.00 100.00 100.00 100.00 100.00 80.00 100.00 83.33 100.00 87.50 100.00 100.00 100.00 90.91 100.00 100.00 100.00 88.89 100.00 100.00 80.00 100.00 83.33 100.00 100.00 88.89 66.67 100.00 83.33
93.53=70.00 100.00 100.00 100.00 100.00 100.00 100.00 80.00 100.00 100.00 100.00 87.50 100.00 100.00 72.73 100.00 100.00 100.00 87.50 88.89 100.00 100.00 100.00 100.00 85.71 100.00 100.00 88.89 71.43 66.67 100.00
95.16=70.00 100.00 100.00 100.00 100.00 87.50 100.00 80.00 83.33 100.00 100.00 77.78 100.00 100.00 100.00 100.00 100.00 100.00 100.00 88.89 100.00 100.00 100.00 100.00 87.50 100.00 100.00 100.00 75.00 100.00 100.00
94.64=70.00 100.00 100.00 100.00 100.00 100.00 90.91 66.67 100.00 100.00 100.00 87.50 100.00 83.33 100.00 100.00 100.00 100.00 85.71 88.89 100.00 100.00 100.00 100.00 100.00 75.00 100.00 100.00 85.71 100.00 100.00
95.99=70.00 100.00 100.00 100.00 100.00 100.00 100.00 66.67 100.00 100.00 100.00 87.50 100.00 100.00 100.00 100.00 100.00 100.00 100.00 100.00 100.00 100.00 100.00 100.00 87.50 100.00 100.00 88.89 75.00 100.00 100.00
93.01=70.00 100.00 100.00 100.00 80.00 100.00 100.00 80.00 100.00 83.33 100.00 87.50 77.78 100.00 100.00 88.89 100.00 100.00 85.71 88.89 100.00 100.00 100.00 100.00 85.71 100.00 100.00 88.89 66.67 100.00 100.00
91.98=70.00 100.00 100.00 100.00 100.00 100.00 90.91 60.00 100.00 100.00 100.00 87.50 100.00 100.00 80.00 100.00 100.00 100.00 100.00 88.89 100.00 80.00 100.00 100.00 100.00 50.00 100.00 72.73 71.43 100.00 100.00
95.71=70.00 100.00 100.00 100.00 100.00 100.00 100.00 100.00 100.00 100.00 100.00 87.50 100.00 100.00 100.00 100.00 100.00 100.00 100.00 88.89 100.00 100.00 88.89 71.43 100.00 100.00 100.00 88.89 71.43 100.00 100.00
95.46=70.00 100.00 100.00 100.00 80.00 100.00 100.00 80.00 100.00 100.00 100.00 77.78 100.00 100.00 100.00 100.00 100.00 100.00 100.00 88.89 100.00 100.00 87.50 100.00 100.00 100.00 100.00 100.00 75.00 100.00 100.00
94.55=70.00 100.00 100.00 100.00 100.00 100.00 100.00 75.00 100.00 83.33 100.00 87.50 100.00 83.33 88.89 100.00 100.00 100.00 100.00 100.00 100.00 100.00 100.00 71.43 100.00 100.00 100.00 100.00 71.43 100.00 100.00
95.27=70.00 100.00 100.00 100.00 100.00 100.00 100.00 66.67 100.00 100.00 100.00 87.50 77.78 100.00 100.00 100.00 100.00 100.00 87.50 88.89 100.00 100.00 100.00 100.00 100.00 100.00 100.00 100.00 75.00 100.00 100.00
94.83=70.00 100.00 100.00 75.00 100.00 100.00 100.00 57.14 100.00 100.00 100.00 87.50 100.00 100.00 100.00 100.00 100.00 100.00 100.00 100.00 100.00 100.00 100.00 100.00 87.50 100.00 100.00 100.00 62.50 100.00 100.00
93.49=70.00 100.00 100.00 100.00 100.00 100.00 100.00 50.00 100.00 100.00 100.00 87.50 100.00 100.00 100.00 100.00 100.00 100.00 83.33 80.00 100.00 100.00 100.00 100.00 100.00 66.67 100.00 100.00 75.00 85.71 100.00
95.24=70.00 100.00 100.00 100.00 100.00 100.00 100.00 80.00 100.00 100.00 100.00 77.78 100.00 100.00 100.00 100.00 88.89 100.00 87.50 100.00 100.00 100.00 100.00 100.00 100.00 100.00 85.71 87.50 75.00 100.00 100.00
94.15=70.00 100.00 100.00 100.00 100.00 87.50 100.00 66.67 100.00 83.33 100.00 77.78 100.00 100.00 88.89 100.00 100.00 100.00 100.00 100.00 100.00 100.00 88.89 100.00 100.00 100.00 100.00 88.89 66.67 100.00 100.00
96.09=70.00 100.00 100.00 100.00 80.00 100.00 100.00 66.67 100.00 100.00 100.00 87.50 100.00 100.00 100.00 100.00 100.00 100.00 100.00 88.89 100.00 100.00 100.00 100.00 100.00 100.00 85.71 100.00 100.00 100.00 100.00
94.97=70.00 100.00 100.00 100.00 100.00 100.00 100.00 80.00 100.00 100.00 100.00 77.78 85.71 100.00 100.00 100.00 100.00 100.00 100.00 88.89 100.00 100.00 100.00 100.00 100.00 100.00 66.67 100.00 75.00 100.00 100.00
94.69=70.00 100.00 100.00 100.00 100.00 100.00 100.00 66.67 100.00 100.00 100.00 87.50 100.00 100.00 80.00 100.00 100.00 100.00 87.50 100.00 100.00 83.33 100.00 100.00 100.00 100.00 100.00 88.89 71.43 100.00 100.00
94.51=70.00 100.00 100.00 75.00 66.67 100.00 100.00 66.67 100.00 100.00 100.00 87.50 100.00 100.00 88.89 100.00 100.00 100.00 100.00 100.00 100.00 100.00 100.00 100.00 100.00 100.00 100.00 100.00 75.00 100.00 100.00
94.16=70.00 100.00 100.00 100.00 100.00 100.00 100.00 66.67 100.00 100.00 100.00 87.50 100.00 83.33 100.00 90.00 100.00 100.00 85.71 100.00 100.00 100.00 100.00 100.00 85.71 100.00 100.00 87.50 62.50 100.00 100.00
95.19=70.00 100.00 100.00 100.00 100.00 100.00 100.00 80.00 100.00 100.00 87.50 87.50 100.00 100.00 88.89 100.00 100.00 100.00 87.50 100.00 100.00 100.00 88.89 100.00 85.71 100.00 100.00 100.00 75.00 100.00 100.00
93.75=77.78 100.00 100.00 100.00 100.00 100.00 100.00 75.00 100.00 100.00 100.00 87.50 87.50 80.00 100.00 100.00 100.00 100.00 87.50 100.00 100.00 83.33 88.89 83.33 100.00 100.00 100.00 88.89 66.67 100.00 100.00
81.14=100.00 100.00 100.00 100.00 0.00 75.00 100.00 100.00 66.67 100.00 100.00 66.67 75.00 100.00 100.00 71.43 75.00 33.33 66.67 66.67 100.00 100.00 100.00 100.00 33.33 0.00 100.00 85.71 100.00 100.00 100.00
87.79=100.00 100.00 100.00 100.00 100.00 100.00 100.00 100.00 100.00 100.00 100.00 50.00 100.00 80.00 88.89 100.00 100.00 100.00 66.67 40.00 100.00 100.00 100.00 100.00 25.00 0.00 100.00 87.50 83.33 100.00 100.00
87.42=100.00 100.00 100.00 100.00 100.00 100.00 100.00 100.00 66.67 100.00 75.00 66.67 100.00 80.00 100.00 100.00 75.00 100.00 100.00 50.00 100.00 80.00 100.00 100.00 33.33 0.00 100.00 100.00 83.33 100.00 100.00
85.26=100.00 100.00 100.00 100.00 100.00 100.00 100.00 66.67 100.00 100.00 100.00 66.67 100.00 80.00 100.00 85.71 75.00 100.00 66.67 33.33 100.00 100.00 100.00 100.00 25.00 0.00 100.00 85.71 83.33 75.00 100.00
88.06=100.00 100.00 100.00 100.00 0.00 100.00 100.00 100.00 100.00 100.00 100.00 66.67 100.00 80.00 100.00 100.00 100.00 33.33 100.00 50.00 100.00 100.00 100.00 100.00 100.00 0.00 100.00 100.00 100.00 100.00 100.00
92.07=100.00 100.00 100.00 100.00 100.00 100.00 75.00 100.00 100.00 100.00 100.00 66.67 100.00 100.00 100.00 80.00 75.00 100.00 100.00 50.00 100.00 100.00 100.00 100.00 40.00 100.00 100.00 87.50 100.00 80.00 100.00
90.75=100.00 100.00 100.00 100.00 100.00 100.00 100.00 100.00 100.00 100.00 100.00 50.00 100.00 80.00 100.00 100.00 100.00 100.00 100.00 50.00 100.00 100.00 100.00 100.00 50.00 0.00 100.00 100.00 83.33 100.00 100.00
96.74=100.00 100.00 100.00 100.00 100.00 100.00 100.00 100.00 100.00 100.00 100.00 66.67 100.00 80.00 100.00 85.71 100.00 100.00 100.00 66.67 100.00 100.00 100.00 100.00 100.00 100.00 100.00 100.00 100.00 100.00 100.00
88.76=100.00 100.00 100.00 100.00 100.00 100.00 100.00 100.00 100.00 100.00 100.00 50.00 100.00 80.00 100.00 100.00 75.00 100.00 66.67 50.00 100.00 100.00 100.00 100.00 50.00 0.00 100.00 100.00 100.00 80.00 100.00
91.94=100.00 100.00 100.00 100.00 100.00 100.00 100.00 100.00 100.00 100.00 100.00 40.00 100.00 80.00 100.00 100.00 100.00 66.67 100.00 50.00 100.00 100.00 100.00 100.00 100.00 50.00 100.00 100.00 83.33 80.00 100.00
90.40=100.00 100.00 100.00 100.00 100.00 100.00 100.00 75.00 100.00 100.00 100.00 66.67 100.00 66.67 100.00 100.00 100.00 100.00 100.00 40.00 100.00 100.00 100.00 100.00 66.67 0.00 100.00 87.50 100.00 100.00 100.00
90.22=100.00 100.00 100.00 100.00 100.00 100.00 100.00 100.00 75.00 100.00 100.00 50.00 100.00 75.00 100.00 100.00 100.00 66.67 100.00 50.00 100.00 80.00 100.00 100.00 100.00 0.00 100.00 100.00 100.00 100.00 100.00
94.59=100.00 100.00 100.00 100.00 100.00 100.00 100.00 100.00 100.00 100.00 100.00 50.00 100.00 80.00 100.00 85.71 100.00 100.00 100.00 66.67 100.00 100.00 100.00 100.00 66.67 100.00 100.00 100.00 100.00 83.33 100.00
86.56=100.00 100.00 100.00 100.00 100.00 100.00 100.00 66.67 100.00 100.00 100.00 66.67 100.00 66.67 100.00 85.71 100.00 100.00 66.67 33.33 100.00 100.00 100.00 80.00 50.00 0.00 100.00 87.50 100.00 80.00 100.00
92.12=100.00 100.00 100.00 100.00 100.00 100.00 100.00 100.00 100.00 100.00 100.00 40.00 100.00 80.00 100.00 85.71 100.00 100.00 100.00 66.67 100.00 100.00 100.00 100.00 100.00 0.00 100.00 100.00 100.00 83.33 100.00
90.89=100.00 100.00 100.00 100.00 100.00 100.00 100.00 75.00 100.00 100.00 100.00 50.00 100.00 80.00 100.00 100.00 75.00 100.00 100.00 50.00 100.00 100.00 100.00 100.00 100.00 0.00 100.00 87.50 100.00 100.00 100.00
90.11=100.00 100.00 100.00 100.00 100.00 100.00 100.00 100.00 100.00 80.00 100.00 50.00 100.00 80.00 100.00 100.00 100.00 100.00 66.67 50.00 100.00 100.00 100.00 100.00 100.00 0.00 100.00 100.00 100.00 66.67 100.00
92.57=100.00 100.00 100.00 100.00 100.00 100.00 100.00 100.00 100.00 100.00 100.00 50.00 100.00 80.00 88.89 100.00 100.00 66.67 66.67 66.67 100.00 100.00 100.00 100.00 100.00 100.00 100.00 87.50 80.00 83.33 100.00
91.13=100.00 100.00 100.00 100.00 100.00 100.00 100.00 100.00 100.00 100.00 100.00 66.67 100.00 75.00 100.00 66.67 100.00 100.00 100.00 50.00 100.00 100.00 100.00 100.00 66.67 0.00 100.00 100.00 100.00 100.00 100.00
90.51=100.00 100.00 100.00 100.00 100.00 100.00 100.00 100.00 100.00 100.00 100.00 50.00 100.00 80.00 100.00 85.71 100.00 100.00 100.00 40.00 100.00 100.00 100.00 100.00 66.67 0.00 100.00 100.00 83.33 100.00 100.00
90.00=100.00 100.00 100.00 100.00 100.00 100.00 100.00 100.00 100.00 100.00 100.00 50.00 100.00 80.00 100.00 100.00 100.00 100.00 100.00 33.33 100.00 100.00 100.00 100.00 66.67 0.00 100.00 100.00 80.00 80.00 100.00
89.01=100.00 100.00 100.00 75.00 100.00 100.00 100.00 100.00 100.00 100.00 100.00 40.00 100.00 75.00 100.00 75.00 100.00 100.00 100.00 40.00 100.00 100.00 100.00 100.00 66.67 0.00 100.00 87.50 100.00 100.00 100.00
95.13=100.00 100.00 100.00 100.00 100.00 100.00 100.00 100.00 100.00 100.00 100.00 50.00 100.00 80.00 100.00 85.71 100.00 100.00 100.00 66.67 100.00 100.00 100.00 100.00 66.67 100.00 100.00 100.00 100.00 100.00 100.00
91.34=100.00 100.00 100.00 100.00 100.00 100.00 100.00 60.00 100.00 100.00 100.00 66.67 100.00 80.00 100.00 100.00 75.00 100.00 100.00 50.00 100.00 100.00 100.00 100.00 100.00 0.00 100.00 100.00 100.00 100.00 100.00
93.33=100.00 100.00 100.00 100.00 100.00 100.00 100.00 100.00 100.00 100.00 100.00 66.67 100.00 75.00 100.00 75.00 100.00 100.00 100.00 66.67 100.00 80.00 100.00 80.00 50.00 100.00 100.00 100.00 100.00 100.00 100.00
90.65=100.00 100.00 100.00 100.00 100.00 100.00 100.00 100.00 100.00 100.00 100.00 50.00 100.00 80.00 100.00 100.00 100.00 100.00 100.00 50.00 100.00 100.00 100.00 100.00 66.67 0.00 80.00 100.00 100.00 83.33 100.00
90.24=100.00 100.00 100.00 100.00 100.00 100.00 100.00 100.00 100.00 100.00 100.00 40.00 100.00 75.00 100.00 85.71 100.00 100.00 100.00 50.00 100.00 100.00 100.00 80.00 66.67 0.00 100.00 100.00 100.00 100.00 100.00
89.59=100.00 100.00 85.71 100.00 100.00 100.00 100.00 75.00 100.00 100.00 100.00 50.00 100.00 66.67 100.00 100.00 100.00 100.00 100.00 50.00 100.00 100.00 100.00 100.00 50.00 0.00 100.00 100.00 100.00 100.00 100.00
90.75=100.00 100.00 100.00 100.00 100.00 100.00 100.00 100.00 100.00 100.00 100.00 50.00 100.00 80.00 100.00 100.00 100.00 100.00 100.00 50.00 100.00 100.00 100.00 100.00 66.67 0.00 100.00 100.00 83.33 83.33 100.00
90.16=100.00 100.00 100.00 60.00 100.00 100.00 100.00 100.00 100.00 100.00 100.00 50.00 100.00 80.00 100.00 100.00 75.00 100.00 0.00 100.00 100.00 100.00 100.00 100.00 50.00 100.00 100.00 100.00 100.00 80.00 100.00
89.68=100.00 100.00 100.00 100.00 100.00 100.00 100.00 75.00 75.00 100.00 100.00 50.00 100.00 80.00 100.00 100.00 100.00 100.00 66.67 50.00 100.00 100.00 100.00 100.00 100.00 0.00 100.00 100.00 100.00 83.33 100.00
89.73=100.00 100.00 100.00 100.00 100.00 100.00 100.00 100.00 100.00 80.00 75.00 50.00 80.00 80.00 100.00 100.00 100.00 100.00 100.00 50.00 100.00 100.00 100.00 100.00 66.67 0.00 100.00 100.00 100.00 100.00 100.00
90.56=100.00 100.00 100.00 100.00 100.00 100.00 75.00 100.00 100.00 100.00 100.00 50.00 100.00 80.00 100.00 85.71 100.00 66.67 100.00 66.67 100.00 100.00 100.00 100.00 100.00 0.00 100.00 100.00 83.33 100.00 100.00
94.03=100.00 100.00 100.00 100.00 100.00 100.00 100.00 100.00 100.00 100.00 100.00 50.00 100.00 80.00 100.00 100.00 100.00 100.00 100.00 50.00 75.00 100.00 100.00 100.00 100.00 100.00 80.00 100.00 100.00 100.00 80.00
91.29=100.00 100.00 100.00 100.00 100.00 100.00 100.00 100.00 100.00 100.00 100.00 40.00 100.00 80.00 100.00 100.00 100.00 100.00 100.00 50.00 100.00 100.00 100.00 80.00 100.00 0.00 100.00 100.00 100.00 100.00 80.00
91.13=100.00 100.00 100.00 75.00 100.00 100.00 100.00 100.00 100.00 100.00 100.00 50.00 100.00 100.00 100.00 100.00 100.00 100.00 100.00 50.00 100.00 100.00 100.00 100.00 50.00 0.00 100.00 100.00 100.00 100.00 100.00
90.96=100.00 100.00 100.00 100.00 100.00 100.00 100.00 100.00 100.00 100.00 100.00 50.00 100.00 80.00 100.00 85.71 100.00 100.00 100.00 50.00 100.00 100.00 100.00 100.00 66.67 0.00 100.00 87.50 100.00 100.00 100.00
92.10=100.00 100.00 100.00 100.00 100.00 100.00 100.00 100.00 100.00 100.00 100.00 50.00 100.00 80.00 100.00 100.00 75.00 100.00 100.00 50.00 100.00 100.00 100.00 100.00 100.00 0.00 100.00 100.00 100.00 100.00 100.00
92.37=100.00 100.00 100.00 100.00 100.00 100.00 100.00 100.00 100.00 100.00 100.00 66.67 100.00 80.00 100.00 100.00 100.00 100.00 100.00 50.00 100.00 100.00 100.00 100.00 66.67 0.00 100.00 100.00 100.00 100.00 100.00
91.37=100.00 100.00 100.00 100.00 100.00 100.00 100.00 100.00 100.00 100.00 100.00 50.00 100.00 80.00 100.00 85.71 100.00 100.00 100.00 50.00 100.00 100.00 100.00 100.00 66.67 0.00 100.00 100.00 100.00 100.00 100.00
87.80=75.00 100.00 100.00 100.00 0.00 100.00 100.00 75.00 100.00 100.00 100.00 66.67 100.00 100.00 100.00 80.00 75.00 33.33 100.00 100.00 100.00 100.00 83.33 100.00 33.33 100.00 100.00 100.00 100.00 100.00 100.00
88.28=75.00 100.00 100.00 100.00 0.00 100.00 100.00 75.00 100.00 100.00 100.00 66.67 100.00 100.00 100.00 100.00 100.00 66.67 100.00 100.00 100.00 100.00 100.00 100.00 50.00 40.00 100.00 100.00 80.00 83.33 100.00
85.75=75.00 100.00 100.00 100.00 0.00 100.00 100.00 75.00 100.00 100.00 100.00 100.00 100.00 80.00 100.00 100.00 75.00 40.00 100.00 100.00 75.00 100.00 100.00 100.00 25.00 50.00 100.00 100.00 80.00 83.33 100.00
93.09=75.00 100.00 100.00 100.00 100.00 100.00 100.00 100.00 100.00 100.00 100.00 50.00 100.00 100.00 100.00 100.00 100.00 100.00 100.00 100.00 75.00 100.00 100.00 100.00 50.00 66.67 100.00 85.71 83.33 100.00 100.00
85.94=75.00 100.00 100.00 100.00 0.00 100.00 100.00 100.00 100.00 100.00 100.00 50.00 100.00 80.00 100.00 100.00 100.00 66.67 100.00 100.00 100.00 100.00 100.00 80.00 25.00 25.00 100.00 100.00 62.50 100.00 100.00
85.08=75.00 100.00 100.00 60.00 0.00 100.00 100.00 66.67 100.00 100.00 100.00 100.00 100.00 100.00 100.00 100.00 75.00 50.00 100.00 50.00 100.00 100.00 85.71 100.00 25.00 50.00 100.00 100.00 100.00 100.00 100.00
86.57=75.00 100.00 100.00 75.00 0.00 100.00 100.00 100.00 60.00 100.00 100.00 100.00 100.00 100.00 88.89 100.00 100.00 50.00 100.00 100.00 100.00 80.00 100.00 100.00 33.33 50.00 100.00 100.00 71.43 100.00 100.00
86.67=75.00 100.00 100.00 100.00 0.00 100.00 75.00 75.00 100.00 100.00 100.00 66.67 100.00 100.00 100.00 100.00 100.00 28.57 100.00 66.67 100.00 100.00 83.33 100.00 33.33 100.00 100.00 100.00 83.33 100.00 100.00
87.87=75.00 100.00 100.00 100.00 0.00 100.00 100.00 75.00 66.67 100.00 100.00 100.00 100.00 100.00 100.00 83.33 100.00 50.00 100.00 100.00 75.00 100.00 100.00 100.00 100.00 50.00 100.00 85.71 83.33 100.00 80.00
87.26=75.00 100.00 100.00 75.00 0.00 100.00 66.67 75.00 100.00 100.00 100.00 50.00 100.00 100.00 100.00 100.00 100.00 50.00 100.00 100.00 100.00 80.00 100.00 100.00 100.00 50.00 100.00 100.00 83.33 100.00 100.00
94.62=100.00 100.00 100.00 100.00 100.00 100.00 100.00 75.00 100.00 100.00 75.00 100.00 100.00 100.00 100.00 100.00 100.00 66.67 66.67 100.00 100.00 100.00 100.00 100.00 66.67 100.00 100.00 100.00 83.33 100.00 100.00
87.15=75.00 100.00 100.00 100.00 0.00 100.00 100.00 75.00 80.00 100.00 100.00 100.00 100.00 80.00 100.00 100.00 100.00 50.00 100.00 100.00 100.00 100.00 100.00 75.00 50.00 33.33 100.00 100.00 83.33 100.00 100.00
86.90=75.00 100.00 100.00 100.00 0.00 100.00 100.00 75.00 100.00 100.00 100.00 100.00 100.00 100.00 88.89 80.00 100.00 66.67 100.00 100.00 100.00 100.00 100.00 80.00 25.00 40.00 100.00 100.00 83.33 80.00 100.00
88.98=75.00 100.00 100.00 100.00 0.00 100.00 100.00 75.00 100.00 100.00 100.00 66.67 100.00 100.00 100.00 100.00 100.00 50.00 100.00 100.00 75.00 100.00 100.00 100.00 100.00 50.00 100.00 83.33 83.33 100.00 100.00
91.04=75.00 100.00 100.00 100.00 0.00 100.00 100.00 100.00 100.00 100.00 100.00 100.00 85.71 100.00 100.00 100.00 100.00 50.00 100.00 100.00 100.00 100.00 100.00 100.00 100.00 40.00 100.00 100.00 71.43 100.00 100.00
91.40=75.00 100.00 100.00 100.00 0.00 100.00 100.00 75.00 100.00 100.00 100.00 100.00 100.00 100.00 100.00 100.00 100.00 50.00 100.00 100.00 100.00 100.00 100.00 100.00 100.00 50.00 100.00 100.00 83.33 100.00 100.00
90.86=75.00 100.00 100.00 100.00 0.00 100.00 100.00 75.00 100.00 100.00 100.00 100.00 100.00 100.00 100.00 100.00 100.00 100.00 100.00 100.00 100.00 100.00 100.00 100.00 50.00 33.33 100.00 100.00 83.33 100.00 100.00
87.63=75.00 100.00 100.00 100.00 0.00 100.00 100.00 75.00 100.00 100.00 100.00 100.00 100.00 100.00 100.00 100.00 100.00 50.00 100.00 50.00 100.00 100.00 100.00 100.00 50.00 50.00 100.00 100.00 66.67 100.00 100.00
86.34=75.00 100.00 100.00 100.00 0.00 100.00 100.00 60.00 100.00 100.00 75.00 66.67 100.00 100.00 100.00 100.00 100.00 50.00 66.67 100.00 100.00 100.00 100.00 100.00 50.00 50.00 100.00 100.00 83.33 100.00 100.00
89.25=75.00 100.00 100.00 100.00 0.00 100.00 100.00 75.00 100.00 100.00 100.00 100.00 100.00 100.00 100.00 100.00 100.00 66.67 100.00 100.00 100.00 100.00 100.00 80.00 50.00 40.00 100.00 100.00 80.00 100.00 100.00
90.54=75.00 100.00 100.00 100.00 0.00 100.00 100.00 75.00 100.00 100.00 100.00 100.00 100.00 100.00 100.00 100.00 100.00 66.67 66.67 100.00 100.00 100.00 100.00 100.00 100.00 40.00 100.00 100.00 83.33 100.00 100.00
88.06=75.00 100.00 100.00 100.00 0.00 100.00 100.00 75.00 100.00 100.00 100.00 66.67 100.00 100.00 100.00 100.00 100.00 50.00 100.00 100.00 100.00 100.00 100.00 80.00 50.00 50.00 100.00 100.00 83.33 100.00 100.00
88.06=75.00 100.00 100.00 100.00 0.00 100.00 100.00 75.00 100.00 100.00 100.00 100.00 100.00 100.00 100.00 100.00 75.00 50.00 100.00 100.00 100.00 100.00 100.00 100.00 33.33 50.00 100.00 100.00 71.43 100.00 100.00
93.17=75.00 100.00 100.00 100.00 100.00 100.00 100.00 50.00 100.00 100.00 100.00 100.00 100.00 100.00 100.00 100.00 100.00 66.67 100.00 100.00 100.00 80.00 100.00 100.00 100.00 50.00 100.00 100.00 66.67 100.00 100.00
91.82=75.00 100.00 100.00 100.00 50.00 100.00 100.00 100.00 100.00 100.00 100.00 100.00 100.00 100.00 100.00 100.00 100.00 66.67 100.00 50.00 100.00 100.00 100.00 100.00 100.00 33.33 100.00 100.00 71.43 100.00 100.00
88.87=75.00 100.00 100.00 100.00 0.00 100.00 100.00 66.67 100.00 100.00 100.00 100.00 100.00 80.00 100.00 100.00 100.00 50.00 100.00 100.00 100.00 100.00 100.00 100.00 50.00 50.00 100.00 100.00 83.33 100.00 100.00
89.78=75.00 100.00 100.00 100.00 0.00 100.00 100.00 75.00 100.00 100.00 100.00 100.00 100.00 100.00 100.00 100.00 100.00 50.00 100.00 100.00 100.00 100.00 100.00 100.00 50.00 50.00 100.00 100.00 83.33 100.00 100.00
91.23=75.00 100.00 100.00 100.00 0.00 100.00 100.00 75.00 100.00 100.00 100.00 100.00 100.00 100.00 100.00 100.00 100.00 66.67 100.00 100.00 100.00 100.00 100.00 100.00 100.00 40.00 100.00 100.00 71.43 100.00 100.00
91.40=75.00 100.00 100.00 100.00 0.00 100.00 100.00 75.00 100.00 100.00 100.00 100.00 100.00 100.00 100.00 100.00 100.00 50.00 100.00 100.00 100.00 100.00 100.00 100.00 100.00 50.00 100.00 100.00 83.33 100.00 100.00
91.40=75.00 100.00 100.00 100.00 0.00 100.00 100.00 75.00 100.00 100.00 100.00 100.00 100.00 100.00 100.00 100.00 100.00 50.00 100.00 100.00 100.00 100.00 100.00 100.00 100.00 50.00 100.00 100.00 83.33 100.00 100.00
91.40=75.00 100.00 100.00 100.00 0.00 100.00 100.00 75.00 100.00 100.00 100.00 100.00 100.00 100.00 100.00 100.00 100.00 50.00 100.00 100.00 100.00 100.00 100.00 100.00 100.00 50.00 100.00 100.00 83.33 100.00 100.00
86.83=75.00 100.00 100.00 100.00 0.00 100.00 100.00 75.00 100.00 100.00 100.00 100.00 100.00 75.00 100.00 83.33 100.00 50.00 100.00 50.00 100.00 100.00 100.00 100.00 50.00 50.00 100.00 100.00 83.33 100.00 100.00
90.65=75.00 100.00 100.00 100.00 0.00 100.00 100.00 75.00 100.00 100.00 100.00 100.00 100.00 100.00 100.00 100.00 100.00 50.00 100.00 100.00 100.00 100.00 100.00 80.00 100.00 50.00 100.00 100.00 80.00 100.00 100.00
90.86=75.00 100.00 100.00 100.00 0.00 100.00 100.00 75.00 100.00 100.00 100.00 100.00 100.00 100.00 100.00 100.00 100.00 50.00 100.00 66.67 100.00 100.00 100.00 100.00 100.00 66.67 100.00 100.00 83.33 100.00 100.00
89.89=75.00 100.00 100.00 100.00 0.00 100.00 100.00 75.00 100.00 100.00 100.00 100.00 100.00 100.00 100.00 100.00 100.00 50.00 100.00 100.00 100.00 100.00 100.00 100.00 100.00 40.00 80.00 100.00 83.33 83.33 100.00
90.75=75.00 100.00 100.00 100.00 0.00 100.00 100.00 75.00 100.00 100.00 100.00 100.00 100.00 100.00 100.00 100.00 100.00 50.00 100.00 100.00 100.00 100.00 100.00 80.00 100.00 50.00 100.00 100.00 83.33 100.00 100.00
88.44=75.00 100.00 100.00 100.00 0.00 75.00 100.00 75.00 100.00 100.00 100.00 100.00 100.00 100.00 100.00 100.00 100.00 50.00 100.00 100.00 100.00 100.00 100.00 100.00 33.33 50.00 100.00 100.00 83.33 100.00 100.00
89.32=75.00 100.00 100.00 100.00 0.00 100.00 100.00 75.00 100.00 100.00 100.00 100.00 100.00 100.00 100.00 100.00 100.00 50.00 100.00 100.00 100.00 100.00 100.00 100.00 50.00 50.00 100.00 85.71 83.33 100.00 100.00
86.37=75.00 100.00 100.00 100.00 0.00 100.00 100.00 60.00 100.00 100.00 100.00 100.00 100.00 100.00 100.00 100.00 100.00 50.00 100.00 66.67 100.00 100.00 100.00 100.00 50.00 33.33 100.00 100.00 62.50 80.00 100.00
89.94=75.00 100.00 100.00 100.00 0.00 100.00 100.00 75.00 100.00 100.00 100.00 100.00 100.00 100.00 100.00 100.00 100.00 50.00 66.67 100.00 100.00 100.00 100.00 100.00 100.00 50.00 100.00 100.00 71.43 100.00 100.00
86.66=77.78 100.00 100.00 100.00 100.00 100.00 100.00 57.14 100.00 71.43 100.00 63.64 60.00 83.33 100.00 100.00 100.00 100.00 87.50 80.00 100.00 83.33 100.00 80.00 100.00 50.00 100.00 60.00 66.67 85.71 80.00
88.65=70.00 100.00 100.00 66.67 100.00 100.00 100.00 100.00 57.14 83.33 100.00 70.00 100.00 83.33 100.00 100.00 100.00 100.00 100.00 80.00 100.00 100.00 100.00 75.00 85.71 50.00 100.00 85.71 55.56 85.71 100.00
88.27=77.78 100.00 100.00 25.00 80.00 88.89 100.00 100.00 100.00 71.43 100.00 100.00 100.00 83.33 100.00 100.00 100.00 100.00 100.00 100.00 100.00 100.00 100.00 50.00 100.00 50.00 100.00 60.00 50.00 100.00 100.00
84.86=63.64 100.00 100.00 100.00 100.00 88.89 100.00 100.00 42.86 100.00 100.00 63.64 0.00 71.43 100.00 100.00 100.00 87.50 100.00 72.73 100.00 83.33 88.89 100.00 85.71 50.00 100.00 100.00 57.14 75.00 100.00
88.54=77.78 100.00 100.00 100.00 0.00 100.00 100.00 80.00 83.33 100.00 100.00 100.00 100.00 100.00 100.00 100.00 100.00 58.33 100.00 72.73 100.00 100.00 100.00 100.00 87.50 100.00 100.00 87.50 42.86 71.43 83.33
89.03=77.78 100.00 100.00 100.00 100.00 88.89 100.00 57.14 75.00 80.00 100.00 87.50 77.78 100.00 100.00 90.00 100.00 87.50 87.50 80.00 100.00 83.33 100.00 100.00 100.00 66.67 100.00 100.00 37.50 100.00 83.33
89.58=66.67 100.00 100.00 100.00 80.00 100.00 90.91 80.00 100.00 100.00 87.50 100.00 100.00 100.00 100.00 100.00 100.00 100.00 85.71 88.89 100.00 80.00 88.89 100.00 83.33 25.00 100.00 70.00 50.00 100.00 100.00
86.33=70.00 100.00 87.50 100.00 66.67 100.00 100.00 80.00 80.00 100.00 100.00 66.67 100.00 83.33 75.00 100.00 100.00 100.00 87.50 88.89 100.00 83.33 80.00 100.00 83.33 50.00 100.00 85.71 50.00 83.33 75.00
87.82=70.00 100.00 100.00 75.00 100.00 100.00 100.00 66.67 75.00 100.00 100.00 100.00 100.00 100.00 100.00 80.00 100.00 100.00 100.00 88.89 100.00 71.43 100.00 83.33 71.43 33.33 85.71 75.00 66.67 100.00 80.00
90.46=77.78 100.00 100.00 100.00 100.00 100.00 100.00 60.00 100.00 83.33 100.00 100.00 100.00 80.00 100.00 100.00 100.00 87.50 100.00 88.89 100.00 80.00 88.89 83.33 87.50 50.00 100.00 80.00 57.14 100.00 100.00
93.15=70.00 100.00 100.00 100.00 100.00 100.00 100.00 100.00 100.00 100.00 100.00 100.00 100.00 83.33 80.00 100.00 100.00 87.50 100.00 80.00 100.00 100.00 100.00 100.00 87.50 66.67 100.00 72.73 60.00 100.00 100.00
89.15=70.00 100.00 100.00 75.00 100.00 100.00 100.00 75.00 100.00 100.00 100.00 100.00 75.00 83.33 87.50 100.00 100.00 100.00 77.78 88.89 100.00 83.33 100.00 100.00 80.00 40.00 100.00 77.78 66.67 100.00 83.33
90.54=77.78 100.00 100.00 75.00 80.00 100.00 100.00 80.00 100.00 100.00 100.00 100.00 88.89 100.00 100.00 100.00 100.00 100.00 100.00 100.00 100.00 83.33 100.00 83.33 87.50 50.00 100.00 80.00 37.50 100.00 83.33
91.75=70.00 100.00 100.00 100.00 75.00 100.00 100.00 80.00 100.00 100.00 87.50 100.00 100.00 100.00 88.89 100.00 100.00 85.71 100.00 100.00 100.00 83.33 100.00 100.00 85.71 60.00 100.00 87.50 57.14 100.00 83.33
89.02=77.78 100.00 100.00 75.00 80.00 100.00 100.00 66.67 100.00 100.00 100.00 100.00 100.00 80.00 100.00 100.00 100.00 87.50 100.00 77.78 100.00 83.33 100.00 100.00 85.71 33.33 100.00 80.00 66.67 85.71 80.00
90.76=58.33 100.00 100.00 100.00 100.00 100.00 100.00 100.00 100.00 83.33 87.50 100.00 100.00 100.00 88.89 87.50 100.00 100.00 100.00 80.00 100.00 83.33 100.00 100.00 100.00 50.00 100.00 54.55 60.00 100.00 80.00
92.53=70.00 100.00 100.00 100.00 100.00 100.00 100.00 100.00 100.00 100.00 100.00 87.50 100.00 100.00 100.00 100.00 100.00 100.00 100.00 88.89 100.00 71.43 100.00 83.33 100.00 50.00 100.00 80.00 57.14 100.00 80.00
91.81=77.78 100.00 100.00 100.00 100.00 100.00 100.00 100.00 100.00 100.00 100.00 100.00 100.00 71.43 100.00 100.00 100.00 77.78 87.50 80.00 100.00 83.33 100.00 100.00 100.00 33.33 100.00 77.78 57.14 100.00 100.00
91.60=70.00 100.00 100.00 100.00 100.00 100.00 100.00 80.00 100.00 100.00 100.00 100.00 100.00 100.00 88.89 100.00 100.00 100.00 100.00 88.89 100.00 71.43 100.00 100.00 87.50 50.00 100.00 77.78 50.00 75.00 100.00
91.67=63.64 100.00 100.00 100.00 100.00 100.00 100.00 75.00 100.00 100.00 100.00 100.00 80.00 100.00 88.89 100.00 88.89 100.00 87.50 88.89 100.00 83.33 100.00 100.00 100.00 50.00 100.00 88.89 66.67 100.00 80.00
90.47=70.00 100.00 100.00 100.00 100.00 100.00 100.00 80.00 80.00 83.33 100.00 87.50 87.50 83.33 100.00 100.00 88.89 87.50 87.50 88.89 100.00 80.00 100.00 100.00 100.00 50.00 100.00 100.00 66.67 100.00 83.33
92.29=70.00 100.00 100.00 100.00 100.00 100.00 100.00 80.00 100.00 100.00 100.00 87.50 100.00 100.00 100.00 100.00 100.00 100.00 100.00 88.89 100.00 71.43 100.00 100.00 87.50 50.00 100.00 80.00 60.00 85.71 100.00
91.22=77.78 100.00 100.00 100.00 100.00 100.00 100.00 100.00 100.00 83.33 100.00 100.00 80.00 100.00 100.00 100.00 100.00 100.00 100.00 88.89 100.00 80.00 100.00 83.33 87.50 50.00 100.00 87.50 42.86 83.33 83.33
92.82=70.00 83.33 100.00 100.00 100.00 100.00 100.00 100.00 80.00 100.00 100.00 100.00 100.00 100.00 100.00 100.00 100.00 100.00 85.71 88.89 100.00 83.33 100.00 100.00 100.00 40.00 100.00 88.89 57.14 100.00 100.00
90.75=70.00 100.00 100.00 100.00 100.00 100.00 100.00 80.00 100.00 100.00 100.00 100.00 100.00 100.00 100.00 88.89 100.00 100.00 100.00 72.73 100.00 83.33 100.00 100.00 83.33 25.00 100.00 72.73 57.14 100.00 80.00
91.06=70.00 100.00 100.00 75.00 100.00 100.00 100.00 80.00 100.00 100.00 77.78 100.00 100.00 100.00 100.00 100.00 100.00 100.00 100.00 100.00 100.00 83.33 87.50 100.00 100.00 40.00 80.00 88.89 57.14 100.00 83.33
87.59=70.00 100.00 100.00 50.00 100.00 100.00 100.00 66.67 100.00 100.00 100.00 100.00 100.00 83.33 80.00 100.00 100.00 100.00 100.00 80.00 100.00 62.50 100.00 83.33 85.71 33.33 100.00 88.89 60.00 100.00 71.43
93.34=70.00 100.00 100.00 75.00 100.00 100.00 100.00 80.00 100.00 100.00 100.00 100.00 100.00 100.00 87.50 100.00 100.00 100.00 100.00 88.89 100.00 83.33 80.00 100.00 100.00 60.00 100.00 88.89 80.00 100.00 100.00
89.96=70.00 100.00 100.00 75.00 100.00 100.00 100.00 75.00 80.00 100.00 100.00 100.00 100.00 80.00 100.00 100.00 100.00 100.00 100.00 100.00 100.00 83.33 88.89 71.43 85.71 50.00 100.00 88.89 57.14 100.00 83.33
90.73=63.64 100.00 100.00 100.00 100.00 100.00 90.91 100.00 100.00 100.00 100.00 100.00 100.00 100.00 100.00 100.00 85.71 100.00 100.00 88.89 100.00 83.33 100.00 100.00 75.00 50.00 85.71 72.73 50.00 100.00 66.67
92.60=70.00 100.00 100.00 100.00 100.00 100.00 90.91 100.00 100.00 100.00 100.00 100.00 100.00 100.00 100.00 100.00 100.00 87.50 85.71 72.73 100.00 71.43 100.00 100.00 100.00 40.00 100.00 88.89 80.00 100.00 83.33
92.69=63.64 100.00 100.00 100.00 100.00 100.00 90.91 75.00 100.00 100.00 100.00 100.00 100.00 83.33 100.00 100.00 100.00 87.50 100.00 80.00 100.00 83.33 100.00 100.00 85.71 66.67 100.00 85.71 71.43 100.00 100.00
91.12=77.78 100.00 87.50 75.00 100.00 100.00 100.00 57.14 100.00 100.00 100.00 100.00 100.00 100.00 88.89 88.89 100.00 100.00 100.00 80.00 100.00 83.33 88.89 100.00 100.00 66.67 100.00 88.89 66.67 75.00 100.00
91.34=75.00 100.00 100.00 100.00 100.00 88.89 100.00 66.67 100.00 83.33 100.00 100.00 100.00 100.00 100.00 100.00 100.00 87.50 100.00 80.00 100.00 83.33 100.00 100.00 100.00 40.00 100.00 80.00 66.67 100.00 80.00
93.21=70.00 100.00 100.00 100.00 100.00 100.00 100.00 100.00 100.00 100.00 100.00 100.00 100.00 100.00 100.00 100.00 100.00 100.00 100.00 88.89 100.00 83.33 88.89 83.33 75.00 60.00 100.00 80.00 80.00 100.00 80.00
90.14=70.00 100.00 100.00 75.00 100.00 100.00 100.00 80.00 100.00 100.00 100.00 87.50 100.00 100.00 88.89 100.00 100.00 100.00 87.50 88.89 100.00 83.33 80.00 100.00 83.33 50.00 100.00 80.00 60.00 100.00 80.00
92.46=70.00 100.00 100.00 100.00 100.00 100.00 100.00 75.00 100.00 100.00 100.00 100.00 100.00 100.00 88.89 100.00 100.00 100.00 85.71 88.89 100.00 83.33 88.89 80.00 100.00 50.00 100.00 88.89 66.67 100.00 100.00
91.13=70.00 100.00 100.00 75.00 100.00 100.00 100.00 80.00 100.00 100.00 100.00 87.50 100.00 100.00 88.89 100.00 88.89 100.00 100.00 88.89 100.00 83.33 100.00 100.00 85.71 50.00 100.00 80.00 66.67 100.00 80.00
92.54=70.00 100.00 100.00 75.00 100.00 100.00 100.00 75.00 100.00 100.00 87.50 100.00 100.00 83.33 100.00 100.00 100.00 100.00 100.00 88.89 100.00 83.33 100.00 100.00 100.00 50.00 100.00 88.89 66.67 100.00 100.00
89.86=70.00 100.00 100.00 75.00 100.00 100.00 100.00 80.00 100.00 83.33 100.00 100.00 100.00 83.33 77.78 100.00 88.89 100.00 100.00 80.00 100.00 71.43 88.89 100.00 100.00 50.00 100.00 100.00 57.14 100.00 80.00
88.55=100.00 100.00 100.00 66.67 100.00 100.00 100.00 75.00 100.00 80.00 100.00 50.00 100.00 80.00 100.00 100.00 75.00 100.00 66.67 66.67 75.00 80.00 100.00 100.00 100.00 50.00 100.00 100.00 80.00 100.00 100.00
85.40=100.00 100.00 100.00 100.00 100.00 60.00 75.00 100.00 100.00 100.00 100.00 50.00 100.00 100.00 100.00 100.00 100.00 100.00 50.00 66.67 75.00 80.00 100.00 75.00 0.00 50.00 100.00 85.71 80.00 100.00 100.00
85.57=100.00 100.00 100.00 100.00 100.00 100.00 100.00 75.00 75.00 100.00 100.00 33.33 80.00 80.00 100.00 80.00 100.00 100.00 50.00 50.00 100.00 80.00 100.00 100.00 0.00 100.00 100.00 77.78 71.43 100.00 100.00
88.10=100.00 100.00 100.00 100.00 100.00 100.00 100.00 100.00 100.00 80.00 100.00 66.67 100.00 100.00 100.00 83.33 100.00 66.67 50.00 40.00 100.00 66.67 100.00 100.00 0.00 100.00 100.00 77.78 100.00 100.00 100.00
86.55=100.00 100.00 100.00 100.00 75.00 100.00 75.00 100.00 100.00 100.00 100.00 40.00 100.00 100.00 100.00 100.00 100.00 100.00 50.00 66.67 100.00 80.00 100.00 100.00 0.00 50.00 100.00 100.00 75.00 71.43 100.00
87.36=100.00 100.00 100.00 100.00 100.00 100.00 100.00 75.00 75.00 100.00 100.00 50.00 100.00 60.00 100.00 100.00 100.00 100.00 66.67 66.67 100.00 57.14 100.00 100.00 50.00 50.00 100.00 77.78 80.00 100.00 100.00
85.25=100.00 100.00 100.00 100.00 100.00 100.00 100.00 100.00 100.00 80.00 100.00 50.00 100.00 66.67 100.00 100.00 100.00 50.00 50.00 66.67 75.00 80.00 100.00 100.00 0.00 100.00 100.00 77.78 80.00 66.67 100.00
91.92=100.00 100.00 100.00 75.00 100.00 100.00 100.00 100.00 80.00 100.00 100.00 66.67 100.00 100.00 100.00 83.33 100.00 100.00 66.67 66.67 100.00 100.00 100.00 100.00 100.00 50.00 100.00 77.78 100.00 83.33 100.00
83.79=100.00 100.00 100.00 100.00 100.00 100.00 100.00 75.00 100.00 80.00 100.00 40.00 75.00 80.00 100.00 80.00 100.00 100.00 66.67 50.00 100.00 80.00 100.00 100.00 0.00 0.00 100.00 87.50 83.33 100.00 100.00
83.55=100.00 100.00 100.00 75.00 80.00 100.00 100.00 66.67 100.00 100.00 100.00 40.00 60.00 80.00 100.00 100.00 100.00 100.00 50.00 50.00 100.00 80.00 83.33 100.00 0.00 50.00 100.00 100.00 75.00 100.00 100.00
86.75=100.00 100.00 100.00 100.00 100.00 100.00 100.00 100.00 50.00 100.00 100.00 33.33 100.00 80.00 100.00 100.00 75.00 100.00 50.00 50.00 100.00 80.00 100.00 100.00 0.00 100.00 100.00 87.50 83.33 100.00 100.00
87.69=100.00 100.00 100.00 100.00 100.00 100.00 100.00 100.00 80.00 100.00 100.00 25.00 100.00 100.00 100.00 100.00 100.00 66.67 50.00 66.67 100.00 80.00 83.33 100.00 0.00 100.00 100.00 83.33 100.00 83.33 100.00
90.03=100.00 100.00 100.00 100.00 100.00 100.00 100.00 100.00 100.00 100.00 100.00 40.00 100.00 80.00 100.00 100.00 100.00 100.00 50.00 66.67 100.00 100.00 66.67 100.00 0.00 100.00 100.00 87.50 100.00 100.00 100.00
88.23=100.00 100.00 100.00 100.00 100.00 100.00 100.00 75.00 100.00 100.00 100.00 50.00 100.00 80.00 87.50 100.00 75.00 100.00 50.00 66.67 100.00 80.00 100.00 100.00 0.00 100.00 100.00 87.50 100.00 83.33 100.00
84.78=100.00 100.00 100.00 75.00 100.00 100.00 100.00 50.00 100.00 100.00 100.00 40.00 100.00 80.00 88.89 83.33 100.00 66.67 40.00 66.67 100.00 80.00 100.00 100.00 0.00 100.00 100.00 77.78 100.00 100.00 80.00
86.83=100.00 100.00 100.00 75.00 100.00 100.00 100.00 100.00 100.00 100.00 100.00 50.00 100.00 66.67 100.00 100.00 100.00 100.00 50.00 50.00 100.00 80.00 100.00 100.00 0.00 50.00 100.00 70.00 100.00 100.00 100.00
91.59=100.00 100.00 100.00 100.00 100.00 100.00 100.00 100.00 100.00 100.00 100.00 50.00 80.00 80.00 100.00 100.00 75.00 100.00 66.67 50.00 100.00 100.00 100.00 100.00 100.00 50.00 100.00 87.50 100.00 100.00 100.00
89.38=100.00 100.00 100.00 100.00 100.00 100.00 100.00 100.00 100.00 100.00 100.00 50.00 100.00 100.00 100.00 100.00 100.00 100.00 50.00 66.67 100.00 66.67 100.00 100.00 0.00 50.00 100.00 87.50 100.00 100.00 100.00
88.25=100.00 100.00 100.00 100.00 100.00 100.00 100.00 75.00 100.00 100.00 100.00 50.00 100.00 80.00 100.00 100.00 75.00 100.00 50.00 66.67 100.00 80.00 100.00 100.00 0.00 100.00 100.00 87.50 100.00 71.43 100.00
86.19=100.00 100.00 100.00 100.00 100.00 75.00 100.00 100.00 100.00 100.00 100.00 33.33 100.00 80.00 100.00 80.00 100.00 100.00 40.00 50.00 100.00 100.00 85.71 100.00 0.00 50.00 100.00 77.78 100.00 100.00 100.00
88.62=100.00 100.00 100.00 100.00 100.00 100.00 100.00 100.00 100.00 100.00 100.00 50.00 100.00 100.00 88.89 100.00 100.00 66.67 66.67 66.67 100.00 100.00 100.00 100.00 0.00 33.33 100.00 75.00 100.00 100.00 100.00
87.93=100.00 100.00 100.00 75.00 100.00 100.00 100.00 100.00 100.00 100.00 100.00 50.00 100.00 80.00 100.00 100.00 100.00 66.67 50.00 66.67 100.00 100.00 100.00 100.00 0.00 50.00 100.00 87.50 100.00 100.00 100.00
87.66=100.00 100.00 100.00 100.00 100.00 100.00 100.00 100.00 100.00 100.00 100.00 40.00 100.00 80.00 100.00 80.00 100.00 100.00 66.67 50.00 100.00 80.00 100.00 100.00 50.00 0.00 100.00 87.50 100.00 83.33 100.00
89.81=100.00 100.00 100.00 100.00 100.00 100.00 100.00 100.00 100.00 100.00 100.00 50.00 100.00 80.00 100.00 100.00 100.00 100.00 50.00 66.67 100.00 100.00 100.00 100.00 0.00 50.00 100.00 87.50 100.00 100.00 100.00
87.73=100.00 100.00 100.00 100.00 100.00 100.00 100.00 100.00 100.00 100.00 100.00 50.00 100.00 80.00 88.89 100.00 100.00 66.67 50.00 66.67 100.00 80.00 100.00 100.00 0.00 50.00 100.00 87.50 100.00 100.00 100.00
86.43=100.00 100.00 100.00 100.00 100.00 100.00 100.00 75.00 100.00 100.00 100.00 50.00 75.00 80.00 100.00 80.00 75.00 100.00 66.67 66.67 100.00 100.00 100.00 100.00 33.33 0.00 100.00 77.78 100.00 100.00 100.00
87.76=100.00 100.00 100.00 100.00 100.00 100.00 100.00 100.00 100.00 100.00 100.00 50.00 100.00 80.00 100.00 100.00 75.00 100.00 50.00 66.67 100.00 100.00 100.00 80.00 0.00 50.00 100.00 85.71 100.00 83.33 100.00
88.49=100.00 100.00 100.00 100.00 80.00 100.00 100.00 100.00 100.00 100.00 100.00 50.00 100.00 80.00 100.00 100.00 100.00 66.67 66.67 66.67 100.00 75.00 83.33 100.00 50.00 50.00 100.00 75.00 100.00 100.00 100.00
91.56=100.00 100.00 100.00 100.00 100.00 100.00 100.00 75.00 100.00 100.00 100.00 50.00 100.00 80.00 100.00 100.00 100.00 100.00 66.67 66.67 100.00 100.00 100.00 100.00 50.00 50.00 100.00 100.00 100.00 100.00 100.00
89.62=100.00 100.00 100.00 75.00 100.00 100.00 100.00 100.00 100.00 100.00 100.00 40.00 100.00 80.00 100.00 100.00 100.00 100.00 66.67 66.67 100.00 80.00 100.00 100.00 50.00 50.00 100.00 70.00 100.00 100.00 100.00
90.40=100.00 100.00 100.00 75.00 100.00 100.00 100.00 100.00 100.00 100.00 100.00 66.67 100.00 80.00 100.00 100.00 100.00 100.00 66.67 66.67 100.00 80.00 100.00 80.00 50.00 50.00 100.00 87.50 100.00 100.00 100.00
87.98=100.00 100.00 100.00 100.00 100.00 100.00 100.00 100.00 100.00 100.00 100.00 50.00 100.00 80.00 100.00 100.00 60.00 100.00 50.00 50.00 100.00 100.00 100.00 100.00 0.00 50.00 100.00 87.50 100.00 100.00 100.00
90.59=100.00 100.00 100.00 100.00 100.00 100.00 100.00 75.00 100.00 100.00 100.00 50.00 80.00 80.00 100.00 100.00 100.00 100.00 66.67 66.67 100.00 80.00 100.00 100.00 100.00 50.00 100.00 100.00 80.00 100.00 80.00
90.27=100.00 100.00 100.00 100.00 100.00 100.00 100.00 75.00 100.00 100.00 100.00 50.00 100.00 80.00 100.00 100.00 100.00 100.00 66.67 66.67 100.00 80.00 100.00 100.00 50.00 50.00 100.00 100.00 80.00 100.00 100.00
90.97=100.00 100.00 100.00 75.00 100.00 100.00 100.00 75.00 100.00 100.00 100.00 40.00 100.00 80.00 100.00 100.00 100.00 100.00 66.67 100.00 100.00 66.67 100.00 100.00 50.00 66.67 100.00 100.00 100.00 100.00 100.00
91.76=100.00 100.00 100.00 100.00 100.00 100.00 100.00 100.00 100.00 100.00 100.00 66.67 100.00 57.14 100.00 100.00 100.00 100.00 66.67 66.67 100.00 100.00 100.00 100.00 50.00 50.00 100.00 87.50 100.00 100.00 100.00
90.62=100.00 100.00 100.00 100.00 100.00 100.00 100.00 100.00 100.00 100.00 100.00 50.00 100.00 66.67 100.00 100.00 100.00 66.67 66.67 66.67 100.00 75.00 100.00 100.00 100.00 50.00 100.00 87.50 80.00 100.00 100.00
91.18=100.00 100.00 100.00 100.00 100.00 100.00 100.00 100.00 100.00 100.00 100.00 50.00 100.00 80.00 100.00 100.00 100.00 100.00 66.67 66.67 100.00 80.00 100.00 100.00 33.33 50.00 100.00 100.00 100.00 100.00 100.00
91.72=100.00 100.00 100.00 100.00 100.00 100.00 100.00 75.00 100.00 100.00 100.00 50.00 100.00 80.00 100.00 100.00 75.00 100.00 66.67 66.67 100.00 80.00 100.00 100.00 100.00 50.00 100.00 100.00 100.00 100.00 100.00
90.11=100.00 100.00 100.00 100.00 100.00 100.00 100.00 75.00 100.00 100.00 100.00 50.00 100.00 80.00 100.00 100.00 75.00 100.00 66.67 66.67 100.00 80.00 100.00 100.00 50.00 50.00 100.00 100.00 100.00 100.00 100.00
