46.16=62.50 20.00 81.25 50.00 40.00 41.18 63.64 100.00 42.86 40.62 21.88 90.00 47.37 60.00 57.14 11.76 35.00 80.00 50.00 16.67 72.73 46.15 36.36 17.86 46.67 33.33 30.77 60.00 33.33 68.75 33.33 30.00 50.00 9.09 100.00 36.36 75.00 50.00 28.57 77.78 61.11 83.33 14.29 87.50 63.64 60.00 73.33 17.50 52.17 16.67 20.00 66.67 37.50 0.00 0.00 42.11 60.00 83.33 60.00 22.22 25.00 66.67 0.00 28.57 11.11
49.52=66.67 0.00 84.62 35.00 32.00 53.85 58.33 88.89 40.00 42.86 26.32 85.71 66.67 62.50 63.64 17.65 33.33 87.50 33.33 40.00 70.00 58.33 40.00 20.00 53.85 27.27 5.26 85.71 7.69 87.50 25.00 37.50 56.25 44.44 85.71 29.41 50.00 40.00 71.43 85.71 44.44 85.71 20.00 92.31 57.14 66.67 71.43 21.05 70.59 0.00 11.76 80.00 31.03 6.25 27.27 57.14 83.33 83.33 55.56 60.00 20.00 100.00 0.00 62.50 11.11
50.32=58.82 0.00 93.33 47.83 29.63 46.67 83.33 88.89 70.00 43.75 25.00 90.00 46.15 54.55 63.64 0.00 38.10 66.67 100.00 33.33 77.78 53.85 33.33 18.18 88.89 55.56 8.33 85.71 14.29 85.71 20.00 25.00 57.14 37.50 71.43 40.00 70.00 42.86 57.14 88.89 62.50 100.00 23.53 92.86 42.11 75.00 75.00 19.44 83.33 12.50 6.67 70.00 30.77 0.00 16.67 54.55 66.67 80.00 50.00 37.50 11.11 100.00 0.00 38.46 11.11
51.42=75.00 0.00 84.62 45.45 30.77 45.45 90.91 100.00 36.36 54.17 23.81 87.50 52.94 50.00 50.00 0.00 37.50 72.73 75.00 30.00 81.82 70.00 40.00 25.00 83.33 45.45 5.88 85.71 14.29 88.89 20.00 40.00 50.00 44.44 88.89 26.67 72.73 42.86 60.00 83.33 57.14 85.71 16.67 78.57 55.56 75.00 85.71 23.33 71.43 10.00 11.11 70.00 38.89 0.00 80.00 63.64 66.67 83.33 60.00 50.00 11.11 85.71 0.00 40.00 11.11
51.73=55.00 0.00 80.00 52.00 47.06 46.67 92.86 100.00 37.50 52.00 22.86 87.50 69.23 62.50 63.64 0.00 44.44 72.73 50.00 28.57 88.89 61.54 40.00 26.92 85.71 33.33 5.00 53.85 11.11 88.24 25.00 14.29 47.37 60.00 75.00 26.09 80.00 57.14 50.00 77.78 73.33 100.00 20.00 68.42 76.92 75.00 84.62 25.93 91.67 14.29 12.50 81.82 50.00 0.00 66.67 53.33 75.00 54.55 54.55 50.00 11.11 100.00 0.00 31.25 20.00
58.71=70.00 57.14 33.33 30.77 66.67 71.43 50.00 100.00 44.44 0.00 100.00 55.56 61.54 0.00 100.00 0.00 50.00 91.67 80.00 75.00 100.00 57.14 50.00 20.00 50.00 75.00 10.00 0.00 37.50 100.00 0.00 71.43 100.00 50.00 70.00 66.67 50.00 80.00 75.00 87.50 50.00 0.00 100.00 100.00 50.00 80.00 42.86 33.33 83.33 50.00 37.50 85.71 61.54 0.00 75.00 92.31 71.43 100.00 66.67 50.00 50.00 88.89 60.00 75.00 25.00
60.63=66.67 80.00 60.00 14.29 50.00 100.00 60.00 88.89 70.00 0.00 50.00 55.56 87.50 0.00 66.67 0.00 20.00 100.00 80.00 62.50 100.00 37.50 80.00 17.65 50.00 87.50 13.33 50.00 66.67 100.00 16.67 62.50 75.00 85.71 100.00 25.00 83.33 85.71 63.64 75.00 50.00 100.00 100.00 60.00 80.00 83.33 37.50 42.86 84.21 66.67 42.86 100.00 75.00 0.00 60.00 85.71 63.64 80.00 83.33 50.00 50.00 80.00 33.33 25.00 20.00
60.73=81.82 100.00 33.33 30.77 42.86 60.00 0.00 100.00 37.50 0.00 100.00 100.00 77.78 25.00 100.00 0.00 33.33 100.00 66.67 100.00 100.00 33.33 60.00 18.75 80.00 87.50 10.00 33.33 75.00 60.00 0.00 71.43 100.00 83.33 75.00 50.00 80.00 83.33 63.64 85.71 33.33 50.00 100.00 66.67 80.00 100.00 37.50 50.00 84.21 60.00 30.00 85.71 68.75 0.00 28.57 91.67 85.71 66.67 66.67 50.00 66.67 100.00 14.29 66.67 25.00
63.46=100.00 100.00 60.00 23.08 66.67 66.67 0.00 100.00 50.00 0.00 66.67 77.78 80.00 20.00 87.50 0.00 25.00 100.00 83.33 75.00 100.00 50.00 66.67 23.53 50.00 87.50 17.65 0.00 83.33 72.73 20.00 71.43 100.00 83.33 77.78 66.67 71.43 75.00 87.50 87.50 66.67 75.00 81.82 60.00 57.14 83.33 50.00 60.00 94.12 75.00 25.00 86.67 75.00 50.00 28.57 92.31 72.73 75.00 75.00 80.00 50.00 100.00 37.50 75.00 25.00
63.67=100.00 100.00 50.00 33.33 20.00 80.00 33.33 92.31 30.00 0.00 100.00 58.33 66.67 20.00 75.00 0.00 33.33 100.00 100.00 71.43 75.00 25.00 66.67 26.67 57.14 85.71 11.76 33.33 60.00 66.67 20.00 60.00 75.00 100.00 100.00 50.00 85.71 100.00 71.43 87.50 100.00 66.67 90.00 100.00 80.00 100.00 42.86 33.33 83.33 77.78 50.00 92.86 58.33 0.00 28.57 93.33 70.00 83.33 83.33 44.44 100.00 88.89 50.00 75.00 25.00
83.62=100.00 100.00 77.78 57.14 84.62 70.59 72.73 100.00 58.33 44.44 100.00 93.33 69.23 44.44 94.44 66.67 71.43 90.48 100.00 75.00 100.00 69.23 84.62 84.62 65.00 58.82 81.82 100.00 100.00 88.89 62.50 93.33 100.00 88.89 93.33 77.78 75.00 90.91 100.00 87.50 80.00 60.00 100.00 81.25 64.71 100.00 100.00 83.33 100.00 100.00 66.67 100.00 91.67 85.71 87.50 92.86 100.00 100.00 92.86 83.33 80.00 100.00 88.89 83.33 40.00
81.85=95.00 75.00 87.50 68.75 91.67 93.33 75.00 100.00 69.23 44.44 100.00 92.31 84.62 47.06 88.89 66.67 71.43 100.00 100.00 81.82 75.00 71.43 80.00 81.82 70.59 68.75 81.82 100.00 92.86 76.92 41.67 100.00 81.82 85.71 88.89 93.33 75.00 90.91 100.00 93.33 63.64 60.00 100.00 92.31 83.33 90.91 93.75 83.33 93.75 66.67 72.73 94.44 100.00 66.67 87.50 93.33 76.92 94.12 100.00 72.73 60.00 91.67 71.43 100.00 28.57
83.46=100.00 92.86 77.78 57.89 91.67 78.95 81.82 100.00 80.00 57.14 100.00 92.86 84.62 42.11 100.00 62.50 71.43 100.00 100.00 100.00 77.78 75.00 90.91 100.00 68.42 62.50 81.82 100.00 88.24 75.00 50.00 93.33 90.00 100.00 88.24 100.00 66.67 78.57 100.00 92.86 72.73 60.00 100.00 100.00 75.00 90.00 84.21 75.00 93.75 77.78 58.33 100.00 76.92 80.00 87.50 82.35 92.31 100.00 100.00 88.89 81.25 91.67 85.71 91.67 28.57
85.52=94.44 92.31 87.50 55.56 85.71 82.35 83.33 100.00 100.00 44.44 100.00 86.67 91.67 42.11 94.12 57.14 87.50 100.00 94.44 100.00 87.50 91.67 81.82 90.91 59.09 64.71 77.78 100.00 92.86 84.62 60.00 87.50 81.82 100.00 93.75 83.33 66.67 92.31 100.00 82.35 76.92 55.56 100.00 91.67 76.92 100.00 93.33 83.33 100.00 85.71 81.82 100.00 100.00 100.00 87.50 87.50 92.31 100.00 100.00 90.00 92.86 100.00 83.33 100.00 22.22
83.66=100.00 92.86 87.50 61.11 85.71 82.35 80.00 100.00 90.00 36.36 100.00 86.67 75.00 42.86 89.47 50.00 100.00 100.00 93.33 100.00 87.50 71.43 90.91 100.00 65.00 66.67 72.73 100.00 86.67 78.57 44.44 93.75 100.00 88.89 88.24 93.75 66.67 86.67 90.00 93.33 66.67 50.00 100.00 100.00 83.33 100.00 93.75 93.75 93.75 55.56 61.54 100.00 91.67 100.00 88.89 92.86 85.71 100.00 100.00 100.00 76.92 100.00 60.00 100.00 25.00
68.04=75.00 88.89 42.86 30.00 60.00 75.00 22.22 92.86 60.00 16.67 87.50 75.00 72.73 20.00 100.00 100.00 40.00 69.23 55.56 50.00 100.00 50.00 100.00 25.00 25.00 45.45 20.00 100.00 71.43 66.67 25.00 100.00 66.67 87.50 80.00 40.00 83.33 88.89 80.00 100.00 50.00 75.00 100.00 66.67 33.33 100.00 80.00 50.00 94.44 83.33 40.00 92.31 85.71 75.00 50.00 100.00 63.64 100.00 83.33 100.00 42.86 100.00 58.33 60.00 50.00
67.43=77.78 87.50 75.00 25.00 100.00 100.00 40.00 100.00 50.00 22.22 87.50 83.33 72.73 22.22 100.00 66.67 100.00 80.00 100.00 33.33 100.00 42.86 100.00 22.22 20.00 44.44 22.22 0.00 80.00 85.71 33.33 75.00 100.00 87.50 70.00 60.00 100.00 88.89 66.67 88.89 50.00 75.00 88.89 60.00 0.00 100.00 50.00 50.00 94.44 44.44 50.00 100.00 78.57 33.33 33.33 91.67 60.00 88.89 83.33 100.00 40.00 100.00 75.00 75.00 50.00
67.35=100.00 70.00 42.86 50.00 66.67 100.00 66.67 100.00 47.62 28.57 87.50 71.43 72.73 28.57 100.00 100.00 0.00 83.33 75.00 16.67 75.00 40.00 66.67 27.27 66.67 44.44 16.67 66.67 71.43 100.00 50.00 80.00 66.67 88.89 88.89 20.00 100.00 88.89 55.56 77.78 60.00 100.00 88.89 75.00 44.44 100.00 66.67 60.00 94.12 85.71 16.67 100.00 76.47 33.33 33.33 85.71 80.00 100.00 83.33 75.00 33.33 100.00 66.67 60.00 60.00
63.73=75.00 87.50 60.00 0.00 60.00 100.00 50.00 93.33 68.75 14.29 87.50 42.86 80.00 0.00 88.89 50.00 0.00 78.57 83.33 57.14 75.00 50.00 80.00 36.36 75.00 50.00 12.50 50.00 62.50 71.43 50.00 100.00 66.67 100.00 66.67 50.00 85.71 100.00 55.56 83.33 33.33 100.00 77.78 66.67 0.00 100.00 57.14 57.14 88.89 85.71 33.33 100.00 70.59 16.67 25.00 92.31 75.00 100.00 71.43 100.00 20.00 100.00 80.00 60.00 33.33
68.68=100.00 80.00 50.00 42.86 100.00 100.00 50.00 93.33 52.63 40.00 88.89 80.00 63.64 25.00 87.50 66.67 0.00 85.71 75.00 57.14 100.00 50.00 66.67 25.00 60.00 33.33 20.00 100.00 50.00 85.71 50.00 100.00 66.67 85.71 88.89 33.33 71.43 88.89 66.67 100.00 60.00 60.00 88.89 50.00 28.57 100.00 80.00 57.14 94.44 71.43 20.00 100.00 66.67 20.00 40.00 84.62 80.00 100.00 83.33 100.00 40.00 100.00 58.33 100.00 100.00
62.72=44.44 87.50 33.33 25.00 0.00 83.33 66.67 93.33 60.00 33.33 66.67 50.00 75.00 33.33 100.00 25.00 0.00 81.25 100.00 80.00 100.00 66.67 57.14 23.08 40.00 75.00 33.33 0.00 75.00 87.50 33.33 100.00 50.00 81.82 75.00 50.00 85.71 62.50 50.00 77.78 50.00 66.67 81.82 66.67 22.22 100.00 50.00 100.00 94.74 87.50 33.33 92.31 71.43 33.33 75.00 100.00 100.00 100.00 100.00 20.00 50.00 100.00 0.00 100.00 20.00
62.11=50.00 83.33 37.50 10.00 25.00 83.33 50.00 100.00 62.50 14.29 80.00 45.45 64.29 66.67 100.00 20.00 0.00 85.71 100.00 20.00 100.00 25.00 66.67 20.00 44.44 75.00 9.09 0.00 57.14 77.78 25.00 75.00 100.00 100.00 71.43 25.00 50.00 62.50 40.00 100.00 50.00 100.00 81.82 100.00 25.00 100.00 25.00 100.00 94.44 75.00 25.00 100.00 47.06 66.67 42.86 92.31 100.00 100.00 100.00 33.33 83.33 100.00 40.00 100.00 33.33
63.78=62.50 77.78 33.33 30.77 20.00 80.00 100.00 100.00 88.89 14.29 77.78 63.64 88.89 57.14 100.00 20.00 0.00 93.33 75.00 66.67 100.00 25.00 50.00 7.14 42.86 100.00 7.69 0.00 66.67 85.71 100.00 75.00 33.33 88.89 100.00 60.00 85.71 54.55 75.00 100.00 33.33 66.67 100.00 100.00 33.33 100.00 33.33 66.67 89.47 75.00 22.22 100.00 61.11 100.00 42.86 100.00 66.67 100.00 100.00 37.50 60.00 100.00 0.00 50.00 0.00
61.85=50.00 70.00 37.50 16.67 66.67 85.71 66.67 92.86 66.67 20.00 57.14 40.00 90.00 28.57 100.00 25.00 0.00 93.33 100.00 42.86 100.00 25.00 66.67 10.00 50.00 100.00 10.00 0.00 83.33 85.71 0.00 75.00 50.00 88.89 57.14 75.00 66.67 70.00 66.67 100.00 33.33 100.00 72.73 80.00 25.00 75.00 14.29 100.00 88.89 100.00 40.00 92.86 66.67 100.00 25.00 100.00 60.00 100.00 83.33 50.00 66.67 100.00 0.00 50.00 66.67
62.85=66.67 62.50 37.50 22.22 50.00 87.50 40.00 100.00 66.67 33.33 61.54 45.45 81.82 12.50 90.00 12.50 0.00 100.00 100.00 42.86 100.00 33.33 66.67 8.33 37.50 100.00 8.33 0.00 50.00 75.00 100.00 80.00 100.00 77.78 71.43 60.00 45.45 62.50 71.43 100.00 20.00 100.00 100.00 80.00 28.57 100.00 50.00 66.67 94.44 80.00 14.29 100.00 72.22 100.00 37.50 91.67 88.89 100.00 100.00 42.86 57.14 100.00 0.00 100.00 0.00
69.09=100.00 70.00 40.00 40.00 50.00 77.78 100.00 93.75 100.00 28.57 77.78 62.50 80.00 50.00 80.00 40.00 0.00 100.00 100.00 50.00 100.00 50.00 66.67 15.38 44.44 87.50 37.50 100.00 66.67 66.67 100.00 100.00 50.00 66.67 50.00 50.00 80.00 87.50 35.29 63.64 14.29 100.00 100.00 50.00 60.00 75.00 100.00 66.67 100.00 60.00 0.00 85.71 75.00 60.00 60.00 100.00 85.71 100.00 75.00 37.50 77.78 100.00 50.00 100.00 100.00
66.53=80.00 77.78 28.57 30.00 40.00 77.78 66.67 100.00 92.31 25.00 72.73 83.33 81.82 20.00 88.89 40.00 50.00 100.00 100.00 50.00 100.00 40.00 66.67 13.33 50.00 100.00 18.18 100.00 60.00 66.67 100.00 83.33 60.00 83.33 60.00 50.00 75.00 100.00 40.00 70.00 33.33 50.00 88.89 50.00 75.00 100.00 75.00 42.86 94.74 77.78 12.50 92.86 91.67 0.00 33.33 100.00 87.50 83.33 83.33 42.86 83.33 100.00 50.00 60.00 75.00
64.61=100.00 54.55 50.00 44.44 60.00 63.64 80.00 100.00 82.35 33.33 63.64 75.00 100.00 20.00 80.00 20.00 0.00 92.31 100.00 100.00 100.00 100.00 57.14 18.18 44.44 87.50 20.00 33.33 66.67 66.67 60.00 75.00 50.00 60.00 62.50 50.00 66.67 100.00 42.86 75.00 14.29 100.00 100.00 16.67 75.00 100.00 75.00 60.00 94.12 100.00 0.00 100.00 64.71 33.33 33.33 100.00 63.64 100.00 85.71 28.57 87.50 100.00 37.50 0.00 75.00
65.90=83.33 66.67 33.33 57.14 40.00 70.00 60.00 93.75 75.00 50.00 70.00 100.00 90.00 42.86 72.73 20.00 0.00 100.00 75.00 25.00 75.00 60.00 50.00 13.33 80.00 88.89 25.00 50.00 80.00 75.00 100.00 85.71 50.00 71.43 75.00 50.00 83.33 100.00 50.00 87.50 11.11 50.00 87.50 50.00 50.00 100.00 100.00 57.14 100.00 100.00 20.00 92.31 100.00 40.00 50.00 92.31 62.50 100.00 85.71 50.00 66.67 100.00 60.00 33.33 50.00
67.51=71.43 70.00 42.86 28.57 66.67 50.00 80.00 92.86 93.33 40.00 70.00 83.33 100.00 50.00 81.82 25.00 0.00 83.33 100.00 100.00 100.00 60.00 100.00 7.69 100.00 100.00 25.00 100.00 60.00 60.00 66.67 87.50 100.00 60.00 70.00 50.00 100.00 100.00 60.00 85.71 0.00 60.00 80.00 22.22 37.50 100.00 75.00 75.00 94.44 71.43 16.67 86.67 69.23 50.00 25.00 100.00 88.89 85.71 85.71 50.00 83.33 100.00 33.33 33.33 42.86
66.54=60.00 71.43 16.67 25.00 75.00 64.29 100.00 100.00 81.82 33.33 88.89 60.00 80.00 40.00 100.00 0.00 75.00 93.33 100.00 57.14 100.00 33.33 60.00 18.18 57.14 50.00 30.00 50.00 40.00 100.00 0.00 87.50 50.00 77.78 80.00 60.00 83.33 87.50 75.00 100.00 28.57 0.00 88.89 100.00 60.00 100.00 75.00 80.00 89.47 80.00 14.29 100.00 81.25 25.00 40.00 100.00 87.50 100.00 100.00 66.67 100.00 87.50 42.86 100.00 16.67
62.49=77.78 100.00 42.86 36.36 60.00 66.67 20.00 92.86 83.33 40.00 100.00 70.00 62.50 40.00 88.89 0.00 57.14 92.86 100.00 100.00 0.00 50.00 50.00 18.18 33.33 66.67 30.00 0.00 66.67 75.00 0.00 100.00 50.00 100.00 77.78 28.57 62.50 70.00 54.55 100.00 22.22 50.00 61.54 100.00 44.44 100.00 75.00 60.00 94.74 90.00 20.00 100.00 81.82 25.00 40.00 92.31 87.50 100.00 100.00 66.67 71.43 100.00 40.00 50.00 25.00
68.27=80.00 100.00 33.33 25.00 40.00 70.00 75.00 93.33 80.00 50.00 70.00 72.73 87.50 42.86 100.00 0.00 80.00 93.33 100.00 80.00 100.00 60.00 75.00 22.22 66.67 41.67 30.00 60.00 80.00 66.67 0.00 100.00 100.00 71.43 80.00 60.00 75.00 88.89 66.67 85.71 12.50 33.33 88.89 80.00 50.00 75.00 75.00 75.00 90.00 75.00 14.29 100.00 92.86 33.33 50.00 86.67 77.78 100.00 100.00 66.67 75.00 100.00 50.00 100.00 33.33
62.83=50.00 87.50 22.22 16.67 50.00 56.25 50.00 85.71 76.92 33.33 83.33 62.50 66.67 0.00 100.00 0.00 66.67 92.31 100.00 40.00 66.67 28.57 33.33 18.18 30.00 85.71 22.22 100.00 75.00 80.00 0.00 70.00 50.00 75.00 88.89 57.14 37.50 87.50 66.67 100.00 14.29 50.00 72.73 100.00 44.44 100.00 100.00 75.00 100.00 66.67 0.00 100.00 72.22 25.00 50.00 85.71 100.00 100.00 100.00 57.14 75.00 83.33 80.00 100.00 20.00
64.84=60.00 100.00 40.00 12.50 75.00 61.54 25.00 92.31 69.23 33.33 100.00 66.67 66.67 40.00 100.00 0.00 100.00 86.67 100.00 80.00 33.33 50.00 75.00 25.00 33.33 75.00 30.00 50.00 80.00 87.50 0.00 100.00 50.00 85.71 53.85 57.14 83.33 80.00 75.00 87.50 14.29 100.00 100.00 50.00 50.00 100.00 57.14 100.00 89.47 62.50 25.00 100.00 88.24 28.57 28.57 92.86 100.00 100.00 100.00 40.00 71.43 87.50 33.33 50.00 25.00
81.85=93.33 86.67 93.33 55.56 80.00 76.47 83.33 100.00 53.33 60.00 92.31 80.00 68.75 35.71 93.33 66.67 37.50 100.00 100.00 100.00 88.89 66.67 68.75 70.00 85.71 55.00 62.50 83.33 82.35 64.29 85.71 87.50 81.82 100.00 93.75 80.00 42.86 92.31 100.00 93.33 73.33 85.71 94.12 100.00 57.89 91.67 100.00 80.00 93.75 71.43 83.33 100.00 92.31 57.14 88.89 100.00 92.86 100.00 100.00 90.00 72.73 100.00 87.50 100.00 66.67
82.09=100.00 78.57 93.75 50.00 92.31 87.50 71.43 100.00 75.00 58.33 91.67 80.00 78.57 40.00 88.89 83.33 45.45 100.00 100.00 90.00 88.89 63.64 90.91 100.00 84.62 52.63 54.55 100.00 81.25 68.42 75.00 83.33 100.00 66.67 88.24 85.71 52.94 59.09 100.00 93.33 76.92 85.71 100.00 100.00 56.25 100.00 92.86 83.33 100.00 57.14 69.23 100.00 91.67 75.00 69.23 100.00 92.86 100.00 100.00 87.50 76.92 100.00 100.00 84.62 42.86
81.26=100.00 92.31 100.00 55.56 80.00 100.00 81.82 100.00 66.67 75.00 91.67 86.67 100.00 41.67 94.44 75.00 60.00 100.00 100.00 90.00 88.89 46.15 78.57 77.78 80.00 55.00 77.78 100.00 86.67 70.59 62.50 68.18 100.00 80.00 82.35 72.22 64.29 72.22 94.74 93.33 78.57 85.71 100.00 100.00 47.06 88.89 100.00 87.50 100.00 50.00 69.23 100.00 92.31 28.57 66.67 100.00 92.86 100.00 100.00 100.00 66.67 100.00 75.00 90.91 20.00
83.20=100.00 87.50 93.75 58.82 91.67 92.31 90.00 100.00 41.18 60.00 92.31 81.25 84.62 36.36 94.12 71.43 54.55 100.00 100.00 100.00 100.00 61.54 91.67 72.73 100.00 57.89 66.67 100.00 86.67 78.57 87.50 88.24 100.00 80.00 88.24 93.33 50.00 75.00 100.00 86.67 75.00 85.71 100.00 100.00 58.82 76.92 92.86 71.43 93.75 85.71 69.23 100.00 100.00 44.44 100.00 100.00 100.00 100.00 93.33 100.00 63.64 100.00 77.78 100.00 25.00
81.53=93.75 91.67 93.75 66.67 80.00 86.67 64.29 100.00 58.33 60.00 92.31 87.50 84.62 50.00 84.21 83.33 62.50 100.00 93.33 90.00 80.00 58.33 83.33 66.67 85.71 52.38 75.00 83.33 76.47 76.47 85.71 88.24 90.91 100.00 94.12 80.00 58.82 62.50 100.00 87.50 83.33 100.00 100.00 100.00 66.67 81.82 84.62 76.19 100.00 75.00 71.43 92.31 100.00 50.00 61.54 94.12 100.00 93.33 100.00 100.00 64.29 100.00 80.00 100.00 16.67
51.08=66.67 9.09 78.57 41.18 52.63 31.25 52.38 91.67 50.00 50.00 16.67 83.33 60.00 83.33 66.67 10.00 21.05 100.00 33.33 66.67 81.82 71.43 72.73 24.00 50.00 28.57 0.00 83.33 50.00 73.68 16.67 45.45 47.06 50.00 20.00 22.22 53.85 50.00 66.67 70.00 52.94 100.00 25.00 84.21 77.78 71.43 90.91 27.59 100.00 45.45 5.56 55.56 41.67 0.00 41.67 42.86 50.00 60.00 53.85 57.14 22.22 100.00 0.00 9.09 63.64
52.69=66.67 0.00 80.00 44.44 61.11 35.71 73.33 84.62 28.57 48.15 17.78 100.00 50.00 66.67 100.00 17.65 22.22 66.67 14.29 71.43 71.43 66.67 80.00 28.57 58.33 25.00 3.03 54.55 23.08 58.82 13.33 33.33 43.75 75.00 100.00 33.33 45.45 37.50 70.00 80.00 50.00 100.00 100.00 92.86 64.29 71.43 76.92 26.67 80.00 62.50 11.11 72.73 42.31 12.50 30.00 33.33 66.67 75.00 66.67 66.67 9.09 66.67 16.67 40.00 40.00
53.56=75.00 33.33 70.59 37.50 66.67 33.33 60.00 90.91 41.67 38.10 15.22 83.33 66.67 66.67 66.67 14.29 25.00 71.43 37.50 85.71 100.00 61.54 66.67 30.43 50.00 66.67 2.56 62.50 41.67 64.71 16.67 36.36 61.11 60.00 80.00 18.18 50.00 55.56 50.00 75.00 52.38 100.00 44.44 92.86 54.55 75.00 75.00 36.36 82.35 100.00 0.00 66.67 35.71 6.67 36.36 23.08 54.55 100.00 50.00 75.00 16.67 100.00 6.67 23.53 44.44
53.18=71.43 33.33 80.00 33.33 47.62 22.22 64.71 100.00 37.50 43.48 21.43 87.50 76.92 64.29 66.67 18.18 23.08 85.71 44.44 71.43 81.82 66.67 66.67 20.83 41.67 50.00 0.00 50.00 33.33 72.73 30.00 37.50 71.43 66.67 57.14 20.00 53.33 57.14 71.43 77.78 57.14 88.89 37.50 100.00 60.00 83.33 85.71 26.09 78.57 85.71 5.56 77.78 36.00 5.56 60.00 40.00 35.29 100.00 61.54 62.50 0.00 75.00 0.00 33.33 41.67
53.08=81.82 50.00 75.00 33.33 58.33 42.86 72.22 100.00 44.44 50.00 20.51 77.78 55.00 50.00 70.00 16.67 38.46 85.71 50.00 66.67 80.00 50.00 57.14 19.05 58.33 66.67 2.63 75.00 30.77 63.16 25.00 30.00 92.86 54.55 75.00 22.22 23.81 33.33 55.56 54.55 57.89 87.50 30.00 93.33 66.67 100.00 84.62 30.77 94.12 71.43 11.76 63.64 42.31 6.67 41.67 21.43 53.85 83.33 61.54 66.67 7.69 83.33 0.00 31.25 50.00
65.71=81.82 62.50 60.00 28.57 50.00 85.71 75.00 90.91 66.67 0.00 100.00 63.64 75.00 40.00 87.50 33.33 50.00 92.31 66.67 75.00 100.00 50.00 80.00 20.00 66.67 85.71 11.11 0.00 42.86 69.23 0.00 83.33 100.00 62.50 87.50 28.57 60.00 100.00 62.50 87.50 50.00 100.00 100.00 80.00 40.00 100.00 75.00 66.67 89.47 62.50 25.00 100.00 60.00 50.00 75.00 100.00 87.50 80.00 66.67 28.57 42.86 100.00 60.00 75.00 75.00
64.70=75.00 54.55 75.00 27.27 50.00 77.78 57.14 100.00 75.00 0.00 66.67 71.43 90.00 16.67 66.67 0.00 33.33 100.00 83.33 80.00 100.00 33.33 66.67 25.00 66.67 85.71 22.22 33.33 80.00 80.00 25.00 80.00 100.00 62.50 100.00 37.50 75.00 85.71 44.44 100.00 50.00 75.00 90.00 66.67 66.67 100.00 60.00 75.00 100.00 50.00 28.57 86.67 76.92 40.00 42.86 92.86 85.71 100.00 80.00 57.14 33.33 100.00 28.57 50.00 66.67
63.70=66.67 75.00 60.00 37.50 50.00 60.00 60.00 90.91 58.82 20.00 85.71 66.67 90.00 33.33 100.00 0.00 20.00 100.00 100.00 40.00 100.00 50.00 60.00 21.43 42.86 75.00 10.00 50.00 66.67 75.00 25.00 60.00 100.00 66.67 87.50 40.00 83.33 87.50 66.67 77.78 33.33 50.00 90.00 75.00 75.00 100.00 100.00 40.00 94.12 55.56 22.22 92.31 64.71 33.33 42.86 100.00 75.00 100.00 75.00 60.00 40.00 100.00 55.56 66.67 40.00
64.18=80.00 87.50 66.67 33.33 60.00 55.56 40.00 92.86 66.67 0.00 66.67 85.71 85.71 40.00 90.00 0.00 25.00 100.00 83.33 100.00 100.00 66.67 60.00 30.00 50.00 85.71 10.00 14.29 60.00 77.78 0.00 80.00 50.00 83.33 85.71 40.00 83.33 72.73 70.00 87.50 33.33 40.00 90.00 75.00 66.67 100.00 100.00 50.00 94.12 87.50 27.27 100.00 61.54 25.00 60.00 100.00 70.00 83.33 100.00 57.14 50.00 100.00 50.00 60.00 25.00
66.71=83.33 77.78 75.00 23.08 66.67 77.78 50.00 100.00 66.67 0.00 85.71 63.64 90.00 50.00 100.00 0.00 25.00 100.00 85.71 100.00 75.00 66.67 66.67 13.33 50.00 75.00 7.69 100.00 100.00 72.73 0.00 57.14 100.00 44.44 75.00 42.86 71.43 100.00 85.71 100.00 50.00 75.00 100.00 80.00 60.00 100.00 100.00 50.00 94.12 62.50 25.00 85.71 63.16 20.00 60.00 91.67 88.89 71.43 85.71 37.50 60.00 88.89 37.50 75.00 50.00
64.69=83.33 72.73 40.00 12.50 60.00 88.89 80.00 100.00 70.00 75.00 58.33 50.00 81.82 66.67 80.00 25.00 0.00 100.00 100.00 37.50 66.67 25.00 57.14 11.11 80.00 71.43 6.25 0.00 100.00 85.71 0.00 75.00 50.00 88.89 100.00 75.00 55.56 77.78 71.43 100.00 25.00 100.00 90.00 60.00 42.86 100.00 75.00 80.00 100.00 57.14 18.18 91.67 77.78 50.00 75.00 100.00 100.00 100.00 100.00 42.86 50.00 100.00 45.45 20.00 25.00
67.39=85.71 77.78 37.50 42.86 66.67 87.50 40.00 100.00 78.57 60.00 80.00 55.56 81.82 37.50 100.00 66.67 50.00 100.00 77.78 66.67 100.00 33.33 75.00 21.43 75.00 83.33 11.11 20.00 71.43 87.50 50.00 80.00 50.00 75.00 62.50 40.00 54.55 71.43 66.67 88.89 42.86 66.67 100.00 75.00 37.50 100.00 28.57 66.67 100.00 90.00 33.33 100.00 86.67 75.00 40.00 100.00 75.00 100.00 100.00 100.00 37.50 100.00 62.50 33.33 20.00
64.71=57.14 75.00 42.86 37.50 50.00 71.43 50.00 93.33 69.23 50.00 72.73 54.55 90.00 28.57 90.00 25.00 20.00 100.00 85.71 40.00 100.00 42.86 75.00 0.00 75.00 100.00 8.33 0.00 100.00 77.78 16.67 71.43 66.67 90.00 60.00 66.67 85.71 60.00 62.50 80.00 14.29 66.67 66.67 80.00 33.33 100.00 50.00 100.00 100.00 83.33 25.00 100.00 68.75 66.67 50.00 100.00 80.00 100.00 100.00 60.00 62.50 100.00 57.14 50.00 50.00
65.18=100.00 77.78 33.33 42.86 60.00 66.67 57.14 100.00 71.43 50.00 87.50 77.78 87.50 50.00 100.00 25.00 0.00 100.00 100.00 83.33 100.00 20.00 50.00 15.38 66.67 100.00 9.09 0.00 75.00 88.89 33.33 62.50 66.67 100.00 57.14 42.86 71.43 62.50 100.00 88.89 22.22 100.00 90.00 66.67 40.00 100.00 50.00 80.00 100.00 81.82 28.57 100.00 66.67 33.33 42.86 91.67 87.50 100.00 83.33 42.86 44.44 100.00 57.14 25.00 22.22
62.16=80.00 100.00 33.33 23.08 66.67 100.00 80.00 93.75 80.00 25.00 100.00 58.33 90.00 33.33 88.89 33.33 0.00 100.00 100.00 66.67 66.67 25.00 66.67 9.09 75.00 55.56 11.11 0.00 71.43 75.00 0.00 55.56 66.67 62.50 66.67 42.86 71.43 71.43 62.50 88.89 25.00 100.00 81.82 60.00 20.00 100.00 100.00 66.67 100.00 55.56 16.67 100.00 93.33 0.00 60.00 100.00 77.78 100.00 100.00 33.33 55.56 100.00 41.67 16.67 40.00
66.50=85.71 71.43 60.00 44.44 66.67 70.00 66.67 100.00 80.00 33.33 72.73 87.50 81.82 60.00 100.00 0.00 0.00 100.00 100.00 50.00 75.00 60.00 75.00 10.00 25.00 100.00 27.27 0.00 75.00 100.00 100.00 54.55 50.00 80.00 100.00 33.33 71.43 100.00 46.15 70.00 20.00 75.00 80.00 50.00 100.00 100.00 100.00 50.00 100.00 80.00 0.00 84.62 84.62 20.00 50.00 100.00 88.89 80.00 100.00 20.00 66.67 100.00 50.00 100.00 40.00
68.99=80.00 77.78 42.86 44.44 40.00 80.00 66.67 100.00 93.75 50.00 87.50 55.56 88.89 66.67 80.00 33.33 50.00 100.00 100.00 66.67 100.00 66.67 66.67 14.29 66.67 100.00 28.57 33.33 80.00 75.00 66.67 70.00 40.00 70.00 75.00 20.00 66.67 72.73 63.64 87.50 40.00 50.00 88.89 100.00 66.67 100.00 50.00 57.14 100.00 85.71 14.29 100.00 80.00 66.67 50.00 100.00 100.00 100.00 66.67 37.50 80.00 100.00 66.67 50.00 66.67
65.36=87.50 77.78 40.00 42.86 50.00 72.73 100.00 100.00 90.00 0.00 77.78 87.50 90.00 37.50 72.73 20.00 50.00 100.00 85.71 50.00 100.00 75.00 66.67 15.38 80.00 77.78 16.67 25.00 83.33 40.00 100.00 71.43 60.00 33.33 63.64 20.00 62.50 85.71 63.64 87.50 50.00 66.67 90.00 50.00 50.00 66.67 66.67 50.00 90.00 100.00 16.67 92.31 75.00 20.00 33.33 100.00 88.89 80.00 100.00 50.00 85.71 100.00 50.00 66.67 50.00
66.53=87.50 75.00 42.86 40.00 33.33 70.00 66.67 100.00 92.31 25.00 77.78 85.71 88.89 44.44 80.00 0.00 33.33 100.00 85.71 66.67 66.67 60.00 42.86 16.67 57.14 88.89 25.00 33.33 66.67 100.00 66.67 83.33 60.00 71.43 77.78 50.00 66.67 71.43 66.67 80.00 50.00 50.00 100.00 75.00 75.00 100.00 66.67 57.14 94.12 66.67 25.00 100.00 83.33 25.00 50.00 100.00 70.00 83.33 83.33 75.00 87.50 85.71 50.00 50.00 75.00
65.44=100.00 75.00 50.00 40.00 33.33 58.33 100.00 100.00 86.67 0.00 80.00 77.78 88.89 44.44 80.00 33.33 0.00 100.00 100.00 50.00 100.00 75.00 80.00 16.67 60.00 88.89 33.33 50.00 60.00 66.67 100.00 87.50 60.00 80.00 71.43 33.33 75.00 100.00 35.29 70.00 25.00 25.00 100.00 0.00 60.00 75.00 50.00 66.67 94.12 70.00 0.00 93.33 62.50 66.67 50.00 93.33 87.50 80.00 83.33 57.14 75.00 100.00 71.43 66.67 60.00
69.58=100.00 61.54 75.00 16.67 50.00 66.67 57.14 100.00 64.71 28.57 88.89 80.00 72.73 60.00 81.82 66.67 50.00 92.31 85.71 50.00 50.00 57.14 50.00 30.77 100.00 50.00 16.67 50.00 83.33 70.00 33.33 71.43 75.00 85.71 66.67 33.33 80.00 90.00 66.67 88.89 50.00 75.00 81.82 100.00 33.33 100.00 100.00 75.00 94.12 80.00 40.00 100.00 80.00 25.00 66.67 100.00 77.78 87.50 83.33 100.00 57.14 83.33 75.00 60.00 100.00
65.43=62.50 77.78 50.00 33.33 42.86 87.50 75.00 100.00 84.62 16.67 100.00 62.50 88.89 40.00 100.00 0.00 28.57 90.91 75.00 57.14 50.00 42.86 66.67 27.27 75.00 57.14 12.50 33.33 60.00 83.33 50.00 83.33 50.00 77.78 70.00 33.33 75.00 66.67 50.00 88.89 50.00 50.00 90.00 100.00 60.00 100.00 80.00 100.00 94.12 100.00 12.50 100.00 83.33 0.00 33.33 92.86 88.89 100.00 80.00 42.86 57.14 100.00 70.00 75.00 66.67
67.50=87.50 87.50 50.00 28.57 50.00 87.50 50.00 100.00 81.25 12.50 100.00 87.50 77.78 50.00 69.23 0.00 0.00 100.00 87.50 40.00 60.00 40.00 66.67 23.53 100.00 66.67 20.00 60.00 55.56 87.50 0.00 60.00 100.00 100.00 77.78 25.00 71.43 87.50 66.67 100.00 50.00 100.00 100.00 66.67 33.33 100.00 60.00 80.00 94.12 85.71 33.33 100.00 76.47 25.00 28.57 86.67 90.00 100.00 83.33 100.00 50.00 100.00 87.50 75.00 66.67
69.76=100.00 80.00 50.00 27.27 40.00 90.00 40.00 100.00 57.14 0.00 66.67 50.00 80.00 28.57 90.00 50.00 33.33 100.00 70.00 66.67 100.00 40.00 66.67 20.00 100.00 37.50 12.50 60.00 66.67 62.50 33.33 71.43 100.00 100.00 61.54 40.00 83.33 100.00 80.00 100.00 50.00 100.00 100.00 100.00 57.14 100.00 100.00 100.00 94.44 70.00 25.00 100.00 65.00 0.00 50.00 85.71 88.89 100.00 100.00 40.00 75.00 100.00 77.78 100.00 100.00
67.66=85.71 61.54 50.00 27.27 33.33 87.50 20.00 100.00 55.56 14.29 100.00 80.00 80.00 33.33 100.00 0.00 50.00 91.67 75.00 50.00 100.00 33.33 80.00 30.00 75.00 50.00 12.50 40.00 71.43 62.50 50.00 66.67 100.00 80.00 87.50 14.29 83.33 100.00 75.00 100.00 42.86 100.00 80.00 100.00 20.00 100.00 80.00 100.00 94.12 100.00 50.00 92.31 73.68 0.00 66.67 100.00 90.00 100.00 66.67 60.00 33.33 100.00 75.00 100.00 66.67
82.19=100.00 100.00 78.95 55.00 91.67 82.35 90.00 100.00 63.64 57.14 100.00 75.00 83.33 57.14 100.00 55.56 50.00 89.47 100.00 80.00 88.89 76.92 80.00 90.91 100.00 56.25 50.00 100.00 92.86 86.67 62.50 87.50 100.00 100.00 86.67 86.67 53.33 80.00 85.00 93.33 75.00 55.56 100.00 100.00 84.62 92.31 86.67 76.19 93.75 66.67 72.73 100.00 84.62 87.50 66.67 100.00 92.86 100.00 100.00 100.00 66.67 100.00 57.14 91.67 25.00
80.89=100.00 93.33 88.24 55.56 91.67 75.00 100.00 100.00 58.33 61.54 100.00 92.86 100.00 50.00 100.00 28.57 66.67 89.47 100.00 100.00 100.00 64.71 80.00 100.00 85.71 55.56 50.00 80.00 92.31 80.00 44.44 75.00 76.92 90.00 87.50 84.21 64.29 85.71 100.00 82.35 56.25 54.55 100.00 100.00 83.33 91.67 92.31 80.00 100.00 85.71 81.82 100.00 91.67 70.00 57.14 100.00 85.71 93.33 90.91 60.00 63.64 100.00 50.00 100.00 40.00
82.67=100.00 92.86 75.00 66.67 92.31 73.33 70.00 100.00 72.73 50.00 100.00 85.71 100.00 56.25 83.33 87.50 87.50 89.47 100.00 100.00 100.00 76.92 83.33 87.50 85.71 57.89 40.00 90.00 87.50 92.86 55.56 86.67 90.91 90.00 80.00 76.47 60.00 92.86 94.12 100.00 64.29 55.56 100.00 100.00 78.57 84.62 100.00 71.43 100.00 85.71 70.00 100.00 84.62 85.71 81.82 88.89 100.00 100.00 100.00 87.50 71.43 100.00 42.86 84.62 25.00
82.85=93.33 93.33 88.24 64.29 73.33 72.22 77.78 100.00 66.67 53.85 100.00 75.00 90.91 50.00 94.12 85.71 83.33 94.12 100.00 88.89 100.00 66.67 76.92 100.00 85.71 62.50 44.44 90.00 78.95 92.31 55.56 100.00 90.91 100.00 100.00 81.25 63.64 78.57 85.00 93.33 60.00 55.56 100.00 88.24 68.75 85.71 80.00 76.19 100.00 83.33 72.73 100.00 100.00 70.00 80.00 100.00 82.35 100.00 100.00 85.71 64.29 91.67 50.00 100.00 100.00
80.54=100.00 87.50 83.33 64.29 100.00 82.35 88.89 100.00 70.00 55.56 100.00 70.59 83.33 40.00 94.12 42.86 53.85 82.61 100.00 88.89 87.50 64.29 83.33 100.00 92.31 53.33 62.50 90.00 92.31 78.57 62.50 78.95 88.89 100.00 86.67 73.68 75.00 81.82 85.00 87.50 72.73 50.00 94.44 100.00 78.57 91.67 75.00 83.33 93.75 75.00 70.00 100.00 90.00 50.00 70.00 100.00 87.50 100.00 100.00 87.50 70.00 90.91 50.00 92.31 50.00
52.22=80.00 33.33 90.91 63.64 66.67 38.46 70.59 90.91 64.29 52.63 15.22 83.33 83.33 60.00 46.15 0.00 28.57 100.00 42.86 50.00 80.00 53.85 35.29 28.57 41.18 50.00 0.00 50.00 40.00 60.87 7.14 14.29 58.82 57.14 87.50 50.00 37.50 58.33 22.22 100.00 66.67 50.00 71.43 84.62 63.64 75.00 91.67 23.33 77.78 50.00 5.56 55.56 40.00 9.09 50.00 54.55 62.50 100.00 60.00 41.67 6.25 80.00 0.00 42.86 38.46
51.20=77.78 40.00 91.67 43.75 68.75 50.00 62.50 100.00 63.64 52.63 18.92 60.00 91.67 57.14 66.67 0.00 22.73 100.00 28.57 50.00 88.89 66.67 38.10 33.33 30.43 20.00 0.00 55.56 50.00 62.50 0.00 22.22 54.55 20.00 66.67 29.41 57.14 71.43 20.00 87.50 52.94 80.00 80.00 90.00 76.92 80.00 66.67 25.00 80.00 66.67 4.55 53.85 29.17 5.56 33.33 18.75 60.00 100.00 64.29 71.43 12.50 83.33 5.88 37.50 28.57
49.32=85.71 33.33 76.92 30.00 50.00 30.77 64.29 100.00 50.00 60.00 13.64 55.56 100.00 50.00 57.14 0.00 29.41 100.00 0.00 42.86 88.89 50.00 38.46 26.32 41.18 16.67 0.00 71.43 28.57 55.00 11.11 20.00 60.00 25.00 100.00 38.46 36.36 66.67 18.18 100.00 57.89 60.00 80.00 76.92 69.23 83.33 75.00 26.67 81.25 37.50 12.50 60.00 46.67 5.26 60.00 38.46 40.00 100.00 69.23 40.00 7.14 83.33 0.00 40.00 33.33
51.48=61.54 50.00 91.67 26.32 52.63 42.86 68.42 100.00 53.33 50.00 13.95 77.78 61.54 54.55 63.64 0.00 30.77 100.00 33.33 50.00 100.00 80.00 42.86 30.43 30.43 0.00 0.00 80.00 30.77 54.55 16.67 20.00 63.16 50.00 90.00 12.50 35.71 50.00 42.86 87.50 55.56 60.00 60.00 100.00 64.29 100.00 85.71 22.58 75.00 71.43 14.29 66.67 41.18 7.41 66.67 54.55 38.46 100.00 69.23 58.33 5.56 66.67 0.00 35.29 27.27
51.66=62.50 40.00 64.71 23.81 47.37 44.44 84.62 90.00 40.00 42.86 19.44 60.00 80.00 37.50 46.15 0.00 15.79 90.00 11.11 50.00 100.00 80.00 46.67 33.33 33.33 50.00 0.00 77.78 25.00 61.90 0.00 30.00 57.14 40.00 85.71 28.57 50.00 50.00 27.27 85.71 61.11 55.56 100.00 84.62 60.00 100.00 84.62 25.00 84.62 55.56 3.85 66.67 72.73 14.29 83.33 45.45 70.00 100.00 66.67 44.44 25.00 62.50 6.25 27.78 45.45
