59.463667105867486
52.72972504699326
54.37417106338932
54.18659695532617
58.0699028877766
53.82762816767991
53.78672840118905
53.12702839297195
54.05046087315584
58.26314034123695
91.43113159242193
91.19943676395289
90.9662291113904
91.79851510496671
93.03996183028443
76.57235685461492
83.94369966950613
83.34071842136358
83.81434873370357
80.94972232069006
84.17159901030871
84.99348321928969
85.76467439370666
88.54035749197041
85.92119350183867
63.20402982953488
61.06088276063178
59.50213549802274
64.23911225483484
66.2413562563601
59.44196143267336
60.39692386642789
62.103689794776066
60.270314250951905
62.745271407809284
84.64716287296932
82.84294558488108
85.6131592421915
83.55059814737237
84.72082576921288
82.41085974956941
81.33477633477634
81.97865754317367
81.74603174603175
84.53980607206414
61.49685835036755
61.10989179183171
62.82016431770776
62.353045159135405
60.761720285769194
83.38168104297137
87.76881720430107
84.77936042452171
84.62202671880091
85.12672811059909
81.17839150097214
81.52038821393661
84.54745075712817
81.72811059907835
85.4621095750128
60.219695142074045
61.377594914507405
62.640104982042395
60.896143598560315
61.793121874845426
78.44440505730829
81.74172601591957
84.44362984685567
81.53982218498348
85.1875275262372
63.22429823050503
64.97132349193161
65.92448256311992
65.96901906021127
63.503129629398295
81.8455827326795
86.2143859724505
83.38709677419354
87.2299027137737
84.91777935326323
77.98003072196623
86.63402010176203
80.23297491039426
85.01536098310292
84.13466461853561
63.51735390671107
61.5290887435778
61.495556299336435
62.976260845934185
62.27122382829068
85.18654284783317
81.26809570357958
83.00731974119071
84.79587616684391
82.2010963946448
84.62447051156728
83.18612391193035
80.04864311315926
83.74371148564698
85.43394777265746
63.80111772590474
62.73677735474954
63.42997983051856
63.507519416272444
64.04159605751862
64.80593422423465
63.477885539898004
63.75271532539141
64.16063720573733
64.64596119368615
63.766061033731
60.48600656742712
64.13922648457753
62.14662686879648
63.55982771576169
81.38091299381622
81.50025601638505
87.35279057859704
81.32104454685101
84.83329394619717
60.216065366302104
59.64093616136963
60.35025952058746
63.345979048473545
61.00628950755908
83.26717189620416
82.72145417306709
86.0073081040823
84.8843808521228
85.7998184611088
63.047418384958625
67.05378473037634
64.41145690852987
66.60160175894488
65.71238208784101
79.82433337272046
79.74438643793484
78.14599379115508
83.46104612233644
80.71300563236048
64.73576557761278
65.27252432078255
65.93567996435156
66.21389251772345
65.14790716579624
60.76863181955421
61.77273061106547
62.03647727154994
59.3036517871955
61.64538270614934
76.46313364055298
82.15298142717498
82.9198668714798
83.77978652172202
84.28443420378906
63.494586550787474
66.10978149875113
65.56767608915845
67.63506976197944
66.22514709046037
61.44570707104846
61.31419683479492
61.52859418488584
62.86679561172883
62.497717953334394
64.39228140770716
63.331404461115206
63.30706826155578
65.83971002192447
63.83356606934076
76.70413815575105
81.095454724487
81.52958152958153
78.8594470046083
82.32165683778587
60.1844954032298
59.86891212965072
61.69437512783629
62.241615190091856
62.88121174978425
78.77152417474998
78.53256062933484
81.24295954941117
82.51910276103824
78.14644137224782
64.5408864193069
64.78114626384375
61.937905117417266
63.89827516681666
64.23044752766455
78.6546338965694
76.8064283386864
81.65514592933948
84.37788018433181
80.87161942000652
82.3801377833636
79.78413163897036
81.70861396667848
80.33473694764018
77.00160054998766
65.69967349182441
66.88332751952451
67.4894723604979
66.61557006348211
67.58901610939502
79.11546338965694
80.87371409952054
81.65258576548901
81.29000927388023
82.15536255858837
72.81490015360983
79.73216747410297
81.21322226160936
83.9871597936114
78.13236047107016
79.10489152424637
81.82656053623796
85.11351551674133
75.9608760415212
79.60799952735437
60.52662635955575
62.57336072599718
61.35520349661077
62.79070640532803
63.97731872388245
61.03992687441465
63.45522458097144
62.09210603650148
60.4650009021286
64.10071030481184
81.62744961132059
81.21514686030815
82.58658008658007
84.24347158218126
82.77009728622633
63.03344086368591
61.91288906173495
64.363499977987
63.580198883873244
64.2866032039519
63.85519486872245
63.48075913023591
63.78063123198143
64.78507024329768
64.38083064603322
76.41565423823488
80.22755917917209
79.97794320374966
80.78213005632361
81.07329946039624
62.197080058119965
61.39059435162659
63.03491105545048
63.0482413421375
62.03619342333446
79.64605287185933
80.50789712080035
80.84327858521407
84.52828533473695
80.0734301540753
63.23930802413382
64.70036423150519
64.09469949062132
65.21355979832818
64.59291246248763
59.78830299139972
61.23365672171658
62.04222493361326
60.688381955987104
62.91092148166757
79.76160935838354
76.39750034911326
76.6955266955267
79.53340566243791
75.59373422276649
65.02769057597364
65.74685640761601
67.03703034874108
65.46315548641503
66.08210072998091
76.70285807382581
75.61699948796723
77.87122375832053
77.89286877996555
73.03856537727505
74.27025483477097
85.20737327188941
84.27675371223758
82.04865027445673
81.49129544290834
75.72437577181411
80.03135753135754
77.6483731322441
80.01920122887864
79.75410789926917
77.9182913860333
74.92191500256016
79.85151049667179
81.3836521901038
80.93672456575683
81.42207255110482
78.468905646325
81.93292370711725
80.67530140110784
79.07172576527417
80.93189964157706
77.8182749150491
75.80598612856677
78.1040822976307
78.4556393427361
66.41196259591302
66.00568894760595
64.55989757578038
66.69321739904059
65.6737121842849
76.29928315412187
80.31864193154516
78.20980542754737
81.42729134664619
77.50721500721502
66.04297878729986
68.07666560737668
65.43018907162069
66.01491915036874
65.1443962887192
78.53430619559651
81.26332448913095
83.3407184213636
81.90988223246288
82.85137801266833
64.84688351696242
65.31037885886968
65.0188496807423
65.65137809085915
65.6657947510614
61.03321042187608
62.20221548812592
61.93044161836308
60.55498292511449
62.38907555590511
81.85361233748331
81.12891588698041
84.78228760486824
81.5345228248454
78.39421331356817
80.72289717451007
80.31105990783409
80.67945653334648
78.31901968998743
80.38023804152836
64.12042524681912
67.2609281891265
63.05136254351808
66.58093469326188
64.85168011275064
65.55464339628699
66.88683900428862
65.63095777933647
66.23891331226379
66.29796125496337
64.83297948230992
65.18289301761452
65.43106306334694
65.80829023138917
62.80357171600675
75.5101708327515
76.21351766513057
82.53549318065448
81.0466415305125
81.57159149094633
78.49304817046752
78.3179723502304
79.63226737420287
80.8653353814644
77.83026113671275
