92.25806451612904
92.76881720430109
95.65982404692082
94.31759996276125
95.07296466973885
95.28801843317973
94.49052739375321
94.35355862775216
93.39093701996929
94.78238607270865
74.86843435459866
76.10180980555467
78.91936853879781
79.71958345566438
76.63885079973049
75.98934746847783
77.40128881162373
76.62358280382475
76.82132778033491
76.71214081287955
79.49631890537283
79.08244941465085
78.12472065303601
81.138363981228
77.06847346550926
93.98361495135688
93.94998370804824
92.547363031234
93.39442815249268
95.46443699669507
93.74679979518689
92.08478797188474
94.72187310896987
92.70306754177723
95.37331843783458
79.76275922051967
80.45302372745432
79.85776259999199
80.62513297149769
79.03977510059555
77.56486603369679
76.64092384551711
78.3248540991837
77.500968040758
79.00117172164148
93.66487455197134
91.5462225946097
92.42063492063492
94.61981566820276
94.7900665642601
80.65881196886407
82.59174367508423
81.4730044191514
79.40782539549143
80.62106135815105
79.39720751030057
78.16183684111515
78.7044844788787
78.15344135094878
78.08600376575038
95.43138760880699
90.22994926220733
89.58653353814644
96.47058138993623
94.80368198110133
79.38261547836875
78.21391884324846
78.02648791183525
78.85781783097518
79.47599317307217
93.4920634920635
95.43487874133035
89.00124069478908
95.3993855606759
90.44884327142391
78.43085449102459
78.66251028056415
78.75876338784121
79.06177553620553
78.05996762084206
80.59445853923741
80.77960530459524
80.02017730680758
80.08480239629807
81.07118926950572
94.3036354326677
95.244030163385
95.89326444165154
93.70199692780339
93.33973374295955
78.65695246165913
77.6971429054737
78.9319310660873
77.98921234914941
78.51486398331262
79.35826516107377
78.93087031221053
79.64827819974415
79.99242309212869
79.52148229276492
95.49027137736815
92.78766931992739
93.38069636456736
94.47132616487457
92.89251966671324
90.24670669831961
94.23043802076062
93.57526881720429
93.57619978587721
97.06221198156682
93.75960061443934
92.56144393241169
95.35446632220828
94.91935483870968
94.24044593399432
79.8340307788967
78.30834954644713
80.1372141937748
78.48443724433754
79.67884193725473
90.9152585765489
91.64362519201228
94.00118698505794
95.46338965693803
93.83093608900062
79.97686152254768
79.25576832577474
80.76577456256575
78.88033326190745
81.05601573231785
95.11776753712238
93.47542242703534
94.7862263184844
93.27671432510141
93.42643020062374
78.28885292942017
79.6028517833221
78.86660291876895
78.41228951122552
78.09243040560118
94.7539288668321
91.90348182283667
94.59118838151097
92.44751664106504
94.01782805008612
94.99231950844855
93.35253456221199
94.23963133640554
92.4820788530466
93.79160266257041
81.17723507553708
79.91848708443433
79.4971935333939
81.57989362052236
81.96029656385937
92.11085509472608
93.59447004608295
92.82770097286227
94.88316343155053
92.54480286738352
93.26036866359449
94.36857049760276
93.9720942140297
95.38658474142348
93.53302611367127
90.96203975236234
92.91474654377882
93.03076851463948
93.6207699110925
93.35707303449239
81.97959034305046
80.59573392410641
81.59932215492488
80.93173596717737
80.93949903754215
95.0294418842806
92.85970302099336
93.10262318326835
94.12186379928315
95.04224270353305
77.83142515666978
79.8135887105227
79.0310926422528
79.33247141974806
79.20530871991431
91.25657496625237
93.51754875948424
94.26476749057394
95.8653353814644
94.75119862216637
79.70422502507213
80.21119589532503
82.13414258827463
80.50841579318354
80.68136429945214
78.70854058420561
78.77437064480591
81.06426150426765
79.01450695281056
79.64785035619448
93.94358329842201
90.30337941628265
93.4651817716334
94.57501280081927
93.29493087557606
79.95974393121989
81.92716201665654
80.60856762740093
81.57485497838384
81.60747997653242
79.59708750356852
79.3418399030069
79.04594904652443
79.13327119951335
79.75624468971166
81.87931999968082
80.6944694598899
80.9958361278303
81.34881573874657
79.51750607116892
92.89554531490016
94.10778289810548
94.79902713773683
91.73963133640552
93.0952380952381
92.71877763813248
92.20430107526882
94.0319089512638
94.11290322580645
94.5852534562212
81.44788604083708
80.64128379420022
80.36420121073105
81.03165545843933
80.88412846628496
95.15442442861797
95.80261136712751
93.73190429642042
95.13056835637481
95.39635991248895
95.56067588325654
93.92170553460878
94.9624121398315
93.6021505376344
94.71966205837174
78.82011708851957
79.99246788373458
79.13857290099712
79.43744064971685
79.55489986159328
92.79546618256296
91.17476609412095
91.94188428059397
92.61648745519715
92.57040450588836
82.33814792281943
82.68757788958068
81.40529578462295
81.64573896110961
80.55635055914028
94.27116790020015
97.08606805380998
94.64367174044594
92.88577014383466
95.28371270306754
92.07850393334263
91.72927430991949
94.96287762416796
94.69406041986687
93.28213005632361
78.24154335063903
79.94172654222714
78.48562301171843
79.77561585530614
79.98121460764541
91.73835125448029
93.1605222734255
96.57322068612393
95.1036866359447
93.60343061955966
77.98484496327059
79.6267978673961
78.96669996411012
79.67713500061923
78.90836455948882
81.72328698108917
81.21180894945394
81.26250873664188
80.87290480259837
80.56062769848641
80.20292631419376
78.72023956956218
80.88082124481517
79.351525900947
78.70271585397464
80.04041688161422
80.95456423113185
79.06278484912873
78.84666676026758
79.15905075969965
78.84982580824864
78.61296655461412
79.05795162098308
78.26747153340234
79.26070441677321
79.84915668541603
80.33636750681083
80.10578287820144
79.41247207208252
80.74896032805859
92.93010752688173
93.87957920215985
94.86279849183076
90.89349718381978
92.56912442396315
79.56710003474372
77.75588903899063
79.0355338586573
81.2574850645017
79.30551547467586
91.06758832565284
93.902387934646
97.02124935995904
92.34639016897083
91.49129544290835
81.41313933524387
81.29243527053185
82.69317692143389
81.95645855655344
81.26989798814797
91.00102406554021
92.594726062468
92.8942652329749
94.44572452636969
95.4656007075362
93.19124423963135
92.53200204813109
91.8983614951357
94.34424894102312
94.17423078713402
80.94526999487178
80.79024395326118
81.38646764651504
80.9158436317467
81.35546215682042
78.75125864924343
80.26163614361215
78.65522207538771
79.1756195141631
78.97210962638732
93.14644137224782
95.56533072662106
92.82688637527347
94.6667132151003
96.13880742913001
95.08675016739532
94.00397989107667
92.45391705069126
94.54266163943582
90.13056835637481
96.26041521202811
93.03751803751804
96.3692221756738
94.35856258436904
94.2929292929293
81.11109827215496
82.14528290782192
81.05565419357598
81.9587572108747
80.01535573783724
80.78652002907087
79.12833303083376
80.2858624809743
80.86074264835997
79.09771760206705
91.79316203509752
90.20702415863707
95.93189964157708
94.11900823191145
93.80696364567332
94.98719918074758
92.54305730112183
94.48750174556625
93.79928315412187
93.52220360284876
92.96722990271378
93.85677046967369
93.40757808499744
93.34357398873529
94.20600009309686
81.18182018517194
80.54686172303921
81.68049814920555
81.36879247883498
80.38734160922492
93.92717497556208
94.02329749103943
95.95878136200719
96.63978494623655
93.99385560675883
79.25716663302536
79.08530799215013
79.28642982260625
78.90143177947797
79.12962799635126
94.87199180747568
91.56391099939488
90.78341013824884
93.12549457710749
91.20199692780339
80.68492679519579
78.07678430770859
79.10485038499539
79.08241854338009
79.67814318398189
93.96511194898292
95.09286412512219
94.7819205883722
94.07787552948842
93.15621654331332
79.51550509458937
78.10846795835964
79.19900360370842
80.008723777408
79.19615497275174
78.56482516643935
80.36613101914851
80.33729199168972
79.5906555316449
79.11230606074315
93.51079923660569
91.75964716287298
96.4409067634874
93.72201275427084
93.18693850951917
94.92528976399944
93.20741982032305
96.37736815156171
94.73874691616628
94.24044593399432
93.25012800819253
91.5488991295443
94.44572452636969
91.09272447982126
92.45647721454174
92.02252944188429
94.40313270958433
93.28271191174416
94.09591304752594
94.66450216450217
92.48207885304659
93.90809011776754
92.7252944188428
94.20739654610622
93.24489130940746
92.47567844342038
95.01024065540194
94.40685658427594
94.23823488339617
93.6072708653354
93.64008751105526
94.14956011730204
92.16019643438997
94.62959083926826
94.81776288227901
79.41073316215218
80.44793360959258
78.0752509939671
80.21546039829673
79.2711718755499
93.68919610855095
92.09235209235209
93.81790252757996
93.22278080342598
92.19859889214729
95.49411162314388
94.51577991900572
93.35253456221199
95.45943304007821
91.76825862309732
80.82745648193048
82.2247215540544
82.03723746914363
82.5895222860791
80.18117396168968
78.64660410106526
79.9198838328415
79.75430668332828
78.19924488928183
78.92397475578622
93.10547875064005
94.24859190988222
93.03588884234044
93.79136992040219
91.66666666666667
93.91274496113206
95.83158776707164
94.70127542708188
92.27156356188614
93.28981054787508
94.2293906810036
90.09344598054274
94.01689708141323
94.07054415118931
94.25755248335894
93.98361495135688
94.0622818042173
91.33512544802868
95.87173579109063
94.76958525345623
79.87637779479324
79.27518874681829
78.32282300898754
79.33022714112522
78.83983432451284
92.85807382581575
92.45007680491551
94.32027649769584
94.92575524833588
95.47491039426524
95.42324163291906
93.50044221011963
93.16261695293954
95.34643671740447
92.09933435739887
95.13696876600103
92.15437788018433
95.57347670250896
94.9205185495508
92.82607177768469
95.01792114695341
92.3935204580366
95.01920122887866
93.86712749615977
95.86277521761393
82.54155615530917
83.54667795300219
80.13222885273997
80.14486823842772
80.64687355329289
79.65588037032516
80.73703608036583
79.57460041364682
78.64469197462127
79.03615411046704
94.3824186566122
94.13291905227389
94.25324675324676
94.4298980589303
94.59886887306244
94.82590885816691
93.03623795559278
94.91004515198064
92.8968253968254
92.66338500209469
95.75780849974399
96.12007168458783
91.2557603686636
92.23886328725038
95.4504724666015
95.54996974351812
91.36782572266442
93.75855327468231
91.94781920588373
92.65954475631895
81.47794856648197
80.89634539548726
82.24656358899287
80.83606239516148
79.86681890852665
78.20605184133679
78.37735198823565
78.61383991809315
78.13820253004043
80.15585079612154
93.56328259554067
96.03128054740958
96.45370758273984
92.34720476655961
95.16210492016944
94.54301075268818
93.03251408090118
95.02688172043013
94.4047619047619
93.66359447004609
94.81392263650326
92.02764976958527
93.81720430107528
92.59856630824375
93.71991807475679
80.18562647564957
81.20102133190164
79.62219253577022
80.94423532326367
82.18248901950089
80.38580291612041
81.28934044301246
79.71547491661184
79.93059604440415
80.32294871119765
93.52534562211981
93.53814644137225
91.93804403481823
93.22324628776242
93.72503840245776
77.87461878706249
79.10007556648519
78.21516668077078
79.66622158838076
79.19602203269848
96.10343061955966
95.81285202252944
95.09798445282317
95.31571475119863
93.57352325094263
91.67155425219941
95.5837173579109
95.66820276497695
93.6968766001024
95.27137736815158
79.97290433405725
79.5782089831593
81.22203887575657
82.82681708291722
80.02489792060436
95.10834147930922
94.0086347344412
93.97674905739423
95.44244286179772
96.71740445933993
81.59116143942303
80.37749157121002
80.11018432450982
80.66157984020653
81.71826455586188
90.24449564772146
93.6546338965694
93.27142391658522
94.53277009728622
94.53998510450123
93.56328259554067
93.23092677931389
91.96876600102406
93.95754782851557
95.64725596983662
79.33396524550356
80.94503225088894
79.6185530127324
79.79386171143254
78.38645212119066
93.32565284178187
92.76881720430109
95.2252944188428
95.7258064516129
95.48387096774194
92.5
90.58744123260253
93.37778708746453
92.70609318996415
92.858306567984
78.51904241729362
77.47840036750094
79.2638806450533
77.96927303770961
77.36572713849858
80.93394945491708
79.31214276632245
79.74422890420784
80.0512451392639
79.44414085719335
80.96481914371357
81.72315609682295
81.67478347620535
81.54154812052283
82.42931434880452
79.13356298589773
78.24265997144332
80.2920123507398
78.96368068786903
80.04011634375092
94.75119862216636
94.62063026579155
96.04524507750315
93.7154959735605
94.99313410603735
93.62775217613928
93.68919610855095
93.28329376716474
95.52204068333101
91.74207512917191
93.6546338965694
96.43066610808546
92.20639575478286
95.45524368105013
94.18970814132106
81.24950909000044
81.29961831163864
80.87092896001296
80.8267822075584
81.68350872850979
79.66605093105922
80.45771055793756
80.88635730939811
80.27892838382165
79.3209873145978
77.81269551187754
77.17928640187874
78.67637402352304
79.31074455459661
78.9120454808957
80.82330420701628
80.18088656923186
79.91468986584371
80.05569313592449
79.59180337329327
93.65800865800865
92.25631894986735
93.71049201694362
95.37331843783457
93.51382488479263
93.99851045012335
94.40604198668716
94.8088023088023
93.90378438765536
95.3592375366569
82.49969829780395
80.65188859080305
82.83499013306644
82.59964351779905
81.65245237028427
78.0801769648922
80.2372083361038
78.83784001357243
77.90056632279209
79.60688763258042
93.37813620071684
91.36840757808498
92.08525345622121
93.50486431131591
95.17153097798258
93.51766513056835
94.0767118186473
95.47235023041475
96.42217101894522
93.63159242191502
94.94833123865382
92.76963180188987
96.42170553460878
95.94679514034353
94.37485453614485
