61.484097774408625
53.66030802272719
54.871208502511685
56.80761731991443
56.37924812272185
61.435963423831986
57.97136222616149
56.3715411090275
59.07439646784184
56.963151802828
91.9047619047619
96.82795698924731
95.87813620071684
96.82795698924731
94.81182795698925
94.51612903225805
97.1774193548387
95.93701996927803
96.39784946236558
99.35483870967742
62.02221699406637
56.500652105685546
58.08425573048337
58.20407363028941
61.11273892444069
95.18817204301074
91.63978494623655
97.31182795698925
96.39784946236558
92.84946236559139
56.98073383898768
57.64425355526597
54.73763086743751
57.27736279939189
57.000210668539786
86.55913978494624
92.2273425499232
91.39784946236558
91.88172043010752
92.36559139784946
91.9585253456221
96.25192012288785
94.8041474654378
93.03763440860214
97.31182795698925
85.610599078341
88.14516129032258
93.97849462365592
90.72196620583718
89.59293394777265
58.491877591259566
60.55975849591267
63.770422215357414
61.93012048554215
62.57109257620014
56.74032881812591
58.80438586674513
56.877517486500274
57.4051979710571
57.27151382794227
57.21362743705732
61.484097774408625
55.1811056133665
55.91274035996535
