61.48=100.00 100.00 100.00 80.95 8.00 53.66 95.00 42.31 35.71 100.00 57.50 66.67 74.07 30.30 56.00 74.07 77.42 84.00 36.54 73.91 16.67 87.50 79.17 21.21 48.15 58.82 69.23 22.73 33.33 61.54 61.54
53.66=88.89 100.00 79.17 71.43 8.70 46.94 90.48 48.15 33.33 80.00 56.10 70.97 65.38 20.83 33.33 72.00 68.57 84.00 34.78 57.69 0.00 91.67 80.95 21.88 46.88 48.00 60.00 17.65 0.00 0.00 85.71
54.87=95.65 100.00 73.08 68.97 3.85 43.10 75.00 47.62 50.00 87.50 68.57 65.71 81.82 12.50 39.13 68.75 68.75 67.65 35.56 60.00 0.00 92.00 86.96 20.00 42.86 66.67 56.25 23.08 0.00 0.00 100.00
56.81=85.19 95.24 70.83 74.07 5.26 42.37 84.00 52.63 41.67 88.24 58.14 67.74 70.83 31.82 55.00 67.74 62.86 70.00 34.04 53.33 0.00 96.15 78.26 26.92 48.39 60.00 63.64 26.67 0.00 83.33 66.67
56.38=88.46 100.00 73.08 74.07 3.12 47.17 71.43 38.89 20.00 84.21 63.16 74.19 70.83 38.89 57.89 62.86 69.70 70.97 34.21 46.88 0.00 80.65 80.95 24.14 51.72 69.23 56.25 9.09 0.00 85.71 100.00
61.44=95.65 100.00 76.19 82.61 9.68 53.33 80.00 77.78 53.33 82.35 59.46 82.14 65.52 58.62 26.32 76.00 85.71 85.71 40.00 80.95 19.05 86.21 77.42 30.00 54.17 75.00 61.54 27.27 0.00 40.00 62.50
57.97=100.00 100.00 72.00 65.52 5.71 46.94 84.62 73.68 33.33 81.25 65.79 81.48 73.08 36.36 21.43 60.00 71.88 70.00 61.54 76.47 0.00 80.00 82.76 15.79 51.72 56.52 57.89 53.85 12.50 58.33 46.67
56.37=91.67 100.00 70.83 68.97 0.00 45.10 77.78 54.55 37.50 92.86 61.54 88.89 55.88 45.45 23.08 62.86 69.70 75.00 52.00 63.16 0.00 73.33 78.57 15.79 50.00 60.87 58.82 58.33 10.00 46.67 58.33
59.07=100.00 100.00 61.54 61.29 0.00 50.00 82.61 83.33 56.25 70.00 62.16 82.76 62.07 76.19 23.81 75.00 75.76 61.11 53.57 56.00 0.00 71.88 86.36 10.00 56.52 58.33 64.29 57.14 0.00 44.44 88.89
56.96=100.00 100.00 69.57 63.64 0.00 51.06 86.96 68.75 25.00 65.22 63.16 85.19 58.33 72.22 20.00 92.00 69.44 55.26 50.00 52.00 0.00 83.87 83.33 16.67 60.00 65.00 52.94 56.25 0.00 33.33 66.67
91.90=100.00 100.00 100.00 100.00 100.00 100.00 100.00 75.00 100.00 75.00 100.00 100.00 85.71 100.00 100.00 100.00 75.00 100.00 66.67 100.00 100.00 50.00 100.00 80.00 66.67 100.00 100.00 100.00 75.00 100.00 100.00
96.83=100.00 100.00 100.00 100.00 100.00 100.00 100.00 75.00 100.00 100.00 100.00 100.00 100.00 100.00 100.00 100.00 100.00 100.00 100.00 100.00 100.00 80.00 100.00 80.00 100.00 66.67 100.00 100.00 100.00 100.00 100.00
95.88=75.00 100.00 100.00 100.00 100.00 100.00 100.00 75.00 100.00 100.00 100.00 100.00 100.00 100.00 88.89 100.00 100.00 100.00 100.00 100.00 100.00 100.00 100.00 66.67 66.67 100.00 100.00 100.00 100.00 100.00 100.00
96.83=100.00 100.00 100.00 100.00 100.00 100.00 100.00 75.00 100.00 100.00 100.00 100.00 100.00 100.00 80.00 100.00 100.00 100.00 100.00 100.00 100.00 100.00 100.00 80.00 66.67 100.00 100.00 100.00 100.00 100.00 100.00
94.81=100.00 100.00 100.00 100.00 100.00 100.00 100.00 75.00 80.00 100.00 100.00 66.67 100.00 100.00 87.50 100.00 100.00 100.00 100.00 100.00 100.00 100.00 100.00 80.00 50.00 100.00 100.00 100.00 100.00 100.00 100.00
94.52=100.00 100.00 100.00 100.00 100.00 100.00 100.00 100.00 100.00 100.00 100.00 66.67 100.00 100.00 100.00 100.00 100.00 100.00 100.00 66.67 100.00 100.00 100.00 100.00 66.67 66.67 100.00 100.00 83.33 100.00 80.00
97.18=100.00 100.00 100.00 100.00 100.00 100.00 100.00 75.00 100.00 100.00 100.00 100.00 100.00 100.00 87.50 100.00 100.00 100.00 100.00 100.00 100.00 100.00 100.00 100.00 66.67 100.00 100.00 100.00 83.33 100.00 100.00
95.94=100.00 100.00 100.00 100.00 100.00 100.00 100.00 100.00 80.00 100.00 75.00 66.67 100.00 100.00 100.00 85.71 100.00 100.00 100.00 100.00 100.00 100.00 100.00 100.00 66.67 100.00 100.00 100.00 100.00 100.00 100.00
96.40=100.00 100.00 100.00 100.00 100.00 100.00 100.00 75.00 100.00 100.00 100.00 100.00 100.00 80.00 100.00 100.00 100.00 100.00 100.00 66.67 100.00 100.00 100.00 100.00 100.00 100.00 66.67 100.00 100.00 100.00 100.00
99.35=100.00 100.00 100.00 100.00 100.00 100.00 100.00 100.00 80.00 100.00 100.00 100.00 100.00 100.00 100.00 100.00 100.00 100.00 100.00 100.00 100.00 100.00 100.00 100.00 100.00 100.00 100.00 100.00 100.00 100.00 100.00
62.02=100.00 100.00 78.26 86.36 14.71 50.00 91.30 56.00 34.48 84.62 80.77 80.77 70.00 35.00 11.76 80.00 75.00 88.89 58.33 66.67 10.00 69.70 84.00 12.50 41.18 89.47 83.33 25.00 56.25 50.00 58.33
56.50=95.65 95.24 77.27 79.17 9.38 35.59 86.96 57.69 50.00 82.35 78.12 78.57 58.06 31.58 16.67 84.62 65.71 69.23 34.48 56.52 0.00 63.89 66.67 17.24 40.00 78.95 83.33 30.00 42.86 35.71 50.00
58.08=95.83 100.00 95.00 80.00 8.82 40.35 78.57 54.17 36.00 83.33 74.19 70.97 62.50 38.46 0.00 80.77 78.57 70.97 50.00 51.85 9.52 58.33 86.36 23.81 44.44 78.95 71.43 44.44 45.45 37.50 50.00
58.20=92.00 91.67 100.00 68.97 6.06 48.00 83.33 68.42 42.11 88.24 63.16 61.29 55.26 43.75 0.00 74.19 74.19 64.71 48.15 65.22 4.55 77.42 79.17 25.00 38.46 83.33 57.69 16.67 66.67 66.67 50.00
61.11=100.00 100.00 90.00 81.82 8.57 47.06 77.78 60.71 44.44 72.73 73.53 66.67 62.50 35.71 0.00 78.57 69.70 70.97 53.85 64.00 4.17 75.76 82.61 21.74 42.86 80.95 77.27 28.57 56.25 80.00 85.71
95.19=100.00 100.00 100.00 100.00 100.00 100.00 100.00 75.00 100.00 100.00 100.00 66.67 100.00 100.00 87.50 100.00 75.00 100.00 66.67 100.00 100.00 80.00 100.00 100.00 100.00 100.00 100.00 100.00 100.00 100.00 100.00
91.64=100.00 100.00 100.00 100.00 100.00 100.00 100.00 100.00 100.00 100.00 100.00 66.67 100.00 80.00 87.50 100.00 60.00 100.00 66.67 50.00 100.00 100.00 100.00 80.00 50.00 100.00 100.00 100.00 100.00 100.00 100.00
97.31=100.00 100.00 100.00 100.00 100.00 100.00 100.00 75.00 100.00 100.00 100.00 100.00 100.00 100.00 100.00 100.00 75.00 100.00 100.00 66.67 100.00 100.00 100.00 100.00 100.00 100.00 100.00 100.00 100.00 100.00 100.00
96.40=100.00 100.00 100.00 100.00 100.00 100.00 100.00 100.00 100.00 80.00 100.00 66.67 100.00 100.00 100.00 100.00 75.00 100.00 100.00 66.67 100.00 100.00 100.00 100.00 100.00 100.00 100.00 100.00 100.00 100.00 100.00
92.85=75.00 100.00 100.00 100.00 100.00 100.00 100.00 66.67 100.00 80.00 100.00 100.00 100.00 80.00 100.00 100.00 60.00 100.00 66.67 100.00 100.00 100.00 100.00 100.00 50.00 100.00 100.00 100.00 100.00 100.00 100.00
56.98=91.67 100.00 64.29 82.61 0.00 42.31 73.91 57.14 30.00 75.00 60.00 62.86 70.00 72.22 45.00 80.77 64.71 60.53 43.33 65.22 0.00 81.48 81.82 20.00 66.67 44.00 57.14 18.18 0.00 55.56 100.00
57.64=100.00 100.00 72.00 83.33 0.00 47.17 79.17 40.00 37.50 83.33 61.11 67.74 66.67 65.00 38.89 74.19 68.57 51.22 40.00 68.18 0.00 88.89 78.26 21.88 50.00 64.29 56.25 33.33 0.00 50.00 100.00
54.74=91.30 95.45 80.95 79.17 0.00 48.98 80.77 44.44 26.32 78.95 64.86 64.71 54.55 57.89 29.41 77.78 58.33 52.38 34.38 63.64 0.00 84.00 77.27 20.00 48.00 66.67 50.00 25.00 0.00 66.67 75.00
57.28=91.67 100.00 75.00 79.17 0.00 52.38 71.43 50.00 50.00 72.73 51.16 58.97 71.43 50.00 26.09 80.77 75.00 50.00 37.84 80.00 0.00 89.29 85.00 21.88 50.00 58.82 55.56 20.00 0.00 85.71 85.71
57.00=88.46 100.00 85.71 76.92 0.00 51.06 75.86 42.86 53.85 66.67 55.81 62.86 69.23 86.67 36.84 78.57 64.71 55.26 40.00 68.18 0.00 79.31 90.48 18.75 62.50 55.00 56.25 7.69 0.00 50.00 87.50
86.56=75.00 100.00 100.00 100.00 100.00 50.00 100.00 100.00 100.00 80.00 66.67 66.67 100.00 100.00 100.00 100.00 75.00 100.00 66.67 40.00 100.00 80.00 100.00 50.00 33.33 100.00 100.00 100.00 100.00 100.00 100.00
92.23=100.00 100.00 100.00 50.00 100.00 100.00 100.00 100.00 100.00 100.00 100.00 100.00 100.00 100.00 100.00 100.00 60.00 100.00 50.00 66.67 100.00 80.00 100.00 66.67 100.00 100.00 100.00 85.71 100.00 100.00 100.00
91.40=100.00 100.00 100.00 75.00 100.00 66.67 100.00 100.00 100.00 100.00 100.00 100.00 100.00 100.00 100.00 100.00 75.00 100.00 50.00 66.67 100.00 100.00 100.00 100.00 16.67 100.00 100.00 100.00 100.00 83.33 100.00
91.88=75.00 100.00 100.00 60.00 100.00 100.00 100.00 100.00 100.00 80.00 100.00 100.00 100.00 100.00 100.00 100.00 75.00 100.00 66.67 66.67 75.00 100.00 100.00 100.00 50.00 100.00 100.00 100.00 100.00 100.00 100.00
92.37=100.00 100.00 100.00 60.00 100.00 100.00 100.00 100.00 100.00 100.00 100.00 66.67 100.00 100.00 80.00 100.00 60.00 100.00 66.67 100.00 100.00 80.00 100.00 100.00 50.00 100.00 100.00 100.00 100.00 100.00 100.00
91.96=100.00 100.00 100.00 100.00 100.00 60.00 100.00 75.00 80.00 100.00 100.00 100.00 100.00 100.00 85.71 100.00 100.00 100.00 66.67 66.67 66.67 100.00 100.00 50.00 100.00 100.00 100.00 100.00 100.00 100.00 100.00
96.25=100.00 100.00 100.00 100.00 100.00 100.00 100.00 100.00 100.00 100.00 100.00 100.00 100.00 100.00 100.00 100.00 100.00 100.00 100.00 100.00 60.00 100.00 100.00 57.14 66.67 100.00 100.00 100.00 100.00 100.00 100.00
94.80=100.00 100.00 100.00 100.00 100.00 75.00 100.00 100.00 100.00 100.00 75.00 100.00 100.00 100.00 100.00 85.71 75.00 100.00 100.00 100.00 100.00 80.00 85.71 75.00 100.00 100.00 100.00 87.50 100.00 100.00 100.00
93.04=100.00 100.00 100.00 100.00 80.00 75.00 100.00 60.00 100.00 100.00 60.00 100.00 100.00 80.00 87.50 100.00 100.00 100.00 100.00 66.67 100.00 100.00 100.00 75.00 100.00 100.00 100.00 100.00 100.00 100.00 100.00
97.31=100.00 100.00 100.00 100.00 100.00 100.00 100.00 100.00 100.00 100.00 100.00 66.67 100.00 100.00 100.00 100.00 100.00 100.00 100.00 100.00 100.00 100.00 100.00 100.00 66.67 100.00 100.00 100.00 83.33 100.00 100.00
85.61=100.00 100.00 100.00 60.00 100.00 37.50 100.00 100.00 75.00 100.00 100.00 100.00 100.00 80.00 71.43 100.00 66.67 100.00 100.00 100.00 0.00 66.67 80.00 100.00 50.00 66.67 100.00 100.00 100.00 100.00 100.00
88.15=100.00 100.00 100.00 75.00 100.00 100.00 100.00 60.00 60.00 100.00 100.00 100.00 83.33 100.00 87.50 100.00 60.00 66.67 100.00 66.67 60.00 80.00 100.00 100.00 66.67 100.00 100.00 100.00 66.67 100.00 100.00
93.98=75.00 100.00 100.00 100.00 100.00 75.00 100.00 60.00 100.00 100.00 100.00 100.00 100.00 100.00 100.00 100.00 100.00 100.00 100.00 100.00 100.00 100.00 100.00 80.00 40.00 100.00 100.00 100.00 100.00 83.33 100.00
90.72=100.00 100.00 100.00 100.00 100.00 60.00 100.00 75.00 100.00 75.00 100.00 100.00 100.00 100.00 85.71 100.00 60.00 100.00 100.00 66.67 100.00 75.00 100.00 100.00 40.00 100.00 100.00 100.00 100.00 75.00 100.00
89.59=100.00 100.00 100.00 50.00 100.00 75.00 100.00 60.00 100.00 100.00 100.00 100.00 85.71 75.00 83.33 80.00 75.00 100.00 100.00 66.67 100.00 100.00 100.00 80.00 66.67 100.00 100.00 100.00 80.00 100.00 100.00
58.49=100.00 100.00 73.08 73.08 11.11 44.90 76.92 66.67 34.78 77.78 65.00 60.53 61.11 66.67 9.09 86.96 70.59 80.00 38.10 62.96 5.00 66.67 77.78 30.43 47.83 69.57 80.00 20.00 0.00 66.67 90.00
60.56=100.00 95.24 66.67 64.52 9.68 53.33 80.77 72.73 50.00 89.47 65.79 69.70 65.71 91.67 0.00 78.57 68.57 66.67 44.00 55.00 5.00 71.43 90.91 28.00 52.17 69.57 75.00 36.36 40.00 33.33 87.50
63.77=95.83 95.45 90.00 68.97 3.70 52.17 82.14 68.00 50.00 94.12 72.73 74.19 58.82 81.82 0.00 82.14 75.00 60.00 63.64 84.21 4.00 82.14 82.61 27.59 41.38 75.00 64.00 25.00 77.78 66.67 77.78
61.93=91.67 95.45 73.91 76.92 4.17 48.98 88.00 80.00 42.11 84.21 67.57 67.74 54.76 78.95 0.00 86.96 62.50 62.50 42.11 72.00 3.70 75.00 90.48 22.22 52.00 85.00 65.22 16.67 60.00 83.33 85.71
62.57=91.67 95.45 70.37 80.00 7.14 51.06 78.57 73.91 28.57 77.27 68.42 65.62 65.71 83.33 0.00 78.26 73.33 71.88 45.83 87.50 4.17 75.00 90.00 19.35 48.00 59.26 75.00 33.33 66.67 100.00 75.00
56.74=92.31 100.00 73.91 68.97 5.71 42.31 80.77 66.67 31.25 88.24 57.14 80.00 61.11 52.17 28.00 88.00 79.31 65.62 44.00 48.15 0.00 85.19 81.48 17.65 64.29 70.59 47.62 45.45 0.00 29.41 63.64
58.80=95.45 100.00 68.18 56.25 5.56 42.59 84.00 86.67 46.67 85.71 61.54 77.42 60.71 54.55 18.75 69.23 77.42 64.71 60.00 54.17 0.00 68.57 80.77 16.00 84.21 73.68 50.00 41.67 0.00 38.46 100.00
56.88=95.83 95.65 65.38 57.58 0.00 48.89 91.67 75.00 46.67 70.59 63.16 80.00 67.86 59.09 23.53 71.88 72.73 61.11 56.52 65.00 0.00 65.71 85.19 26.32 70.59 63.64 64.29 20.00 0.00 35.71 63.64
57.41=100.00 100.00 76.19 57.58 0.00 50.00 84.00 80.00 41.67 71.43 59.52 88.89 58.06 63.64 12.50 69.70 66.67 57.89 44.00 73.68 0.00 76.67 88.46 18.18 56.52 66.67 63.16 46.15 0.00 50.00 58.33
57.27=84.62 100.00 68.00 72.00 3.03 52.27 82.61 81.25 47.06 70.00 55.81 79.31 64.52 56.52 11.76 73.33 73.53 56.76 64.00 60.00 3.85 89.29 92.31 16.67 52.63 59.09 55.56 23.08 0.00 53.85 72.73
57.21=85.19 100.00 90.00 90.91 0.00 38.98 80.00 56.25 33.33 80.95 55.00 50.00 65.38 78.95 22.73 85.71 68.75 58.82 41.67 65.00 0.00 75.76 85.00 25.00 50.00 42.86 53.33 25.00 0.00 83.33 85.71
61.48=100.00 100.00 100.00 80.95 8.00 53.66 95.00 42.31 35.71 100.00 57.50 66.67 74.07 30.30 56.00 74.07 77.42 84.00 36.54 73.91 16.67 87.50 79.17 21.21 48.15 58.82 69.23 22.73 33.33 61.54 61.54
55.18=88.46 100.00 82.61 86.96 9.09 46.94 82.61 46.15 26.32 80.00 57.50 70.97 60.71 17.39 36.84 72.00 70.59 84.00 34.09 60.00 0.00 91.67 85.00 21.21 45.45 48.00 66.67 18.75 0.00 42.86 77.78
55.91=95.65 100.00 73.08 73.08 3.70 42.37 72.41 50.00 50.00 87.50 70.59 67.65 78.26 11.76 42.86 65.62 66.67 66.67 36.59 60.00 0.00 92.00 90.91 20.69 42.86 66.67 53.33 16.67 0.00 35.71 100.00
