46.96661820880489
50.870917960344016
50.03764581159924
52.78785321472279
53.94498643282248
62.2400279459103
63.28296364269215
65.59641853872623
63.15272547964856
66.29631730762952
81.51230876635735
83.13541808010729
82.3703438804058
85.64078116453682
84.01409903636623
62.88209743472902
64.69969497571309
62.66960390037313
63.1694409292647
71.25667261610344
61.07117399020233
62.48000234133838
64.23010907221433
65.85838727967806
63.38528745208906
66.428092203634
65.55526594148886
68.42568834674098
71.00519164093825
66.15649386600805
62.423476882991054
65.92346542346543
67.10704972041005
66.24623666931359
64.93996466870959
79.56442519534923
81.43967697117257
82.62641016600291
81.15131049258223
81.82498206740262
50.59327021888346
52.56402725445313
52.95285484235493
52.29754698796651
52.26118648614786
64.77081679004758
64.84700252514018
61.23497593407095
69.16667986744713
67.88694211771136
64.52655329375978
67.65862207967471
63.64533329917944
67.16407122289475
63.667005509110766
67.06034777188623
68.69067763096103
71.84575144101221
69.94173800056153
69.3584777795304
71.17853581416334
69.75178353572018
71.51252216863077
69.87419229840043
68.61897654884079
79.07205185991802
83.32537411121598
80.65720546686252
83.9133314094019
83.66564413200517
53.22071123700456
51.870209763939634
52.05019248214056
51.531379131676275
53.136973857613675
80.85118432016503
82.47281333944825
81.51611681166337
82.94128766896094
82.68973798951176
80.64844083306812
81.99772457702917
82.64131899562955
83.3301080518275
80.40369995567661
70.13449396254828
68.15600378293877
68.6682534739215
68.76825863929936
68.98366455856333
52.82653585201811
51.252478106278694
51.59569130032967
52.70188121671324
52.50480261079835
51.054562219006954
50.347713726827806
52.03884502943802
52.56204465302516
54.21619107394085
66.8380207022741
68.30372405372405
65.7980638345011
70.13738351431849
68.0688815960309
50.1735767838955
50.70657091446565
50.109208844223396
52.75232268987925
53.37537350601019
84.13267966983138
84.76222804080628
84.64906222485408
86.04296282558964
84.6836634099673
81.77610609469386
82.23606435770047
81.0223182654714
82.07734722476327
80.90503470623737
82.89864572330636
82.79493593913695
84.498566230943
82.94253077636026
84.47217789751726
50.9548303632014
52.45611523687023
55.08678144115152
53.784783569012475
54.54376304281277
82.11417165697948
81.36616055215723
82.51386660097067
83.40629951007422
82.5101163687732
71.5011344005152
71.96682163989857
70.69319594432716
68.04048518230466
70.62975115963923
51.531968268720824
53.08998268081874
53.79308337884915
52.18908277433599
54.8891623989344
64.2098670560209
67.21975539080802
65.888647300412
67.29024821332513
65.4869574869575
82.15875433343878
82.98253753338297
83.80257390462202
82.34642075264841
82.76393673934757
68.63429204623536
64.05581597889291
67.29348429348428
68.84706746245209
66.82174438247311
80.57591426197047
83.8289992601138
82.5947674814667
81.77789377408334
84.29647370966732
52.838925664577665
52.9407021913892
52.88894383720817
51.76024309026992
51.61205718296278
70.96916118069964
67.91698171109935
68.79492682570796
72.62086807109432
67.31245463937772
84.27903713602689
85.49353449466571
85.34096747897654
84.81698027964995
85.3407022841412
52.141167037101525
52.7065030294047
53.02769307058605
53.50249766685357
53.23294060604393
83.71704418203585
82.35265608937911
82.69203887589218
85.69964262140971
85.86958301813029
68.1603225833995
65.88526054136914
67.89115309024812
69.98189821874031
69.20460911637383
52.28006070006883
52.764604818887925
53.72087695057449
55.11180601700963
53.704095591923185
69.74247974247973
72.03569159135961
72.08023600331292
71.68551533936149
68.52187129110206
85.59020948488678
85.97832948851048
84.33469128712044
85.14308586415041
85.07420297148803
81.90593996250105
84.75851120248595
83.87223269308289
83.69012464606654
83.86530400218183
81.69359468162754
83.62978547212889
81.7051537808861
83.47941484569255
84.01153534750819
71.80804389175431
70.73647719801566
70.74375549036182
73.31890909492719
74.99780096725799
52.10942260352834
54.75670011235622
55.74018220614719
53.772463823575706
54.34978770783914
83.8053992262137
84.71688659703663
83.86696982993719
82.72684592933462
84.75018012074455
71.42767219285437
75.92232277526396
71.73278857894242
75.21623084649995
73.08002523791997
65.3988161160107
68.88535019530494
70.60266229496999
70.83711738236626
65.30819180819182
84.93978349717811
85.07871439771894
84.6950101841743
85.76731991646257
85.21823152503076
56.06543909217993
53.93154004648101
56.50412393736073
54.53960205204549
55.678907529544844
84.9033152871981
85.29550810915423
84.94753788192703
86.22365273317881
86.04670273496184
71.95415268492191
71.19028407489945
73.1553067741446
72.93410008794625
72.1177841766077
55.844877785899456
52.19486312623551
55.43329126771976
52.63015726911376
53.255609562039666
69.47725666146718
69.36068497404531
70.26419900651861
70.64939008360061
72.16798159105852
54.44767440377679
52.13574535736802
52.68273615426557
56.21430452667652
53.35982375015116
66.26907303223092
68.51753801753802
66.31765456765457
69.36262631285257
67.36979686979687
55.10383235524278
52.90900810011443
54.57669071169622
53.17852454443258
53.84949364677198
51.30166245405547
56.469415383736376
57.50244036613409
53.3787715091918
53.6402843789311
81.90303692232723
80.35510883099595
83.51289541608666
82.01437300097696
83.85847609430606
73.1975305396358
71.6180144641683
77.11465495289025
76.91691435499484
71.31439927593775
82.48853520721825
82.9674057717044
80.97996365387412
82.40291927384092
81.55737865770017
53.51536586339179
52.71901568495117
54.61044673693803
54.099244124666846
52.764619031320215
67.3737177854825
66.37606347900464
65.34443356912992
66.46016163323856
67.04760623991393
64.16319150934534
70.44113365267212
66.88661630766893
67.09994429903932
68.71991896991898
55.29415923397495
52.46516024791804
54.85162828095669
54.75958073855762
53.181778071754465
52.582619829597625
51.4665275938211
54.12472664008744
52.27716862005978
53.76025742913919
66.42755433949765
69.96591894781939
67.83849483849484
68.44370137285117
66.60930949392487
81.36519911513959
81.86335936562182
83.9451954200704
81.92259919171087
82.61950035622338
54.84340217349267
54.585760988237766
54.85833773804719
56.39988159195113
54.50149775344852
69.2438904735285
70.98059655144674
70.97726070600564
69.78711347132399
66.59709813353538
85.77369378524415
85.61481754069275
85.3959078747719
85.50844500290798
86.27231480250056
73.59205261807071
72.38378288378289
72.30477365771483
73.47849608780783
73.9864696706802
54.64052563341679
55.04910199534437
55.21615888344508
54.05212426693731
54.50597730029168
85.55605271656712
82.10610659616376
83.30326376938665
83.05704996625454
83.23298664581786
84.85203063322854
84.14243962356609
84.19242011990285
83.74288328432172
83.9963032191539
80.30865572732684
84.2651065692266
81.89693317187958
84.02180104698562
81.9615319717725
70.49665718896489
68.71195471195472
73.10839452944717
68.71156913262176
65.04638389051344
67.62634775983192
69.20117790706027
65.40389098081405
68.77538487153873
68.6357253857254
84.30308672830702
82.3356428639234
82.53069967924695
82.52269769208327
82.1752546492961
82.30567560300831
84.64677127799301
82.05092420215068
83.20510497546697
83.44229362233649
81.41766998977049
81.33246393600048
81.3115590054147
81.62906706745042
82.12348472886697
70.61054757208603
66.74806817114509
70.33709879863727
70.67237890314813
72.73816568047337
81.67987342630116
82.30392823022021
83.84776012931526
83.142977282832
83.20505416099606
52.62637968936127
53.29424627926186
52.84905866311636
54.087816898830624
54.09124489334064
85.94531195829124
87.23498510036971
85.51146854653643
85.59156889920166
86.22655642100747
83.44168012136576
85.13855093201366
82.94944979869962
84.29822603238894
83.66501615793115
68.26946636359592
69.71575298295947
71.10181485181484
68.89178003997009
70.6608420818947
53.97850682698266
53.9229102444749
56.45183691207693
55.18819190693188
54.88312418029638
82.86997773071839
84.20427484055729
82.27731102350059
83.60421617095825
83.16458049769554
55.86180415026569
57.387615281083704
55.98785972391593
53.801854198504024
54.271619701503354
65.38468155775848
69.5938057668827
70.05889966592308
69.73858984153102
70.4286229541984
82.5019579531368
80.4975292826567
81.94794425230243
82.69058606710429
82.97572049685648
85.84650139228611
85.46502090167249
86.03199574234344
86.22062138464854
84.63772367189848
71.895196306961
73.92976389332664
73.17820088408324
67.83795691487998
69.74234391339655
55.320812582129975
56.21244907129875
54.795258500944115
55.720325460549034
55.489320803209175
82.18152716009348
82.55516716090662
82.30594196097888
82.0067273825907
83.65352307981506
66.46221322537112
67.95915488020752
68.56330848638541
71.20950147468365
68.7853116294412
52.90154674699168
52.85740524409586
53.6037479517759
53.841119170316595
53.72410131016346
66.89467498445826
71.23298810950632
66.96497782601615
71.70214176287051
67.26414507933917
73.5939244265036
72.21195763301026
73.0467873332246
73.42851592851594
73.07925407925407
82.15578306480903
83.08550343969493
82.77332429154292
84.16902559085221
84.62873828693071
85.92034988641323
85.6185967124881
84.01307687840196
85.30870926459161
84.6761010813166
52.275249434203566
53.973155553432946
52.821744635807505
57.91105952847671
56.90062889188198
55.05340220144469
52.68589501121908
53.56790475752807
56.13135376533828
54.91917806317886
81.97232626334794
84.57466018409099
82.70538290531147
85.26424728984863
83.8248146894253
84.18013158945524
84.52591467303303
85.2463194171339
83.52512113062244
85.52952810466505
71.6594059535236
69.51977352382211
72.07384574489838
69.88023514946592
73.64605781347863
74.70332528860956
70.89002664002663
71.83453725761419
70.06315906315906
72.27420869728562
65.72697815005506
71.1916971916972
71.01893619201311
70.94228320698907
70.37111154305724
83.2157010053533
81.47924662064933
82.0531500729167
83.4381402051681
82.7597805200806
73.80589922897614
75.61451526431284
73.99024504906858
73.82821317234273
73.46358769435693
67.04861829974952
67.43386101078409
71.04570216108678
67.50988327911406
69.27446485138792
56.2334923008916
56.16846820014241
56.453829797740894
53.97328646826975
55.79028206780552
71.77027396936899
70.83474218089603
69.61190945806331
67.76822197410432
72.78421578421579
83.10895841212584
84.7506499480779
84.09245519503915
83.71950291776442
84.19938901166576
83.57554736549736
82.37300191539298
83.31939779677337
84.43356433860124
83.71518702514177
54.27646217364679
56.66679647659016
53.618868800221506
55.98279453296124
54.758445692560194
57.0111303041452
55.05494688115551
57.43489600777309
54.259178661898254
57.445003312235876
68.55582451736298
70.35454502762195
71.32979915350717
69.29881807483618
68.86957486957488
54.0744857759266
54.35072047901293
52.51601060891057
55.37420463401287
54.35680503255702
70.21102602776813
68.57794166617695
70.24905587122781
71.55635884583252
69.7045390506929
53.14886912300893
52.76680935583418
55.818956043295174
55.77117749596704
54.63789968201733
55.50894922519636
56.923621210891994
56.13942483965625
57.13710078912715
56.1207422640533
84.04437154097786
82.61039184413798
83.95878294127878
82.5975820440574
84.03446203184237
52.338915648503566
54.025728769929366
53.15803881367763
52.60405688531433
53.7154412129287
83.10987972758633
83.16588735283662
84.21572872894615
84.28909401968463
82.9332891513768
71.65301151839614
73.39180747277913
74.03799619184235
73.22350164455429
73.65697101580646
75.28366370471633
73.20009945599371
70.37615953679303
71.8107142520098
74.30352553429476
54.720586715268674
54.400593563775274
55.422025868327786
53.37622262145959
55.7206578378185
83.07914050834984
84.475210356313
82.37919144706474
84.24483707396307
83.63686150450857
54.618044504688285
52.281220662406135
53.666966131604674
55.7613842635385
53.96158365141145
85.5322070562604
84.47133379837595
84.63606907236343
84.67976493750488
84.92789790056997
74.96386946386946
72.01610085820612
73.8250326847612
72.86059666828898
72.91530848818299
82.91799751808088
82.90724549589756
82.66866751041555
83.62957467369233
83.81914700234537
56.05294789005196
54.42696969551578
52.371890163852534
54.91006584629289
54.38554312651303
83.23905742189856
81.78221653316915
83.37802344780197
82.94761928817655
82.12924805077698
68.64326397584317
67.80081883928038
67.93927477751006
69.34753682717484
70.48901098901099
84.01211419233569
83.5785777557628
82.57016210880226
83.55277893364342
84.435914717708
54.291114513511936
55.72590205806163
55.18917782105032
54.23132331922468
52.84949533086681
83.33724779890534
83.93230236329784
82.8203071834889
84.17068447944848
84.21610013917707
55.10631923007719
54.889275368679336
54.30263746708967
54.37524937901191
54.318484709172964
