50.299907990935615
52.754140786156384
51.087453372025784
52.13336335214526
54.31971097079214
76.08697955606952
78.0573384462644
78.92173110635322
80.67571854860495
78.3998167031032
80.63770598034708
83.61713767167446
82.19171518064113
81.69717829470152
84.28582987227902
75.92690742763949
75.66567810601327
79.63783622611294
80.05218708912298
81.21118583726349
77.57719993299375
79.34024926814777
79.3104144763132
79.32183264989887
78.93190957649162
79.03252721452293
80.05179510627237
80.53346090807597
80.53488783318504
80.88502074529286
79.3533792470703
81.07769590627414
81.17164310379361
80.67729620938718
81.25003587655411
82.54589729024117
83.67561847271303
81.63765046707414
83.50873827820719
84.31253952181554
53.033178855071995
55.97751202692855
53.13710914657568
53.999517052148626
53.29644862209292
78.63723275833301
79.97553892304563
78.78300550639393
80.58345314507497
77.94814190972437
78.04355195828012
81.76960774797165
81.13806951906216
82.7389100579503
80.44507802271556
80.55195196345004
78.96154941351416
81.10949391388317
80.31109243618174
80.16388769923253
81.83871984913382
80.94500078915621
80.70079851079105
80.32399609995468
82.45813079910484
80.89904439451949
81.00456203048694
82.26745282966226
82.47945413455058
83.01095619207075
52.89075111067417
53.59261876699133
54.0598244175747
53.493514434456856
52.77379129543974
81.59416972247406
82.95762757128558
82.44964375811007
83.21636357609209
80.1196504931918
81.74064062739937
81.99141025945028
82.52984184717931
83.55487531309156
83.52761457536404
79.90982811081645
80.3134295380767
81.52721009163537
80.28279662043651
80.51769931922557
55.62298683583875
55.04624044521225
53.08816396462497
55.88039905703039
53.04652934759446
53.542111106327184
57.0158233578364
57.0126873510179
55.688736845964755
56.08665747044707
80.52168667378241
81.14260426662396
81.67143849635126
82.1059960983157
80.81433402066007
54.40114460113161
52.255386452691646
53.10090000689194
54.41851427443493
53.54882294876771
82.88277349387137
82.8184560934025
83.73677809317248
84.80892104111918
80.63010839415936
84.56025125809596
83.636524486072
83.02622758945694
84.27436503984491
84.28994371641431
82.96638132051325
82.28322179262881
82.7272781265994
82.86751981447146
82.58877699792204
55.333395919829115
56.130451418957975
56.43347942906767
55.047304946912
55.808140177974614
83.4291693461734
82.95478492823099
85.65651611096955
85.88803219352161
83.41340799128368
83.2320123778209
82.117830068442
83.75114158247305
84.66697493398836
84.31864887002764
54.0236038008722
54.35426399960813
55.15912459467321
56.172179446908416
55.13873900969038
80.99487418855126
81.5710656600154
83.03506200740065
83.09502286597257
84.02960278438394
82.73839863795806
82.82370745076152
83.35844848967021
83.77931957962917
84.51344834150264
80.88441742951358
80.90658685074021
81.10655457764501
82.02731676838098
80.81463658857086
83.59631605725914
82.42279983914896
84.36304595354369
84.2885477558614
84.0956216787367
57.34747835333612
53.68740766361551
53.203654433744525
55.74586022323579
56.13462442117708
81.44634275385644
81.87147192332951
81.13092815777979
82.56612421872008
80.53226742033601
84.43842171694041
84.9714274902415
84.60592379888641
83.56252720315594
84.85503752948384
55.58283757220782
55.88242319460657
53.23175406730715
57.51501651215869
53.81500302387004
83.02550778717723
84.97245644858174
83.43355672161702
84.37381948051156
84.29259843382255
80.56205562920104
81.92719976770896
80.78126854490274
82.80070714525345
81.55267446955945
55.74928074401861
56.437560302944924
57.63337744920264
56.6089082704902
57.441630035616704
81.8138818988426
82.52328347210462
83.46152428847118
82.12511668030838
80.76058018216868
83.75790841425517
83.32693897090182
83.99271562101998
84.52607085037425
82.66165533812591
83.65153524203298
83.78500491860815
83.39900486774744
84.38727380290847
84.40534861396971
82.1362066791931
83.70438206708747
83.33579703882155
84.18209876176059
83.1476892031786
82.40028433977929
83.3167876637104
83.52158445844572
83.01765938673536
81.82807672203957
54.82880682530857
55.56244096608842
54.948744208335
55.473950218062164
54.36102188346667
83.80520990612679
83.93230008328841
82.82454118368985
84.51615146780664
83.92314171499693
84.14819746631963
83.44674422141215
83.43615442930755
82.8330833213207
83.16849452306911
81.4643322595216
82.220034239265
80.96590638722306
83.20108835555966
81.77696939504875
84.95568033088871
85.82532462509838
84.41549112024225
84.30717610694987
84.32743466477689
56.86297339397939
57.05394370239002
59.55598583293123
57.64026769376668
58.213511158530046
83.3665851559993
85.99894909409079
82.54371433652214
84.47163583684184
84.91197590745102
84.3303556806772
83.21769553116302
83.9797682353633
82.94274268572964
83.81302855668389
55.300238936297596
54.207981613600964
51.42040887236794
53.37289915877312
54.43276351278102
82.64065537244097
85.2372880751066
84.26601166506113
84.70437319157253
83.83967117881875
53.286974661099045
54.632428155052594
54.2666954169826
55.08757551197262
54.32551620903532
81.09366332103112
83.35116510034877
82.34251091318251
82.6936028922475
83.7185911876124
56.94556780469986
54.06306836789361
56.80507254381987
53.93238442693796
56.65363527261029
57.14956200099276
54.66286566625933
53.73257646424845
54.2806922071263
53.74162998891506
82.55787164860753
82.74059211276405
82.71822409682615
83.91101387564831
82.93059918964896
82.05771459958225
83.27220917498472
84.1909695382546
83.93867739851903
82.50357869709562
82.05166433947095
82.31844222830172
83.35197776344478
83.60579051416157
81.74797633633071
53.49902591058224
54.74891986988682
53.71053962604487
52.34309228694797
51.46610514088847
82.39957132782806
83.00259430707158
83.38195082516879
83.91429968271245
82.15011366698138
83.21530937022722
83.29899231381728
83.70466736962331
83.22407766745705
83.34502895823448
57.07479817255049
54.58419180999091
53.87168880356157
55.044608156534395
55.437690694315236
56.93779388168973
55.33108001057218
55.771430428729666
56.578294371231614
55.96953149643982
83.37576012540289
82.88461039598424
83.12378024452329
81.54790352757001
82.79753580414452
84.24421095694018
83.55630789257842
84.46536885610888
84.47663176705805
81.76392326416142
56.051992449348965
54.48053540007111
57.79621286667608
57.65461548239713
55.5665010388516
83.59252087473091
83.8177909187694
84.4757157020843
84.46862896127473
83.89144531343865
83.62611914427823
85.26743744599186
83.58164892845768
84.48922168831672
83.88615877916902
83.006065644551
83.65503421058315
82.09015645577534
82.72449945598314
83.75069214075138
55.43290513974787
55.36635952499048
52.97198326675868
54.33168517184381
55.09530711260315
85.59065859387364
84.39912930339221
85.23317394018751
82.85389633520141
85.35028204443542
84.51305245256185
83.22717189137765
83.96962414156985
83.56570835448312
83.17171457448904
82.21841754075619
83.75358915118382
83.3693605288628
82.58022291804144
83.47752409551025
83.42225112348952
84.22676018115408
83.6907401428716
83.13132207952404
84.06343325102968
81.8398040132977
81.9395669169617
81.12315129566261
82.84131746074297
81.39684510766142
83.82038434693828
81.5743226105217
83.20613116475226
83.77721751007056
83.04067350447441
83.46837375796652
83.87756022258284
85.05860195214804
84.53741231116797
85.21470483288772
83.36295545369134
84.7524123689282
85.00143132382951
85.30108243997678
82.9133723240058
83.42532226644516
83.1071659896846
83.75364350218352
82.23608295981894
83.30476840036178
85.66511910200883
84.16620009743372
83.7411385814577
84.17545433186062
83.14380410016274
56.53267226467108
56.048298870285464
56.026315515705434
57.098045074604975
56.69896639915146
84.28826565591271
85.8568191618918
84.6531396284909
85.06162477542568
85.57842245738172
84.9338320117077
83.21074787322704
84.64764970945014
84.51266391252103
84.31283408581575
84.2889109382322
83.02405536169528
83.20907591774878
84.8903066582276
82.01072221531027
58.05199741790083
58.200418287224664
56.24521069754148
54.11355912881277
57.269543307635715
83.33377557585703
84.09782149130803
83.953040463281
83.97801097449825
83.46258841579157
55.608128350550196
58.02717266183981
55.92232947210323
59.24428288760272
56.200002129043206
81.82264954621468
82.08374648425851
82.58851319511734
81.29200648349885
82.64709245510743
83.34566768866601
83.0335799127178
84.35464592960426
84.17735564163284
84.6848750928889
84.86115465598677
84.53854059200569
83.83483910442709
85.18673307587335
83.97278784299505
84.40800341844069
85.02908123823818
84.62207275537831
82.97614368068514
82.96014871979388
55.3394015393244
54.5130107533876
54.06749519966747
52.99674127124687
54.88249926491174
82.7866973795171
80.78234675805525
84.33597556025515
82.01640265214925
85.02690522147536
85.35273699667007
85.21952459416256
85.22846087950099
84.55591613805473
82.74024163015591
56.87280319217556
55.12491253582145
57.92280463840358
58.47686849228106
56.62828102726215
81.96417739995972
82.74511036448402
82.54586053913275
83.48880156777481
83.94248926366693
82.05168679897653
84.18054150210615
84.3990468115881
83.41125734588724
84.24699965298919
85.32229394404912
85.17717175391623
80.52242298068685
84.35423768896025
82.58314988179241
84.25376633104663
83.86181519123886
83.38686198694533
84.55601788859707
84.81344309285485
55.914199606724736
56.676975478196276
56.45697728668794
55.25517368302659
55.318975221809225
56.281039120498825
56.014300929117596
57.619834382230195
57.22199179294761
57.85147047786962
82.22587841890056
83.40165922167589
83.56278138125006
83.83495547082116
82.69103247973217
85.35985417826333
82.692983943103
85.17909444290724
85.051181882868
84.44242423052853
82.91511440844822
83.73290313454639
83.7590975706262
83.98910764819315
83.70430638399202
85.07662286331747
84.53960795363511
83.89983174551136
84.33750352429338
84.00194860264652
82.02411759891284
82.00576444240833
82.39122228645097
82.78756016151826
82.77233502519286
84.02733277280788
82.16549618913277
82.8228426927522
82.32678925689166
83.69575890622566
83.72012020409672
84.24200402101823
84.25969049258052
85.7263895646373
85.41667382796605
82.22143922883951
83.67221658630328
86.57244401789283
86.18945136316249
86.4684313036546
55.47397314963014
53.40665959181792
55.43823279786526
50.908630836893515
54.570549493753255
84.0356016604321
84.65703451500276
82.78771491202413
83.50322072407299
83.53064953886577
84.01138633028731
83.73687511583438
83.32822207429257
85.06949725144533
85.01323583140682
84.8616740156988
83.84434113953047
84.20368330037299
85.19365733893002
84.8313800327375
57.68223494277451
53.60328717231137
56.062402431615595
57.01335165725292
56.77383409504152
53.95287232547294
51.741416174257324
53.18543575051076
55.19902186578517
54.945200749657026
82.84234796792502
83.10549374284788
81.82124811694352
82.91090955013432
83.59873557740026
51.99929587435826
55.03306917078053
52.60222248103805
52.86087877124511
54.93558647565554
83.58685501307976
82.47338856799921
82.27457251771796
82.81358686562307
81.77874080404963
57.922203779919904
56.20394291150786
57.91000032837117
57.587836904493564
57.011907997444375
53.601869060525885
55.34836730907715
56.65526446676298
52.90344310485044
55.34183166983059
85.16158672636405
83.80537142992489
83.057453645443
84.0867914467581
82.03276374203975
53.934663324927904
54.91509816651433
56.77268074868489
55.397292628654654
56.04522627307555
82.75978822585158
84.154713672865
83.18992156661841
85.77711353503207
84.87742050096182
83.43643837969869
83.53305152108439
82.84919569814784
83.78693529354402
84.47818858392803
84.3476487229022
84.30251094331827
85.31770232980702
85.64537375117274
84.78362744926214
57.92540582728204
57.2932086057209
57.04655452457983
57.04627213700803
56.51291232752139
84.80382303256798
83.61002482209912
84.61769119848425
85.27487047497765
84.267696203931
56.976578426943945
55.831346593422964
54.04843471818421
54.70199114610879
55.85390697007334
85.25631056382424
84.60553389744864
86.11077924086975
86.33383061991064
86.82107757554292
81.99073830030218
83.08992246871559
84.21907039667221
84.69647521909965
83.56706917677305
83.80683368918665
83.08329843266732
82.60850987148915
85.28184012013494
86.26882350667776
55.754454411959415
56.114922467387345
56.39173248007494
57.70683847674371
55.600027983409134
84.63472941813022
83.73328064118056
84.78665287637662
83.53857869790235
84.71206390127563
82.98461374961732
81.82629123013739
81.59126707861047
82.7790481102424
84.09879579866998
83.1796977928795
84.05775522273498
83.47409855102163
83.74552353523536
83.12574002166762
53.50890449573106
52.39695863138142
54.87412938048442
53.1307783624153
53.094842376572494
84.7275208451679
83.99435845702813
83.64248148321738
85.66203357516765
84.4777789488435
55.75829647824666
56.522629358749754
56.68162325621245
55.13203409169475
56.19714613406952
84.88047617289699
84.97911238024567
83.58225354730476
83.69041646744671
85.26897730416036
82.65093540735641
82.39072978832445
82.82444066214013
82.590804024064
84.05185816986763
53.911470452705316
55.29147112446707
51.961190379237635
55.20456536893359
57.803195355886466
83.65175588085803
83.18506970656291
80.4485267187101
83.25897769902295
83.42198412447281
83.56139125619954
84.66582920929194
83.78180140623579
84.76146777331584
84.99575901725223
82.2756987594449
83.184998582119
83.02754337781
82.48529625226458
82.04119275546228
56.49774544651431
59.166800834087034
56.97722015060483
56.15061885053083
55.9580904591725
57.71424552860117
56.596096771900534
55.350758650594535
55.325317192641194
55.5381695477316
82.60522842905554
84.24138487534535
84.85393814859164
85.5569866282536
83.42303043731954
84.28970591454411
82.3350345078914
84.09522593815035
83.1527539988742
84.56325855604668
83.11771437747862
84.39056643051954
83.29701671057478
82.95861116735134
82.3889073060325
81.9905341113069
81.8698105728403
82.38161935993924
81.48848157437763
81.84074038199245
86.19524172739223
86.19558897613194
84.81907658640215
84.18668304784048
83.78554891563942
56.26948194121796
54.8598755680561
56.35210141793852
57.552626294325144
56.61937823727121
82.75887560086178
84.65098135174345
83.92305395173055
82.34934212541977
85.5799777145931
83.77547206702957
85.01275026870408
82.8751699914399
82.89218009240633
84.81977210823365
84.09060898879903
84.20633928665603
86.7815014363002
84.37220358826694
84.83413532169187
84.7062343797876
85.2537696023645
84.01717696317601
84.19866522978546
83.1963944142439
52.56737448336639
52.892050101469
55.21600459457041
55.11395228702921
50.35091275452076
85.05476289210512
83.26253470537824
84.5073131996209
85.57453554357579
84.3630149718504
53.918314746742084
52.72322493949341
55.624796802025855
54.13123824390792
53.03825251512796
83.24367989570833
83.33223386212192
84.05800552150872
83.74355452570505
83.41039924726776
84.35486344514683
84.14036323241359
83.54242959854749
84.5957096991686
85.23225533430343
55.25622297669472
54.59227411414819
56.184931594507766
54.245454432135254
54.93547678418662
82.86517936683866
83.26423895509961
83.21230078135717
81.67577410792578
82.01997152604699
84.01123880749982
83.35548059809788
83.233971540354
82.45739687398415
82.89504349345978
56.289215804082176
56.080553711922974
55.14580484851616
57.99103110529019
55.27822244024342
85.27574725425404
84.16255890916524
84.34121672696332
85.58861795900378
84.6727402879463
83.1052962081183
84.35263411537524
83.70021155315273
83.95554653068346
84.75543435950675
84.14871929419648
83.7379288419443
84.21695314026822
83.61367345006566
82.51360285344569
57.73965226523755
56.3320583158588
57.18906827589278
58.521252837037125
57.249167228209856
54.07081445992677
55.01076271113185
55.20386230855339
55.08044216598893
53.74614756677515
84.64025190495778
82.44352474151236
83.76447766993135
83.89857829450591
84.19979032636807
82.97701081036398
83.31718060814532
