62.68=95.65 100.00 94.44 90.00 18.75 58.33 90.00 45.83 17.65 82.35 69.70 70.00 76.67 45.95 68.97 77.27 71.43 84.00 31.03 50.00 41.18 87.50 80.77 32.00 33.33 66.67 66.67 17.65 50.00 62.50 66.67
53.68=77.78 100.00 66.67 80.95 31.25 53.49 70.83 56.00 16.67 72.22 68.75 62.86 76.00 16.67 38.10 59.38 68.57 88.00 28.57 53.85 18.75 70.00 78.26 25.00 45.16 52.63 56.25 30.00 15.38 40.00 46.15
55.40=95.65 88.00 76.00 65.52 22.22 53.19 75.00 55.00 31.25 66.67 75.00 67.65 78.26 22.22 52.63 55.88 76.00 79.31 25.71 48.48 6.25 69.70 83.33 27.59 48.00 61.54 56.25 28.57 18.75 41.18 66.67
55.41=91.30 100.00 77.27 81.82 22.22 51.11 74.07 50.00 15.38 84.21 64.10 66.67 64.00 33.33 60.87 59.38 58.33 69.23 40.48 56.00 30.77 89.29 68.97 21.21 48.15 55.56 35.71 29.41 21.43 60.00 37.50
55.33=92.00 95.65 70.37 72.00 21.05 55.00 66.67 55.00 0.00 76.19 61.54 69.70 60.71 36.36 63.16 63.33 70.59 81.48 30.95 53.12 0.00 88.46 79.17 20.69 48.39 64.29 64.29 30.77 21.43 42.86 60.00
61.82=100.00 91.67 75.00 69.23 10.71 61.54 95.45 80.95 31.58 65.22 62.16 85.19 64.52 62.07 45.45 69.23 80.00 100.00 39.47 60.00 66.67 78.12 88.46 23.33 47.83 82.35 66.67 30.00 0.00 38.10 45.45
56.72=95.83 88.00 66.67 59.26 5.88 63.16 72.41 78.95 31.82 78.95 72.73 77.42 76.00 30.43 47.06 60.00 77.42 65.38 53.33 60.00 43.75 82.14 74.19 12.50 38.71 56.52 43.48 35.29 0.00 57.14 53.85
57.21=92.00 95.65 66.67 63.33 12.50 51.22 78.57 60.87 36.36 68.42 64.71 72.73 70.00 58.82 47.62 61.29 70.97 80.00 41.67 51.72 35.71 68.97 69.70 18.18 44.44 86.67 55.56 42.86 16.67 46.67 42.86
57.20=100.00 91.67 66.67 57.14 16.67 54.76 90.48 63.64 37.50 84.21 67.65 77.42 56.67 63.64 30.00 66.67 64.10 72.41 51.43 52.00 6.25 82.76 65.52 14.29 50.00 59.09 56.25 57.14 0.00 58.33 58.82
54.12=95.83 84.62 69.57 58.06 5.26 52.27 79.17 71.43 10.00 83.33 66.67 76.67 57.89 65.00 40.00 71.88 66.67 75.00 51.72 50.00 0.00 80.65 73.53 11.11 40.74 73.68 61.54 25.00 0.00 33.33 47.06
92.94=100.00 100.00 100.00 100.00 100.00 100.00 100.00 100.00 100.00 75.00 100.00 66.67 100.00 100.00 100.00 100.00 75.00 100.00 100.00 100.00 75.00 42.86 100.00 80.00 66.67 100.00 100.00 100.00 100.00 100.00 100.00
97.82=100.00 100.00 100.00 100.00 100.00 100.00 100.00 100.00 100.00 80.00 100.00 100.00 100.00 100.00 100.00 85.71 100.00 100.00 100.00 100.00 100.00 100.00 100.00 66.67 100.00 100.00 100.00 100.00 100.00 100.00 100.00
94.80=75.00 100.00 100.00 100.00 100.00 100.00 100.00 75.00 100.00 100.00 100.00 100.00 100.00 100.00 88.89 100.00 100.00 100.00 100.00 100.00 100.00 100.00 100.00 66.67 66.67 66.67 100.00 100.00 100.00 100.00 100.00
96.59=100.00 100.00 100.00 75.00 100.00 100.00 100.00 75.00 100.00 100.00 100.00 100.00 100.00 100.00 77.78 100.00 100.00 100.00 100.00 100.00 100.00 100.00 100.00 100.00 66.67 100.00 100.00 100.00 100.00 100.00 100.00
94.76=100.00 100.00 100.00 100.00 100.00 100.00 100.00 100.00 100.00 100.00 100.00 66.67 100.00 100.00 87.50 100.00 100.00 100.00 66.67 100.00 100.00 100.00 100.00 66.67 50.00 100.00 100.00 100.00 100.00 100.00 100.00
95.89=100.00 100.00 100.00 100.00 100.00 60.00 100.00 100.00 100.00 100.00 100.00 100.00 100.00 100.00 87.50 100.00 100.00 100.00 100.00 66.67 100.00 100.00 100.00 75.00 100.00 100.00 100.00 100.00 83.33 100.00 100.00
96.40=100.00 100.00 100.00 100.00 100.00 75.00 100.00 100.00 100.00 100.00 100.00 100.00 100.00 100.00 100.00 100.00 100.00 100.00 66.67 66.67 100.00 80.00 100.00 100.00 100.00 100.00 100.00 100.00 100.00 100.00 100.00
94.06=100.00 100.00 100.00 100.00 100.00 75.00 100.00 100.00 100.00 100.00 75.00 66.67 100.00 100.00 85.71 100.00 100.00 100.00 100.00 66.67 100.00 100.00 100.00 80.00 66.67 100.00 100.00 100.00 100.00 100.00 100.00
94.52=100.00 100.00 100.00 75.00 100.00 100.00 100.00 100.00 100.00 100.00 100.00 66.67 100.00 80.00 100.00 100.00 75.00 66.67 100.00 100.00 100.00 100.00 100.00 100.00 66.67 100.00 100.00 100.00 100.00 100.00 100.00
97.74=100.00 100.00 100.00 100.00 100.00 100.00 100.00 100.00 100.00 100.00 100.00 100.00 100.00 100.00 100.00 100.00 100.00 100.00 50.00 100.00 100.00 80.00 100.00 100.00 100.00 100.00 100.00 100.00 100.00 100.00 100.00
91.32=100.00 100.00 100.00 100.00 100.00 75.00 100.00 100.00 100.00 100.00 75.00 50.00 100.00 80.00 87.50 100.00 66.67 100.00 100.00 50.00 100.00 80.00 100.00 100.00 66.67 100.00 100.00 100.00 100.00 100.00 100.00
91.56=100.00 100.00 100.00 100.00 100.00 100.00 100.00 100.00 100.00 75.00 100.00 50.00 75.00 100.00 100.00 80.00 100.00 66.67 100.00 100.00 100.00 75.00 100.00 100.00 50.00 66.67 100.00 100.00 100.00 100.00 100.00
94.19=100.00 100.00 100.00 100.00 100.00 100.00 100.00 100.00 100.00 100.00 100.00 66.67 100.00 100.00 100.00 100.00 100.00 66.67 100.00 40.00 100.00 100.00 100.00 80.00 66.67 100.00 100.00 100.00 100.00 100.00 100.00
91.88=100.00 100.00 100.00 75.00 100.00 100.00 100.00 100.00 100.00 100.00 100.00 66.67 100.00 100.00 100.00 100.00 75.00 100.00 66.67 40.00 100.00 100.00 100.00 75.00 50.00 100.00 100.00 100.00 100.00 100.00 100.00
96.21=100.00 100.00 100.00 100.00 100.00 100.00 100.00 100.00 100.00 100.00 100.00 100.00 100.00 100.00 100.00 100.00 50.00 100.00 66.67 100.00 100.00 80.00 85.71 100.00 100.00 100.00 100.00 100.00 100.00 100.00 100.00
59.35=100.00 100.00 68.00 88.89 19.35 42.00 71.43 66.67 50.00 80.00 71.43 82.61 57.89 51.72 63.16 77.78 72.73 87.50 27.03 42.86 9.09 69.70 84.00 22.22 42.86 88.24 85.00 15.00 0.00 25.00 77.78
60.46=85.19 91.30 73.91 70.00 11.54 42.86 77.78 78.95 50.00 88.89 72.22 70.00 67.65 71.43 69.23 75.00 66.67 91.30 45.16 54.55 8.33 65.52 74.19 16.67 47.83 66.67 80.00 18.18 62.50 30.77 50.00
59.60=91.67 90.91 73.91 67.86 19.05 38.33 71.43 66.67 42.11 71.43 71.88 75.86 63.64 58.33 63.64 72.41 68.42 85.71 42.86 65.00 0.00 75.00 73.33 19.23 51.72 66.67 66.67 40.00 50.00 50.00 53.85
59.15=88.46 95.45 80.95 65.62 28.57 40.68 84.62 69.57 37.50 80.00 60.53 64.71 60.61 58.82 38.46 80.00 63.89 85.19 32.35 50.00 0.00 71.43 74.19 23.81 46.67 76.47 83.33 25.00 60.00 16.67 90.00
58.24=95.83 95.24 73.08 63.33 28.57 35.38 76.92 56.00 36.36 69.57 61.54 70.97 60.00 66.67 46.67 80.77 62.86 75.86 46.88 57.69 0.00 80.77 67.74 24.00 60.87 78.95 59.09 44.44 66.67 18.18 44.44
58.09=95.83 95.24 75.00 78.26 31.25 38.10 71.43 52.94 21.43 80.00 48.00 56.10 70.37 60.87 61.11 63.64 64.10 82.61 41.03 71.43 0.00 65.71 75.00 20.69 66.67 58.82 50.00 38.46 16.67 87.50 62.50
57.43=92.00 90.91 73.08 78.26 27.78 42.86 63.33 63.64 28.57 93.75 62.16 62.16 69.70 46.67 72.22 81.48 63.64 80.00 36.36 51.52 0.00 74.07 71.43 23.33 51.85 58.82 53.33 30.77 20.00 41.67 75.00
59.33=85.71 90.91 81.82 73.91 10.00 35.82 62.96 57.89 66.67 85.00 59.52 68.57 81.48 37.50 52.38 65.62 70.00 85.71 46.67 60.71 0.00 78.12 71.43 21.74 57.69 76.92 60.00 41.67 14.29 75.00 63.64
59.47=100.00 100.00 77.27 76.00 21.43 40.32 73.33 52.63 33.33 77.78 65.79 68.75 77.78 50.00 65.22 55.26 58.54 79.31 39.13 77.27 0.00 83.33 82.61 25.81 48.39 68.75 64.29 27.27 33.33 53.85 66.67
58.44=95.83 95.45 82.61 79.17 36.36 36.07 67.86 59.09 33.33 80.00 53.49 61.54 79.17 71.43 62.50 65.71 74.19 73.33 31.82 66.67 0.00 75.00 76.92 25.93 46.67 55.56 64.29 41.67 14.29 50.00 55.56
88.87=100.00 100.00 100.00 100.00 100.00 50.00 100.00 100.00 100.00 100.00 100.00 50.00 100.00 100.00 100.00 100.00 60.00 100.00 50.00 40.00 100.00 80.00 100.00 75.00 50.00 100.00 100.00 100.00 100.00 100.00 100.00
88.00=100.00 100.00 100.00 100.00 75.00 42.86 100.00 100.00 100.00 80.00 100.00 100.00 100.00 100.00 100.00 100.00 75.00 100.00 50.00 100.00 0.00 75.00 100.00 80.00 50.00 100.00 100.00 100.00 100.00 100.00 100.00
88.49=75.00 100.00 100.00 100.00 100.00 50.00 100.00 100.00 100.00 100.00 75.00 66.67 100.00 100.00 100.00 100.00 60.00 100.00 66.67 100.00 0.00 100.00 100.00 100.00 50.00 100.00 100.00 100.00 100.00 100.00 100.00
89.30=100.00 100.00 100.00 100.00 100.00 75.00 100.00 75.00 100.00 75.00 75.00 66.67 100.00 100.00 100.00 100.00 75.00 100.00 66.67 66.67 100.00 100.00 100.00 80.00 33.33 100.00 80.00 100.00 100.00 100.00 100.00
85.59=100.00 100.00 100.00 75.00 100.00 50.00 75.00 100.00 100.00 100.00 75.00 50.00 100.00 100.00 100.00 100.00 75.00 100.00 66.67 66.67 0.00 100.00 100.00 100.00 20.00 100.00 100.00 100.00 100.00 100.00 100.00
95.24=100.00 100.00 100.00 100.00 100.00 60.00 100.00 100.00 100.00 100.00 100.00 66.67 100.00 100.00 100.00 100.00 60.00 100.00 100.00 100.00 100.00 80.00 85.71 100.00 100.00 100.00 100.00 100.00 100.00 100.00 100.00
93.82=100.00 100.00 100.00 100.00 100.00 75.00 100.00 75.00 75.00 100.00 100.00 66.67 100.00 100.00 100.00 100.00 100.00 100.00 50.00 100.00 100.00 100.00 100.00 100.00 100.00 66.67 100.00 100.00 100.00 100.00 100.00
88.04=100.00 100.00 100.00 100.00 66.67 50.00 75.00 100.00 100.00 100.00 100.00 66.67 100.00 100.00 87.50 100.00 100.00 66.67 66.67 100.00 0.00 100.00 100.00 100.00 50.00 100.00 100.00 100.00 100.00 100.00 100.00
96.77=100.00 100.00 100.00 100.00 100.00 100.00 100.00 100.00 100.00 100.00 100.00 66.67 83.33 100.00 100.00 100.00 100.00 100.00 100.00 100.00 100.00 100.00 100.00 100.00 100.00 66.67 100.00 100.00 100.00 83.33 100.00
95.59=100.00 100.00 100.00 75.00 100.00 75.00 100.00 100.00 80.00 100.00 100.00 100.00 100.00 100.00 100.00 100.00 100.00 100.00 100.00 66.67 100.00 100.00 100.00 100.00 100.00 66.67 100.00 100.00 100.00 100.00 100.00
58.86=91.30 95.45 81.82 81.82 33.33 40.32 78.57 68.18 33.33 88.24 53.33 53.19 72.41 57.89 73.91 71.43 69.70 81.48 36.73 65.38 0.00 77.78 69.57 25.00 58.33 52.38 58.33 26.67 16.67 45.45 66.67
53.22=82.14 95.45 78.26 86.96 17.65 36.92 68.75 52.63 18.18 80.00 68.57 70.00 74.19 53.33 45.45 62.86 69.70 75.86 35.42 53.33 0.00 76.67 75.00 14.81 48.28 58.82 69.23 9.09 22.22 50.00 0.00
57.37=87.50 91.30 85.00 86.96 21.43 38.46 70.37 57.14 33.33 80.00 55.81 71.88 66.67 47.37 63.16 55.00 62.16 84.62 33.33 62.96 0.00 74.29 80.00 23.08 52.17 66.67 64.29 22.22 0.00 70.00 71.43
59.82=81.48 100.00 90.48 82.61 26.67 42.37 78.26 56.52 44.44 78.95 58.54 62.16 65.52 70.59 66.67 68.75 71.88 81.48 32.56 61.54 0.00 76.67 80.77 33.33 51.52 52.63 60.00 21.43 33.33 45.45 77.78
59.75=79.31 100.00 81.82 82.61 50.00 35.71 67.86 44.44 22.22 80.00 61.54 63.89 74.07 82.35 70.59 62.50 60.00 77.42 35.29 55.56 0.00 72.73 71.43 29.17 55.56 78.57 70.00 28.57 25.00 62.50 71.43
87.57=100.00 100.00 100.00 75.00 100.00 42.86 100.00 100.00 100.00 100.00 100.00 66.67 100.00 100.00 100.00 100.00 75.00 66.67 100.00 66.67 0.00 100.00 100.00 80.00 66.67 100.00 100.00 100.00 100.00 100.00 75.00
85.91=100.00 100.00 100.00 100.00 100.00 50.00 100.00 100.00 100.00 100.00 75.00 66.67 100.00 80.00 100.00 100.00 75.00 100.00 50.00 66.67 0.00 100.00 100.00 66.67 33.33 100.00 100.00 100.00 100.00 100.00 100.00
87.20=100.00 100.00 100.00 75.00 100.00 50.00 66.67 100.00 100.00 80.00 75.00 100.00 100.00 100.00 100.00 100.00 60.00 100.00 66.67 100.00 0.00 100.00 100.00 80.00 50.00 100.00 100.00 100.00 100.00 100.00 100.00
83.68=75.00 100.00 100.00 100.00 100.00 33.33 100.00 100.00 100.00 100.00 75.00 50.00 75.00 100.00 100.00 85.71 75.00 50.00 100.00 50.00 0.00 100.00 100.00 75.00 100.00 50.00 100.00 100.00 100.00 100.00 100.00
88.41=100.00 100.00 100.00 100.00 100.00 50.00 100.00 100.00 100.00 100.00 100.00 50.00 100.00 100.00 88.89 100.00 75.00 100.00 100.00 66.67 0.00 80.00 100.00 80.00 50.00 100.00 100.00 100.00 100.00 100.00 100.00
87.03=100.00 100.00 100.00 100.00 100.00 33.33 100.00 100.00 100.00 100.00 75.00 50.00 100.00 100.00 57.14 100.00 100.00 100.00 50.00 66.67 0.00 100.00 85.71 80.00 100.00 100.00 100.00 100.00 100.00 100.00 100.00
92.04=75.00 100.00 100.00 100.00 100.00 75.00 100.00 60.00 66.67 100.00 100.00 66.67 80.00 100.00 100.00 100.00 100.00 100.00 100.00 66.67 100.00 100.00 100.00 100.00 100.00 100.00 100.00 100.00 80.00 83.33 100.00
87.90=100.00 100.00 100.00 75.00 100.00 50.00 100.00 100.00 100.00 100.00 100.00 100.00 100.00 100.00 100.00 100.00 75.00 100.00 66.67 50.00 0.00 100.00 100.00 75.00 66.67 66.67 100.00 100.00 100.00 100.00 100.00
90.15=100.00 100.00 100.00 75.00 100.00 42.86 100.00 100.00 100.00 100.00 100.00 100.00 100.00 100.00 100.00 100.00 75.00 100.00 100.00 66.67 0.00 100.00 100.00 80.00 100.00 100.00 100.00 100.00 75.00 100.00 80.00
88.41=100.00 100.00 100.00 100.00 100.00 33.33 100.00 100.00 100.00 100.00 100.00 100.00 85.71 100.00 83.33 100.00 100.00 66.67 100.00 100.00 0.00 100.00 100.00 80.00 25.00 66.67 100.00 100.00 100.00 100.00 100.00
61.23=76.67 95.24 90.00 82.61 20.00 37.50 84.62 64.71 50.00 84.21 60.00 52.27 71.43 80.00 60.00 75.86 65.71 81.48 34.00 53.12 0.00 74.19 71.43 26.67 63.64 71.43 56.25 27.27 20.00 77.78 90.00
60.26=88.00 91.67 94.74 83.33 18.75 38.46 71.43 55.56 33.33 84.21 57.14 68.75 65.38 91.67 66.67 63.64 67.65 85.19 35.71 64.00 0.00 80.65 71.43 21.88 59.26 64.71 56.25 20.00 28.57 40.00 100.00
59.10=92.00 95.00 86.36 83.33 33.33 37.50 67.74 54.17 25.00 84.21 58.97 62.16 76.92 50.00 72.22 69.70 65.71 76.92 35.29 56.67 0.00 86.21 82.61 29.17 53.57 71.43 62.50 14.29 37.50 41.67 70.00
58.11=82.76 100.00 81.82 76.92 44.44 41.38 70.00 47.83 20.00 73.68 59.52 62.86 73.08 64.29 57.69 64.71 61.11 84.62 29.41 62.07 0.00 92.31 77.78 25.00 51.85 56.25 50.00 15.38 33.33 55.56 85.71
60.26=88.00 91.30 73.08 86.96 54.55 36.36 77.78 63.64 30.00 88.89 56.10 63.89 78.26 55.56 63.16 64.71 75.00 79.31 37.04 69.57 0.00 80.00 75.00 28.00 51.85 66.67 64.29 20.00 28.57 42.86 77.78
80.32=100.00 100.00 100.00 100.00 100.00 37.50 100.00 75.00 100.00 100.00 100.00 100.00 100.00 100.00 87.50 83.33 60.00 100.00 66.67 50.00 0.00 80.00 83.33 66.67 50.00 50.00 100.00 100.00 0.00 100.00 100.00
88.43=100.00 100.00 100.00 100.00 100.00 42.86 100.00 100.00 100.00 100.00 100.00 100.00 100.00 80.00 75.00 100.00 60.00 100.00 66.67 66.67 0.00 100.00 100.00 100.00 50.00 100.00 100.00 100.00 100.00 100.00 100.00
92.26=75.00 100.00 100.00 100.00 100.00 50.00 75.00 100.00 100.00 100.00 100.00 100.00 100.00 100.00 100.00 100.00 100.00 100.00 100.00 100.00 0.00 80.00 100.00 80.00 100.00 100.00 100.00 100.00 100.00 100.00 100.00
88.48=100.00 100.00 100.00 100.00 100.00 42.86 100.00 60.00 100.00 80.00 100.00 100.00 100.00 100.00 100.00 100.00 75.00 100.00 50.00 66.67 100.00 100.00 83.33 60.00 50.00 100.00 100.00 100.00 75.00 100.00 100.00
86.38=100.00 100.00 100.00 100.00 100.00 42.86 100.00 60.00 75.00 100.00 100.00 66.67 100.00 100.00 100.00 100.00 60.00 100.00 100.00 66.67 0.00 100.00 83.33 100.00 40.00 100.00 100.00 100.00 83.33 100.00 100.00
59.01=95.45 91.30 75.00 57.58 53.85 35.29 78.57 68.42 56.25 59.26 66.67 69.70 64.71 62.50 37.50 79.31 63.16 88.89 42.11 50.00 0.00 78.12 65.52 22.73 58.33 93.75 60.00 18.18 50.00 14.29 72.73
59.38=92.00 100.00 62.96 58.82 42.86 37.29 74.19 68.18 33.33 75.00 62.50 64.52 67.65 68.42 38.89 70.00 77.42 85.71 34.38 46.43 0.00 76.67 66.67 30.00 39.39 73.68 64.71 42.86 60.00 44.44 81.82
60.82=100.00 95.65 77.27 69.23 45.45 35.29 77.78 69.23 46.15 66.67 60.00 80.00 64.10 73.33 57.14 74.19 69.44 66.67 40.54 58.33 0.00 78.57 73.33 26.32 61.90 80.95 66.67 16.67 44.44 40.00 70.00
60.20=92.00 95.00 69.23 55.56 38.46 38.98 70.00 76.19 42.86 68.18 57.14 71.43 60.61 81.25 52.38 81.48 76.67 76.67 33.33 44.00 0.00 71.43 76.00 31.82 50.00 82.35 83.33 27.27 50.00 25.00 87.50
58.94=100.00 95.45 65.38 74.07 46.15 36.92 77.78 75.00 27.27 73.91 60.98 71.43 67.74 80.00 42.86 79.31 75.76 89.29 35.71 50.00 0.00 70.59 73.08 20.00 44.44 88.24 80.00 12.50 0.00 33.33 80.00
87.34=100.00 100.00 100.00 75.00 100.00 37.50 100.00 75.00 80.00 100.00 100.00 66.67 100.00 100.00 100.00 100.00 100.00 100.00 100.00 40.00 0.00 100.00 100.00 100.00 50.00 100.00 100.00 100.00 83.33 100.00 100.00
88.39=100.00 100.00 100.00 100.00 100.00 33.33 100.00 60.00 100.00 100.00 100.00 100.00 100.00 100.00 83.33 100.00 100.00 100.00 66.67 50.00 0.00 100.00 100.00 100.00 66.67 100.00 100.00 100.00 100.00 100.00 80.00
86.22=100.00 100.00 100.00 100.00 100.00 42.86 100.00 50.00 100.00 75.00 100.00 100.00 100.00 100.00 100.00 100.00 100.00 66.67 66.67 100.00 0.00 75.00 100.00 100.00 66.67 50.00 80.00 100.00 100.00 100.00 100.00
89.34=100.00 100.00 100.00 100.00 100.00 42.86 75.00 75.00 100.00 100.00 100.00 100.00 100.00 100.00 100.00 100.00 100.00 100.00 66.67 50.00 0.00 100.00 100.00 80.00 100.00 100.00 100.00 100.00 80.00 100.00 100.00
87.12=100.00 100.00 100.00 100.00 100.00 50.00 75.00 100.00 100.00 100.00 75.00 100.00 100.00 100.00 87.50 100.00 60.00 100.00 66.67 66.67 0.00 100.00 100.00 80.00 40.00 100.00 100.00 100.00 100.00 100.00 100.00
83.92=100.00 100.00 100.00 100.00 100.00 37.50 100.00 100.00 100.00 100.00 75.00 50.00 100.00 80.00 100.00 100.00 60.00 100.00 50.00 50.00 0.00 80.00 100.00 100.00 33.33 100.00 100.00 85.71 100.00 100.00 100.00
89.41=75.00 100.00 100.00 75.00 100.00 50.00 100.00 100.00 100.00 100.00 75.00 100.00 100.00 100.00 100.00 75.00 75.00 66.67 100.00 100.00 0.00 100.00 100.00 80.00 100.00 100.00 100.00 100.00 100.00 100.00 100.00
87.39=100.00 100.00 100.00 60.00 100.00 50.00 100.00 100.00 100.00 100.00 100.00 100.00 85.71 100.00 100.00 100.00 75.00 100.00 100.00 50.00 0.00 100.00 100.00 75.00 33.33 100.00 80.00 100.00 100.00 100.00 100.00
80.86=100.00 100.00 100.00 100.00 100.00 50.00 100.00 50.00 100.00 100.00 100.00 66.67 83.33 100.00 100.00 100.00 75.00 66.67 50.00 40.00 0.00 100.00 100.00 50.00 25.00 50.00 100.00 100.00 100.00 100.00 100.00
89.41=100.00 100.00 100.00 100.00 100.00 50.00 100.00 100.00 100.00 100.00 100.00 100.00 100.00 80.00 100.00 100.00 75.00 100.00 50.00 100.00 0.00 100.00 100.00 100.00 50.00 66.67 100.00 100.00 100.00 100.00 100.00
62.93=92.00 95.65 85.71 90.91 45.45 36.76 80.00 63.16 30.00 82.35 58.54 50.00 79.17 73.33 93.33 84.62 52.27 79.31 35.29 48.57 0.00 71.43 68.00 28.57 65.22 84.62 62.50 38.46 22.22 83.33 70.00
61.83=85.71 100.00 81.82 81.82 20.00 39.06 80.77 65.00 33.33 84.21 57.14 63.64 75.00 78.57 68.18 68.75 77.42 81.48 36.36 66.67 0.00 86.67 75.00 27.59 50.00 68.75 69.23 26.67 28.57 61.54 77.78
57.40=82.14 87.50 85.71 90.48 27.27 39.06 74.07 44.44 50.00 72.73 70.59 57.89 71.43 38.46 57.14 73.33 58.33 79.31 36.00 50.00 0.00 85.71 70.00 18.52 46.88 66.67 57.14 21.43 25.00 54.55 87.50
60.07=88.46 84.00 89.47 79.17 55.56 41.07 84.62 41.18 42.86 76.19 75.00 63.16 77.78 60.00 62.07 72.73 63.41 68.97 36.73 51.52 0.00 88.89 84.00 20.00 50.00 64.71 61.54 8.33 25.00 60.00 85.71
58.73=88.89 95.65 94.74 83.33 38.46 40.32 75.00 68.18 18.18 78.95 59.52 66.67 72.41 60.00 68.18 65.62 66.67 78.57 36.17 58.62 0.00 72.73 76.00 25.00 58.06 47.37 62.50 9.09 33.33 60.00 62.50
90.11=100.00 100.00 100.00 100.00 100.00 50.00 100.00 100.00 80.00 80.00 100.00 100.00 100.00 100.00 100.00 100.00 75.00 66.67 100.00 66.67 0.00 100.00 100.00 100.00 100.00 100.00 100.00 100.00 75.00 100.00 100.00
88.00=100.00 100.00 100.00 100.00 100.00 42.86 100.00 75.00 100.00 100.00 100.00 66.67 100.00 100.00 100.00 100.00 66.67 100.00 50.00 100.00 0.00 100.00 100.00 80.00 66.67 100.00 80.00 100.00 100.00 100.00 100.00
83.49=100.00 100.00 100.00 100.00 100.00 50.00 100.00 75.00 100.00 100.00 75.00 66.67 100.00 100.00 85.71 100.00 100.00 50.00 66.67 66.67 0.00 100.00 85.71 66.67 33.33 66.67 100.00 100.00 100.00 100.00 100.00
88.48=100.00 100.00 100.00 100.00 100.00 42.86 100.00 100.00 100.00 100.00 100.00 50.00 100.00 100.00 100.00 100.00 100.00 66.67 50.00 100.00 0.00 100.00 100.00 100.00 66.67 66.67 100.00 100.00 100.00 100.00 100.00
90.95=100.00 100.00 100.00 100.00 100.00 42.86 100.00 100.00 100.00 100.00 60.00 100.00 100.00 100.00 100.00 100.00 100.00 66.67 100.00 100.00 0.00 100.00 100.00 100.00 50.00 100.00 100.00 100.00 100.00 100.00 100.00
88.01=75.00 100.00 100.00 75.00 100.00 33.33 100.00 100.00 100.00 100.00 100.00 100.00 100.00 100.00 100.00 100.00 75.00 100.00 100.00 100.00 0.00 80.00 100.00 80.00 50.00 100.00 100.00 100.00 60.00 100.00 100.00
87.17=60.00 100.00 100.00 75.00 100.00 37.50 100.00 100.00 66.67 100.00 100.00 66.67 83.33 100.00 100.00 85.71 75.00 100.00 100.00 66.67 0.00 100.00 100.00 100.00 100.00 100.00 100.00 85.71 100.00 100.00 100.00
85.84=100.00 100.00 100.00 75.00 100.00 42.86 75.00 100.00 100.00 80.00 100.00 66.67 100.00 100.00 100.00 100.00 75.00 66.67 50.00 100.00 0.00 100.00 100.00 80.00 50.00 100.00 100.00 100.00 100.00 100.00 100.00
88.68=100.00 100.00 100.00 100.00 100.00 37.50 100.00 100.00 100.00 100.00 100.00 100.00 85.71 100.00 83.33 85.71 60.00 100.00 100.00 66.67 0.00 100.00 100.00 80.00 50.00 100.00 100.00 100.00 100.00 100.00 100.00
88.46=100.00 100.00 100.00 75.00 100.00 50.00 100.00 60.00 100.00 100.00 100.00 100.00 100.00 100.00 88.89 80.00 75.00 100.00 100.00 66.67 0.00 100.00 100.00 80.00 66.67 100.00 100.00 100.00 100.00 100.00 100.00
60.54=95.65 100.00 88.89 90.91 40.00 36.76 75.00 55.56 12.50 83.33 60.00 48.89 82.61 56.00 68.42 58.33 66.67 85.71 36.00 62.96 0.00 79.31 76.00 30.43 44.44 91.67 47.62 20.00 42.86 85.71 54.55
60.90=76.67 90.48 90.48 86.36 21.43 35.48 75.86 52.38 60.00 88.89 66.67 62.16 78.26 71.43 60.87 65.71 64.71 77.78 34.62 70.83 0.00 76.47 76.92 28.57 56.00 64.71 76.92 27.27 0.00 50.00 100.00
59.08=91.30 100.00 80.95 86.96 33.33 37.50 72.41 71.43 30.00 84.21 62.50 61.11 71.88 60.00 70.00 80.00 61.54 79.31 40.82 66.67 0.00 82.76 70.00 18.52 53.85 55.00 61.54 20.00 10.00 42.86 75.00
62.01=91.30 91.30 78.26 81.82 14.29 35.82 80.77 54.55 50.00 88.89 60.98 76.67 70.00 56.25 68.42 67.74 74.19 75.86 33.93 58.62 0.00 73.53 76.00 21.43 51.72 76.92 56.25 46.67 50.00 60.00 100.00
60.57=84.00 95.45 85.71 86.96 38.46 40.35 68.75 60.00 22.22 88.89 58.54 59.46 74.07 46.15 69.57 67.65 66.67 81.48 39.58 69.23 0.00 78.12 76.92 25.00 51.72 71.43 53.33 25.00 42.86 70.00 80.00
58.04=84.62 95.24 75.00 65.52 41.67 36.36 77.78 72.22 40.00 89.47 56.52 63.64 56.41 76.47 46.67 91.67 69.44 78.57 36.11 64.00 0.00 55.00 63.33 25.00 53.85 88.24 71.43 30.00 0.00 22.22 72.73
61.45=88.00 91.30 85.71 64.52 45.45 37.10 79.31 76.19 43.75 77.27 68.42 66.67 64.71 72.22 57.14 79.31 69.70 72.73 36.11 68.42 0.00 68.57 64.29 20.69 50.00 80.95 65.00 12.50 80.00 33.33 85.71
62.25=88.46 95.24 75.00 66.67 41.67 33.82 73.33 75.00 58.33 77.27 69.70 78.57 64.86 75.00 31.58 81.48 72.22 82.76 36.59 51.72 0.00 71.43 70.37 25.00 48.28 92.86 83.33 33.33 77.78 12.50 85.71
