84.30875576036865
87.22734254992321
89.16666666666666
89.43164362519201
93.06451612903226
90.48387096774194
89.07834101382488
92.6036866359447
95.3225806451613
91.55145929339477
89.72350230414747
97.11981566820276
96.23655913978493
91.95852534562212
91.82795698924731
95.02304147465438
93.51766513056836
96.50537634408602
92.71121351766513
95.59139784946235
92.36559139784946
95.64516129032258
96.82795698924731
95.3763440860215
93.03379416282641
95.3225806451613
92.20430107526882
93.54838709677419
94.89247311827957
95.86021505376344
93.81720430107528
95.752688172043
94.62365591397848
96.93548387096774
94.89247311827957
93.87096774193549
95.05376344086021
96.18279569892472
92.52688172043011
92.1505376344086
90.4531490015361
91.61290322580643
94.16282642089092
89.97311827956989
95.20737327188941
92.52688172043011
94.88479262672811
94.07834101382488
95.43010752688173
94.83870967741936
95.99078341013825
95.0
95.52995391705069
95.48387096774194
92.1505376344086
96.17511520737328
95.75268817204302
94.45468509984639
92.7342549923195
95.36866359447005
96.55913978494624
91.3978494623656
93.70967741935483
95.37634408602152
94.03225806451613
93.81720430107528
94.247311827957
94.91935483870968
91.53225806451613
94.72350230414747
94.69534050179212
95.91397849462366
95.74500768049155
95.21505376344085
93.91705069124424
94.94623655913978
95.59139784946237
96.55913978494624
93.2258064516129
93.06451612903226
58.46955581675446
59.14459821185968
59.639494688843584
61.58892256829069
63.55828271288173
63.26567249954346
64.62037840698841
64.98432573230336
64.54383516103282
65.62733902691959
63.73411113449063
62.9397226773138
65.81950755337851
65.61394015341384
67.31485895578554
66.43391684937676
66.07731661848808
64.66847500971618
64.30355578865775
66.2767346283775
66.1909445293546
65.87896375460043
66.16264793996244
64.45777261953734
66.81980896433087
66.71713757352427
66.64250388359048
65.51233203670905
64.91160000435443
66.90970795478414
65.85129571871806
65.8202620531593
68.47243459460077
67.43679478748888
66.7511469189288
66.79458553697044
66.34684206971212
67.55642215750053
65.97503232477764
67.38274406330933
89.0015360983103
95.16129032258064
91.98924731182795
93.03379416282641
93.97849462365592
93.3026113671275
95.43010752688171
94.59293394777265
93.67895545314902
95.93701996927804
96.23655913978494
96.47465437788019
95.29185867895546
93.65591397849462
94.32411674347159
93.2258064516129
94.21658986175116
93.96313364055298
90.23809523809524
93.64823348694317
93.19508448540707
94.16282642089094
91.93548387096774
91.9815668202765
91.41321044546851
95.93701996927804
94.78494623655915
95.48387096774194
93.81720430107526
95.3225806451613
96.02150537634408
93.49462365591398
94.89247311827957
93.67895545314902
95.3225806451613
94.6236559139785
93.17204301075269
95.43010752688173
93.49462365591398
93.49462365591398
57.099920513831336
58.06432060198716
57.42822620080105
59.88929520774657
57.46535051201485
60.0480564351205
58.55190500969684
60.60601204004779
62.0020037177895
60.71540649473577
59.415691787932865
59.609215326657655
60.50749222643433
59.34164076547999
59.90456648467538
61.58776083297575
61.260073789410654
59.940761792278735
59.47522829360136
60.389168825226946
59.29329928426212
59.44166059536079
59.11590338795841
59.13185249285818
57.61659153211006
58.517530555583114
59.61678854526956
59.5529281787494
58.122676617633175
59.70122403146972
58.26630630220529
58.082334504040624
58.3974141431512
59.73451013173721
56.71797159766278
58.76159715807847
60.186443590143774
58.64744862406597
59.148252699532776
57.193726895136805
66.63814600958814
62.97553322483414
62.05411014576599
61.227239974868056
62.17286113633362
62.72159198092983
62.27708262714479
64.40277473247113
65.76455619779902
68.4513752960457
64.33180050304
63.403660065424766
65.42897360377027
63.28897092454467
65.64459969624559
64.21643821628841
63.7042902889802
64.39354478538539
64.58797491554907
65.76993223827338
64.42212931455718
64.1259987926821
64.04957650126431
65.52731489301448
63.225559544819504
66.27800880260183
64.0806034046072
66.00978186953917
66.14548913103184
65.08534283386976
65.83207189831079
64.60315478766492
64.57768977917785
66.72535607972041
65.74194058119846
66.18576553111657
65.47409921935538
65.21611342484208
65.7248760261344
67.83884471183373
55.46177332105624
53.244392124847536
53.2441970025861
55.218014644010836
54.86964130003179
57.089046329493534
55.94068045281467
55.13380509378212
55.70099466872249
54.742640587303384
57.547617861821344
56.48629481474283
54.68495014138938
55.966102451182714
56.27577036410553
55.58970367917433
58.493440902542766
56.51905906899415
58.15949498474716
55.792861962851845
57.69866251180216
57.460104297125945
56.23243728663746
56.873403895036645
58.16922775616474
58.38301315491837
56.842088882979205
58.26616834396395
58.41944195296793
58.26662757819102
55.6157707365865
57.499081289590585
57.25330333691963
55.77118916977101
56.53910825086667
57.33128422635868
57.11869483091894
57.69761404721825
56.505930568649035
59.02252255579885
78.7557603686636
89.5852534562212
88.14132104454683
92.31182795698925
95.10752688172043
92.25806451612901
91.39784946236558
89.62365591397848
92.54992319508447
96.12903225806451
92.59600614439324
95.05376344086021
93.11827956989247
94.3010752688172
94.32411674347158
92.74193548387096
93.27956989247312
94.83870967741936
96.55913978494623
93.27956989247312
94.19354838709677
95.05376344086021
93.9784946236559
93.2258064516129
94.94623655913978
95.91397849462365
94.83870967741936
94.13978494623655
90.64516129032258
92.95698924731182
93.6021505376344
95.26881720430107
94.89247311827957
94.13978494623655
94.3010752688172
95.21505376344085
94.40860215053763
94.40860215053763
93.01075268817203
92.74193548387096
92.51152073732719
90.86021505376344
93.33333333333333
90.45698924731182
95.0
94.56989247311827
94.32411674347159
92.52688172043011
96.29032258064517
95.99078341013825
95.34562211981567
93.4331797235023
98.73271889400922
96.79723502304148
94.247311827957
97.6036866359447
96.1290322580645
97.19662058371736
94.6774193548387
96.34408602150538
97.74193548387096
96.01382488479263
97.41935483870968
94.86175115207374
96.79723502304148
96.66666666666667
98.11827956989247
91.72043010752688
98.54838709677419
92.92626728110599
95.96774193548387
96.7741935483871
94.72350230414747
97.14285714285715
98.54838709677419
95.86021505376344
98.54838709677419
96.7741935483871
98.38709677419355
97.90322580645162
57.102423409673975
54.23476000513352
55.53826654673706
54.456938566720844
56.78160195774796
53.842438923084075
54.957969452435336
57.09645577885235
54.876831614073204
57.14294647592231
56.78886105793625
56.94432253525975
56.91041357429944
57.20373301033443
54.54415276346766
56.08281810706701
57.91610212972442
57.04941582658052
57.5253029647317
58.28450093536459
57.57946476662146
57.81061771410187
58.04524577601643
58.57088320148841
59.143411560454176
58.52173327868402
60.89905813639959
58.42490403223949
58.46186354675319
60.15561013232517
59.25192271691822
57.424321152485405
58.98767174649288
58.63805419033621
57.4778361251696
58.27530583867346
57.16932679768493
58.24145097664522
57.604436362892756
58.63639922113906
