99.17=100.00 100.00 100.00 100.00 100.00 91.67 100.00 100.00 100.00 100.00
94.79=100.00 100.00 100.00 100.00 100.00 100.00 84.62 83.33 80.00 100.00
97.35=100.00 100.00 100.00 91.67 100.00 90.91 90.91 100.00 100.00 100.00
98.33=100.00 100.00 100.00 100.00 100.00 100.00 100.00 83.33 100.00 100.00
100.00=100.00 100.00 100.00 100.00 100.00 100.00 100.00 100.00 100.00 100.00
95.45=100.00 100.00 86.67 100.00 100.00 94.12 73.68 100.00 100.00 100.00
95.10=93.75 100.00 92.86 93.75 100.00 100.00 77.78 92.86 100.00 100.00
96.56=100.00 100.00 100.00 92.86 93.75 100.00 78.95 100.00 100.00 100.00
98.20=100.00 100.00 100.00 88.24 93.75 100.00 100.00 100.00 100.00 100.00
98.16=100.00 93.33 100.00 88.24 100.00 100.00 100.00 100.00 100.00 100.00
95.49=97.96 100.00 89.09 92.00 93.62 92.00 90.20 100.00 100.00 100.00
95.13=97.96 100.00 92.45 92.16 93.75 89.80 89.80 100.00 97.83 97.56
95.54=100.00 100.00 94.23 91.84 93.75 86.54 93.62 97.83 100.00 97.62
87.48=98.00 100.00 96.08 97.87 97.83 89.58 85.19 97.73 100.00 100.00 0.00
86.80=97.96 97.87 92.31 92.00 97.87 89.80 91.84 97.67 100.00 97.44 0.00
88.00=96.15 97.78 100.00 95.45 95.83 93.75 93.62 95.45 100.00 100.00 0.00
89.21=96.08 97.83 100.00 100.00 97.83 95.74 93.88 100.00 100.00 100.00 0.00
89.00=97.92 97.78 100.00 100.00 97.78 89.80 95.74 100.00 100.00 100.00 0.00
88.40=98.00 100.00 97.92 95.45 95.74 91.49 93.75 100.00 100.00 100.00 0.00
89.24=97.92 100.00 97.87 100.00 93.88 97.83 94.12 100.00 100.00 100.00 0.00
95.01=100.00 100.00 92.86 83.33 93.75 95.00 92.31 100.00 92.86 100.00
97.49=100.00 100.00 92.86 100.00 93.75 95.45 100.00 92.86 100.00 100.00
97.23=100.00 100.00 100.00 100.00 100.00 95.24 93.33 100.00 92.86 90.91
97.61=100.00 100.00 100.00 88.24 100.00 95.00 92.86 100.00 100.00 100.00
96.43=100.00 100.00 100.00 88.24 100.00 90.91 92.31 92.86 100.00 100.00
94.17=100.00 100.00 66.67 100.00 100.00 100.00 91.67 83.33 100.00 100.00
94.29=85.71 85.71 100.00 100.00 100.00 100.00 100.00 71.43 100.00 100.00
97.14=100.00 100.00 100.00 100.00 100.00 100.00 100.00 71.43 100.00 100.00
96.07=100.00 100.00 85.71 100.00 100.00 100.00 91.67 83.33 100.00 100.00
100.00=100.00 100.00 100.00 100.00 100.00 100.00 100.00 100.00 100.00 100.00
100.00=100.00 100.00 100.00 100.00 100.00 100.00 100.00 100.00 100.00 100.00
90.91=100.00 100.00 100.00 100.00 100.00 100.00 100.00 100.00 100.00 100.00 0.00
97.74=100.00 100.00 85.71 91.67 100.00 100.00 100.00 100.00 100.00 100.00
96.67=100.00 100.00 100.00 91.67 100.00 91.67 100.00 83.33 100.00 100.00
90.91=100.00 100.00 100.00 100.00 100.00 100.00 100.00 100.00 100.00 100.00 0.00
87.39=100.00 100.00 100.00 100.00 100.00 100.00 68.42 92.86 100.00 100.00 0.00
86.30=100.00 100.00 100.00 93.75 100.00 100.00 55.56 100.00 100.00 100.00 0.00
88.56=100.00 100.00 100.00 87.50 100.00 100.00 86.67 100.00 100.00 100.00 0.00
88.44=100.00 100.00 100.00 100.00 100.00 100.00 80.00 92.86 100.00 100.00 0.00
90.30=100.00 100.00 100.00 93.33 100.00 100.00 100.00 100.00 100.00 100.00 0.00
88.28=97.96 100.00 97.87 100.00 93.88 91.67 92.00 97.73 100.00 100.00 0.00
81.60=98.00 100.00 97.87 100.00 95.83 97.83 92.00 97.67 100.00 100.00 0.00 0.00
89.41=98.00 100.00 100.00 100.00 95.83 97.78 94.12 97.78 100.00 100.00 0.00
88.84=98.00 100.00 100.00 100.00 95.74 90.00 93.48 100.00 100.00 100.00 0.00
89.21=96.08 100.00 100.00 100.00 93.88 95.74 97.83 100.00 97.83 100.00 0.00
90.91=100.00 100.00 100.00 100.00 100.00 100.00 100.00 100.00 100.00 100.00 0.00
98.33=100.00 100.00 100.00 100.00 100.00 91.67 91.67 100.00 100.00 100.00
100.00=100.00 100.00 100.00 100.00 100.00 100.00 100.00 100.00 100.00 100.00
97.50=100.00 100.00 100.00 100.00 100.00 100.00 91.67 83.33 100.00 100.00
88.26=100.00 100.00 100.00 100.00 100.00 90.91 100.00 100.00 80.00 100.00 0.00
86.40=100.00 100.00 92.86 86.67 100.00 100.00 92.31 85.71 92.86 100.00 0.00
87.56=100.00 100.00 92.86 100.00 93.75 93.33 90.91 92.31 100.00 100.00 0.00
88.34=100.00 100.00 100.00 93.75 93.33 100.00 92.31 92.31 100.00 100.00 0.00
85.09=92.86 100.00 92.86 100.00 100.00 93.33 76.92 80.00 100.00 100.00 0.00
89.09=100.00 100.00 100.00 100.00 100.00 100.00 80.00 100.00 100.00 100.00 0.00
89.75=98.00 100.00 100.00 100.00 95.83 97.78 97.87 100.00 97.78 100.00 0.00
87.88=98.00 97.83 97.92 97.67 95.83 95.35 86.27 97.78 100.00 100.00 0.00
88.58=100.00 100.00 97.87 100.00 95.83 95.65 92.00 97.56 97.83 97.62 0.00
81.58=98.04 97.83 100.00 100.00 95.74 95.65 93.88 97.78 100.00 100.00 0.00 0.00
81.54=98.04 100.00 100.00 100.00 95.83 93.33 93.62 100.00 100.00 97.62 0.00 0.00
100.00=100.00 100.00 100.00 100.00 100.00 100.00 100.00 100.00 100.00 100.00
100.00=100.00 100.00 100.00 100.00 100.00 100.00 100.00 100.00 100.00 100.00
97.80=85.71 100.00 100.00 100.00 100.00 100.00 92.31 100.00 100.00 100.00
100.00=100.00 100.00 100.00 100.00 100.00 100.00 100.00 100.00 100.00 100.00
100.00=100.00 100.00 100.00 100.00 100.00 100.00 100.00 100.00 100.00 100.00
89.03=100.00 100.00 96.00 100.00 97.87 93.88 93.75 100.00 97.87 100.00 0.00
89.40=100.00 100.00 100.00 100.00 97.83 93.88 91.67 100.00 100.00 100.00 0.00
88.46=100.00 100.00 97.92 97.83 97.87 88.24 93.48 97.78 100.00 100.00 0.00
81.77=100.00 100.00 95.83 100.00 100.00 89.80 95.65 100.00 100.00 100.00 0.00 0.00
89.00=97.87 100.00 100.00 97.83 97.87 92.00 93.48 100.00 100.00 100.00 0.00
89.39=100.00 100.00 100.00 100.00 100.00 100.00 100.00 83.33 100.00 100.00 0.00
89.61=100.00 100.00 85.71 100.00 100.00 100.00 100.00 100.00 100.00 100.00 0.00
89.39=100.00 100.00 100.00 100.00 100.00 100.00 100.00 83.33 100.00 100.00 0.00
89.39=100.00 100.00 100.00 100.00 100.00 100.00 100.00 83.33 100.00 100.00 0.00
88.31=100.00 100.00 100.00 100.00 100.00 100.00 100.00 71.43 100.00 100.00 0.00
81.94=100.00 100.00 100.00 97.73 97.87 93.88 93.75 100.00 100.00 100.00 0.00 0.00
81.20=100.00 100.00 100.00 95.56 97.87 91.67 91.67 100.00 100.00 97.62 0.00 0.00
88.85=100.00 100.00 97.92 95.65 97.83 95.74 90.20 100.00 100.00 100.00 0.00
75.45=100.00 100.00 100.00 95.56 97.83 97.78 91.84 97.83 100.00 100.00 0.00 0.00 0.00
88.83=100.00 100.00 100.00 97.78 97.87 90.00 91.49 100.00 100.00 100.00 0.00
88.35=100.00 100.00 100.00 100.00 100.00 93.33 85.71 92.86 100.00 100.00 0.00
89.65=100.00 100.00 100.00 100.00 100.00 100.00 93.33 92.86 100.00 100.00 0.00
89.61=100.00 100.00 100.00 100.00 100.00 100.00 92.86 92.86 100.00 100.00 0.00
88.02=100.00 93.33 100.00 100.00 100.00 100.00 88.24 100.00 86.67 100.00 0.00
88.90=100.00 100.00 100.00 93.33 100.00 100.00 91.67 92.86 100.00 100.00 0.00
100.00=100.00 100.00 100.00 100.00 100.00 100.00 100.00 100.00 100.00 100.00
100.00=100.00 100.00 100.00 100.00 100.00 100.00 100.00 100.00 100.00 100.00
100.00=100.00 100.00 100.00 100.00 100.00 100.00 100.00 100.00 100.00 100.00
100.00=100.00 100.00 100.00 100.00 100.00 100.00 100.00 100.00 100.00 100.00
97.50=100.00 100.00 100.00 100.00 100.00 91.67 100.00 83.33 100.00 100.00
75.63=97.96 97.83 100.00 100.00 95.83 95.74 95.83 100.00 100.00 100.00 0.00 0.00 0.00
82.14=98.04 100.00 100.00 100.00 95.65 97.73 94.23 100.00 100.00 100.00 0.00 0.00
88.80=98.04 100.00 100.00 97.67 95.83 97.78 93.75 93.75 100.00 100.00 0.00
81.55=96.08 100.00 100.00 97.78 97.87 97.73 93.88 97.83 100.00 97.50 0.00 0.00
89.77=98.04 100.00 100.00 100.00 97.83 95.65 95.92 100.00 100.00 100.00 0.00
82.13=100.00 100.00 100.00 97.78 97.87 95.74 94.12 100.00 100.00 100.00 0.00 0.00
89.16=100.00 100.00 97.83 95.65 97.87 95.92 95.74 97.73 100.00 100.00 0.00
81.45=97.96 100.00 100.00 100.00 97.78 91.67 90.00 100.00 100.00 100.00 0.00 0.00
81.45=98.00 100.00 100.00 97.83 97.78 91.84 92.00 100.00 100.00 100.00 0.00 0.00
81.59=98.04 100.00 97.87 97.67 97.87 97.83 89.80 100.00 100.00 100.00 0.00 0.00
90.91=100.00 100.00 100.00 100.00 100.00 100.00 100.00 100.00 100.00 100.00 0.00
100.00=100.00 100.00 100.00 100.00 100.00 100.00 100.00 100.00 100.00 100.00
100.00=100.00 100.00 100.00 100.00 100.00 100.00 100.00 100.00 100.00 100.00
88.26=100.00 100.00 100.00 100.00 100.00 90.91 100.00 100.00 80.00 100.00 0.00
89.39=100.00 100.00 100.00 100.00 100.00 100.00 100.00 83.33 100.00 100.00 0.00
90.91=100.00 100.00 100.00 100.00 100.00 100.00 100.00 100.00 100.00 100.00 0.00
89.39=100.00 100.00 100.00 100.00 100.00 100.00 100.00 83.33 100.00 100.00 0.00
89.39=100.00 100.00 100.00 100.00 100.00 100.00 100.00 83.33 100.00 100.00 0.00
90.91=100.00 100.00 100.00 100.00 100.00 100.00 100.00 100.00 100.00 100.00 0.00
81.94=100.00 100.00 100.00 100.00 100.00 100.00 100.00 83.33 100.00 100.00 0.00 0.00
96.90=100.00 85.71 100.00 100.00 100.00 100.00 100.00 83.33 100.00 100.00
100.00=100.00 100.00 100.00 100.00 100.00 100.00 100.00 100.00 100.00 100.00
100.00=100.00 100.00 100.00 100.00 100.00 100.00 100.00 100.00 100.00 100.00
99.17=100.00 100.00 100.00 100.00 100.00 91.67 100.00 100.00 100.00 100.00
100.00=100.00 100.00 100.00 100.00 100.00 100.00 100.00 100.00 100.00 100.00
81.61=98.00 100.00 100.00 97.78 97.87 92.00 95.74 97.87 100.00 100.00 0.00 0.00
81.39=100.00 100.00 100.00 97.78 97.87 93.75 91.84 97.83 100.00 97.62 0.00 0.00
81.60=100.00 100.00 100.00 100.00 97.87 92.00 93.88 100.00 97.87 97.62 0.00 0.00
82.13=100.00 100.00 100.00 97.83 95.83 97.87 94.00 100.00 100.00 100.00 0.00 0.00
89.23=100.00 100.00 97.96 100.00 97.87 92.00 93.75 100.00 100.00 100.00 0.00
90.34=100.00 100.00 100.00 100.00 100.00 100.00 93.75 100.00 100.00 100.00 0.00
89.11=100.00 100.00 100.00 100.00 100.00 94.44 92.86 92.86 100.00 100.00 0.00
81.94=100.00 100.00 100.00 100.00 100.00 100.00 83.33 100.00 100.00 100.00 0.00 0.00
90.30=100.00 100.00 100.00 100.00 100.00 100.00 93.33 100.00 100.00 100.00 0.00
88.62=93.75 100.00 92.86 100.00 100.00 100.00 88.24 100.00 100.00 100.00 0.00
89.04=93.75 100.00 100.00 100.00 100.00 100.00 93.33 92.31 100.00 100.00 0.00
88.44=100.00 100.00 100.00 93.33 100.00 100.00 100.00 86.67 92.86 100.00 0.00
89.00=100.00 100.00 100.00 93.33 100.00 100.00 92.86 92.86 100.00 100.00 0.00
87.98=100.00 100.00 100.00 88.24 100.00 100.00 92.86 86.67 100.00 100.00 0.00
81.22=100.00 100.00 100.00 100.00 100.00 100.00 82.35 92.31 100.00 100.00 0.00 0.00
89.39=100.00 100.00 100.00 100.00 100.00 100.00 100.00 83.33 100.00 100.00 0.00
80.75=85.71 100.00 100.00 100.00 100.00 100.00 100.00 83.33 100.00 100.00 0.00 0.00
89.39=100.00 100.00 100.00 100.00 100.00 100.00 100.00 83.33 100.00 100.00 0.00
81.94=100.00 100.00 100.00 100.00 100.00 100.00 100.00 83.33 100.00 100.00 0.00 0.00
87.58=100.00 100.00 100.00 100.00 100.00 100.00 100.00 83.33 80.00 100.00 0.00
89.43=98.04 100.00 97.96 100.00 95.83 97.78 94.12 100.00 100.00 100.00 0.00
81.80=98.04 100.00 100.00 100.00 95.74 95.45 92.31 100.00 100.00 100.00 0.00 0.00
89.00=96.15 100.00 100.00 100.00 95.83 95.74 95.74 97.73 97.83 100.00 0.00
81.73=97.92 100.00 97.92 100.00 95.56 93.62 97.92 100.00 97.83 100.00 0.00 0.00
81.77=97.96 100.00 100.00 97.78 95.83 95.65 94.00 100.00 100.00 100.00 0.00 0.00
85.97=100.00 100.00 85.71 100.00 100.00 100.00 100.00 80.00 80.00 100.00 0.00
89.39=100.00 100.00 100.00 100.00 100.00 100.00 100.00 83.33 100.00 100.00 0.00
90.91=100.00 100.00 100.00 100.00 100.00 100.00 100.00 100.00 100.00 100.00 0.00
88.48=100.00 100.00 100.00 100.00 100.00 100.00 90.00 83.33 100.00 100.00 0.00
90.91=100.00 100.00 100.00 100.00 100.00 100.00 100.00 100.00 100.00 100.00 0.00
89.65=100.00 100.00 100.00 100.00 100.00 100.00 93.33 100.00 92.86 100.00 0.00
88.58=93.33 100.00 100.00 88.24 100.00 100.00 100.00 92.86 100.00 100.00 0.00
89.73=100.00 93.33 100.00 100.00 100.00 100.00 93.75 100.00 100.00 100.00 0.00
88.64=100.00 100.00 100.00 100.00 100.00 100.00 75.00 100.00 100.00 100.00 0.00
81.67=100.00 100.00 86.67 100.00 100.00 100.00 93.33 100.00 100.00 100.00 0.00 0.00
90.21=100.00 100.00 100.00 100.00 100.00 100.00 100.00 92.31 100.00 100.00 0.00
89.50=100.00 100.00 100.00 100.00 100.00 100.00 91.67 92.86 100.00 100.00 0.00
86.45=93.33 100.00 100.00 93.33 100.00 92.86 78.57 100.00 92.86 100.00 0.00
87.69=93.75 100.00 100.00 100.00 100.00 100.00 85.71 92.31 92.86 100.00 0.00
89.61=100.00 100.00 100.00 100.00 100.00 100.00 100.00 85.71 100.00 100.00 0.00
89.39=100.00 100.00 100.00 100.00 100.00 100.00 100.00 83.33 100.00 100.00 0.00
89.39=100.00 100.00 100.00 100.00 100.00 100.00 100.00 83.33 100.00 100.00 0.00
89.39=100.00 100.00 100.00 100.00 100.00 100.00 100.00 83.33 100.00 100.00 0.00
89.39=100.00 100.00 100.00 100.00 100.00 100.00 100.00 83.33 100.00 100.00 0.00
89.39=100.00 100.00 100.00 100.00 100.00 100.00 100.00 83.33 100.00 100.00 0.00
89.20=100.00 93.33 100.00 100.00 100.00 94.12 93.75 100.00 100.00 100.00 0.00
90.26=100.00 100.00 92.86 100.00 100.00 100.00 100.00 100.00 100.00 100.00 0.00
90.34=100.00 100.00 100.00 100.00 100.00 100.00 93.75 100.00 100.00 100.00 0.00
89.12=93.75 100.00 100.00 100.00 100.00 100.00 93.75 92.86 100.00 100.00 0.00
88.52=100.00 100.00 100.00 100.00 100.00 93.33 87.50 92.86 100.00 100.00 0.00
100.00=100.00 100.00 100.00 100.00 100.00 100.00 100.00 100.00 100.00 100.00
96.33=83.33 100.00 100.00 100.00 100.00 100.00 100.00 100.00 80.00 100.00
100.00=100.00 100.00 100.00 100.00 100.00 100.00 100.00 100.00 100.00 100.00
100.00=100.00 100.00 100.00 100.00 100.00 100.00 100.00 100.00 100.00 100.00
100.00=100.00 100.00 100.00 100.00 100.00 100.00 100.00 100.00 100.00 100.00
89.77=93.75 100.00 100.00 93.75 100.00 100.00 100.00 100.00 100.00 100.00 0.00
88.39=93.75 100.00 100.00 100.00 100.00 100.00 92.86 85.71 100.00 100.00 0.00
89.04=93.75 100.00 100.00 100.00 100.00 100.00 92.86 92.86 100.00 100.00 0.00
88.44=100.00 100.00 92.86 100.00 100.00 93.33 86.67 100.00 100.00 100.00 0.00
89.56=100.00 100.00 100.00 100.00 100.00 100.00 92.86 92.31 100.00 100.00 0.00
86.04=93.75 93.33 100.00 92.86 93.33 93.33 87.50 100.00 92.31 100.00 0.00
82.81=100.00 100.00 100.00 100.00 100.00 100.00 93.75 100.00 100.00 100.00 0.00 0.00
82.78=100.00 100.00 100.00 100.00 100.00 100.00 93.33 100.00 100.00 100.00 0.00 0.00
90.34=100.00 100.00 100.00 93.75 100.00 100.00 100.00 100.00 100.00 100.00 0.00
90.91=100.00 100.00 100.00 100.00 100.00 100.00 100.00 100.00 100.00 100.00 0.00
81.45=96.08 100.00 100.00 97.67 97.87 90.00 95.74 100.00 100.00 100.00 0.00 0.00
82.31=96.08 100.00 100.00 100.00 95.92 97.78 97.96 100.00 100.00 100.00 0.00 0.00
89.43=96.15 100.00 100.00 100.00 95.83 93.75 97.96 100.00 100.00 100.00 0.00
75.33=96.00 97.78 97.92 100.00 95.83 95.74 96.00 100.00 100.00 100.00 0.00 0.00 0.00
70.34=98.04 100.00 100.00 97.50 95.83 95.56 97.87 100.00 100.00 100.00 0.00 0.00 0.00 0.00
97.17=100.00 100.00 100.00 100.00 100.00 91.67 100.00 80.00 100.00 100.00
97.14=100.00 100.00 100.00 100.00 100.00 100.00 100.00 71.43 100.00 100.00
90.91=100.00 100.00 100.00 100.00 100.00 100.00 100.00 100.00 100.00 100.00 0.00
89.51=100.00 100.00 100.00 100.00 100.00 84.62 100.00 100.00 100.00 100.00 0.00
98.33=100.00 100.00 100.00 100.00 100.00 91.67 91.67 100.00 100.00 100.00
88.31=100.00 100.00 92.86 100.00 100.00 100.00 78.57 100.00 100.00 100.00 0.00
89.77=93.75 100.00 100.00 93.75 100.00 100.00 100.00 100.00 100.00 100.00 0.00
90.26=100.00 100.00 100.00 100.00 100.00 100.00 92.86 100.00 100.00 100.00 0.00
87.94=93.75 100.00 92.31 87.50 100.00 93.75 100.00 100.00 100.00 100.00 0.00
90.26=100.00 100.00 100.00 100.00 100.00 100.00 100.00 100.00 92.86 100.00 0.00
75.95=98.00 100.00 97.78 100.00 95.74 97.83 97.96 100.00 100.00 100.00 0.00 0.00 0.00
75.63=97.96 95.56 100.00 100.00 95.83 97.78 96.00 100.00 100.00 100.00 0.00 0.00 0.00
75.93=100.00 97.83 100.00 100.00 95.74 95.65 97.87 100.00 100.00 100.00 0.00 0.00 0.00
81.74=97.96 100.00 100.00 100.00 95.83 93.62 95.74 97.78 100.00 100.00 0.00 0.00
81.80=96.08 97.83 100.00 100.00 93.88 97.78 96.00 100.00 100.00 100.00 0.00 0.00
81.67=100.00 100.00 100.00 100.00 100.00 100.00 100.00 80.00 100.00 100.00 0.00 0.00
89.39=100.00 100.00 100.00 100.00 100.00 100.00 100.00 83.33 100.00 100.00 0.00
90.21=100.00 100.00 100.00 100.00 100.00 100.00 92.31 100.00 100.00 100.00 0.00
89.39=100.00 100.00 100.00 100.00 100.00 100.00 100.00 83.33 100.00 100.00 0.00
90.91=100.00 100.00 100.00 100.00 100.00 100.00 100.00 100.00 100.00 100.00 0.00
89.20=100.00 100.00 100.00 100.00 100.00 100.00 81.25 100.00 100.00 100.00 0.00
89.69=100.00 100.00 100.00 92.86 93.75 100.00 100.00 100.00 100.00 100.00 0.00
90.91=100.00 100.00 100.00 100.00 100.00 100.00 100.00 100.00 100.00 100.00 0.00
90.30=100.00 100.00 100.00 93.33 100.00 100.00 100.00 100.00 100.00 100.00 0.00
89.65=100.00 100.00 100.00 93.33 100.00 100.00 100.00 92.86 100.00 100.00 0.00
81.40=100.00 100.00 100.00 97.83 97.87 89.80 91.30 100.00 100.00 100.00 0.00 0.00
75.63=100.00 100.00 100.00 97.83 97.87 93.75 93.75 100.00 100.00 100.00 0.00 0.00 0.00
81.22=100.00 100.00 100.00 95.45 97.83 91.84 91.84 97.73 100.00 100.00 0.00 0.00
81.78=100.00 100.00 100.00 100.00 97.87 93.75 92.00 97.73 100.00 100.00 0.00 0.00
80.50=97.96 100.00 100.00 91.67 97.83 91.84 93.48 97.78 97.87 97.56 0.00 0.00
89.20=100.00 100.00 100.00 100.00 100.00 100.00 81.25 100.00 100.00 100.00 0.00
88.40=100.00 100.00 86.67 100.00 100.00 100.00 92.86 92.86 100.00 100.00 0.00
88.34=100.00 100.00 92.86 93.75 100.00 100.00 92.31 100.00 92.86 100.00 0.00
88.70=93.75 100.00 100.00 93.75 100.00 88.24 100.00 100.00 100.00 100.00 0.00
89.03=100.00 100.00 100.00 100.00 100.00 94.12 92.31 100.00 92.86 100.00 0.00
88.39=100.00 93.33 100.00 100.00 93.33 100.00 93.33 92.31 100.00 100.00 0.00
80.03=100.00 100.00 86.67 100.00 100.00 100.00 73.68 100.00 100.00 100.00 0.00 0.00
89.17=100.00 100.00 100.00 100.00 100.00 93.33 87.50 100.00 100.00 100.00 0.00
89.08=100.00 100.00 100.00 100.00 100.00 94.12 92.86 92.86 100.00 100.00 0.00
82.14=100.00 100.00 100.00 92.31 93.33 100.00 100.00 100.00 100.00 100.00 0.00 0.00
82.74=100.00 100.00 92.86 100.00 100.00 100.00 100.00 100.00 100.00 100.00 0.00 0.00
83.33=100.00 100.00 100.00 100.00 100.00 100.00 100.00 100.00 100.00 100.00 0.00 0.00
83.33=100.00 100.00 100.00 100.00 100.00 100.00 100.00 100.00 100.00 100.00 0.00 0.00
82.17=100.00 100.00 100.00 93.75 100.00 100.00 100.00 92.31 100.00 100.00 0.00 0.00
83.33=100.00 100.00 100.00 100.00 100.00 100.00 100.00 100.00 100.00 100.00 0.00 0.00
85.96=100.00 100.00 92.86 100.00 100.00 100.00 85.71 85.71 81.25 100.00 0.00
81.37=93.75 100.00 100.00 93.75 100.00 88.89 100.00 100.00 100.00 100.00 0.00 0.00
88.54=100.00 100.00 100.00 88.24 100.00 100.00 85.71 100.00 100.00 100.00 0.00
82.78=100.00 100.00 100.00 93.33 100.00 100.00 100.00 100.00 100.00 100.00 0.00 0.00
90.34=100.00 100.00 100.00 93.75 100.00 100.00 100.00 100.00 100.00 100.00 0.00
100.00=100.00 100.00 100.00 100.00 100.00 100.00 100.00 100.00 100.00 100.00
100.00=100.00 100.00 100.00 100.00 100.00 100.00 100.00 100.00 100.00 100.00
100.00=100.00 100.00 100.00 100.00 100.00 100.00 100.00 100.00 100.00 100.00
90.91=100.00 100.00 100.00 100.00 100.00 100.00 100.00 100.00 100.00 100.00 0.00
99.23=100.00 100.00 100.00 100.00 100.00 100.00 92.31 100.00 100.00 100.00
90.08=100.00 100.00 100.00 100.00 100.00 90.91 100.00 100.00 100.00 100.00 0.00
99.17=100.00 100.00 100.00 100.00 100.00 91.67 100.00 100.00 100.00 100.00
90.91=100.00 100.00 100.00 100.00 100.00 100.00 100.00 100.00 100.00 100.00 0.00
89.39=100.00 100.00 100.00 100.00 100.00 100.00 100.00 83.33 100.00 100.00 0.00
87.30=85.71 100.00 100.00 100.00 100.00 84.62 90.00 100.00 100.00 100.00 0.00
82.09=98.04 97.78 100.00 100.00 95.65 97.83 95.83 100.00 100.00 100.00 0.00 0.00
75.10=100.00 97.83 100.00 97.73 95.74 93.33 93.75 100.00 97.87 100.00 0.00 0.00 0.00
81.25=96.08 100.00 100.00 97.67 95.65 95.65 92.16 97.73 100.00 100.00 0.00 0.00
81.60=96.08 97.83 100.00 97.78 93.88 97.78 95.92 100.00 100.00 100.00 0.00 0.00
81.94=96.15 97.83 100.00 100.00 95.83 97.83 97.92 100.00 97.78 100.00 0.00 0.00
88.99=93.75 100.00 100.00 100.00 100.00 92.86 100.00 92.31 100.00 100.00 0.00
82.81=93.75 100.00 100.00 100.00 100.00 100.00 100.00 100.00 100.00 100.00 0.00 0.00
90.26=100.00 100.00 92.86 100.00 100.00 100.00 100.00 100.00 100.00 100.00 0.00
76.44=100.00 100.00 100.00 93.75 100.00 100.00 100.00 100.00 100.00 100.00 0.00 0.00 0.00
88.25=100.00 100.00 100.00 100.00 100.00 93.33 92.86 91.67 92.86 100.00 0.00
90.30=100.00 100.00 100.00 93.33 100.00 100.00 100.00 100.00 100.00 100.00 0.00
90.34=100.00 100.00 100.00 93.75 100.00 100.00 100.00 100.00 100.00 100.00 0.00
88.01=100.00 100.00 100.00 82.35 100.00 100.00 92.86 92.86 100.00 100.00 0.00
79.96=93.33 100.00 100.00 86.67 100.00 100.00 86.67 100.00 92.86 100.00 0.00 0.00
90.34=100.00 100.00 100.00 93.75 100.00 100.00 100.00 100.00 100.00 100.00 0.00
100.00=100.00 100.00 100.00 100.00 100.00 100.00 100.00 100.00 100.00 100.00
90.15=100.00 100.00 100.00 100.00 100.00 91.67 100.00 100.00 100.00 100.00 0.00
100.00=100.00 100.00 100.00 100.00 100.00 100.00 100.00 100.00 100.00 100.00
88.57=100.00 100.00 100.00 90.91 100.00 100.00 100.00 83.33 100.00 100.00 0.00
90.91=100.00 100.00 100.00 100.00 100.00 100.00 100.00 100.00 100.00 100.00 0.00
83.33=100.00 100.00 100.00 100.00 100.00 100.00 100.00 100.00 100.00 100.00 0.00 0.00
82.78=100.00 100.00 100.00 93.33 100.00 100.00 100.00 100.00 100.00 100.00 0.00 0.00
89.69=100.00 100.00 92.86 100.00 100.00 100.00 93.75 100.00 100.00 100.00 0.00
83.33=100.00 100.00 100.00 100.00 100.00 100.00 100.00 100.00 100.00 100.00 0.00 0.00
90.34=100.00 100.00 100.00 100.00 100.00 100.00 93.75 100.00 100.00 100.00 0.00
75.09=100.00 100.00 97.87 95.56 97.83 95.74 93.88 97.73 100.00 97.56 0.00 0.00 0.00
81.48=100.00 100.00 100.00 97.73 97.87 88.46 93.75 100.00 100.00 100.00 0.00 0.00
81.43=100.00 100.00 100.00 97.83 97.87 92.00 91.67 97.78 100.00 100.00 0.00 0.00
75.43=100.00 100.00 100.00 97.78 97.87 93.88 93.33 97.73 100.00 100.00 0.00 0.00 0.00
81.98=98.00 100.00 100.00 100.00 97.87 93.88 94.00 100.00 100.00 100.00 0.00 0.00
83.33=100.00 100.00 100.00 100.00 100.00 100.00 100.00 100.00 100.00 100.00 0.00 0.00
81.48=100.00 100.00 100.00 100.00 100.00 77.78 100.00 100.00 100.00 100.00 0.00 0.00
89.39=100.00 100.00 100.00 100.00 100.00 100.00 100.00 83.33 100.00 100.00 0.00
89.39=100.00 100.00 100.00 100.00 100.00 100.00 100.00 83.33 100.00 100.00 0.00
87.95=100.00 100.00 100.00 100.00 100.00 87.50 100.00 80.00 100.00 100.00 0.00
74.97=97.96 97.78 100.00 95.65 95.83 93.75 93.62 100.00 100.00 100.00 0.00 0.00 0.00
75.29=96.08 95.74 100.00 97.67 95.74 97.78 97.92 97.78 100.00 100.00 0.00 0.00 0.00
75.79=98.00 100.00 100.00 100.00 95.83 95.65 95.74 100.00 100.00 100.00 0.00 0.00 0.00
75.48=98.00 100.00 100.00 100.00 95.83 91.67 95.74 100.00 100.00 100.00 0.00 0.00 0.00
75.95=98.00 100.00 100.00 97.73 95.83 97.78 97.96 100.00 100.00 100.00 0.00 0.00 0.00
75.47=100.00 100.00 100.00 88.24 100.00 100.00 92.86 100.00 100.00 100.00 0.00 0.00 0.00
76.44=100.00 100.00 100.00 93.75 100.00 100.00 100.00 100.00 100.00 100.00 0.00 0.00 0.00
82.35=100.00 100.00 100.00 88.24 100.00 100.00 100.00 100.00 100.00 100.00 0.00 0.00
75.78=100.00 100.00 100.00 100.00 100.00 100.00 92.86 92.31 100.00 100.00 0.00 0.00 0.00
82.58=100.00 100.00 100.00 100.00 100.00 100.00 100.00 100.00 100.00 90.91 0.00 0.00
75.79=98.00 100.00 100.00 97.78 95.65 100.00 96.00 97.78 100.00 100.00 0.00 0.00 0.00
75.97=96.08 100.00 100.00 100.00 95.74 97.83 97.92 100.00 100.00 100.00 0.00 0.00 0.00
75.13=98.00 100.00 100.00 97.78 95.74 93.75 95.65 95.74 100.00 100.00 0.00 0.00 0.00
75.77=98.00 100.00 100.00 97.62 95.83 95.74 97.87 100.00 100.00 100.00 0.00 0.00 0.00
76.12=97.96 100.00 100.00 100.00 95.83 97.83 97.96 100.00 100.00 100.00 0.00 0.00 0.00
75.66=100.00 100.00 100.00 100.00 97.87 95.74 94.00 100.00 95.92 100.00 0.00 0.00 0.00
69.93=100.00 100.00 100.00 97.73 97.87 92.00 93.62 97.83 100.00 100.00 0.00 0.00 0.00 0.00
74.97=100.00 100.00 97.87 100.00 97.78 88.46 92.68 97.78 100.00 100.00 0.00 0.00 0.00
75.40=100.00 100.00 100.00 100.00 97.83 93.62 90.91 97.83 100.00 100.00 0.00 0.00 0.00
69.54=100.00 100.00 100.00 95.74 97.78 93.75 90.70 95.65 100.00 100.00 0.00 0.00 0.00 0.00
75.48=96.08 100.00 100.00 100.00 95.83 93.62 95.65 100.00 100.00 100.00 0.00 0.00 0.00
75.77=100.00 97.83 100.00 100.00 95.74 93.75 97.67 100.00 100.00 100.00 0.00 0.00 0.00
75.63=96.08 100.00 100.00 100.00 95.83 93.62 97.67 100.00 100.00 100.00 0.00 0.00 0.00
75.47=98.00 97.83 100.00 100.00 95.83 93.75 100.00 97.87 97.78 100.00 0.00 0.00 0.00
76.11=98.00 100.00 100.00 100.00 95.83 97.83 100.00 100.00 97.83 100.00 0.00 0.00 0.00
75.57=98.04 100.00 100.00 100.00 97.87 93.88 92.68 100.00 100.00 100.00 0.00 0.00 0.00
75.22=100.00 100.00 100.00 100.00 97.87 92.00 92.31 97.83 97.92 100.00 0.00 0.00 0.00
70.14=98.04 100.00 100.00 100.00 97.87 93.62 92.50 100.00 100.00 100.00 0.00 0.00 0.00 0.00
75.43=96.08 100.00 100.00 100.00 97.78 93.88 95.00 100.00 97.87 100.00 0.00 0.00 0.00
75.24=100.00 100.00 100.00 95.56 97.87 92.00 92.68 100.00 100.00 100.00 0.00 0.00 0.00
89.61=100.00 100.00 85.71 100.00 100.00 100.00 100.00 100.00 100.00 100.00 0.00
76.92=100.00 100.00 100.00 100.00 100.00 100.00 100.00 100.00 100.00 100.00 0.00 0.00 0.00
90.91=100.00 100.00 100.00 100.00 100.00 100.00 100.00 100.00 100.00 100.00 0.00
80.62=100.00 100.00 100.00 100.00 100.00 87.50 100.00 80.00 100.00 100.00 0.00 0.00
89.09=100.00 100.00 100.00 100.00 100.00 100.00 100.00 100.00 80.00 100.00 0.00
75.82=98.00 100.00 100.00 100.00 93.88 93.75 100.00 100.00 100.00 100.00 0.00 0.00 0.00
75.75=97.92 97.83 100.00 100.00 95.83 97.83 97.67 100.00 97.67 100.00 0.00 0.00 0.00
76.10=98.00 100.00 100.00 100.00 95.83 97.78 97.73 100.00 100.00 100.00 0.00 0.00 0.00
75.95=98.00 100.00 100.00 100.00 93.88 97.78 97.73 100.00 100.00 100.00 0.00 0.00 0.00
75.94=98.00 100.00 100.00 100.00 95.83 95.65 97.67 100.00 100.00 100.00 0.00 0.00 0.00
81.94=100.00 100.00 100.00 100.00 100.00 100.00 100.00 83.33 100.00 100.00 0.00 0.00
81.94=100.00 100.00 100.00 100.00 100.00 100.00 100.00 83.33 100.00 100.00 0.00 0.00
81.94=100.00 100.00 100.00 100.00 100.00 100.00 100.00 83.33 100.00 100.00 0.00 0.00
74.54=85.71 100.00 100.00 100.00 100.00 100.00 100.00 83.33 100.00 100.00 0.00 0.00 0.00
83.33=100.00 100.00 100.00 100.00 100.00 100.00 100.00 100.00 100.00 100.00 0.00 0.00
83.33=100.00 100.00 100.00 100.00 100.00 100.00 100.00 100.00 100.00 100.00 0.00 0.00
89.69=100.00 100.00 100.00 93.75 100.00 100.00 100.00 100.00 92.86 100.00 0.00
76.92=100.00 100.00 100.00 100.00 100.00 100.00 100.00 100.00 100.00 100.00 0.00 0.00 0.00
76.92=100.00 100.00 100.00 100.00 100.00 100.00 100.00 100.00 100.00 100.00 0.00 0.00 0.00
82.26=100.00 100.00 100.00 93.33 100.00 93.75 100.00 100.00 100.00 100.00 0.00 0.00
81.94=100.00 100.00 100.00 100.00 100.00 100.00 100.00 83.33 100.00 100.00 0.00 0.00
83.33=100.00 100.00 100.00 100.00 100.00 100.00 100.00 100.00 100.00 100.00 0.00 0.00
79.91=100.00 100.00 100.00 100.00 100.00 87.50 100.00 71.43 100.00 100.00 0.00 0.00
81.25=100.00 100.00 100.00 91.67 100.00 100.00 100.00 83.33 100.00 100.00 0.00 0.00
75.64=100.00 100.00 100.00 100.00 100.00 100.00 100.00 83.33 100.00 100.00 0.00 0.00 0.00
76.92=100.00 100.00 100.00 100.00 100.00 100.00 100.00 100.00 100.00 100.00 0.00 0.00 0.00
90.34=100.00 100.00 100.00 100.00 100.00 100.00 93.75 100.00 100.00 100.00 0.00
83.33=100.00 100.00 100.00 100.00 100.00 100.00 100.00 100.00 100.00 100.00 0.00 0.00
76.02=100.00 100.00 100.00 100.00 100.00 100.00 88.24 100.00 100.00 100.00 0.00 0.00 0.00
83.33=100.00 100.00 100.00 100.00 100.00 100.00 100.00 100.00 100.00 100.00 0.00 0.00
82.10=100.00 100.00 100.00 100.00 100.00 100.00 92.31 92.86 100.00 100.00 0.00 0.00
76.37=100.00 100.00 100.00 100.00 100.00 100.00 100.00 92.86 100.00 100.00 0.00 0.00 0.00
83.33=100.00 100.00 100.00 100.00 100.00 100.00 100.00 100.00 100.00 100.00 0.00 0.00
82.25=100.00 100.00 100.00 100.00 100.00 94.12 100.00 92.86 100.00 100.00 0.00 0.00
76.92=100.00 100.00 100.00 100.00 100.00 100.00 100.00 100.00 100.00 100.00 0.00 0.00 0.00
75.47=94.34 100.00 100.00 100.00 95.83 95.56 97.62 97.73 100.00 100.00 0.00 0.00 0.00
75.93=98.00 100.00 100.00 100.00 95.83 95.56 97.67 100.00 100.00 100.00 0.00 0.00 0.00
75.43=98.04 100.00 100.00 100.00 95.83 91.49 95.24 100.00 100.00 100.00 0.00 0.00 0.00
75.75=97.96 100.00 100.00 100.00 95.74 95.65 97.67 97.78 100.00 100.00 0.00 0.00 0.00
75.94=98.00 100.00 100.00 97.78 95.83 97.78 100.00 100.00 97.83 100.00 0.00 0.00 0.00
87.09=100.00 100.00 100.00 90.00 100.00 84.62 100.00 83.33 100.00 100.00 0.00
83.33=100.00 100.00 100.00 100.00 100.00 100.00 100.00 100.00 100.00 100.00 0.00 0.00
90.91=100.00 100.00 100.00 100.00 100.00 100.00 100.00 100.00 100.00 100.00 0.00
90.91=100.00 100.00 100.00 100.00 100.00 100.00 100.00 100.00 100.00 100.00 0.00
90.08=100.00 100.00 100.00 100.00 100.00 90.91 100.00 100.00 100.00 100.00 0.00
83.33=100.00 100.00 100.00 100.00 100.00 100.00 100.00 100.00 100.00 100.00 0.00 0.00
81.94=100.00 100.00 100.00 100.00 100.00 100.00 100.00 83.33 100.00 100.00 0.00 0.00
76.92=100.00 100.00 100.00 100.00 100.00 100.00 100.00 100.00 100.00 100.00 0.00 0.00 0.00
83.33=100.00 100.00 100.00 100.00 100.00 100.00 100.00 100.00 100.00 100.00 0.00 0.00
83.33=100.00 100.00 100.00 100.00 100.00 100.00 100.00 100.00 100.00 100.00 0.00 0.00
90.91=100.00 100.00 100.00 100.00 100.00 100.00 100.00 100.00 100.00 100.00 0.00
90.91=100.00 100.00 100.00 100.00 100.00 100.00 100.00 100.00 100.00 100.00 0.00
89.09=100.00 100.00 100.00 100.00 100.00 100.00 100.00 100.00 80.00 100.00 0.00
90.08=100.00 100.00 100.00 100.00 100.00 90.91 100.00 100.00 100.00 100.00 0.00
90.91=100.00 100.00 100.00 100.00 100.00 100.00 100.00 100.00 100.00 100.00 0.00
81.73=100.00 100.00 100.00 100.00 100.00 94.12 100.00 100.00 86.67 100.00 0.00 0.00
76.41=100.00 100.00 100.00 100.00 93.33 100.00 100.00 100.00 100.00 100.00 0.00 0.00 0.00
81.28=93.75 100.00 100.00 88.24 100.00 93.33 100.00 100.00 100.00 100.00 0.00 0.00
82.14=100.00 100.00 100.00 100.00 100.00 100.00 92.86 100.00 92.86 100.00 0.00 0.00
83.33=100.00 100.00 100.00 100.00 100.00 100.00 100.00 100.00 100.00 100.00 0.00 0.00
65.45=100.00 100.00 97.87 97.83 97.78 97.83 92.68 97.83 100.00 100.00 0.00 0.00 0.00 0.00 0.00
75.53=100.00 100.00 100.00 100.00 97.83 95.74 92.68 97.73 97.92 100.00 0.00 0.00 0.00
70.32=100.00 100.00 100.00 100.00 97.87 95.74 90.91 100.00 100.00 100.00 0.00 0.00 0.00 0.00
69.84=100.00 100.00 100.00 97.78 95.83 95.56 90.70 100.00 97.87 100.00 0.00 0.00 0.00 0.00
70.16=100.00 100.00 100.00 100.00 97.87 91.84 92.50 100.00 100.00 100.00 0.00 0.00 0.00 0.00
76.92=100.00 100.00 100.00 100.00 100.00 100.00 100.00 100.00 100.00 100.00 0.00 0.00 0.00
76.33=100.00 100.00 100.00 100.00 100.00 100.00 100.00 92.31 100.00 100.00 0.00 0.00 0.00
81.70=100.00 87.50 100.00 100.00 100.00 92.86 100.00 100.00 100.00 100.00 0.00 0.00
76.41=100.00 100.00 100.00 100.00 100.00 100.00 93.33 100.00 100.00 100.00 0.00 0.00 0.00
81.62=93.75 100.00 92.86 100.00 100.00 100.00 100.00 100.00 92.86 100.00 0.00 0.00
90.91=100.00 100.00 100.00 100.00 100.00 100.00 100.00 100.00 100.00 100.00 0.00
89.61=100.00 85.71 100.00 100.00 100.00 100.00 100.00 100.00 100.00 100.00 0.00
89.17=100.00 100.00 100.00 100.00 100.00 90.91 90.00 100.00 100.00 100.00 0.00
90.91=100.00 100.00 100.00 100.00 100.00 100.00 100.00 100.00 100.00 100.00 0.00
90.91=100.00 100.00 100.00 100.00 100.00 100.00 100.00 100.00 100.00 100.00 0.00
83.33=100.00 100.00 100.00 100.00 100.00 100.00 100.00 100.00 100.00 100.00 0.00 0.00
76.07=100.00 100.00 100.00 100.00 100.00 100.00 88.89 100.00 100.00 100.00 0.00 0.00 0.00
82.14=100.00 100.00 100.00 100.00 100.00 85.71 100.00 100.00 100.00 100.00 0.00 0.00
82.14=100.00 100.00 100.00 100.00 100.00 85.71 100.00 100.00 100.00 100.00 0.00 0.00
81.94=100.00 100.00 100.00 100.00 100.00 100.00 100.00 83.33 100.00 100.00 0.00 0.00
82.64=100.00 100.00 100.00 100.00 100.00 100.00 91.67 100.00 100.00 100.00 0.00 0.00
82.74=100.00 100.00 100.00 100.00 100.00 100.00 100.00 92.86 100.00 100.00 0.00 0.00
75.35=100.00 93.33 100.00 92.86 100.00 93.33 100.00 100.00 100.00 100.00 0.00 0.00 0.00
82.22=100.00 100.00 100.00 100.00 93.75 100.00 100.00 100.00 92.86 100.00 0.00 0.00
83.33=100.00 100.00 100.00 100.00 100.00 100.00 100.00 100.00 100.00 100.00 0.00 0.00
82.78=100.00 93.33 100.00 100.00 100.00 100.00 100.00 100.00 100.00 100.00 0.00 0.00
82.78=100.00 100.00 100.00 100.00 100.00 100.00 93.33 100.00 100.00 100.00 0.00 0.00
82.81=93.75 100.00 100.00 100.00 100.00 100.00 100.00 100.00 100.00 100.00 0.00 0.00
83.33=100.00 100.00 100.00 100.00 100.00 100.00 100.00 100.00 100.00 100.00 0.00 0.00
82.78=100.00 93.33 100.00 100.00 100.00 100.00 100.00 100.00 100.00 100.00 0.00 0.00
75.92=98.00 100.00 100.00 100.00 95.83 95.65 97.50 100.00 100.00 100.00 0.00 0.00 0.00
76.11=98.04 97.83 100.00 100.00 97.87 97.83 100.00 97.83 100.00 100.00 0.00 0.00 0.00
75.31=98.00 100.00 100.00 100.00 95.83 89.80 97.56 100.00 97.87 100.00 0.00 0.00 0.00
75.94=97.96 100.00 100.00 100.00 95.83 95.74 97.62 100.00 100.00 100.00 0.00 0.00 0.00
75.95=97.96 100.00 100.00 100.00 95.83 95.74 100.00 100.00 97.83 100.00 0.00 0.00 0.00
81.94=100.00 100.00 100.00 100.00 100.00 100.00 100.00 83.33 100.00 100.00 0.00 0.00
76.92=100.00 100.00 100.00 100.00 100.00 100.00 100.00 100.00 100.00 100.00 0.00 0.00 0.00
80.00=100.00 100.00 100.00 100.00 100.00 100.00 100.00 80.00 80.00 100.00 0.00 0.00
76.92=100.00 100.00 100.00 100.00 100.00 100.00 100.00 100.00 100.00 100.00 0.00 0.00 0.00
83.33=100.00 100.00 100.00 100.00 100.00 100.00 100.00 100.00 100.00 100.00 0.00 0.00
76.11=98.00 100.00 100.00 100.00 95.83 95.65 100.00 100.00 100.00 100.00 0.00 0.00 0.00
75.79=98.04 97.83 100.00 100.00 95.74 93.62 100.00 100.00 100.00 100.00 0.00 0.00 0.00
75.60=97.96 95.74 100.00 100.00 95.83 97.78 97.73 97.78 100.00 100.00 0.00 0.00 0.00
76.11=98.00 100.00 100.00 100.00 95.83 97.83 100.00 97.83 100.00 100.00 0.00 0.00 0.00
76.08=98.00 100.00 100.00 100.00 97.83 97.78 97.67 97.83 100.00 100.00 0.00 0.00 0.00
90.15=100.00 100.00 100.00 100.00 100.00 91.67 100.00 100.00 100.00 100.00 0.00
89.33=100.00 100.00 100.00 100.00 100.00 91.67 90.91 100.00 100.00 100.00 0.00
90.91=100.00 100.00 100.00 100.00 100.00 100.00 100.00 100.00 100.00 100.00 0.00
90.91=100.00 100.00 100.00 100.00 100.00 100.00 100.00 100.00 100.00 100.00 0.00
83.33=100.00 100.00 100.00 100.00 100.00 100.00 100.00 100.00 100.00 100.00 0.00 0.00
76.11=97.96 100.00 100.00 100.00 95.83 97.83 100.00 97.83 100.00 100.00 0.00 0.00 0.00
75.94=98.00 100.00 100.00 100.00 95.83 97.78 97.73 97.87 100.00 100.00 0.00 0.00 0.00
70.18=98.00 100.00 100.00 97.78 95.83 95.56 97.56 97.83 100.00 100.00 0.00 0.00 0.00 0.00
76.10=97.96 100.00 100.00 100.00 95.83 97.78 97.67 100.00 100.00 100.00 0.00 0.00 0.00
76.28=98.04 100.00 100.00 100.00 95.83 100.00 100.00 100.00 97.78 100.00 0.00 0.00 0.00
75.57=100.00 100.00 100.00 100.00 97.87 93.88 92.86 97.78 100.00 100.00 0.00 0.00 0.00
75.41=100.00 100.00 97.87 100.00 97.83 93.88 90.70 100.00 100.00 100.00 0.00 0.00 0.00
75.23=97.87 100.00 100.00 100.00 97.87 93.88 92.68 97.78 97.87 100.00 0.00 0.00 0.00
69.99=100.00 100.00 100.00 100.00 97.87 93.88 92.68 97.73 97.73 100.00 0.00 0.00 0.00 0.00
75.42=100.00 100.00 100.00 100.00 97.83 92.00 92.68 100.00 97.92 100.00 0.00 0.00 0.00
90.91=100.00 100.00 100.00 100.00 100.00 100.00 100.00 100.00 100.00 100.00 0.00
90.91=100.00 100.00 100.00 100.00 100.00 100.00 100.00 100.00 100.00 100.00 0.00
90.91=100.00 100.00 100.00 100.00 100.00 100.00 100.00 100.00 100.00 100.00 0.00
90.08=100.00 100.00 100.00 100.00 100.00 90.91 100.00 100.00 100.00 100.00 0.00
88.64=100.00 100.00 100.00 100.00 100.00 91.67 100.00 83.33 100.00 100.00 0.00
90.91=100.00 100.00 100.00 100.00 100.00 100.00 100.00 100.00 100.00 100.00 0.00
88.10=100.00 100.00 85.71 100.00 100.00 100.00 100.00 83.33 100.00 100.00 0.00
88.57=100.00 100.00 100.00 100.00 100.00 90.91 100.00 83.33 100.00 100.00 0.00
90.91=100.00 100.00 100.00 100.00 100.00 100.00 100.00 100.00 100.00 100.00 0.00
83.33=100.00 100.00 100.00 100.00 100.00 100.00 100.00 100.00 100.00 100.00 0.00 0.00
82.74=100.00 100.00 100.00 100.00 100.00 100.00 100.00 100.00 92.86 100.00 0.00 0.00
76.92=100.00 100.00 100.00 100.00 100.00 100.00 100.00 100.00 100.00 100.00 0.00 0.00 0.00
76.92=100.00 100.00 100.00 100.00 100.00 100.00 100.00 100.00 100.00 100.00 0.00 0.00 0.00
82.74=100.00 100.00 92.86 100.00 100.00 100.00 100.00 100.00 100.00 100.00 0.00 0.00
75.74=100.00 100.00 100.00 100.00 100.00 100.00 92.31 92.31 100.00 100.00 0.00 0.00 0.00
80.95=100.00 100.00 100.00 100.00 100.00 100.00 100.00 71.43 100.00 100.00 0.00 0.00
83.33=100.00 100.00 100.00 100.00 100.00 100.00 100.00 100.00 100.00 100.00 0.00 0.00
81.94=100.00 100.00 100.00 100.00 100.00 100.00 100.00 83.33 100.00 100.00 0.00 0.00
81.94=100.00 100.00 100.00 100.00 100.00 100.00 100.00 83.33 100.00 100.00 0.00 0.00
83.33=100.00 100.00 100.00 100.00 100.00 100.00 100.00 100.00 100.00 100.00 0.00 0.00
76.44=100.00 100.00 100.00 100.00 93.75 100.00 100.00 100.00 100.00 100.00 0.00 0.00 0.00
82.10=100.00 100.00 92.86 100.00 100.00 92.31 100.00 100.00 100.00 100.00 0.00 0.00
76.92=100.00 100.00 100.00 100.00 100.00 100.00 100.00 100.00 100.00 100.00 0.00 0.00 0.00
76.37=100.00 100.00 100.00 100.00 100.00 100.00 100.00 92.86 100.00 100.00 0.00 0.00 0.00
83.33=100.00 100.00 100.00 100.00 100.00 100.00 100.00 100.00 100.00 100.00 0.00 0.00
75.82=100.00 100.00 85.71 100.00 100.00 100.00 100.00 100.00 100.00 100.00 0.00 0.00 0.00
83.33=100.00 100.00 100.00 100.00 100.00 100.00 100.00 100.00 100.00 100.00 0.00 0.00
83.33=100.00 100.00 100.00 100.00 100.00 100.00 100.00 100.00 100.00 100.00 0.00 0.00
82.29=100.00 100.00 100.00 100.00 100.00 87.50 100.00 100.00 100.00 100.00 0.00 0.00
76.92=100.00 100.00 100.00 100.00 100.00 100.00 100.00 100.00 100.00 100.00 0.00 0.00 0.00
82.64=100.00 100.00 100.00 100.00 100.00 91.67 100.00 100.00 100.00 100.00 0.00 0.00
83.33=100.00 100.00 100.00 100.00 100.00 100.00 100.00 100.00 100.00 100.00 0.00 0.00
88.85=100.00 85.71 100.00 91.67 100.00 100.00 100.00 100.00 100.00 100.00 0.00
90.91=100.00 100.00 100.00 100.00 100.00 100.00 100.00 100.00 100.00 100.00 0.00
82.64=100.00 100.00 100.00 100.00 100.00 91.67 100.00 100.00 100.00 100.00 0.00 0.00
76.28=98.00 100.00 100.00 100.00 95.83 97.83 100.00 100.00 100.00 100.00 0.00 0.00 0.00
76.27=98.00 100.00 100.00 100.00 95.74 97.83 100.00 100.00 100.00 100.00 0.00 0.00 0.00
75.45=97.96 100.00 100.00 100.00 95.83 91.67 97.50 97.87 100.00 100.00 0.00 0.00 0.00
76.07=97.96 100.00 100.00 100.00 97.78 97.78 95.45 100.00 100.00 100.00 0.00 0.00 0.00
75.65=97.96 100.00 100.00 100.00 95.83 91.84 100.00 100.00 97.83 100.00 0.00 0.00 0.00
81.67=100.00 100.00 100.00 100.00 100.00 100.00 100.00 100.00 80.00 100.00 0.00 0.00
83.33=100.00 100.00 100.00 100.00 100.00 100.00 100.00 100.00 100.00 100.00 0.00 0.00
83.33=100.00 100.00 100.00 100.00 100.00 100.00 100.00 100.00 100.00 100.00 0.00 0.00
83.33=100.00 100.00 100.00 100.00 100.00 100.00 100.00 100.00 100.00 100.00 0.00 0.00
83.33=100.00 100.00 100.00 100.00 100.00 100.00 100.00 100.00 100.00 100.00 0.00 0.00
82.74=100.00 100.00 100.00 100.00 100.00 100.00 100.00 100.00 92.86 100.00 0.00 0.00
82.74=100.00 100.00 100.00 100.00 100.00 100.00 100.00 92.86 100.00 100.00 0.00 0.00
75.89=100.00 100.00 92.86 93.75 100.00 100.00 100.00 100.00 100.00 100.00 0.00 0.00 0.00
82.74=100.00 100.00 100.00 100.00 100.00 100.00 100.00 100.00 92.86 100.00 0.00 0.00
76.92=100.00 100.00 100.00 100.00 100.00 100.00 100.00 100.00 100.00 100.00 0.00 0.00 0.00
82.74=100.00 100.00 100.00 100.00 100.00 100.00 100.00 92.86 100.00 100.00 0.00 0.00
81.11=100.00 100.00 100.00 100.00 100.00 93.75 100.00 92.86 86.67 100.00 0.00 0.00
81.07=100.00 100.00 100.00 93.33 100.00 93.75 100.00 92.86 92.86 100.00 0.00 0.00
82.22=100.00 100.00 100.00 93.75 100.00 100.00 100.00 100.00 92.86 100.00 0.00 0.00
81.80=100.00 93.33 100.00 88.24 100.00 100.00 100.00 100.00 100.00 100.00 0.00 0.00
75.63=96.15 100.00 100.00 100.00 95.92 93.48 97.62 100.00 100.00 100.00 0.00 0.00 0.00
75.94=98.00 100.00 100.00 100.00 97.87 95.74 100.00 95.56 100.00 100.00 0.00 0.00 0.00
75.95=98.00 100.00 100.00 100.00 93.75 97.78 97.78 100.00 100.00 100.00 0.00 0.00 0.00
76.28=97.92 100.00 100.00 100.00 95.83 97.83 100.00 100.00 100.00 100.00 0.00 0.00 0.00
75.78=98.04 100.00 100.00 100.00 95.83 95.65 97.73 97.87 100.00 100.00 0.00 0.00 0.00
75.82=100.00 100.00 100.00 100.00 100.00 85.71 100.00 100.00 100.00 100.00 0.00 0.00 0.00
83.33=100.00 100.00 100.00 100.00 100.00 100.00 100.00 100.00 100.00 100.00 0.00 0.00
83.33=100.00 100.00 100.00 100.00 100.00 100.00 100.00 100.00 100.00 100.00 0.00 0.00
75.64=100.00 100.00 100.00 100.00 100.00 100.00 100.00 83.33 100.00 100.00 0.00 0.00 0.00
82.14=100.00 100.00 100.00 100.00 100.00 85.71 100.00 100.00 100.00 100.00 0.00 0.00
82.64=100.00 100.00 100.00 91.67 100.00 100.00 100.00 100.00 100.00 100.00 0.00 0.00
88.85=100.00 85.71 100.00 100.00 100.00 91.67 100.00 100.00 100.00 100.00 0.00
90.91=100.00 100.00 100.00 100.00 100.00 100.00 100.00 100.00 100.00 100.00 0.00
89.39=100.00 100.00 100.00 100.00 100.00 100.00 100.00 83.33 100.00 100.00 0.00
90.91=100.00 100.00 100.00 100.00 100.00 100.00 100.00 100.00 100.00 100.00 0.00
74.36=100.00 100.00 100.00 100.00 100.00 83.33 100.00 83.33 100.00 100.00 0.00 0.00 0.00
83.33=100.00 100.00 100.00 100.00 100.00 100.00 100.00 100.00 100.00 100.00 0.00 0.00
83.33=100.00 100.00 100.00 100.00 100.00 100.00 100.00 100.00 100.00 100.00 0.00 0.00
83.33=100.00 100.00 100.00 100.00 100.00 100.00 100.00 100.00 100.00 100.00 0.00 0.00
83.33=100.00 100.00 100.00 100.00 100.00 100.00 100.00 100.00 100.00 100.00 0.00 0.00
82.22=100.00 100.00 86.67 100.00 100.00 100.00 100.00 100.00 100.00 100.00 0.00 0.00
83.33=100.00 100.00 100.00 100.00 100.00 100.00 100.00 100.00 100.00 100.00 0.00 0.00
83.33=100.00 100.00 100.00 100.00 100.00 100.00 100.00 100.00 100.00 100.00 0.00 0.00
83.33=100.00 100.00 100.00 100.00 100.00 100.00 100.00 100.00 100.00 100.00 0.00 0.00
81.53=100.00 100.00 100.00 100.00 100.00 100.00 91.67 86.67 100.00 100.00 0.00 0.00
75.76=97.92 100.00 100.00 100.00 95.83 93.62 97.56 100.00 100.00 100.00 0.00 0.00 0.00
70.35=96.08 100.00 100.00 97.56 95.74 95.56 100.00 100.00 100.00 100.00 0.00 0.00 0.00 0.00
76.09=97.96 100.00 100.00 100.00 95.83 97.73 97.67 100.00 100.00 100.00 0.00 0.00 0.00
76.12=97.96 100.00 100.00 100.00 95.83 95.74 100.00 100.00 100.00 100.00 0.00 0.00 0.00
75.96=98.04 100.00 100.00 100.00 95.83 95.74 100.00 97.87 100.00 100.00 0.00 0.00 0.00
76.92=100.00 100.00 100.00 100.00 100.00 100.00 100.00 100.00 100.00 100.00 0.00 0.00 0.00
83.33=100.00 100.00 100.00 100.00 100.00 100.00 100.00 100.00 100.00 100.00 0.00 0.00
83.33=100.00 100.00 100.00 100.00 100.00 100.00 100.00 100.00 100.00 100.00 0.00 0.00
83.33=100.00 100.00 100.00 100.00 100.00 100.00 100.00 100.00 100.00 100.00 0.00 0.00
82.78=100.00 100.00 100.00 100.00 100.00 100.00 93.33 100.00 100.00 100.00 0.00 0.00
80.95=85.71 100.00 100.00 100.00 85.71 100.00 100.00 100.00 100.00 100.00 0.00 0.00
90.91=100.00 100.00 100.00 100.00 100.00 100.00 100.00 100.00 100.00 100.00 0.00
80.97=100.00 100.00 100.00 91.67 100.00 100.00 100.00 100.00 80.00 100.00 0.00 0.00
83.33=100.00 100.00 100.00 100.00 100.00 100.00 100.00 100.00 100.00 100.00 0.00 0.00
83.33=100.00 100.00 100.00 100.00 100.00 100.00 100.00 100.00 100.00 100.00 0.00 0.00
83.33=100.00 100.00 100.00 100.00 100.00 100.00 100.00 100.00 100.00 100.00 0.00 0.00
76.37=100.00 100.00 100.00 100.00 100.00 100.00 92.86 100.00 100.00 100.00 0.00 0.00 0.00
81.53=93.75 100.00 100.00 100.00 100.00 92.31 100.00 100.00 92.31 100.00 0.00 0.00
83.33=100.00 100.00 100.00 100.00 100.00 100.00 100.00 100.00 100.00 100.00 0.00 0.00
76.37=100.00 100.00 100.00 100.00 100.00 92.86 100.00 100.00 100.00 100.00 0.00 0.00 0.00
83.33=100.00 100.00 100.00 100.00 100.00 100.00 100.00 100.00 100.00 100.00 0.00 0.00
83.33=100.00 100.00 100.00 100.00 100.00 100.00 100.00 100.00 100.00 100.00 0.00 0.00
83.33=100.00 100.00 100.00 100.00 100.00 100.00 100.00 100.00 100.00 100.00 0.00 0.00
83.33=100.00 100.00 100.00 100.00 100.00 100.00 100.00 100.00 100.00 100.00 0.00 0.00
83.33=100.00 100.00 100.00 100.00 100.00 100.00 100.00 100.00 100.00 100.00 0.00 0.00
75.42=93.75 100.00 100.00 100.00 100.00 100.00 100.00 100.00 86.67 100.00 0.00 0.00 0.00
76.41=100.00 100.00 100.00 93.33 100.00 100.00 100.00 100.00 100.00 100.00 0.00 0.00 0.00
76.41=100.00 100.00 100.00 93.33 100.00 100.00 100.00 100.00 100.00 100.00 0.00 0.00 0.00
76.92=100.00 100.00 100.00 100.00 100.00 100.00 100.00 100.00 100.00 100.00 0.00 0.00 0.00
75.89=92.86 100.00 100.00 100.00 100.00 93.75 100.00 100.00 100.00 100.00 0.00 0.00 0.00
75.58=100.00 97.87 100.00 100.00 97.78 94.00 95.12 97.83 100.00 100.00 0.00 0.00 0.00
75.21=100.00 100.00 100.00 100.00 97.87 91.49 88.37 100.00 100.00 100.00 0.00 0.00 0.00
70.21=100.00 100.00 100.00 100.00 97.87 90.20 94.87 100.00 100.00 100.00 0.00 0.00 0.00 0.00
70.18=100.00 100.00 100.00 100.00 97.87 92.00 92.68 100.00 100.00 100.00 0.00 0.00 0.00 0.00
69.89=100.00 100.00 100.00 100.00 97.87 88.24 92.31 100.00 100.00 100.00 0.00 0.00 0.00 0.00
83.33=100.00 100.00 100.00 100.00 100.00 100.00 100.00 100.00 100.00 100.00 0.00 0.00
83.33=100.00 100.00 100.00 100.00 100.00 100.00 100.00 100.00 100.00 100.00 0.00 0.00
81.94=100.00 100.00 100.00 100.00 100.00 83.33 100.00 100.00 100.00 100.00 0.00 0.00
90.15=100.00 100.00 100.00 100.00 100.00 91.67 100.00 100.00 100.00 100.00 0.00
83.33=100.00 100.00 100.00 100.00 100.00 100.00 100.00 100.00 100.00 100.00 0.00 0.00
82.14=100.00 100.00 100.00 100.00 100.00 85.71 100.00 100.00 100.00 100.00 0.00 0.00
76.92=100.00 100.00 100.00 100.00 100.00 100.00 100.00 100.00 100.00 100.00 0.00 0.00 0.00
81.94=100.00 100.00 100.00 100.00 100.00 100.00 100.00 83.33 100.00 100.00 0.00 0.00
81.94=100.00 100.00 100.00 100.00 100.00 100.00 100.00 83.33 100.00 100.00 0.00 0.00
76.92=100.00 100.00 100.00 100.00 100.00 100.00 100.00 100.00 100.00 100.00 0.00 0.00 0.00
83.33=100.00 100.00 100.00 100.00 100.00 100.00 100.00 100.00 100.00 100.00 0.00 0.00
76.15=100.00 100.00 100.00 100.00 100.00 100.00 90.00 100.00 100.00 100.00 0.00 0.00 0.00
83.33=100.00 100.00 100.00 100.00 100.00 100.00 100.00 100.00 100.00 100.00 0.00 0.00
83.33=100.00 100.00 100.00 100.00 100.00 100.00 100.00 100.00 100.00 100.00 0.00 0.00
83.33=100.00 100.00 100.00 100.00 100.00 100.00 100.00 100.00 100.00 100.00 0.00 0.00
83.33=100.00 100.00 100.00 100.00 100.00 100.00 100.00 100.00 100.00 100.00 0.00 0.00
82.14=100.00 100.00 100.00 100.00 85.71 100.00 100.00 100.00 100.00 100.00 0.00 0.00
76.92=100.00 100.00 100.00 100.00 100.00 100.00 100.00 100.00 100.00 100.00 0.00 0.00 0.00
83.33=100.00 100.00 100.00 100.00 100.00 100.00 100.00 100.00 100.00 100.00 0.00 0.00
83.33=100.00 100.00 100.00 100.00 100.00 100.00 100.00 100.00 100.00 100.00 0.00 0.00
82.81=100.00 100.00 100.00 100.00 100.00 93.75 100.00 100.00 100.00 100.00 0.00 0.00
76.92=100.00 100.00 100.00 100.00 100.00 100.00 100.00 100.00 100.00 100.00 0.00 0.00 0.00
76.92=100.00 100.00 100.00 100.00 100.00 100.00 100.00 100.00 100.00 100.00 0.00 0.00 0.00
76.92=100.00 100.00 100.00 100.00 100.00 100.00 100.00 100.00 100.00 100.00 0.00 0.00 0.00
76.37=100.00 100.00 100.00 100.00 100.00 100.00 100.00 100.00 92.86 100.00 0.00 0.00 0.00
75.77=98.04 100.00 100.00 95.45 95.74 95.74 100.00 100.00 100.00 100.00 0.00 0.00 0.00
75.61=96.15 100.00 100.00 100.00 95.83 95.56 95.35 100.00 100.00 100.00 0.00 0.00 0.00
75.41=98.04 97.78 100.00 100.00 95.74 95.56 97.56 97.78 97.83 100.00 0.00 0.00 0.00
70.99=98.04 100.00 100.00 100.00 95.83 100.00 100.00 100.00 100.00 100.00 0.00 0.00 0.00 0.00
70.24=97.92 100.00 100.00 100.00 95.74 91.84 100.00 97.87 100.00 100.00 0.00 0.00 0.00 0.00
83.33=100.00 100.00 100.00 100.00 100.00 100.00 100.00 100.00 100.00 100.00 0.00 0.00
83.33=100.00 100.00 100.00 100.00 100.00 100.00 100.00 100.00 100.00 100.00 0.00 0.00
83.33=100.00 100.00 100.00 100.00 100.00 100.00 100.00 100.00 100.00 100.00 0.00 0.00
83.33=100.00 100.00 100.00 100.00 100.00 100.00 100.00 100.00 100.00 100.00 0.00 0.00
82.14=100.00 100.00 85.71 100.00 100.00 100.00 100.00 100.00 100.00 100.00 0.00 0.00
76.92=100.00 100.00 100.00 100.00 100.00 100.00 100.00 100.00 100.00 100.00 0.00 0.00 0.00
76.92=100.00 100.00 100.00 100.00 100.00 100.00 100.00 100.00 100.00 100.00 0.00 0.00 0.00
76.92=100.00 100.00 100.00 100.00 100.00 100.00 100.00 100.00 100.00 100.00 0.00 0.00 0.00
81.67=100.00 100.00 100.00 100.00 100.00 100.00 100.00 100.00 80.00 100.00 0.00 0.00
83.33=100.00 100.00 100.00 100.00 100.00 100.00 100.00 100.00 100.00 100.00 0.00 0.00
83.33=100.00 100.00 100.00 100.00 100.00 100.00 100.00 100.00 100.00 100.00 0.00 0.00
82.14=100.00 100.00 100.00 100.00 100.00 85.71 100.00 100.00 100.00 100.00 0.00 0.00
83.33=100.00 100.00 100.00 100.00 100.00 100.00 100.00 100.00 100.00 100.00 0.00 0.00
81.94=100.00 100.00 100.00 100.00 100.00 100.00 100.00 83.33 100.00 100.00 0.00 0.00
83.33=100.00 100.00 100.00 100.00 100.00 100.00 100.00 100.00 100.00 100.00 0.00 0.00
75.48=93.33 100.00 100.00 93.75 100.00 94.12 100.00 100.00 100.00 100.00 0.00 0.00 0.00
76.92=100.00 100.00 100.00 100.00 100.00 100.00 100.00 100.00 100.00 100.00 0.00 0.00 0.00
76.41=100.00 100.00 100.00 93.33 100.00 100.00 100.00 100.00 100.00 100.00 0.00 0.00 0.00
76.92=100.00 100.00 100.00 100.00 100.00 100.00 100.00 100.00 100.00 100.00 0.00 0.00 0.00
83.33=100.00 100.00 100.00 100.00 100.00 100.00 100.00 100.00 100.00 100.00 0.00 0.00
75.56=100.00 100.00 100.00 100.00 97.87 93.88 92.68 97.83 100.00 100.00 0.00 0.00 0.00
70.48=100.00 100.00 100.00 100.00 97.87 95.83 93.02 100.00 100.00 100.00 0.00 0.00 0.00 0.00
69.69=100.00 100.00 100.00 100.00 97.83 89.80 88.10 100.00 100.00 100.00 0.00 0.00 0.00 0.00
70.33=100.00 100.00 100.00 100.00 100.00 92.00 92.68 100.00 100.00 100.00 0.00 0.00 0.00 0.00
69.89=96.08 100.00 100.00 100.00 97.83 92.00 92.50 100.00 100.00 100.00 0.00 0.00 0.00 0.00
76.92=100.00 100.00 100.00 100.00 100.00 100.00 100.00 100.00 100.00 100.00 0.00 0.00 0.00
76.92=100.00 100.00 100.00 100.00 100.00 100.00 100.00 100.00 100.00 100.00 0.00 0.00 0.00
76.92=100.00 100.00 100.00 100.00 100.00 100.00 100.00 100.00 100.00 100.00 0.00 0.00 0.00
75.78=100.00 100.00 100.00 100.00 100.00 100.00 100.00 92.31 92.86 100.00 0.00 0.00 0.00
76.33=100.00 100.00 100.00 100.00 100.00 92.31 100.00 100.00 100.00 100.00 0.00 0.00 0.00
76.29=96.08 100.00 100.00 100.00 97.83 97.83 100.00 100.00 100.00 100.00 0.00 0.00 0.00
75.97=96.08 100.00 100.00 100.00 95.83 95.74 100.00 100.00 100.00 100.00 0.00 0.00 0.00
76.12=98.00 100.00 100.00 100.00 95.83 95.74 100.00 100.00 100.00 100.00 0.00 0.00 0.00
76.11=97.96 100.00 100.00 100.00 95.74 95.74 100.00 100.00 100.00 100.00 0.00 0.00 0.00
75.91=100.00 100.00 100.00 97.67 95.83 95.65 97.62 100.00 100.00 100.00 0.00 0.00 0.00
83.33=100.00 100.00 100.00 100.00 100.00 100.00 100.00 100.00 100.00 100.00 0.00 0.00
83.33=100.00 100.00 100.00 100.00 100.00 100.00 100.00 100.00 100.00 100.00 0.00 0.00
83.33=100.00 100.00 100.00 100.00 100.00 100.00 100.00 100.00 100.00 100.00 0.00 0.00
81.45=85.71 100.00 100.00 91.67 100.00 100.00 100.00 100.00 100.00 100.00 0.00 0.00
83.33=100.00 100.00 100.00 100.00 100.00 100.00 100.00 100.00 100.00 100.00 0.00 0.00
76.37=100.00 100.00 100.00 100.00 100.00 92.86 100.00 100.00 100.00 100.00 0.00 0.00 0.00
76.37=100.00 100.00 100.00 100.00 100.00 92.86 100.00 100.00 100.00 100.00 0.00 0.00 0.00
76.92=100.00 100.00 100.00 100.00 100.00 100.00 100.00 100.00 100.00 100.00 0.00 0.00 0.00
75.86=100.00 100.00 100.00 100.00 100.00 100.00 93.33 100.00 92.86 100.00 0.00 0.00 0.00
76.92=100.00 100.00 100.00 100.00 100.00 100.00 100.00 100.00 100.00 100.00 0.00 0.00 0.00
75.96=93.75 100.00 100.00 100.00 93.75 100.00 100.00 100.00 100.00 100.00 0.00 0.00 0.00
75.42=100.00 100.00 100.00 93.75 100.00 100.00 100.00 100.00 86.67 100.00 0.00 0.00 0.00
76.37=100.00 100.00 100.00 100.00 100.00 100.00 100.00 100.00 92.86 100.00 0.00 0.00 0.00
75.57=100.00 100.00 100.00 82.35 100.00 100.00 100.00 100.00 100.00 100.00 0.00 0.00 0.00
76.41=100.00 93.33 100.00 100.00 100.00 100.00 100.00 100.00 100.00 100.00 0.00 0.00 0.00
83.33=100.00 100.00 100.00 100.00 100.00 100.00 100.00 100.00 100.00 100.00 0.00 0.00
82.14=85.71 100.00 100.00 100.00 100.00 100.00 100.00 100.00 100.00 100.00 0.00 0.00
82.50=100.00 100.00 100.00 100.00 100.00 90.00 100.00 100.00 100.00 100.00 0.00 0.00
82.14=85.71 100.00 100.00 100.00 100.00 100.00 100.00 100.00 100.00 100.00 0.00 0.00
76.92=100.00 100.00 100.00 100.00 100.00 100.00 100.00 100.00 100.00 100.00 0.00 0.00 0.00
76.92=100.00 100.00 100.00 100.00 100.00 100.00 100.00 100.00 100.00 100.00 0.00 0.00 0.00
76.41=100.00 100.00 100.00 93.33 100.00 100.00 100.00 100.00 100.00 100.00 0.00 0.00 0.00
76.44=93.75 100.00 100.00 100.00 100.00 100.00 100.00 100.00 100.00 100.00 0.00 0.00 0.00
76.92=100.00 100.00 100.00 100.00 100.00 100.00 100.00 100.00 100.00 100.00 0.00 0.00 0.00
75.93=100.00 100.00 100.00 100.00 93.75 93.33 100.00 100.00 100.00 100.00 0.00 0.00 0.00
81.67=100.00 100.00 100.00 100.00 100.00 100.00 100.00 100.00 80.00 100.00 0.00 0.00
76.92=100.00 100.00 100.00 100.00 100.00 100.00 100.00 100.00 100.00 100.00 0.00 0.00 0.00
83.33=100.00 100.00 100.00 100.00 100.00 100.00 100.00 100.00 100.00 100.00 0.00 0.00
81.10=100.00 100.00 100.00 100.00 100.00 85.71 87.50 100.00 100.00 100.00 0.00 0.00
82.41=100.00 100.00 100.00 100.00 100.00 100.00 88.89 100.00 100.00 100.00 0.00 0.00
83.33=100.00 100.00 100.00 100.00 100.00 100.00 100.00 100.00 100.00 100.00 0.00 0.00
83.33=100.00 100.00 100.00 100.00 100.00 100.00 100.00 100.00 100.00 100.00 0.00 0.00
83.33=100.00 100.00 100.00 100.00 100.00 100.00 100.00 100.00 100.00 100.00 0.00 0.00
83.33=100.00 100.00 100.00 100.00 100.00 100.00 100.00 100.00 100.00 100.00 0.00 0.00
76.92=100.00 100.00 100.00 100.00 100.00 100.00 100.00 100.00 100.00 100.00 0.00 0.00 0.00
70.17=100.00 100.00 100.00 100.00 97.73 92.00 92.68 100.00 100.00 100.00 0.00 0.00 0.00 0.00
70.18=97.96 100.00 100.00 100.00 97.83 93.88 92.86 100.00 100.00 100.00 0.00 0.00 0.00 0.00
69.68=97.96 100.00 100.00 97.83 97.87 93.75 92.50 95.65 100.00 100.00 0.00 0.00 0.00 0.00
74.91=96.08 100.00 100.00 100.00 97.87 93.88 92.68 93.33 100.00 100.00 0.00 0.00 0.00
70.16=100.00 100.00 97.78 100.00 97.87 95.74 90.91 100.00 100.00 100.00 0.00 0.00 0.00 0.00
76.92=100.00 100.00 100.00 100.00 100.00 100.00 100.00 100.00 100.00 100.00 0.00 0.00 0.00
76.37=100.00 100.00 100.00 100.00 100.00 100.00 100.00 100.00 92.86 100.00 0.00 0.00 0.00
76.37=100.00 100.00 100.00 100.00 100.00 100.00 100.00 100.00 92.86 100.00 0.00 0.00 0.00
76.92=100.00 100.00 100.00 100.00 100.00 100.00 100.00 100.00 100.00 100.00 0.00 0.00 0.00
76.33=100.00 100.00 100.00 100.00 100.00 92.31 100.00 100.00 100.00 100.00 0.00 0.00 0.00
76.92=100.00 100.00 100.00 100.00 100.00 100.00 100.00 100.00 100.00 100.00 0.00 0.00 0.00
75.64=100.00 100.00 100.00 100.00 100.00 100.00 100.00 83.33 100.00 100.00 0.00 0.00 0.00
83.33=100.00 100.00 100.00 100.00 100.00 100.00 100.00 100.00 100.00 100.00 0.00 0.00
75.82=85.71 100.00 100.00 100.00 100.00 100.00 100.00 100.00 100.00 100.00 0.00 0.00 0.00
82.14=100.00 100.00 85.71 100.00 100.00 100.00 100.00 100.00 100.00 100.00 0.00 0.00
75.97=96.00 100.00 100.00 100.00 95.83 95.74 100.00 100.00 100.00 100.00 0.00 0.00 0.00
75.58=98.00 97.78 100.00 97.62 95.74 97.78 100.00 95.65 100.00 100.00 0.00 0.00 0.00
70.03=98.00 100.00 100.00 97.73 95.74 93.62 97.50 100.00 97.78 100.00 0.00 0.00 0.00 0.00
75.99=94.23 100.00 100.00 100.00 95.83 97.83 100.00 100.00 100.00 100.00 0.00 0.00 0.00
75.94=97.92 100.00 100.00 100.00 95.83 95.65 100.00 100.00 97.83 100.00 0.00 0.00 0.00
70.33=100.00 100.00 100.00 100.00 97.83 93.88 92.86 100.00 100.00 100.00 0.00 0.00 0.00 0.00
70.33=100.00 100.00 100.00 100.00 97.87 93.88 92.86 100.00 100.00 100.00 0.00 0.00 0.00 0.00
70.17=100.00 100.00 100.00 97.83 97.78 93.88 92.86 100.00 100.00 100.00 0.00 0.00 0.00 0.00
65.50=98.00 100.00 100.00 100.00 97.87 93.75 92.86 100.00 100.00 100.00 0.00 0.00 0.00 0.00 0.00
69.84=100.00 100.00 100.00 100.00 97.87 93.48 88.64 97.83 100.00 100.00 0.00 0.00 0.00 0.00
70.98=100.00 100.00 100.00 100.00 93.75 100.00 100.00 100.00 100.00 100.00 0.00 0.00 0.00 0.00
76.92=100.00 100.00 100.00 100.00 100.00 100.00 100.00 100.00 100.00 100.00 0.00 0.00 0.00
76.92=100.00 100.00 100.00 100.00 100.00 100.00 100.00 100.00 100.00 100.00 0.00 0.00 0.00
76.92=100.00 100.00 100.00 100.00 100.00 100.00 100.00 100.00 100.00 100.00 0.00 0.00 0.00
76.92=100.00 100.00 100.00 100.00 100.00 100.00 100.00 100.00 100.00 100.00 0.00 0.00 0.00
70.01=98.00 100.00 100.00 100.00 97.87 92.00 92.31 100.00 100.00 100.00 0.00 0.00 0.00 0.00
70.00=100.00 100.00 100.00 100.00 95.83 93.62 92.68 100.00 97.87 100.00 0.00 0.00 0.00 0.00
69.70=97.83 100.00 100.00 100.00 97.87 89.80 92.50 100.00 97.83 100.00 0.00 0.00 0.00 0.00
70.33=100.00 100.00 100.00 100.00 97.83 93.88 92.86 100.00 100.00 100.00 0.00 0.00 0.00 0.00
70.48=100.00 100.00 100.00 100.00 97.78 93.88 95.00 100.00 100.00 100.00 0.00 0.00 0.00 0.00
83.33=100.00 100.00 100.00 100.00 100.00 100.00 100.00 100.00 100.00 100.00 0.00 0.00
76.92=100.00 100.00 100.00 100.00 100.00 100.00 100.00 100.00 100.00 100.00 0.00 0.00 0.00
90.15=100.00 100.00 100.00 100.00 100.00 91.67 100.00 100.00 100.00 100.00 0.00
82.14=85.71 100.00 100.00 100.00 100.00 100.00 100.00 100.00 100.00 100.00 0.00 0.00
83.33=100.00 100.00 100.00 100.00 100.00 100.00 100.00 100.00 100.00 100.00 0.00 0.00
76.92=100.00 100.00 100.00 100.00 100.00 100.00 100.00 100.00 100.00 100.00 0.00 0.00 0.00
76.92=100.00 100.00 100.00 100.00 100.00 100.00 100.00 100.00 100.00 100.00 0.00 0.00 0.00
76.92=100.00 100.00 100.00 100.00 100.00 100.00 100.00 100.00 100.00 100.00 0.00 0.00 0.00
76.92=100.00 100.00 100.00 100.00 100.00 100.00 100.00 100.00 100.00 100.00 0.00 0.00 0.00
75.93=100.00 100.00 100.00 93.75 100.00 100.00 93.33 100.00 100.00 100.00 0.00 0.00 0.00
90.91=100.00 100.00 100.00 100.00 100.00 100.00 100.00 100.00 100.00 100.00 0.00
76.22=100.00 100.00 100.00 100.00 100.00 90.91 100.00 100.00 100.00 100.00 0.00 0.00 0.00
83.33=100.00 100.00 100.00 100.00 100.00 100.00 100.00 100.00 100.00 100.00 0.00 0.00
76.92=100.00 100.00 100.00 100.00 100.00 100.00 100.00 100.00 100.00 100.00 0.00 0.00 0.00
83.33=100.00 100.00 100.00 100.00 100.00 100.00 100.00 100.00 100.00 100.00 0.00 0.00
76.37=100.00 100.00 100.00 100.00 100.00 100.00 100.00 100.00 92.86 100.00 0.00 0.00 0.00
76.92=100.00 100.00 100.00 100.00 100.00 100.00 100.00 100.00 100.00 100.00 0.00 0.00 0.00
76.92=100.00 100.00 100.00 100.00 100.00 100.00 100.00 100.00 100.00 100.00 0.00 0.00 0.00
76.92=100.00 100.00 100.00 100.00 100.00 100.00 100.00 100.00 100.00 100.00 0.00 0.00 0.00
75.93=93.33 100.00 100.00 93.75 100.00 100.00 100.00 100.00 100.00 100.00 0.00 0.00 0.00
69.75=94.23 100.00 100.00 100.00 97.87 93.88 90.48 100.00 100.00 100.00 0.00 0.00 0.00 0.00
75.09=100.00 100.00 100.00 97.83 97.87 90.20 90.24 100.00 100.00 100.00 0.00 0.00 0.00
70.01=100.00 100.00 100.00 100.00 100.00 91.84 88.37 100.00 100.00 100.00 0.00 0.00 0.00 0.00
70.31=100.00 100.00 100.00 100.00 97.87 95.83 90.70 100.00 100.00 100.00 0.00 0.00 0.00 0.00
65.20=100.00 100.00 100.00 100.00 97.83 90.00 90.24 100.00 100.00 100.00 0.00 0.00 0.00 0.00 0.00
70.33=100.00 100.00 100.00 100.00 95.74 95.74 100.00 95.45 97.67 100.00 0.00 0.00 0.00 0.00
76.29=96.08 100.00 100.00 100.00 97.83 97.83 100.00 100.00 100.00 100.00 0.00 0.00 0.00
75.97=96.15 100.00 100.00 100.00 95.83 97.78 100.00 100.00 97.83 100.00 0.00 0.00 0.00
75.75=97.92 100.00 100.00 97.67 95.83 95.65 97.67 100.00 100.00 100.00 0.00 0.00 0.00
70.81=98.00 100.00 100.00 100.00 97.83 97.78 97.67 100.00 100.00 100.00 0.00 0.00 0.00 0.00
69.67=100.00 100.00 100.00 100.00 97.83 91.67 88.10 97.73 100.00 100.00 0.00 0.00 0.00 0.00
70.32=100.00 100.00 100.00 100.00 97.87 93.75 92.86 100.00 100.00 100.00 0.00 0.00 0.00 0.00
70.00=100.00 100.00 100.00 100.00 97.87 91.67 90.48 100.00 100.00 100.00 0.00 0.00 0.00 0.00
70.02=98.00 100.00 100.00 97.73 97.87 93.88 92.86 100.00 100.00 100.00 0.00 0.00 0.00 0.00
61.40=100.00 100.00 100.00 100.00 97.87 91.84 92.68 100.00 100.00 100.00 0.00 0.00 0.00 0.00 0.00 0.00
81.67=100.00 100.00 100.00 100.00 100.00 100.00 100.00 100.00 80.00 100.00 0.00 0.00
90.91=100.00 100.00 100.00 100.00 100.00 100.00 100.00 100.00 100.00 100.00 0.00
83.33=100.00 100.00 100.00 100.00 100.00 100.00 100.00 100.00 100.00 100.00 0.00 0.00
81.94=100.00 100.00 100.00 100.00 100.00 100.00 100.00 83.33 100.00 100.00 0.00 0.00
82.14=100.00 100.00 100.00 100.00 85.71 100.00 100.00 100.00 100.00 100.00 0.00 0.00
83.33=100.00 100.00 100.00 100.00 100.00 100.00 100.00 100.00 100.00 100.00 0.00 0.00
83.33=100.00 100.00 100.00 100.00 100.00 100.00 100.00 100.00 100.00 100.00 0.00 0.00
83.33=100.00 100.00 100.00 100.00 100.00 100.00 100.00 100.00 100.00 100.00 0.00 0.00
76.92=100.00 100.00 100.00 100.00 100.00 100.00 100.00 100.00 100.00 100.00 0.00 0.00 0.00
82.14=85.71 100.00 100.00 100.00 100.00 100.00 100.00 100.00 100.00 100.00 0.00 0.00
75.19=100.00 100.00 100.00 93.75 93.75 100.00 90.00 100.00 100.00 100.00 0.00 0.00 0.00
76.92=100.00 100.00 100.00 100.00 100.00 100.00 100.00 100.00 100.00 100.00 0.00 0.00 0.00
76.92=100.00 100.00 100.00 100.00 100.00 100.00 100.00 100.00 100.00 100.00 0.00 0.00 0.00
75.09=100.00 100.00 100.00 100.00 100.00 93.33 90.00 92.86 100.00 100.00 0.00 0.00 0.00
76.92=100.00 100.00 100.00 100.00 100.00 100.00 100.00 100.00 100.00 100.00 0.00 0.00 0.00
76.28=98.04 100.00 100.00 100.00 95.83 97.83 100.00 100.00 100.00 100.00 0.00 0.00 0.00
75.73=98.00 100.00 100.00 100.00 95.74 97.73 95.35 100.00 97.73 100.00 0.00 0.00 0.00
76.10=98.00 100.00 100.00 97.67 95.83 97.83 100.00 100.00 100.00 100.00 0.00 0.00 0.00
75.46=98.04 100.00 100.00 100.00 95.92 91.67 97.56 97.78 100.00 100.00 0.00 0.00 0.00
70.03=98.00 97.83 100.00 97.73 95.74 95.65 97.62 97.83 100.00 100.00 0.00 0.00 0.00 0.00
76.92=100.00 100.00 100.00 100.00 100.00 100.00 100.00 100.00 100.00 100.00 0.00 0.00 0.00
76.92=100.00 100.00 100.00 100.00 100.00 100.00 100.00 100.00 100.00 100.00 0.00 0.00 0.00
76.92=100.00 100.00 100.00 100.00 100.00 100.00 100.00 100.00 100.00 100.00 0.00 0.00 0.00
76.92=100.00 100.00 100.00 100.00 100.00 100.00 100.00 100.00 100.00 100.00 0.00 0.00 0.00
71.43=100.00 100.00 100.00 100.00 100.00 100.00 100.00 100.00 100.00 100.00 0.00 0.00 0.00 0.00
76.92=100.00 100.00 100.00 100.00 100.00 100.00 100.00 100.00 100.00 100.00 0.00 0.00 0.00
82.14=100.00 100.00 100.00 100.00 85.71 100.00 100.00 100.00 100.00 100.00 0.00 0.00
75.64=100.00 100.00 100.00 100.00 100.00 100.00 100.00 83.33 100.00 100.00 0.00 0.00 0.00
76.92=100.00 100.00 100.00 100.00 100.00 100.00 100.00 100.00 100.00 100.00 0.00 0.00 0.00
76.92=100.00 100.00 100.00 100.00 100.00 100.00 100.00 100.00 100.00 100.00 0.00 0.00 0.00
83.33=100.00 100.00 100.00 100.00 100.00 100.00 100.00 100.00 100.00 100.00 0.00 0.00
76.15=100.00 100.00 100.00 100.00 100.00 90.00 100.00 100.00 100.00 100.00 0.00 0.00 0.00
83.33=100.00 100.00 100.00 100.00 100.00 100.00 100.00 100.00 100.00 100.00 0.00 0.00
83.33=100.00 100.00 100.00 100.00 100.00 100.00 100.00 100.00 100.00 100.00 0.00 0.00
83.33=100.00 100.00 100.00 100.00 100.00 100.00 100.00 100.00 100.00 100.00 0.00 0.00
