59.80=91.67 100.00 81.82 82.61 2.50 55.26 76.92 73.68 29.63 81.25 52.63 88.46 57.58 39.13 73.91 80.77 73.33 70.00 56.25 76.47 30.77 79.31 80.77 31.25 33.33 53.12 41.18 40.00 33.33 50.00 36.84
54.36=75.00 95.45 70.83 83.33 2.94 42.55 76.92 55.56 27.78 75.00 58.33 75.86 45.16 26.32 76.19 75.86 70.97 65.52 31.58 58.33 12.50 79.31 70.97 37.50 26.67 52.00 57.14 35.71 37.50 50.00 36.36
56.04=91.67 95.45 73.08 68.97 0.00 50.00 86.96 58.82 26.67 82.35 47.83 84.62 48.39 42.11 81.48 69.70 70.59 60.53 35.00 65.00 9.09 77.42 75.00 35.00 45.45 53.85 63.64 72.73 27.78 0.00 38.10
57.96=88.00 91.30 81.82 74.07 0.00 43.75 76.19 66.67 28.57 88.24 54.76 82.14 51.52 33.33 75.00 76.67 72.41 69.70 52.38 58.82 0.00 76.67 82.61 35.29 31.82 50.00 44.44 47.62 35.71 57.14 70.00
59.35=96.00 100.00 76.00 76.00 0.00 44.90 80.77 61.11 38.46 100.00 57.14 71.88 45.95 47.37 80.77 78.12 75.00 61.54 50.00 50.00 0.00 80.65 87.50 43.75 41.67 58.33 36.84 58.82 40.00 37.50 63.64
53.59=95.24 100.00 78.26 75.00 3.33 56.10 76.92 50.00 16.67 43.33 73.33 87.50 78.12 57.14 25.00 79.17 74.19 66.67 15.00 55.00 15.38 86.36 78.26 9.09 29.63 45.45 61.90 22.22 23.53 50.00 33.33
53.92=95.00 100.00 80.95 61.29 0.00 48.00 90.91 54.17 8.33 62.50 58.54 73.08 58.06 66.67 43.75 70.83 68.57 73.33 33.33 50.00 6.25 88.00 72.00 0.00 31.82 57.69 57.69 60.00 9.09 41.67 50.00
56.35=100.00 100.00 81.82 73.08 0.00 52.08 90.48 44.83 24.00 72.22 71.43 62.16 72.41 66.67 55.56 80.00 63.89 68.75 37.50 50.00 6.25 74.07 88.89 10.00 47.62 50.00 56.52 47.83 10.00 55.56 33.33
57.04=100.00 100.00 94.74 72.73 0.00 51.02 95.00 68.18 30.43 60.00 54.35 63.89 70.00 47.83 59.09 88.89 77.42 64.71 35.00 50.00 6.67 84.00 86.36 5.88 22.73 57.14 65.00 62.50 15.79 45.45 33.33
57.63=91.30 100.00 94.44 62.07 0.00 51.06 94.74 57.14 26.92 82.35 51.02 65.71 70.00 47.62 66.67 63.64 75.00 62.86 28.57 61.90 0.00 92.00 80.77 0.00 40.00 62.50 65.22 82.35 27.78 44.44 38.46
87.23=100.00 100.00 87.50 100.00 100.00 100.00 100.00 80.00 57.14 83.33 77.78 100.00 66.67 71.43 88.89 80.00 88.89 100.00 100.00 100.00 100.00 100.00 100.00 100.00 66.67 60.00 100.00 75.00 62.50 75.00 83.33
90.66=100.00 100.00 100.00 100.00 50.00 88.89 100.00 57.14 100.00 83.33 100.00 87.50 100.00 71.43 87.50 88.89 100.00 100.00 100.00 100.00 100.00 60.00 77.78 100.00 88.89 100.00 100.00 100.00 85.71 100.00 83.33
91.41=100.00 100.00 87.50 100.00 80.00 88.89 100.00 66.67 100.00 100.00 77.78 100.00 85.71 100.00 100.00 81.82 87.50 100.00 100.00 100.00 100.00 71.43 87.50 66.67 100.00 100.00 85.71 100.00 66.67 100.00 100.00
90.58=100.00 100.00 85.71 75.00 100.00 88.89 100.00 57.14 83.33 83.33 100.00 100.00 83.33 100.00 100.00 81.82 80.00 100.00 100.00 100.00 100.00 80.00 100.00 71.43 100.00 100.00 85.71 100.00 85.71 100.00 66.67
90.61=100.00 100.00 87.50 100.00 100.00 100.00 100.00 66.67 83.33 100.00 100.00 100.00 100.00 83.33 88.89 90.00 85.71 100.00 100.00 87.50 100.00 100.00 100.00 66.67 88.89 75.00 100.00 87.50 71.43 71.43 75.00
82.03=77.78 100.00 87.50 75.00 75.00 80.00 100.00 75.00 71.43 100.00 100.00 100.00 100.00 100.00 66.67 90.00 77.78 77.78 100.00 88.89 100.00 60.00 100.00 71.43 50.00 20.00 66.67 100.00 57.14 100.00 75.00
87.94=70.00 100.00 100.00 75.00 60.00 85.71 100.00 66.67 83.33 100.00 100.00 87.50 100.00 100.00 100.00 100.00 88.89 100.00 85.71 100.00 100.00 100.00 100.00 83.33 72.73 33.33 71.43 100.00 62.50 100.00 100.00
89.64=100.00 100.00 100.00 100.00 100.00 88.89 100.00 66.67 100.00 100.00 100.00 100.00 87.50 100.00 71.43 83.33 87.50 100.00 85.71 87.50 80.00 100.00 100.00 83.33 61.54 40.00 100.00 88.89 66.67 100.00 100.00
89.45=70.00 80.00 100.00 100.00 100.00 88.89 100.00 60.00 100.00 100.00 100.00 100.00 100.00 100.00 75.00 100.00 100.00 100.00 85.71 77.78 100.00 100.00 83.33 85.71 87.50 16.67 100.00 87.50 75.00 100.00 100.00
88.08=87.50 100.00 100.00 75.00 100.00 87.50 100.00 57.14 83.33 100.00 100.00 87.50 100.00 80.00 100.00 87.50 80.00 87.50 100.00 100.00 80.00 100.00 100.00 83.33 88.89 42.86 100.00 100.00 62.50 100.00 60.00
84.62=63.64 100.00 100.00 100.00 100.00 100.00 100.00 75.00 83.33 100.00 100.00 87.50 88.89 71.43 100.00 91.67 66.67 87.50 100.00 100.00 80.00 83.33 85.71 33.33 71.43 75.00 85.71 87.50 45.45 100.00 60.00
87.52=70.00 100.00 100.00 100.00 100.00 88.89 90.91 100.00 75.00 83.33 85.71 100.00 88.89 60.00 100.00 90.91 77.78 100.00 100.00 100.00 100.00 83.33 100.00 57.14 70.00 100.00 66.67 88.89 55.56 80.00 100.00
87.56=87.50 100.00 100.00 60.00 80.00 100.00 87.50 100.00 100.00 100.00 100.00 100.00 85.71 100.00 100.00 78.57 70.00 100.00 100.00 100.00 80.00 83.33 100.00 60.00 70.00 75.00 83.33 80.00 66.67 100.00 66.67
90.44=87.50 100.00 100.00 100.00 100.00 100.00 100.00 80.00 100.00 100.00 100.00 87.50 100.00 80.00 100.00 66.67 80.00 87.50 100.00 100.00 100.00 80.00 87.50 80.00 75.00 100.00 85.71 88.89 62.50 75.00 100.00
88.99=87.50 100.00 100.00 60.00 66.67 100.00 100.00 100.00 100.00 83.33 87.50 100.00 87.50 100.00 88.89 90.91 80.00 85.71 100.00 80.00 100.00 100.00 87.50 100.00 85.71 75.00 83.33 77.78 71.43 100.00 80.00
62.62=100.00 100.00 84.21 95.00 0.00 50.00 95.24 70.00 32.14 88.24 70.37 84.00 66.67 65.38 68.97 80.00 72.22 56.10 32.00 88.89 0.00 88.46 84.62 28.57 35.71 54.17 61.11 55.17 42.11 53.33 38.46
60.13=91.30 100.00 88.24 86.96 0.00 48.00 95.65 55.56 22.73 88.89 64.71 86.96 56.67 58.33 77.78 67.65 69.44 40.38 47.83 77.78 22.22 100.00 85.19 22.22 21.43 68.75 45.00 60.00 27.78 66.67 20.00
61.64=95.65 100.00 85.00 90.91 0.00 52.27 76.92 57.14 36.00 88.89 61.54 80.77 64.29 54.55 77.78 67.74 70.59 46.67 42.86 77.78 9.09 83.33 84.00 15.79 56.25 61.11 45.83 71.43 33.33 77.78 45.45
61.97=87.50 100.00 85.71 76.00 0.00 52.27 88.46 76.19 26.92 93.33 68.57 66.67 64.29 73.91 84.62 80.00 81.25 43.75 42.31 88.89 5.88 91.67 80.77 23.81 35.71 73.33 42.86 65.00 29.41 55.56 36.36
63.20=95.83 100.00 81.82 79.17 3.33 50.00 91.67 76.19 41.67 93.75 62.16 80.77 59.38 59.09 84.00 80.00 86.21 47.83 39.29 87.50 6.25 84.00 81.48 21.05 36.84 64.71 50.00 86.67 23.81 71.43 33.33
59.28=88.46 100.00 67.86 79.17 0.00 48.89 86.36 81.82 23.81 90.91 61.29 73.33 55.56 41.38 64.71 76.00 65.71 60.53 38.46 53.33 7.69 85.19 82.61 46.67 33.33 58.33 34.78 85.71 44.44 54.55 46.67
58.77=91.30 95.45 72.00 68.97 0.00 51.16 82.61 66.67 25.93 88.24 55.88 73.33 57.58 55.00 88.00 82.14 56.41 63.89 39.13 64.71 0.00 69.44 70.37 37.50 22.22 70.00 40.00 84.62 28.57 83.33 37.50
59.05=88.46 91.30 75.00 79.17 0.00 47.92 90.91 82.35 13.64 93.33 53.85 62.50 47.06 57.14 60.53 77.78 64.71 57.14 52.17 80.00 0.00 81.48 80.77 38.46 29.41 65.00 40.00 78.57 33.33 62.50 46.15
59.47=95.45 95.24 69.23 76.92 0.00 50.00 70.83 76.47 13.33 75.00 51.28 72.73 48.72 58.82 68.75 75.00 71.88 63.89 50.00 75.00 0.00 75.76 82.61 47.06 27.27 76.47 42.86 63.16 41.18 83.33 45.45
59.42=100.00 100.00 70.37 76.92 0.00 43.18 76.00 83.33 16.00 75.00 56.76 74.19 51.28 60.00 69.70 75.00 64.52 63.16 38.89 83.33 7.14 73.33 80.00 40.00 18.75 66.67 50.00 68.42 31.58 71.43 57.14
90.56=77.78 100.00 100.00 100.00 66.67 100.00 100.00 100.00 100.00 83.33 100.00 100.00 83.33 71.43 72.73 100.00 77.78 100.00 77.78 87.50 100.00 100.00 87.50 66.67 75.00 100.00 100.00 100.00 80.00 100.00 100.00
87.82=70.00 100.00 100.00 100.00 100.00 75.00 100.00 100.00 100.00 100.00 87.50 100.00 100.00 71.43 100.00 73.33 66.67 80.00 85.71 88.89 100.00 100.00 100.00 60.00 62.50 100.00 85.71 100.00 55.56 100.00 60.00
89.71=77.78 100.00 100.00 66.67 100.00 100.00 100.00 100.00 71.43 100.00 100.00 87.50 100.00 66.67 100.00 90.00 66.67 100.00 100.00 87.50 100.00 100.00 100.00 66.67 85.71 42.86 100.00 100.00 71.43 100.00 100.00
90.36=77.78 100.00 100.00 100.00 100.00 100.00 100.00 100.00 100.00 83.33 87.50 85.71 100.00 71.43 100.00 100.00 88.89 100.00 100.00 88.89 100.00 100.00 85.71 75.00 85.71 60.00 100.00 88.89 55.56 83.33 83.33
87.60=70.00 100.00 100.00 100.00 66.67 100.00 100.00 80.00 100.00 100.00 87.50 100.00 87.50 71.43 100.00 90.91 71.43 100.00 100.00 100.00 100.00 100.00 100.00 50.00 70.00 75.00 71.43 100.00 66.67 57.14 100.00
87.01=70.00 100.00 100.00 75.00 100.00 100.00 100.00 50.00 83.33 100.00 100.00 77.78 75.00 100.00 100.00 100.00 100.00 87.50 100.00 87.50 66.67 83.33 80.00 83.33 88.89 20.00 83.33 100.00 85.71 100.00 100.00
84.71=55.56 100.00 100.00 75.00 80.00 87.50 100.00 44.44 71.43 100.00 87.50 87.50 100.00 100.00 55.56 100.00 88.89 100.00 83.33 80.00 100.00 100.00 100.00 80.00 87.50 33.33 100.00 85.71 42.86 100.00 100.00
86.23=87.50 100.00 100.00 75.00 100.00 85.71 100.00 37.50 80.00 83.33 100.00 100.00 88.89 100.00 70.00 100.00 100.00 100.00 100.00 88.89 60.00 100.00 80.00 66.67 62.50 75.00 85.71 100.00 71.43 100.00 75.00
87.07=87.50 100.00 100.00 75.00 66.67 88.89 100.00 50.00 57.14 100.00 100.00 75.00 100.00 100.00 80.00 70.00 87.50 100.00 87.50 72.73 100.00 83.33 100.00 71.43 85.71 100.00 100.00 100.00 75.00 85.71 100.00
86.58=87.50 100.00 100.00 60.00 80.00 87.50 100.00 50.00 83.33 83.33 100.00 100.00 88.89 100.00 66.67 87.50 100.00 87.50 100.00 88.89 100.00 100.00 100.00 71.43 88.89 50.00 100.00 87.50 60.00 100.00 75.00
59.77=85.19 100.00 78.26 73.08 3.12 47.92 76.00 76.47 26.09 87.50 52.78 79.31 54.76 70.00 70.97 85.19 66.67 58.97 38.10 52.94 0.00 81.48 79.17 41.67 28.57 57.14 31.82 90.91 35.00 57.14 66.67
58.69=92.00 100.00 73.91 71.43 0.00 51.06 68.00 57.14 15.00 86.67 56.67 67.65 48.65 45.83 75.86 83.33 60.53 59.46 42.86 43.48 0.00 75.76 90.91 45.45 24.00 75.00 40.91 87.50 36.84 80.00 63.64
60.05=78.57 100.00 66.67 69.23 0.00 51.11 73.91 75.00 17.65 80.00 60.00 69.70 50.00 44.44 82.14 82.76 70.59 64.71 43.48 58.82 0.00 86.21 80.00 50.00 34.78 56.00 57.14 81.25 44.00 75.00 58.33
59.21=95.83 100.00 69.23 77.27 0.00 46.67 74.07 64.71 16.67 83.33 63.64 76.67 51.35 52.38 68.97 87.50 70.59 59.46 37.93 45.00 0.00 85.19 88.46 38.46 33.33 59.09 52.94 92.86 36.84 57.14 50.00
58.70=95.83 100.00 70.37 74.07 0.00 43.48 86.36 90.91 22.73 68.42 51.22 77.78 48.57 37.50 70.97 78.57 67.65 62.16 57.14 47.62 0.00 82.76 95.24 33.33 22.22 66.67 35.29 60.00 26.32 71.43 75.00
86.16=87.50 100.00 100.00 100.00 66.67 88.89 100.00 80.00 55.56 83.33 87.50 85.71 83.33 83.33 85.71 90.00 72.73 85.71 100.00 100.00 100.00 75.00 100.00 60.00 100.00 75.00 100.00 100.00 50.00 100.00 75.00
90.33=85.71 100.00 100.00 100.00 100.00 100.00 100.00 100.00 83.33 83.33 100.00 100.00 100.00 83.33 77.78 100.00 80.00 87.50 100.00 100.00 80.00 100.00 87.50 75.00 88.89 60.00 100.00 88.89 55.56 83.33 100.00
88.73=77.78 100.00 100.00 100.00 100.00 100.00 100.00 66.67 62.50 100.00 87.50 85.71 85.71 100.00 87.50 90.91 80.00 75.00 100.00 100.00 100.00 83.33 100.00 50.00 75.00 100.00 100.00 87.50 55.56 100.00 100.00
88.73=70.00 100.00 100.00 66.67 80.00 100.00 100.00 100.00 71.43 100.00 100.00 85.71 85.71 100.00 88.89 91.67 80.00 100.00 100.00 100.00 75.00 100.00 100.00 66.67 71.43 75.00 100.00 100.00 62.50 100.00 80.00
89.45=77.78 100.00 100.00 100.00 80.00 100.00 100.00 100.00 83.33 100.00 75.00 75.00 85.71 83.33 100.00 100.00 77.78 83.33 87.50 100.00 100.00 100.00 100.00 80.00 75.00 100.00 100.00 85.71 60.00 83.33 80.00
82.69=63.64 100.00 100.00 66.67 60.00 75.00 100.00 42.86 100.00 83.33 100.00 100.00 80.00 80.00 58.33 85.71 100.00 83.33 100.00 80.00 60.00 100.00 100.00 100.00 87.50 33.33 66.67 100.00 57.14 100.00 100.00
86.46=85.71 100.00 100.00 75.00 100.00 80.00 100.00 66.67 37.50 83.33 100.00 85.71 100.00 100.00 85.71 100.00 88.89 87.50 100.00 77.78 66.67 100.00 100.00 83.33 87.50 20.00 85.71 100.00 83.33 100.00 100.00
89.93=87.50 100.00 100.00 100.00 100.00 72.73 100.00 57.14 71.43 83.33 100.00 100.00 100.00 100.00 54.55 100.00 100.00 87.50 100.00 88.89 100.00 100.00 83.33 85.71 100.00 50.00 85.71 100.00 80.00 100.00 100.00
86.88=77.78 100.00 100.00 100.00 100.00 100.00 100.00 66.67 50.00 100.00 100.00 87.50 87.50 100.00 77.78 100.00 87.50 100.00 100.00 66.67 100.00 100.00 85.71 80.00 100.00 0.00 100.00 100.00 42.86 83.33 100.00
90.78=87.50 100.00 100.00 75.00 100.00 100.00 100.00 66.67 66.67 100.00 100.00 100.00 100.00 100.00 87.50 88.89 100.00 70.00 100.00 88.89 80.00 100.00 87.50 85.71 100.00 50.00 100.00 100.00 80.00 100.00 100.00
59.59=95.83 100.00 72.00 67.86 0.00 52.38 83.33 86.67 15.79 70.00 55.26 63.89 54.55 61.11 74.19 73.33 68.75 59.46 45.83 66.67 0.00 75.86 86.36 36.36 25.00 68.42 36.36 80.00 36.36 50.00 85.71
59.64=96.00 100.00 78.26 74.07 0.00 47.92 76.92 81.82 18.18 83.33 51.28 72.73 54.29 50.00 63.64 74.07 64.71 56.76 45.00 58.82 25.00 75.76 91.67 40.00 11.76 82.35 45.00 72.73 18.75 83.33 54.55
61.14=95.65 95.45 75.00 79.17 0.00 51.06 82.61 72.22 5.88 80.00 50.00 80.00 51.43 54.55 62.86 65.79 65.71 62.16 46.88 57.89 0.00 78.57 78.57 33.33 41.18 93.33 46.67 76.92 26.67 100.00 85.71
59.73=95.24 100.00 76.00 76.00 0.00 44.68 84.00 75.00 21.43 85.71 55.26 77.78 48.72 59.09 73.33 75.00 71.88 59.52 44.44 50.00 10.00 83.33 91.67 37.50 14.29 77.78 55.56 75.00 33.33 57.14 42.86
60.56=100.00 95.45 81.82 71.43 0.00 48.94 90.91 70.59 20.00 72.73 51.22 74.19 50.00 57.89 69.70 75.00 75.00 60.98 53.85 76.92 0.00 69.44 94.74 26.32 26.67 60.87 50.00 80.00 26.32 71.43 75.00
84.69=87.50 100.00 87.50 75.00 80.00 100.00 100.00 66.67 44.44 100.00 100.00 100.00 62.50 100.00 87.50 75.00 88.89 100.00 100.00 88.89 57.14 71.43 100.00 100.00 66.67 66.67 100.00 77.78 66.67 100.00 75.00
85.45=87.50 100.00 87.50 100.00 100.00 100.00 100.00 50.00 100.00 66.67 87.50 77.78 100.00 83.33 72.73 100.00 100.00 100.00 100.00 100.00 80.00 60.00 60.00 71.43 100.00 66.67 85.71 88.89 83.33 100.00 40.00
83.25=100.00 100.00 75.00 75.00 100.00 87.50 83.33 66.67 62.50 83.33 100.00 77.78 62.50 80.00 75.00 100.00 88.89 100.00 100.00 72.73 100.00 80.00 100.00 66.67 100.00 50.00 60.00 87.50 71.43 100.00 75.00
86.40=100.00 100.00 75.00 100.00 66.67 77.78 100.00 66.67 33.33 100.00 87.50 100.00 87.50 100.00 66.67 85.71 100.00 100.00 100.00 100.00 80.00 83.33 100.00 66.67 100.00 60.00 100.00 100.00 83.33 83.33 75.00
85.35=100.00 100.00 85.71 100.00 100.00 100.00 90.91 80.00 83.33 100.00 87.50 100.00 70.00 83.33 72.73 100.00 88.89 77.78 83.33 87.50 100.00 83.33 60.00 62.50 85.71 66.67 83.33 80.00 83.33 100.00 50.00
62.30=86.96 95.45 73.91 79.17 2.38 48.98 100.00 81.82 22.22 88.89 57.14 81.48 69.23 60.00 68.97 72.41 76.67 57.89 40.74 84.21 6.67 76.00 76.67 25.00 33.33 55.56 63.16 73.33 37.50 55.56 80.00
63.80=95.83 100.00 73.91 86.96 0.00 47.83 88.00 70.00 28.57 85.71 72.22 79.31 69.23 78.95 91.30 67.86 71.43 53.85 44.44 80.00 0.00 92.00 82.14 35.00 47.37 70.59 55.00 66.67 43.75 50.00 50.00
63.81=95.65 100.00 66.67 90.48 0.00 50.00 95.24 73.91 36.00 94.12 69.70 75.00 65.38 77.27 73.33 72.73 77.42 56.76 36.67 87.50 7.14 88.00 82.14 26.32 42.11 57.89 55.56 55.00 30.00 62.50 77.78
61.43=100.00 100.00 75.00 83.33 0.00 50.00 83.33 61.11 32.00 72.73 64.86 88.00 66.67 45.83 82.14 84.00 79.31 51.16 37.93 80.00 0.00 91.67 84.00 20.00 29.41 66.67 55.56 70.00 30.00 62.50 57.14
61.66=92.31 95.45 72.73 83.33 0.00 52.17 95.65 63.16 30.77 85.71 69.44 73.33 62.07 65.38 82.61 74.07 77.42 58.33 28.57 88.24 0.00 91.30 85.71 21.05 35.29 55.00 52.63 69.57 28.57 71.43 50.00
83.73=100.00 80.00 100.00 100.00 80.00 100.00 90.91 40.00 62.50 83.33 100.00 100.00 87.50 75.00 80.00 100.00 100.00 70.00 87.50 100.00 57.14 66.67 80.00 44.44 100.00 100.00 75.00 85.71 75.00 100.00 75.00
85.71=87.50 100.00 85.71 50.00 100.00 88.89 100.00 57.14 40.00 100.00 87.50 100.00 87.50 100.00 100.00 90.00 77.78 100.00 100.00 88.89 42.86 80.00 100.00 50.00 100.00 100.00 100.00 100.00 83.33 100.00 60.00
83.51=100.00 100.00 85.71 75.00 80.00 66.67 100.00 57.14 50.00 100.00 87.50 100.00 87.50 100.00 100.00 100.00 87.50 87.50 85.71 80.00 0.00 66.67 85.71 57.14 85.71 100.00 100.00 100.00 83.33 100.00 80.00
88.32=100.00 100.00 75.00 100.00 100.00 80.00 100.00 66.67 62.50 100.00 100.00 100.00 100.00 100.00 100.00 81.82 88.89 87.50 83.33 70.00 66.67 100.00 100.00 55.56 100.00 40.00 100.00 100.00 100.00 100.00 80.00
87.94=87.50 100.00 100.00 100.00 80.00 80.00 100.00 57.14 50.00 100.00 87.50 85.71 75.00 83.33 100.00 88.89 87.50 87.50 100.00 100.00 100.00 83.33 100.00 85.71 83.33 100.00 85.71 85.71 85.71 100.00 66.67
84.26=100.00 100.00 100.00 75.00 80.00 87.50 100.00 100.00 66.67 100.00 100.00 66.67 85.71 62.50 85.71 75.00 66.67 66.67 100.00 100.00 100.00 100.00 100.00 50.00 80.00 75.00 85.71 100.00 80.00 83.33 40.00
87.93=77.78 100.00 100.00 100.00 100.00 88.89 100.00 100.00 100.00 83.33 85.71 100.00 88.89 80.00 100.00 90.91 72.73 87.50 100.00 100.00 100.00 44.44 100.00 80.00 85.71 75.00 83.33 77.78 57.14 100.00 66.67
84.72=77.78 100.00 100.00 100.00 66.67 70.00 100.00 100.00 83.33 100.00 100.00 75.00 85.71 62.50 100.00 100.00 70.00 100.00 87.50 88.89 100.00 83.33 100.00 50.00 83.33 60.00 75.00 85.71 50.00 71.43 100.00
86.36=77.78 100.00 100.00 42.86 100.00 88.89 100.00 100.00 60.00 71.43 100.00 100.00 100.00 42.86 100.00 100.00 80.00 77.78 100.00 88.89 80.00 66.67 75.00 100.00 75.00 100.00 100.00 100.00 75.00 100.00 75.00
88.46=77.78 100.00 100.00 66.67 100.00 100.00 100.00 100.00 71.43 80.00 87.50 85.71 100.00 100.00 100.00 90.00 72.73 100.00 100.00 100.00 100.00 66.67 85.71 100.00 66.67 60.00 100.00 100.00 60.00 100.00 71.43
58.50=95.83 95.45 75.00 73.08 0.00 43.18 76.00 66.67 25.00 82.35 54.05 75.86 60.00 65.00 63.16 78.57 69.70 58.54 40.00 52.63 0.00 88.00 80.00 31.25 26.32 60.00 43.75 76.92 30.43 66.67 60.00
59.15=88.46 100.00 73.91 74.07 0.00 47.62 80.00 76.47 20.83 68.42 52.63 68.75 50.00 47.83 75.86 80.00 64.71 57.50 46.15 58.82 0.00 76.67 88.00 23.08 30.00 86.67 50.00 66.67 22.22 100.00 58.33
60.89=95.83 100.00 73.91 76.92 0.00 47.92 83.33 80.00 11.76 88.89 63.89 80.77 50.00 54.55 70.97 82.76 67.57 57.50 54.55 50.00 0.00 89.29 86.96 35.71 33.33 65.00 45.00 85.71 35.00 75.00 45.45
60.51=95.65 95.45 72.00 82.61 0.00 47.73 80.00 47.06 7.14 94.12 56.41 71.88 51.35 50.00 69.44 78.57 75.00 64.86 50.00 66.67 0.00 69.70 78.26 28.57 44.44 65.00 66.67 81.25 33.33 75.00 77.78
58.97=95.65 100.00 69.23 74.07 0.00 50.00 86.96 66.67 20.00 75.00 45.24 72.73 47.37 50.00 77.42 87.50 66.67 62.16 45.83 61.11 8.33 79.31 92.00 46.15 42.11 70.59 40.00 76.19 26.32 40.00 53.33
82.58=70.00 100.00 100.00 60.00 80.00 72.73 100.00 57.14 50.00 100.00 100.00 100.00 88.89 100.00 83.33 100.00 88.89 87.50 87.50 85.71 60.00 80.00 100.00 66.67 66.67 50.00 75.00 100.00 50.00 100.00 100.00
82.27=70.00 100.00 100.00 100.00 100.00 100.00 100.00 57.14 57.14 100.00 100.00 85.71 70.00 83.33 75.00 100.00 87.50 100.00 100.00 66.67 80.00 100.00 57.14 83.33 87.50 0.00 75.00 100.00 40.00 100.00 75.00
86.34=100.00 80.00 100.00 100.00 100.00 87.50 100.00 37.50 66.67 100.00 100.00 100.00 88.89 100.00 55.56 88.89 87.50 100.00 100.00 80.00 80.00 100.00 100.00 75.00 100.00 50.00 66.67 88.89 60.00 100.00 83.33
89.73=77.78 100.00 100.00 60.00 100.00 88.89 100.00 80.00 57.14 100.00 100.00 87.50 100.00 100.00 71.43 87.50 100.00 100.00 85.71 100.00 100.00 83.33 100.00 85.71 100.00 50.00 100.00 100.00 66.67 100.00 100.00
88.60=77.78 100.00 100.00 100.00 80.00 100.00 100.00 80.00 71.43 83.33 100.00 77.78 100.00 100.00 70.00 100.00 100.00 100.00 100.00 88.89 80.00 75.00 100.00 75.00 85.71 60.00 100.00 100.00 75.00 100.00 66.67
87.27=100.00 100.00 85.71 100.00 80.00 88.89 90.91 66.67 62.50 80.00 100.00 100.00 77.78 100.00 100.00 100.00 87.50 87.50 100.00 100.00 80.00 80.00 100.00 66.67 100.00 60.00 83.33 77.78 75.00 100.00 75.00
81.88=100.00 100.00 87.50 100.00 100.00 72.73 100.00 50.00 60.00 100.00 77.78 100.00 87.50 71.43 100.00 100.00 100.00 87.50 87.50 77.78 75.00 62.50 50.00 57.14 100.00 66.67 75.00 100.00 66.67 85.71 40.00
82.88=77.78 100.00 100.00 100.00 100.00 87.50 90.91 42.86 28.57 83.33 100.00 83.33 100.00 80.00 85.71 87.50 100.00 100.00 87.50 77.78 100.00 66.67 85.71 100.00 100.00 50.00 62.50 100.00 66.67 75.00 50.00
83.87=100.00 100.00 87.50 100.00 66.67 88.89 90.00 66.67 62.50 100.00 100.00 87.50 75.00 80.00 100.00 100.00 100.00 85.71 100.00 88.89 75.00 62.50 50.00 66.67 100.00 60.00 100.00 85.71 75.00 85.71 60.00
87.55=100.00 100.00 85.71 100.00 100.00 100.00 100.00 66.67 57.14 100.00 87.50 87.50 66.67 100.00 100.00 100.00 80.00 100.00 100.00 88.89 100.00 80.00 66.67 62.50 100.00 66.67 85.71 100.00 66.67 85.71 80.00
60.29=88.46 95.45 81.82 76.92 0.00 48.98 82.61 70.59 20.00 93.75 56.10 65.62 52.94 51.85 75.00 78.57 67.65 60.00 46.67 76.92 0.00 80.77 91.67 33.33 23.53 76.47 40.00 82.35 29.41 71.43 50.00
61.12=87.50 95.45 78.26 76.00 0.00 45.10 86.96 69.23 22.22 81.25 55.26 76.67 54.29 54.55 68.75 82.76 68.57 61.54 50.00 55.56 0.00 80.00 95.65 54.55 26.67 70.59 38.10 92.31 45.00 63.64 58.33
61.83=100.00 100.00 64.29 72.00 0.00 47.73 100.00 75.00 23.81 82.35 47.62 75.86 53.85 57.14 77.78 82.14 63.89 58.97 54.55 63.16 0.00 81.25 86.36 46.67 28.57 66.67 47.62 86.67 35.29 62.50 75.00
60.26=100.00 100.00 58.62 70.37 2.86 48.84 86.36 68.00 18.18 68.18 59.46 77.42 57.14 52.00 68.57 88.00 62.86 55.26 55.17 70.59 0.00 84.00 90.48 42.86 33.33 82.35 57.14 75.00 25.00 60.00 50.00
62.37=95.83 100.00 82.61 71.43 0.00 46.94 75.00 62.50 16.67 93.75 55.26 68.75 54.05 50.00 77.78 83.33 71.88 56.82 48.00 71.43 0.00 72.73 95.24 37.50 42.86 65.00 50.00 88.89 31.58 80.00 87.50
65.78=100.00 95.45 72.00 76.92 0.00 48.94 91.30 83.33 34.48 100.00 75.00 71.43 71.43 73.91 69.70 91.30 69.44 50.00 31.03 84.21 9.09 88.00 88.00 21.05 64.29 55.00 41.67 100.00 30.77 62.50 88.89
62.31=92.31 95.24 76.00 78.26 0.00 50.00 82.76 83.33 29.17 89.47 62.86 84.00 64.52 69.57 73.33 74.07 73.53 50.00 36.36 88.89 0.00 78.57 92.59 23.53 29.41 61.11 50.00 72.73 50.00 60.00 60.00
63.76=92.00 100.00 63.33 86.36 2.56 50.00 91.30 72.73 45.00 80.95 71.43 75.86 68.00 69.57 79.31 75.00 73.53 46.81 40.74 60.00 0.00 84.00 82.14 21.05 60.00 64.71 57.89 94.74 50.00 80.00 37.50
61.72=92.00 100.00 72.00 85.00 0.00 50.00 95.65 76.92 27.59 89.47 72.73 78.57 64.00 60.00 81.48 67.65 67.65 50.00 44.44 68.42 13.33 84.62 91.30 11.11 30.77 55.56 45.45 75.00 25.00 62.50 75.00
62.80=95.65 100.00 73.08 85.71 0.00 53.33 91.30 68.75 34.78 85.00 67.57 75.00 61.29 68.18 79.31 63.64 81.25 45.45 42.31 73.68 7.14 83.33 82.14 14.29 50.00 50.00 42.86 89.47 38.10 80.00 64.29
61.22=100.00 95.45 72.73 76.00 0.00 53.66 76.00 70.59 22.73 77.78 61.76 56.10 52.94 50.00 73.33 78.57 59.46 52.50 41.38 71.43 0.00 67.74 90.00 47.06 46.15 61.90 53.33 72.22 42.11 100.00 75.00
59.77=92.00 100.00 76.00 76.92 0.00 55.26 83.33 62.50 22.73 80.95 51.16 62.86 55.88 62.50 68.75 74.19 63.64 52.50 43.48 62.50 11.11 80.65 84.62 21.43 27.78 62.50 53.33 78.57 33.33 85.71 66.67
58.27=88.46 95.45 70.37 79.17 0.00 50.00 90.48 71.43 16.67 77.78 47.62 71.88 50.00 53.33 62.07 77.42 74.19 57.89 53.85 52.94 11.11 72.73 78.26 33.33 26.67 60.87 50.00 81.25 28.57 62.50 60.00
62.85=95.83 100.00 66.67 80.00 0.00 47.62 87.50 82.35 19.05 92.86 56.41 67.86 52.94 57.89 71.88 73.33 64.86 60.00 55.56 61.11 0.00 79.31 91.67 50.00 26.32 68.42 69.23 87.50 25.00 100.00 57.14
61.07=100.00 95.45 78.26 79.17 0.00 46.67 82.61 85.71 13.64 93.75 51.28 73.33 51.43 62.50 68.97 74.19 58.54 53.33 36.36 41.67 12.50 72.73 95.45 36.84 15.00 81.25 69.23 93.75 35.71 80.00 53.85
83.46=83.33 100.00 100.00 60.00 57.14 100.00 88.89 80.00 50.00 100.00 77.78 100.00 87.50 75.00 87.50 100.00 87.50 87.50 77.78 100.00 80.00 57.14 100.00 55.56 85.71 100.00 83.33 85.71 80.00 100.00 60.00
83.02=100.00 100.00 87.50 75.00 50.00 88.89 100.00 80.00 57.14 100.00 100.00 87.50 85.71 100.00 100.00 87.50 88.89 85.71 83.33 100.00 60.00 66.67 100.00 50.00 100.00 66.67 66.67 85.71 75.00 85.71 60.00
86.97=100.00 100.00 87.50 100.00 50.00 88.89 100.00 80.00 62.50 83.33 87.50 87.50 85.71 100.00 100.00 100.00 87.50 100.00 100.00 100.00 60.00 57.14 100.00 57.14 100.00 100.00 85.71 66.67 83.33 85.71 100.00
82.16=87.50 100.00 87.50 60.00 66.67 88.89 90.91 60.00 42.86 100.00 83.33 100.00 100.00 100.00 85.71 100.00 87.50 87.50 85.71 88.89 100.00 62.50 62.50 50.00 100.00 66.67 100.00 100.00 66.67 85.71 50.00
84.08=85.71 100.00 87.50 75.00 80.00 88.89 100.00 100.00 57.14 100.00 70.00 100.00 100.00 100.00 85.71 100.00 100.00 100.00 71.43 100.00 100.00 57.14 71.43 40.00 100.00 60.00 100.00 88.89 57.14 55.56 75.00
59.19=95.45 100.00 76.19 71.43 0.00 53.33 85.71 70.59 28.57 75.00 52.27 63.89 56.41 57.14 62.50 90.91 75.00 55.00 61.90 66.67 6.25 75.00 90.48 7.14 54.55 57.14 51.85 66.67 35.00 50.00 42.86
59.31=88.00 100.00 76.19 75.00 6.45 48.84 95.00 66.67 23.08 54.55 54.35 63.89 57.14 61.90 73.08 80.00 70.97 55.56 52.94 47.06 11.76 78.57 80.00 6.25 58.33 57.69 59.09 77.78 36.84 80.00 41.67
60.12=91.67 100.00 85.00 73.91 0.00 67.65 95.00 73.68 21.74 66.67 56.82 58.54 58.33 75.00 75.86 73.08 79.31 54.05 57.89 55.00 13.33 78.57 73.08 6.25 50.00 69.57 54.55 57.14 42.11 66.67 33.33
60.96=95.83 100.00 80.95 69.23 0.00 55.81 94.74 65.00 25.93 66.67 57.78 62.16 62.07 75.00 75.00 75.00 80.00 55.26 47.06 50.00 5.88 90.91 80.00 5.00 36.84 60.87 68.42 77.78 30.43 80.00 60.00
61.47=95.45 100.00 94.12 60.71 0.00 57.14 95.00 66.67 14.29 69.57 59.09 64.86 61.11 63.64 69.70 84.00 75.76 62.86 50.00 50.00 16.67 87.50 85.71 4.55 50.00 72.73 47.62 77.78 23.08 62.50 83.33
84.72=75.00 100.00 100.00 100.00 80.00 88.89 100.00 100.00 50.00 100.00 87.50 100.00 83.33 60.00 77.78 83.33 77.78 75.00 75.00 87.50 80.00 55.56 100.00 75.00 100.00 60.00 100.00 100.00 54.55 100.00 100.00
87.13=87.50 100.00 100.00 60.00 80.00 100.00 100.00 80.00 66.67 100.00 87.50 100.00 75.00 75.00 85.71 100.00 70.00 100.00 87.50 88.89 100.00 44.44 100.00 100.00 77.78 75.00 100.00 100.00 60.00 100.00 100.00
88.77=87.50 100.00 100.00 100.00 66.67 88.89 100.00 80.00 66.67 100.00 100.00 100.00 87.50 100.00 87.50 100.00 66.67 100.00 85.71 100.00 80.00 62.50 100.00 100.00 87.50 100.00 85.71 85.71 50.00 100.00 83.33
87.76=77.78 100.00 100.00 100.00 80.00 100.00 90.91 80.00 62.50 100.00 100.00 100.00 75.00 80.00 100.00 88.89 53.85 100.00 100.00 100.00 100.00 83.33 100.00 100.00 71.43 75.00 85.71 87.50 45.45 83.33 100.00
88.73=87.50 100.00 100.00 75.00 100.00 88.89 100.00 100.00 80.00 83.33 100.00 85.71 85.71 83.33 87.50 81.82 80.00 100.00 100.00 100.00 100.00 83.33 100.00 80.00 80.00 60.00 100.00 100.00 57.14 71.43 100.00
62.27=92.31 95.45 77.27 86.36 0.00 53.33 91.67 76.47 31.82 85.00 65.79 72.73 65.38 73.08 84.62 74.19 70.97 44.90 39.13 85.00 7.69 87.50 79.31 18.75 20.00 68.42 47.37 71.43 31.25 66.67 66.67
62.43=95.65 100.00 64.29 83.33 0.00 48.98 100.00 75.00 31.82 88.89 69.70 80.77 60.71 78.26 75.86 75.00 83.33 41.18 42.86 78.95 6.67 84.00 86.21 18.18 50.00 68.75 50.00 78.95 25.00 50.00 42.86
64.36=95.83 100.00 68.00 80.00 0.00 48.84 95.00 70.00 29.17 100.00 70.27 74.19 62.96 77.78 80.00 88.00 72.22 38.78 38.46 100.00 5.56 79.31 80.77 27.78 47.06 75.00 63.16 76.47 21.43 62.50 66.67
64.93=91.30 100.00 62.96 83.33 0.00 51.06 95.65 76.47 29.63 89.47 66.67 82.14 71.43 74.07 79.31 84.62 83.33 50.00 38.46 83.33 5.88 86.36 84.62 33.33 28.57 61.11 47.83 100.00 31.25 71.43 69.23
64.63=92.00 100.00 62.96 82.61 2.86 51.06 95.45 70.00 36.00 75.00 67.57 78.57 64.29 68.00 79.31 75.00 70.59 64.52 33.33 75.00 0.00 92.00 92.00 29.41 35.29 66.67 61.11 89.47 31.25 71.43 90.91
83.91=63.64 100.00 87.50 75.00 100.00 80.00 100.00 57.14 62.50 100.00 100.00 100.00 85.71 80.00 71.43 88.89 100.00 87.50 85.71 87.50 57.14 100.00 100.00 71.43 83.33 60.00 100.00 100.00 50.00 100.00 66.67
82.00=77.78 100.00 87.50 75.00 100.00 88.89 100.00 60.00 36.36 100.00 77.78 83.33 87.50 100.00 62.50 100.00 85.71 100.00 75.00 72.73 44.44 83.33 83.33 75.00 100.00 66.67 100.00 85.71 33.33 100.00 100.00
84.92=77.78 83.33 87.50 100.00 57.14 77.78 100.00 80.00 30.00 100.00 87.50 100.00 88.89 100.00 70.00 100.00 100.00 100.00 100.00 77.78 57.14 100.00 100.00 80.00 100.00 50.00 100.00 77.78 50.00 100.00 100.00
85.29=77.78 100.00 100.00 100.00 57.14 88.89 100.00 57.14 55.56 100.00 100.00 100.00 88.89 100.00 62.50 100.00 80.00 100.00 100.00 88.89 80.00 100.00 100.00 75.00 85.71 75.00 100.00 85.71 50.00 85.71 50.00
78.00=70.00 100.00 100.00 60.00 57.14 72.73 100.00 60.00 33.33 100.00 87.50 100.00 80.00 100.00 66.67 100.00 100.00 85.71 100.00 88.89 57.14 100.00 50.00 75.00 85.71 50.00 83.33 100.00 33.33 71.43 50.00
63.33=96.00 90.91 65.38 86.36 0.00 54.55 91.67 70.59 27.27 85.71 58.54 67.74 57.14 75.00 86.21 88.46 75.00 50.00 36.00 78.95 0.00 81.48 96.15 16.67 36.36 65.00 52.63 77.27 46.15 62.50 87.50
64.21=100.00 100.00 66.67 83.33 0.00 48.98 91.30 70.00 34.62 83.33 66.67 80.00 68.97 82.61 80.77 75.86 78.79 47.37 39.29 80.00 0.00 83.33 90.91 28.57 50.00 52.38 50.00 87.50 35.29 62.50 71.43
65.81=100.00 100.00 66.67 86.96 0.00 46.81 84.62 65.22 30.43 76.19 67.65 83.33 62.96 74.07 91.67 80.00 80.65 50.00 48.00 65.22 10.00 88.00 91.30 23.53 61.54 72.22 60.00 77.27 41.18 54.55 100.00
62.19=100.00 100.00 65.38 79.17 0.00 53.49 92.00 64.29 33.33 68.00 77.42 77.78 64.52 80.95 82.14 76.00 74.29 44.19 25.00 81.25 7.69 80.00 92.31 26.32 23.08 52.63 47.62 85.71 31.82 75.00 66.67
63.02=95.00 100.00 69.23 80.95 0.00 53.66 95.65 75.00 27.78 69.23 73.53 72.41 64.29 73.91 88.46 70.97 74.19 44.44 37.93 93.75 0.00 85.19 86.21 19.23 30.77 45.45 52.63 94.44 35.00 55.56 88.89
60.31=81.48 95.65 81.82 73.08 0.00 58.14 90.00 68.42 27.27 70.00 62.16 61.54 58.62 71.43 76.00 85.00 75.00 58.82 48.15 43.48 9.09 92.00 89.47 7.14 40.00 50.00 50.00 85.00 25.00 85.71 50.00
59.43=100.00 100.00 73.91 59.26 0.00 55.56 84.62 60.87 20.69 65.00 68.57 60.53 58.06 71.43 67.74 78.26 67.65 52.38 37.50 58.82 0.00 86.96 79.17 5.56 42.86 70.00 66.67 82.35 25.00 71.43 71.43
57.95=100.00 100.00 78.95 70.37 0.00 56.82 90.48 60.87 24.00 68.18 54.35 57.89 65.52 58.33 60.00 74.07 67.74 48.78 40.00 55.56 10.00 83.33 77.27 13.33 37.50 69.57 65.22 83.33 23.53 30.00 71.43
58.22=100.00 100.00 85.71 68.00 0.00 57.50 90.91 75.00 21.74 65.22 57.78 60.53 65.71 59.09 70.97 82.61 80.65 55.26 38.10 58.82 0.00 71.43 82.61 5.88 66.67 62.50 65.22 66.67 12.50 33.33 44.44
58.54=90.00 100.00 83.33 59.26 3.33 59.52 84.00 62.50 20.83 60.87 64.86 68.57 55.00 70.00 62.86 88.24 70.97 64.71 36.36 50.00 0.00 87.50 79.17 0.00 53.33 55.56 71.43 68.18 28.57 44.44 71.43
78.22=60.00 100.00 71.43 66.67 75.00 80.00 100.00 100.00 44.44 71.43 66.67 75.00 83.33 80.00 100.00 100.00 72.73 42.86 100.00 100.00 50.00 66.67 83.33 75.00 100.00 75.00 85.71 83.33 36.36 80.00 100.00
85.48=100.00 100.00 83.33 75.00 100.00 88.89 100.00 100.00 50.00 83.33 87.50 100.00 100.00 66.67 62.50 100.00 70.00 85.71 100.00 100.00 100.00 50.00 100.00 80.00 71.43 60.00 100.00 100.00 55.56 80.00 100.00
85.53=70.00 100.00 100.00 100.00 66.67 70.00 100.00 80.00 62.50 100.00 75.00 75.00 100.00 100.00 87.50 100.00 70.00 80.00 100.00 100.00 100.00 83.33 100.00 60.00 85.71 50.00 85.71 100.00 50.00 100.00 100.00
87.33=77.78 100.00 100.00 100.00 100.00 88.89 100.00 80.00 66.67 57.14 70.00 85.71 87.50 80.00 75.00 100.00 80.00 83.33 100.00 100.00 100.00 57.14 100.00 100.00 87.50 75.00 100.00 100.00 55.56 100.00 100.00
86.32=87.50 100.00 100.00 75.00 100.00 88.89 100.00 80.00 100.00 83.33 75.00 75.00 85.71 100.00 63.64 90.91 72.73 100.00 100.00 100.00 80.00 75.00 83.33 66.67 100.00 60.00 83.33 100.00 50.00 100.00 100.00
62.88=100.00 95.24 73.91 86.36 0.00 55.81 90.91 66.67 21.74 60.87 76.67 55.00 70.37 79.17 77.78 88.00 71.88 54.05 32.00 83.33 5.26 84.00 85.19 26.67 57.14 35.71 45.83 80.95 47.06 66.67 75.00
65.24=95.83 100.00 69.23 90.91 0.00 53.33 95.24 66.67 33.33 85.71 73.53 70.00 66.67 80.00 81.48 76.67 69.44 52.63 40.91 80.95 0.00 77.78 88.00 29.41 45.45 76.47 60.00 100.00 35.00 50.00 77.78
64.54=95.83 100.00 66.67 90.91 3.45 52.17 88.46 75.00 31.82 78.26 70.27 70.00 60.00 76.19 78.57 71.88 66.67 47.62 29.63 78.95 6.25 84.62 91.67 14.29 31.25 78.57 52.94 94.44 35.29 87.50 91.67
64.28=100.00 100.00 58.33 85.71 3.12 52.38 86.96 80.00 25.93 94.74 69.70 74.19 64.29 60.87 80.77 74.19 78.79 46.94 40.74 88.24 0.00 88.00 92.00 26.32 36.36 52.63 50.00 90.91 33.33 100.00 57.14
62.87=100.00 100.00 68.00 80.95 0.00 50.00 84.00 57.89 26.92 77.27 70.59 65.52 58.62 73.91 80.00 76.92 74.19 43.75 33.33 77.78 0.00 91.67 82.76 25.00 37.50 52.63 62.50 85.71 31.58 100.00 80.00
59.82=95.65 100.00 80.95 66.67 0.00 57.14 95.24 47.83 33.33 48.00 66.67 53.33 60.00 52.63 68.97 95.00 79.31 63.89 42.86 66.67 0.00 76.00 80.95 5.56 56.25 69.57 70.00 81.25 18.52 55.56 66.67
60.09=95.83 100.00 73.91 78.26 0.00 67.57 95.65 66.67 14.81 54.17 57.50 55.81 58.33 75.00 75.00 86.36 76.67 50.00 45.45 53.33 10.00 84.62 80.95 0.00 38.89 61.54 70.59 93.33 20.00 60.00 62.50
61.38=95.45 100.00 85.00 68.00 0.00 63.89 95.45 56.25 18.75 62.50 63.16 57.50 55.00 78.95 72.73 90.00 72.73 54.55 57.89 61.11 7.69 75.00 94.44 5.00 53.85 61.54 54.55 61.90 30.00 75.00 75.00
58.66=91.67 100.00 94.44 65.38 0.00 62.86 85.71 65.00 20.69 59.09 61.54 61.11 64.52 66.67 65.62 77.78 68.57 60.53 41.67 50.00 15.38 73.33 76.00 6.25 50.00 72.73 61.90 68.42 19.05 62.50 50.00
59.76=100.00 100.00 94.12 62.07 0.00 59.46 95.65 57.14 27.27 76.47 56.10 56.10 60.61 56.52 74.07 86.96 71.43 52.78 47.37 50.00 8.33 80.77 82.61 7.14 52.38 71.43 66.67 80.95 23.81 44.44 50.00
63.05=95.45 95.24 78.26 81.82 0.00 50.00 81.82 81.82 30.00 100.00 52.27 50.00 52.94 50.00 63.89 83.33 64.71 65.79 47.62 64.29 0.00 78.57 86.96 35.29 72.73 56.52 43.75 85.00 30.00 85.71 90.91
61.33=100.00 100.00 78.26 76.92 0.00 55.81 86.36 71.43 22.73 77.78 53.66 61.76 50.00 69.57 67.65 78.57 64.86 57.89 40.00 75.00 0.00 80.00 80.00 46.15 28.57 56.00 50.00 88.89 36.84 80.00 66.67
59.09=95.83 100.00 64.00 73.08 0.00 51.22 76.92 81.25 13.64 87.50 58.82 64.86 54.05 60.00 74.19 77.78 76.67 53.85 36.00 71.43 0.00 70.00 74.07 28.57 16.67 72.22 45.00 87.50 26.09 71.43 69.23
63.63=100.00 95.45 72.00 64.52 0.00 50.00 90.91 85.71 19.05 92.86 52.38 64.71 50.00 62.96 72.41 84.00 74.19 62.16 43.48 71.43 0.00 88.89 79.31 31.58 26.09 68.42 50.00 88.89 31.25 100.00 100.00
60.32=88.00 95.24 75.00 69.23 0.00 56.41 87.50 76.47 13.64 77.78 48.84 55.00 52.94 63.64 68.75 71.88 76.67 62.16 35.00 66.67 0.00 75.00 86.96 33.33 42.86 77.78 50.00 83.33 31.58 71.43 76.92
80.34=77.78 100.00 100.00 50.00 100.00 87.50 100.00 100.00 66.67 71.43 63.64 62.50 100.00 66.67 100.00 100.00 75.00 57.14 100.00 100.00 66.67 66.67 100.00 75.00 88.89 50.00 85.71 62.50 50.00 100.00 66.67
83.18=77.78 100.00 100.00 100.00 100.00 70.00 100.00 100.00 66.67 71.43 70.00 66.67 100.00 60.00 87.50 100.00 71.43 57.14 100.00 87.50 100.00 50.00 100.00 50.00 100.00 75.00 71.43 100.00 46.15 100.00 100.00
81.89=87.50 100.00 83.33 75.00 66.67 72.73 90.91 100.00 66.67 100.00 60.00 100.00 87.50 100.00 71.43 100.00 80.00 50.00 100.00 100.00 80.00 60.00 100.00 66.67 63.64 60.00 100.00 100.00 41.67 100.00 75.00
80.17=85.71 100.00 100.00 75.00 100.00 87.50 100.00 100.00 60.00 71.43 87.50 75.00 85.71 57.14 66.67 100.00 75.00 100.00 100.00 100.00 66.67 50.00 50.00 66.67 60.00 60.00 75.00 85.71 44.44 100.00 100.00
86.06=87.50 100.00 100.00 100.00 100.00 100.00 90.00 80.00 37.50 100.00 66.67 85.71 85.71 80.00 77.78 100.00 80.00 100.00 87.50 100.00 80.00 83.33 100.00 66.67 87.50 100.00 85.71 85.71 45.45 100.00 75.00
57.87=88.46 100.00 81.82 68.00 0.00 55.81 95.00 52.63 31.82 60.87 63.89 51.11 67.65 60.87 82.14 85.00 61.11 53.85 52.17 50.00 0.00 95.00 80.00 0.00 41.18 60.00 70.59 66.67 16.67 44.44 57.14
59.46=92.00 95.65 72.73 66.67 0.00 57.50 100.00 70.59 20.83 75.00 57.50 63.16 58.62 50.00 67.86 77.27 67.57 59.46 48.00 58.82 0.00 79.17 76.00 6.25 40.91 65.22 62.50 88.89 28.00 57.14 80.00
60.03=88.00 100.00 80.95 64.29 0.00 58.14 92.00 88.89 20.69 93.75 59.52 56.10 54.84 66.67 73.08 75.00 71.88 55.56 47.62 55.56 8.33 81.48 79.17 6.25 42.86 71.43 52.17 77.78 31.82 57.14 50.00
58.41=88.46 100.00 80.95 66.67 0.00 60.98 95.24 64.71 21.43 63.64 63.16 61.11 54.05 60.87 80.00 83.33 71.88 60.53 40.91 50.00 0.00 86.36 75.00 0.00 45.00 75.00 61.54 72.22 11.11 66.67 50.00
59.67=100.00 100.00 80.00 65.38 0.00 53.19 91.30 71.43 21.43 71.43 55.56 62.16 61.76 62.50 73.08 81.82 80.65 56.76 35.00 64.71 9.09 71.43 81.82 10.00 53.33 66.67 56.00 84.21 19.05 50.00 60.00
79.73=87.50 100.00 100.00 50.00 100.00 47.06 90.91 50.00 66.67 100.00 87.50 85.71 85.71 100.00 50.00 100.00 100.00 66.67 100.00 88.89 0.00 100.00 87.50 100.00 85.71 50.00 66.67 100.00 50.00 100.00 75.00
78.68=70.00 100.00 100.00 60.00 100.00 77.78 100.00 50.00 50.00 100.00 87.50 85.71 88.89 80.00 75.00 100.00 88.89 66.67 100.00 85.71 66.67 100.00 100.00 80.00 83.33 0.00 66.67 83.33 42.86 100.00 50.00
76.68=70.00 100.00 87.50 100.00 80.00 66.67 100.00 66.67 28.57 100.00 85.71 100.00 80.00 100.00 40.00 100.00 100.00 75.00 83.33 88.89 50.00 80.00 80.00 40.00 85.71 0.00 66.67 100.00 22.22 100.00 100.00
82.17=100.00 100.00 100.00 75.00 80.00 63.64 100.00 66.67 40.00 80.00 87.50 75.00 77.78 83.33 66.67 100.00 100.00 85.71 85.71 100.00 60.00 83.33 75.00 83.33 71.43 75.00 75.00 100.00 57.14 100.00 100.00
81.78=77.78 100.00 87.50 100.00 80.00 77.78 100.00 57.14 42.86 83.33 77.78 75.00 77.78 100.00 75.00 100.00 100.00 50.00 100.00 88.89 60.00 83.33 100.00 80.00 83.33 50.00 100.00 83.33 44.44 100.00 100.00
63.90=88.00 95.45 85.71 76.92 0.00 55.56 82.61 84.62 13.33 100.00 56.10 51.11 46.15 51.52 69.70 91.30 73.33 56.10 44.00 56.25 0.00 91.67 79.31 37.50 75.00 73.68 47.62 94.74 38.89 80.00 84.62
60.20=84.00 100.00 66.67 70.37 0.00 56.41 80.77 73.33 19.05 78.95 51.28 69.44 57.14 59.09 67.57 88.89 74.19 61.54 36.36 56.25 12.50 75.86 80.77 31.25 33.33 61.11 53.33 88.24 21.74 66.67 90.00
58.15=95.45 95.45 80.95 74.07 0.00 57.89 84.00 73.33 10.00 75.00 56.76 61.11 45.95 60.87 77.42 75.00 75.00 56.10 39.13 71.43 8.33 70.00 77.78 19.05 25.00 59.09 44.44 90.00 17.65 57.14 69.23
60.74=95.65 91.30 70.37 70.37 0.00 55.56 79.17 80.00 4.17 77.78 59.46 61.11 47.50 63.64 75.00 84.00 71.88 57.14 47.62 50.00 0.00 75.76 100.00 41.18 35.71 70.00 35.00 89.47 25.00 85.71 83.33
60.83=92.00 95.45 77.27 73.08 0.00 53.66 84.00 81.25 20.00 76.19 57.50 58.97 48.78 63.64 77.42 86.21 65.71 58.54 47.37 75.00 0.00 75.00 82.61 23.81 38.46 57.14 69.23 70.59 20.00 80.00 76.92
82.02=75.00 100.00 100.00 100.00 80.00 70.00 90.91 100.00 50.00 62.50 66.67 66.67 83.33 60.00 100.00 90.91 70.00 71.43 87.50 100.00 75.00 44.44 100.00 100.00 100.00 100.00 75.00 100.00 40.00 83.33 100.00
82.26=55.56 100.00 83.33 100.00 100.00 83.33 100.00 75.00 50.00 71.43 77.78 60.00 87.50 71.43 85.71 100.00 70.00 55.56 100.00 100.00 100.00 83.33 100.00 100.00 60.00 50.00 100.00 80.00 50.00 100.00 100.00
79.56=75.00 100.00 80.00 75.00 80.00 85.71 100.00 75.00 60.00 62.50 70.00 75.00 83.33 57.14 60.00 100.00 77.78 71.43 100.00 100.00 100.00 50.00 100.00 66.67 66.67 100.00 75.00 100.00 40.00 100.00 80.00
84.30=100.00 100.00 83.33 75.00 100.00 80.00 100.00 75.00 50.00 100.00 77.78 87.50 100.00 80.00 100.00 100.00 66.67 54.55 100.00 100.00 57.14 83.33 100.00 66.67 100.00 100.00 75.00 66.67 54.55 100.00 80.00
79.65=70.00 100.00 66.67 75.00 100.00 83.33 100.00 80.00 44.44 83.33 70.00 60.00 85.71 57.14 77.78 100.00 85.71 71.43 100.00 88.89 80.00 60.00 100.00 75.00 80.00 100.00 71.43 85.71 37.50 80.00 100.00
81.05=87.50 100.00 100.00 75.00 75.00 61.54 90.91 44.44 44.44 83.33 100.00 100.00 63.64 100.00 33.33 66.67 88.89 66.67 100.00 80.00 100.00 100.00 100.00 100.00 85.71 50.00 57.14 100.00 75.00 100.00 83.33
78.89=100.00 100.00 100.00 60.00 100.00 53.33 100.00 80.00 66.67 100.00 87.50 77.78 83.33 80.00 40.00 87.50 80.00 75.00 100.00 80.00 33.33 100.00 100.00 75.00 60.00 50.00 100.00 75.00 42.86 83.33 75.00
80.94=87.50 100.00 87.50 66.67 100.00 57.14 100.00 66.67 25.00 100.00 85.71 100.00 80.00 83.33 57.14 100.00 88.89 75.00 100.00 88.89 16.67 100.00 85.71 100.00 100.00 66.67 85.71 80.00 50.00 100.00 75.00
78.68=77.78 100.00 100.00 60.00 100.00 57.14 90.00 57.14 50.00 100.00 87.50 71.43 85.71 83.33 85.71 100.00 88.89 85.71 100.00 80.00 0.00 83.33 100.00 66.67 100.00 0.00 85.71 100.00 42.86 100.00 100.00
80.02=75.00 100.00 87.50 50.00 100.00 87.50 100.00 50.00 40.00 100.00 87.50 75.00 66.67 83.33 77.78 100.00 87.50 100.00 100.00 88.89 50.00 100.00 80.00 100.00 70.00 33.33 66.67 100.00 57.14 100.00 66.67
65.54=96.00 95.65 73.91 83.33 0.00 56.10 100.00 76.92 38.10 90.00 72.73 54.76 66.67 70.83 92.00 83.33 86.21 53.49 30.77 66.67 7.14 85.71 91.30 26.67 72.73 45.45 45.83 100.00 29.41 50.00 90.00
64.24=92.31 100.00 68.00 86.96 0.00 52.17 91.67 73.68 24.14 80.00 62.16 82.14 65.62 71.43 82.76 77.42 76.47 57.89 34.62 80.00 0.00 88.46 87.50 26.67 42.86 52.38 36.36 100.00 43.75 66.67 87.50
64.32=88.89 95.45 66.67 95.00 0.00 53.33 88.46 75.00 29.63 80.95 74.29 66.67 70.37 76.00 78.57 80.77 79.31 47.73 33.33 75.00 0.00 85.19 91.67 33.33 33.33 52.38 58.82 94.12 34.78 80.00 75.00
63.13=85.19 100.00 60.00 82.61 0.00 60.00 95.65 64.29 33.33 85.00 75.00 67.74 70.37 62.07 83.33 73.33 81.25 51.28 45.00 94.44 0.00 84.00 85.19 29.41 31.25 57.89 52.38 80.00 27.78 66.67 72.73
64.68=92.00 100.00 70.83 86.96 0.00 51.16 88.00 64.29 23.33 75.00 74.29 74.19 56.76 79.17 85.71 80.95 78.12 45.65 40.00 75.00 0.00 86.96 88.46 25.00 45.45 75.00 55.56 90.00 43.75 62.50 90.91
80.26=70.00 100.00 100.00 100.00 100.00 72.73 100.00 75.00 50.00 71.43 70.00 83.33 71.43 57.14 77.78 100.00 75.00 62.50 100.00 100.00 50.00 57.14 100.00 100.00 50.00 75.00 83.33 100.00 36.36 100.00 100.00
77.92=77.78 100.00 71.43 40.00 100.00 70.00 100.00 100.00 37.50 71.43 66.67 66.67 75.00 55.56 83.33 100.00 77.78 66.67 100.00 100.00 80.00 50.00 100.00 60.00 100.00 100.00 100.00 83.33 62.50 60.00 60.00
82.33=66.67 100.00 83.33 60.00 100.00 80.00 100.00 100.00 75.00 100.00 77.78 66.67 75.00 50.00 85.71 90.00 72.73 83.33 100.00 100.00 80.00 71.43 100.00 42.86 66.67 75.00 100.00 100.00 50.00 100.00 100.00
85.63=58.33 100.00 83.33 100.00 100.00 70.00 100.00 100.00 50.00 100.00 63.64 85.71 88.89 83.33 100.00 100.00 88.89 80.00 100.00 100.00 60.00 100.00 100.00 50.00 66.67 100.00 100.00 100.00 40.00 85.71 100.00
82.22=77.78 100.00 100.00 100.00 100.00 80.00 100.00 80.00 80.00 71.43 87.50 80.00 77.78 40.00 70.00 100.00 75.00 57.14 85.71 100.00 66.67 50.00 100.00 75.00 83.33 100.00 100.00 71.43 40.00 100.00 100.00
76.63=100.00 100.00 85.71 50.00 57.14 63.64 100.00 80.00 33.33 83.33 75.00 87.50 77.78 100.00 87.50 100.00 88.89 45.45 100.00 88.89 0.00 40.00 66.67 66.67 83.33 100.00 85.71 100.00 83.33 85.71 60.00
82.61=87.50 100.00 100.00 75.00 100.00 88.89 100.00 66.67 83.33 83.33 87.50 85.71 83.33 66.67 88.89 87.50 80.00 77.78 100.00 88.89 80.00 50.00 100.00 71.43 85.71 100.00 85.71 100.00 66.67 57.14 33.33
83.32=87.50 100.00 85.71 60.00 66.67 100.00 100.00 80.00 50.00 83.33 100.00 87.50 54.55 100.00 88.89 100.00 87.50 75.00 87.50 100.00 100.00 42.86 100.00 62.50 100.00 66.67 83.33 100.00 83.33 100.00 50.00
84.90=87.50 100.00 85.71 75.00 100.00 100.00 100.00 80.00 40.00 100.00 100.00 87.50 77.78 80.00 88.89 100.00 88.89 70.00 100.00 87.50 80.00 50.00 83.33 80.00 100.00 66.67 85.71 100.00 62.50 100.00 75.00
80.84=100.00 83.33 85.71 100.00 100.00 100.00 100.00 44.44 33.33 80.00 100.00 100.00 72.73 100.00 77.78 100.00 70.00 77.78 85.71 85.71 50.00 50.00 100.00 75.00 100.00 50.00 85.71 66.67 57.14 100.00 75.00
81.71=87.50 100.00 100.00 100.00 100.00 70.00 100.00 100.00 80.00 83.33 70.00 60.00 80.00 100.00 100.00 90.00 77.78 50.00 100.00 100.00 57.14 71.43 100.00 50.00 75.00 75.00 66.67 75.00 14.29 100.00 100.00
82.41=77.78 100.00 100.00 100.00 100.00 85.71 100.00 100.00 60.00 100.00 77.78 70.00 100.00 62.50 71.43 90.91 77.78 62.50 75.00 100.00 80.00 100.00 100.00 66.67 55.56 60.00 66.67 60.00 54.55 100.00 100.00
80.95=87.50 100.00 71.43 66.67 100.00 88.89 90.91 100.00 50.00 71.43 87.50 100.00 87.50 40.00 75.00 90.91 72.73 71.43 100.00 100.00 60.00 42.86 100.00 33.33 71.43 100.00 100.00 100.00 50.00 100.00 100.00
79.47=70.00 100.00 100.00 50.00 75.00 87.50 100.00 80.00 66.67 42.86 87.50 75.00 57.14 66.67 100.00 100.00 75.00 62.50 100.00 88.89 80.00 60.00 100.00 42.86 71.43 100.00 85.71 83.33 55.56 100.00 100.00
78.48=70.00 100.00 83.33 66.67 80.00 85.71 100.00 66.67 100.00 100.00 70.00 66.67 85.71 50.00 66.67 81.82 70.00 60.00 100.00 100.00 57.14 100.00 83.33 100.00 57.14 50.00 75.00 62.50 44.44 100.00 100.00
58.67=95.65 100.00 84.21 59.26 0.00 57.14 95.65 61.90 24.00 78.95 66.67 55.81 60.00 64.71 75.00 76.92 70.97 53.85 27.27 52.94 0.00 76.92 93.33 11.76 47.06 51.61 66.67 73.91 22.22 44.44 70.00
59.68=91.30 100.00 80.00 63.33 0.00 58.54 90.91 68.18 29.17 68.18 56.41 62.16 68.57 68.75 75.00 81.82 80.00 54.05 36.36 39.13 18.18 72.41 90.48 5.88 73.33 64.00 60.87 76.47 25.00 50.00 41.67
58.51=100.00 100.00 80.00 66.67 3.70 58.97 86.96 60.00 23.33 63.16 61.54 58.54 51.43 69.23 60.00 86.96 75.76 57.89 36.84 60.00 0.00 84.62 77.27 0.00 38.89 64.00 57.89 84.21 26.09 70.00 50.00
59.42=92.00 100.00 80.95 73.08 0.00 58.14 80.95 78.95 19.05 70.00 60.00 53.66 66.67 73.68 70.00 73.33 77.42 53.66 44.44 55.00 0.00 72.41 84.21 11.76 52.94 65.22 66.67 73.68 20.00 71.43 42.86
60.94=91.30 100.00 80.00 64.00 0.00 56.10 84.00 75.00 30.77 68.42 61.90 63.16 62.50 75.00 65.71 83.33 80.00 52.63 45.45 45.45 12.50 84.00 81.82 4.35 73.33 71.43 75.00 71.43 30.43 58.33 41.67
