62.67581482417306
55.584260760215685
55.16540005772869
57.6522162049758
56.70198976632584
61.82022276882411
55.99553058269227
56.4806795090643
58.42617015549948
55.41432393643247
92.94162826420889
97.81874039938556
94.80286738351253
97.74193548387096
94.75806451612904
90.71428571428571
89.98463901689709
88.54838709677419
89.13978494623655
89.6774193548387
82.50512032770096
83.06451612903226
85.65284178187405
83.54838709677419
90.02304147465438
59.68056807645152
62.060935099450575
62.274769960339945
63.17230644364193
62.16405217843778
57.97715978401216
59.247905895083605
61.64434240798906
63.27405887590997
60.46099917202136
80.34562211981566
86.57706093189964
88.01075268817203
76.97388632872504
83.80184331797234
85.91397849462365
87.72657450076805
89.2831541218638
91.87403993855607
90.1190476190476
60.97389844705338
60.4473229915444
59.74068095817981
59.33952333580658
59.89224889685738
86.15591397849462
83.65207373271889
86.12903225806451
83.4715821812596
86.35560675883256
81.32616487455196
84.0552995391705
87.71505376344085
89.73118279569891
88.03379416282642
62.9976764008425
62.5873238851081
60.432003537300155
63.242274047882866
62.956177664607246
77.49812911103234
80.9331797235023
86.27077223851417
82.39247311827957
82.86866359447004
62.6068300373345
64.95753166645561
64.69139793555014
64.20615381868923
61.93113914481977
80.64516129032256
84.47458455522971
85.25345622119816
84.64285714285715
79.13978494623655
81.01382488479263
87.1505376344086
85.93189964157706
80.7373271889401
86.31720430107526
59.58197139414023
64.07772224687625
60.995080483588204
60.12693357138927
59.579009959720715
80.59907834101382
85.68356374807988
78.90937019969277
87.12365591397848
90.54915514592933
82.30414746543778
83.19892473118279
79.32027649769586
82.18253968253968
86.27077223851417
62.098967712461544
62.736190527797426
60.88114889207614
62.7970090721466
63.74956790385521
61.089690387648666
60.49967990403892
62.178196692138684
62.97881863608796
60.45808795746763
61.65100687310922
63.01378271326117
62.02780738555188
63.20966174505516
61.95047106769659
81.4247311827957
85.19969278033794
86.11751152073732
81.37096774193547
83.4715821812596
58.753060830939994
61.03328602320093
61.70399603705871
60.98645052916916
61.762803286920395
84.53405017921148
83.42549923195084
84.56989247311827
83.86328725038402
80.92165898617512
60.937263119998825
62.14132183303735
62.750398638492875
62.83853831664442
63.73875057416471
84.63261648745521
85.81413210445469
85.36098310291858
86.81259600614439
90.43010752688173
59.6437604860475
61.832140664666994
60.82117896436362
66.00109378844228
62.061292798636316
60.10457923261881
61.30379557102188
60.26304026840628
60.3186529040822
61.81037928218617
77.00076804915516
82.1979006656426
79.94623655913979
75.70660522273424
82.13517665130568
59.6872422314505
61.22873938755467
60.64399458600452
64.26632206187084
62.74235624386118
59.26773258641271
60.24082684512497
60.0910685610721
62.345904764767134
61.553322677002676
59.64638176363259
59.184610667267506
61.26749323141063
60.173997425530665
60.07565634713913
76.51049667178698
77.14285714285715
79.52380952380953
77.10829493087557
78.79928315412185
59.31933683538721
60.69502610054881
59.200051695803715
61.51198313306508
