58.71=88.89 100.00 75.00 76.00 11.11 51.28 85.71 50.00 27.27 65.22 66.67 84.00 70.83 33.33 68.00 52.50 68.75 71.88 39.13 86.67 15.38 75.86 82.61 38.89 33.33 53.85 45.00 50.00 26.32 66.67 60.00
57.34=85.71 100.00 68.00 66.67 6.98 46.81 73.91 37.93 40.00 72.22 72.41 74.19 61.29 37.50 70.59 58.06 75.86 72.41 52.38 76.92 7.14 79.31 86.36 28.57 33.33 54.17 42.11 58.82 19.05 75.00 43.75
56.99=100.00 100.00 67.86 68.97 5.41 40.38 94.74 52.38 46.15 89.47 63.89 84.00 62.07 27.27 58.62 71.43 61.11 75.00 33.33 66.67 0.00 80.77 72.41 38.46 35.71 46.67 52.94 68.75 18.75 33.33 50.00
58.71=88.89 100.00 75.00 76.00 11.11 51.28 85.71 50.00 27.27 65.22 66.67 84.00 70.83 33.33 68.00 52.50 68.75 71.88 39.13 86.67 15.38 75.86 82.61 38.89 33.33 53.85 45.00 50.00 26.32 66.67 60.00
57.34=85.71 100.00 68.00 66.67 6.98 46.81 73.91 37.93 40.00 72.22 72.41 74.19 61.29 37.50 70.59 58.06 75.86 72.41 52.38 76.92 7.14 79.31 86.36 28.57 33.33 54.17 42.11 58.82 19.05 75.00 43.75
56.99=100.00 100.00 67.86 68.97 5.41 40.38 94.74 52.38 46.15 89.47 63.89 84.00 62.07 27.27 58.62 71.43 61.11 75.00 33.33 66.67 0.00 80.77 72.41 38.46 35.71 46.67 52.94 68.75 18.75 33.33 50.00
58.27=85.19 95.45 69.23 80.00 0.00 42.31 90.48 63.16 16.00 88.89 69.70 88.46 52.38 22.22 80.00 76.67 61.11 68.57 39.13 68.75 0.00 88.46 75.00 50.00 32.00 46.15 35.71 63.16 37.50 62.50 58.33
60.08=92.00 100.00 76.00 78.26 2.44 46.00 95.45 73.68 26.67 88.89 54.05 73.33 55.56 28.57 84.00 72.41 64.86 67.65 50.00 73.33 0.00 91.67 76.92 45.45 34.48 63.64 47.06 78.95 41.18 33.33 46.67
58.75=83.33 100.00 81.82 77.78 3.45 61.11 100.00 53.33 25.00 100.00 70.27 75.86 81.48 37.93 50.00 82.61 63.89 75.00 21.74 59.09 46.15 91.67 69.23 0.00 33.33 42.86 73.33 61.54 26.67 41.67 31.25
54.74=90.91 100.00 64.29 73.91 0.00 44.44 86.96 45.45 33.33 77.78 63.16 88.46 60.53 42.11 33.33 76.19 72.22 63.64 19.05 58.82 12.50 85.71 74.07 7.14 35.29 61.54 61.90 80.00 12.50 33.33 38.46
54.52=100.00 100.00 88.24 68.97 0.00 46.15 86.96 61.90 28.57 64.71 64.10 71.88 61.11 25.00 35.71 85.71 65.79 67.74 36.36 40.00 8.33 80.77 63.33 6.67 32.35 66.67 63.16 72.73 12.50 46.15 38.46
58.34=95.45 100.00 85.71 61.29 6.45 46.00 90.91 61.54 36.36 68.75 68.57 82.14 70.00 70.59 52.94 73.08 68.42 71.88 25.00 62.50 10.00 80.00 65.52 7.69 36.00 55.17 60.87 69.23 26.32 50.00 50.00
56.85=100.00 100.00 100.00 62.50 0.00 42.11 95.45 50.00 28.00 80.00 60.53 63.16 76.67 48.00 40.00 77.78 66.67 69.70 41.18 62.50 6.25 94.44 61.54 7.14 41.67 55.56 63.64 50.00 22.22 40.00 55.56
88.04=100.00 100.00 100.00 100.00 100.00 100.00 100.00 66.67 71.43 100.00 100.00 100.00 75.00 100.00 88.89 80.00 100.00 70.00 71.43 100.00 100.00 83.33 85.71 85.71 83.33 75.00 100.00 77.78 62.50 85.71 66.67
88.38=87.50 100.00 100.00 100.00 80.00 87.50 100.00 80.00 100.00 100.00 87.50 100.00 87.50 100.00 100.00 88.89 71.43 100.00 100.00 100.00 100.00 100.00 71.43 60.00 85.71 66.67 83.33 87.50 60.00 83.33 71.43
90.21=100.00 100.00 87.50 100.00 100.00 88.89 100.00 57.14 100.00 100.00 100.00 87.50 75.00 71.43 100.00 81.82 100.00 100.00 100.00 100.00 80.00 75.00 100.00 100.00 100.00 75.00 83.33 87.50 75.00 100.00 71.43
94.96=100.00 83.33 100.00 100.00 100.00 88.89 100.00 44.44 100.00 100.00 100.00 100.00 88.89 83.33 100.00 100.00 100.00 100.00 100.00 100.00 100.00 83.33 100.00 100.00 100.00 100.00 100.00 100.00 71.43 100.00 100.00
90.81=100.00 100.00 100.00 75.00 80.00 77.78 100.00 66.67 83.33 100.00 100.00 100.00 100.00 100.00 100.00 100.00 100.00 87.50 100.00 100.00 100.00 80.00 85.71 85.71 100.00 100.00 83.33 100.00 66.67 83.33 60.00
80.29=87.50 100.00 100.00 100.00 100.00 88.89 100.00 60.00 83.33 75.00 87.50 87.50 77.78 80.00 71.43 80.00 80.00 75.00 80.00 70.00 100.00 100.00 100.00 71.43 75.00 0.00 83.33 85.71 80.00 66.67 42.86
81.62=85.71 100.00 100.00 75.00 100.00 54.55 100.00 50.00 83.33 100.00 100.00 87.50 100.00 100.00 63.64 100.00 88.89 87.50 100.00 55.56 0.00 100.00 100.00 71.43 90.00 0.00 100.00 100.00 80.00 100.00 57.14
83.24=87.50 100.00 100.00 75.00 66.67 58.33 100.00 57.14 100.00 100.00 100.00 87.50 100.00 100.00 85.71 100.00 100.00 100.00 75.00 72.73 0.00 100.00 100.00 85.71 80.00 0.00 85.71 100.00 80.00 100.00 83.33
88.73=77.78 100.00 100.00 100.00 100.00 88.89 100.00 57.14 71.43 83.33 100.00 100.00 100.00 100.00 77.78 87.50 100.00 100.00 100.00 66.67 100.00 83.33 100.00 100.00 77.78 33.33 100.00 100.00 60.00 85.71 100.00
86.60=87.50 100.00 100.00 100.00 100.00 80.00 100.00 42.86 66.67 100.00 100.00 85.71 83.33 100.00 77.78 57.14 88.89 100.00 85.71 80.00 80.00 100.00 83.33 85.71 100.00 25.00 100.00 100.00 75.00 100.00 100.00
83.96=77.78 100.00 100.00 75.00 100.00 66.67 90.00 100.00 83.33 80.00 63.64 100.00 100.00 100.00 77.78 90.00 66.67 87.50 100.00 100.00 0.00 100.00 100.00 100.00 75.00 75.00 55.56 88.89 50.00 100.00 100.00
87.39=77.78 100.00 100.00 100.00 100.00 88.89 100.00 66.67 100.00 100.00 77.78 87.50 100.00 55.56 100.00 75.00 72.73 87.50 100.00 100.00 100.00 60.00 100.00 75.00 87.50 75.00 83.33 100.00 55.56 83.33 100.00
89.94=87.50 100.00 100.00 75.00 80.00 88.89 100.00 100.00 100.00 83.33 87.50 100.00 88.89 80.00 100.00 75.00 80.00 100.00 100.00 100.00 100.00 100.00 100.00 80.00 87.50 75.00 100.00 77.78 75.00 83.33 83.33
92.47=77.78 100.00 100.00 75.00 100.00 100.00 100.00 80.00 100.00 83.33 87.50 100.00 100.00 71.43 87.50 100.00 88.89 100.00 100.00 100.00 100.00 100.00 100.00 100.00 90.00 75.00 100.00 87.50 62.50 100.00 100.00
92.14=71.43 100.00 100.00 75.00 80.00 100.00 100.00 100.00 100.00 100.00 100.00 100.00 100.00 71.43 100.00 90.00 66.67 100.00 100.00 100.00 100.00 100.00 100.00 75.00 77.78 100.00 100.00 88.89 60.00 100.00 100.00
60.95=95.65 100.00 89.47 94.74 6.06 47.83 92.00 92.86 33.33 92.86 68.75 87.50 73.91 57.14 62.50 57.14 71.43 55.26 38.46 80.95 0.00 94.12 77.78 18.18 31.58 51.85 63.16 52.94 41.18 40.00 20.69
63.14=88.46 95.45 81.82 73.08 3.03 43.40 91.67 80.00 45.00 89.47 86.21 80.77 67.86 52.38 88.24 72.41 76.47 63.64 36.67 69.57 0.00 96.15 75.00 33.33 37.04 54.55 55.00 44.44 50.00 57.14 69.23
61.64=92.31 95.24 84.21 81.82 2.63 48.98 91.67 65.00 47.83 88.89 72.22 80.77 71.43 52.38 82.61 77.78 83.87 60.61 40.74 65.00 11.11 91.30 78.57 25.00 38.71 55.00 45.83 50.00 25.00 42.86 61.54
64.67=91.67 100.00 85.71 86.96 2.56 50.00 91.67 65.22 29.41 78.95 72.73 74.07 68.97 71.43 87.50 80.77 86.67 64.52 37.50 80.00 0.00 92.59 75.00 17.65 48.48 55.00 55.56 66.67 30.77 66.67 90.00
62.36=96.00 95.24 85.00 79.17 0.00 42.00 84.62 75.00 41.18 80.00 71.88 87.50 70.37 57.14 80.00 75.86 75.76 64.71 30.00 75.00 0.00 80.00 60.61 15.38 46.43 50.00 55.00 60.00 41.67 66.67 90.91
58.40=92.00 91.30 75.00 80.00 0.00 48.89 76.00 50.00 12.50 77.78 55.00 67.65 64.86 53.57 70.59 81.48 70.00 74.19 38.89 71.43 7.69 71.43 71.88 30.77 48.15 52.17 66.67 15.38 45.00 50.00 100.00
60.19=92.00 100.00 82.61 80.00 0.00 50.00 86.36 62.50 10.00 94.12 51.22 69.70 56.41 40.91 88.00 75.00 72.73 61.11 44.44 47.62 0.00 80.00 70.00 45.45 38.71 65.00 57.14 64.71 42.11 71.43 66.67
63.60=91.67 100.00 85.71 76.92 0.00 47.73 68.97 75.00 41.67 84.21 62.16 74.19 57.14 37.04 82.76 77.42 69.70 62.50 52.38 68.75 0.00 88.46 66.67 40.00 41.94 72.22 60.00 78.57 47.62 71.43 88.89
60.22=95.83 100.00 90.00 86.96 2.63 53.49 71.43 75.00 15.38 77.27 55.26 65.62 54.05 40.91 80.65 82.76 67.65 63.89 52.17 56.25 0.00 92.59 70.97 50.00 46.15 59.09 42.11 70.00 31.58 55.56 61.54
63.16=95.65 95.45 85.71 80.00 0.00 45.83 82.61 66.67 46.15 62.50 56.41 78.57 55.00 47.37 82.14 79.31 70.97 61.54 50.00 71.43 0.00 88.46 82.14 46.67 43.33 76.47 47.62 84.62 36.36 57.14 81.82
84.80=77.78 100.00 83.33 100.00 80.00 72.73 100.00 100.00 100.00 71.43 87.50 87.50 100.00 75.00 75.00 100.00 63.64 87.50 87.50 100.00 100.00 80.00 83.33 50.00 75.00 60.00 83.33 85.71 62.50 100.00 100.00
89.44=87.50 100.00 100.00 100.00 100.00 100.00 90.00 75.00 100.00 100.00 100.00 85.71 100.00 100.00 80.00 83.33 70.00 100.00 70.00 100.00 100.00 83.33 100.00 50.00 85.71 75.00 100.00 100.00 57.14 80.00 100.00
88.38=85.71 83.33 100.00 100.00 80.00 77.78 100.00 80.00 100.00 100.00 100.00 100.00 87.50 66.67 100.00 100.00 72.73 100.00 87.50 100.00 100.00 62.50 85.71 75.00 100.00 75.00 83.33 88.89 62.50 85.71 100.00
90.22=87.50 100.00 100.00 100.00 80.00 88.89 100.00 100.00 100.00 100.00 100.00 87.50 100.00 83.33 85.71 100.00 72.73 87.50 77.78 88.89 75.00 80.00 100.00 66.67 88.89 75.00 100.00 100.00 71.43 100.00 100.00
90.98=87.50 100.00 100.00 100.00 100.00 88.89 100.00 80.00 100.00 83.33 100.00 100.00 100.00 100.00 87.50 100.00 80.00 100.00 85.71 100.00 100.00 83.33 100.00 50.00 75.00 100.00 100.00 100.00 50.00 85.71 83.33
81.94=70.00 100.00 100.00 75.00 80.00 57.14 90.00 80.00 100.00 71.43 87.50 77.78 100.00 80.00 75.00 88.89 100.00 87.50 75.00 100.00 0.00 75.00 83.33 100.00 80.00 75.00 100.00 71.43 80.00 100.00 80.00
86.46=87.50 100.00 100.00 75.00 100.00 88.89 100.00 80.00 100.00 100.00 87.50 100.00 87.50 66.67 70.00 100.00 100.00 100.00 85.71 66.67 100.00 83.33 75.00 75.00 100.00 0.00 100.00 100.00 71.43 100.00 80.00
87.47=87.50 100.00 100.00 100.00 75.00 72.73 100.00 50.00 100.00 100.00 100.00 100.00 100.00 100.00 71.43 100.00 100.00 87.50 100.00 72.73 80.00 100.00 87.50 71.43 90.00 0.00 100.00 85.71 80.00 100.00 100.00
87.33=85.71 100.00 100.00 100.00 100.00 77.78 100.00 40.00 100.00 83.33 100.00 87.50 87.50 100.00 75.00 85.71 100.00 100.00 85.71 66.67 80.00 100.00 100.00 85.71 100.00 0.00 83.33 100.00 83.33 100.00 100.00
90.66=87.50 100.00 100.00 75.00 80.00 87.50 90.00 44.44 100.00 100.00 100.00 100.00 87.50 100.00 87.50 80.00 100.00 100.00 100.00 88.89 100.00 100.00 100.00 66.67 100.00 66.67 100.00 88.89 80.00 100.00 100.00
60.02=88.46 100.00 72.00 82.61 0.00 43.18 73.08 66.67 25.00 93.33 61.11 71.88 45.71 40.00 80.65 79.31 76.67 67.65 50.00 64.29 0.00 80.65 70.37 40.00 38.89 56.52 56.25 61.11 47.06 55.56 72.73
61.18=95.65 95.65 90.00 83.33 0.00 47.83 80.77 55.56 14.29 94.12 51.35 72.41 51.22 52.38 86.21 96.00 72.73 67.57 40.00 66.67 0.00 73.53 73.33 40.00 45.45 65.00 36.84 75.00 21.05 62.50 90.00
62.30=88.46 95.45 76.00 76.00 0.00 45.83 79.17 75.00 26.67 84.21 55.00 71.88 53.49 66.67 74.07 71.43 71.88 63.16 63.64 77.78 0.00 85.71 72.73 30.77 48.00 56.52 61.54 66.67 42.11 62.50 88.89
63.89=100.00 95.65 95.00 86.96 0.00 51.16 79.17 65.00 30.43 88.89 55.56 67.65 56.25 45.83 73.33 85.19 68.75 66.67 52.17 60.00 0.00 83.33 83.33 57.14 50.00 53.85 44.44 68.75 41.18 100.00 75.00
62.29=95.83 100.00 72.00 73.08 0.00 50.00 76.92 66.67 12.50 88.24 56.41 75.86 45.24 57.89 82.76 91.67 73.33 58.54 50.00 62.50 0.00 75.00 84.62 54.55 45.83 61.90 61.54 77.78 47.06 55.56 77.78
89.12=77.78 100.00 83.33 100.00 66.67 88.89 100.00 100.00 83.33 83.33 100.00 100.00 100.00 100.00 100.00 90.91 77.78 100.00 100.00 100.00 100.00 83.33 100.00 66.67 77.78 75.00 66.67 100.00 55.56 85.71 100.00
90.07=77.78 100.00 100.00 75.00 100.00 100.00 100.00 75.00 100.00 100.00 100.00 100.00 87.50 100.00 100.00 100.00 80.00 100.00 100.00 100.00 80.00 100.00 100.00 42.86 80.00 75.00 85.71 88.89 44.44 100.00 100.00
89.18=70.00 100.00 83.33 100.00 100.00 88.89 100.00 100.00 100.00 100.00 66.67 100.00 87.50 62.50 100.00 90.91 88.89 100.00 100.00 100.00 100.00 100.00 83.33 57.14 71.43 75.00 100.00 100.00 55.56 83.33 100.00
92.11=87.50 100.00 100.00 100.00 100.00 100.00 100.00 100.00 100.00 83.33 100.00 87.50 100.00 83.33 100.00 90.91 80.00 100.00 77.78 80.00 100.00 100.00 100.00 80.00 87.50 75.00 100.00 80.00 62.50 100.00 100.00
87.81=75.00 100.00 100.00 100.00 100.00 87.50 100.00 100.00 100.00 71.43 70.00 87.50 100.00 100.00 77.78 90.91 77.78 100.00 85.71 88.89 100.00 83.33 83.33 66.67 75.00 75.00 100.00 88.89 62.50 100.00 75.00
83.68=77.78 100.00 100.00 75.00 100.00 72.73 100.00 57.14 100.00 100.00 77.78 100.00 80.00 100.00 50.00 85.71 80.00 100.00 100.00 88.89 60.00 100.00 83.33 83.33 87.50 60.00 75.00 100.00 66.67 66.67 66.67
87.54=85.71 100.00 100.00 100.00 100.00 72.73 100.00 57.14 80.00 100.00 100.00 77.78 85.71 100.00 62.50 100.00 80.00 100.00 100.00 100.00 100.00 83.33 75.00 80.00 72.73 75.00 83.33 85.71 57.14 100.00 100.00
87.11=100.00 100.00 100.00 75.00 100.00 100.00 100.00 42.86 66.67 100.00 100.00 100.00 88.89 100.00 75.00 85.71 100.00 100.00 100.00 80.00 66.67 100.00 100.00 85.71 88.89 20.00 75.00 100.00 50.00 100.00 100.00
92.42=87.50 83.33 100.00 100.00 80.00 88.89 100.00 50.00 100.00 100.00 100.00 100.00 100.00 100.00 85.71 88.89 80.00 85.71 100.00 100.00 100.00 100.00 87.50 85.71 81.82 100.00 100.00 100.00 80.00 100.00 100.00
86.69=85.71 100.00 100.00 100.00 100.00 88.89 90.00 60.00 80.00 80.00 100.00 87.50 70.00 100.00 85.71 87.50 88.89 100.00 100.00 87.50 75.00 100.00 87.50 80.00 90.00 40.00 85.71 75.00 62.50 100.00 100.00
63.37=95.65 95.45 85.71 80.00 2.78 50.00 85.71 60.00 38.46 92.86 52.27 72.41 57.89 54.55 80.00 85.19 70.00 65.79 52.17 64.29 0.00 85.71 77.42 45.45 50.00 61.90 47.37 73.33 37.50 66.67 77.78
63.12=92.00 100.00 76.00 80.00 0.00 46.00 90.00 61.90 13.33 83.33 57.89 71.88 55.00 61.11 79.31 70.97 64.71 60.53 44.00 58.82 16.67 79.31 83.33 44.44 60.87 86.67 57.14 80.00 36.36 75.00 70.00
62.02=82.14 100.00 90.00 76.00 0.00 50.00 78.26 65.00 14.29 83.33 63.89 75.00 51.22 43.48 85.19 82.14 74.19 55.81 56.52 72.73 0.00 89.29 70.00 40.00 40.74 72.22 60.00 71.43 32.00 83.33 64.29
61.94=100.00 95.24 77.27 86.96 0.00 48.94 68.97 57.14 22.22 88.24 60.61 75.86 51.22 40.00 85.19 75.00 71.88 57.14 52.63 76.92 0.00 89.66 77.78 50.00 44.00 61.90 62.50 72.22 38.89 50.00 81.82
63.16=95.83 100.00 78.26 71.43 2.50 48.89 70.37 54.17 28.57 83.33 52.50 75.86 57.50 40.91 78.12 95.45 72.41 65.79 45.83 68.75 0.00 88.89 72.41 40.00 43.33 81.25 61.54 100.00 34.78 71.43 77.78
78.97=100.00 100.00 100.00 100.00 80.00 80.00 100.00 66.67 71.43 75.00 100.00 100.00 66.67 100.00 60.00 88.89 72.73 100.00 100.00 100.00 16.67 57.14 66.67 57.14 100.00 75.00 100.00 87.50 66.67 60.00 0.00
90.27=87.50 100.00 85.71 100.00 100.00 72.73 100.00 66.67 66.67 100.00 100.00 100.00 100.00 100.00 100.00 100.00 88.89 100.00 100.00 100.00 50.00 83.33 87.50 57.14 100.00 100.00 100.00 100.00 66.67 85.71 100.00
82.43=100.00 83.33 85.71 100.00 42.86 100.00 100.00 80.00 66.67 80.00 87.50 85.71 85.71 55.56 80.00 66.67 85.71 66.67 75.00 100.00 100.00 66.67 80.00 66.67 80.00 100.00 100.00 77.78 100.00 100.00 57.14
85.00=100.00 100.00 85.71 100.00 80.00 80.00 83.33 75.00 50.00 100.00 87.50 83.33 85.71 100.00 87.50 85.71 87.50 85.71 100.00 100.00 100.00 62.50 100.00 57.14 100.00 42.86 100.00 100.00 83.33 75.00 57.14
85.29=85.71 100.00 100.00 60.00 100.00 75.00 100.00 44.44 83.33 100.00 100.00 85.71 83.33 83.33 87.50 100.00 88.89 100.00 100.00 80.00 75.00 80.00 100.00 83.33 72.73 40.00 85.71 100.00 75.00 100.00 75.00
61.70=88.00 100.00 78.26 83.33 0.00 50.00 95.45 68.75 31.58 66.67 66.67 82.14 70.97 56.52 76.92 68.97 86.67 55.88 33.33 84.21 8.33 78.12 85.71 7.14 42.86 55.00 64.71 53.33 46.15 50.00 76.92
65.53=92.31 100.00 86.36 86.96 0.00 52.17 92.00 66.67 30.77 76.19 64.10 80.00 59.38 56.52 88.46 80.00 86.21 57.14 44.83 83.33 13.33 96.00 82.76 29.41 44.44 50.00 64.71 60.00 46.15 83.33 77.78
62.90=88.89 95.24 85.71 76.92 3.12 51.06 92.00 70.59 41.18 84.21 70.27 80.77 70.97 59.09 74.19 75.00 81.25 65.62 45.45 69.57 0.00 85.71 67.65 18.75 42.86 61.11 54.55 61.11 20.00 57.14 100.00
62.28=92.31 91.30 94.74 86.96 0.00 46.94 95.00 66.67 33.33 88.89 74.29 82.14 71.43 56.52 88.89 65.62 80.00 57.14 42.31 75.00 0.00 81.48 72.73 22.22 37.50 55.56 52.94 66.67 35.29 50.00 66.67
64.39=92.00 100.00 79.17 86.96 3.57 48.94 84.62 76.47 35.00 84.21 65.79 87.50 67.74 68.42 91.67 70.97 75.76 55.00 47.83 94.44 6.67 83.33 69.44 21.43 41.38 59.09 52.94 52.94 42.86 50.00 100.00
84.97=87.50 100.00 100.00 100.00 80.00 63.64 100.00 66.67 83.33 83.33 100.00 100.00 80.00 100.00 100.00 87.50 87.50 100.00 100.00 88.89 50.00 100.00 83.33 80.00 100.00 40.00 75.00 87.50 66.67 83.33 60.00
86.21=87.50 100.00 100.00 75.00 100.00 100.00 100.00 80.00 100.00 100.00 87.50 77.78 62.50 100.00 80.00 100.00 88.89 77.78 100.00 87.50 80.00 71.43 57.14 80.00 88.89 100.00 85.71 100.00 71.43 83.33 50.00
80.90=100.00 100.00 85.71 100.00 100.00 58.33 90.91 75.00 71.43 100.00 77.78 85.71 66.67 80.00 85.71 87.50 88.89 100.00 100.00 88.89 0.00 62.50 66.67 66.67 100.00 50.00 100.00 77.78 66.67 100.00 75.00
88.10=87.50 100.00 87.50 100.00 100.00 87.50 100.00 80.00 100.00 83.33 100.00 100.00 63.64 100.00 100.00 100.00 100.00 100.00 100.00 88.89 60.00 66.67 71.43 71.43 100.00 50.00 83.33 100.00 75.00 100.00 75.00
85.41=100.00 100.00 85.71 100.00 100.00 87.50 100.00 44.44 83.33 83.33 87.50 77.78 77.78 100.00 87.50 100.00 85.71 100.00 100.00 88.89 75.00 83.33 100.00 62.50 100.00 50.00 85.71 83.33 75.00 83.33 60.00
87.60=100.00 100.00 100.00 75.00 100.00 100.00 100.00 80.00 100.00 83.33 87.50 85.71 83.33 71.43 55.56 90.00 87.50 77.78 70.00 88.89 100.00 100.00 100.00 100.00 88.89 75.00 100.00 85.71 50.00 100.00 80.00
89.26=75.00 100.00 100.00 75.00 100.00 100.00 100.00 66.67 100.00 100.00 100.00 100.00 88.89 100.00 87.50 100.00 80.00 100.00 100.00 87.50 100.00 100.00 85.71 40.00 80.00 75.00 100.00 85.71 40.00 100.00 100.00
90.51=77.78 100.00 100.00 100.00 66.67 88.89 90.91 100.00 83.33 100.00 77.78 87.50 100.00 100.00 100.00 90.00 100.00 100.00 87.50 100.00 100.00 83.33 100.00 42.86 87.50 75.00 100.00 100.00 66.67 100.00 100.00
86.34=77.78 100.00 100.00 100.00 100.00 100.00 90.91 66.67 83.33 100.00 87.50 85.71 83.33 100.00 87.50 100.00 88.89 87.50 100.00 85.71 100.00 83.33 100.00 40.00 62.50 50.00 100.00 80.00 50.00 85.71 100.00
88.99=85.71 100.00 100.00 100.00 100.00 100.00 100.00 80.00 75.00 83.33 77.78 100.00 88.89 60.00 88.89 100.00 72.73 100.00 100.00 100.00 100.00 71.43 100.00 80.00 77.78 60.00 100.00 100.00 71.43 85.71 100.00
61.07=95.83 95.65 72.00 86.36 3.23 54.55 80.77 58.33 16.67 88.24 58.97 69.70 57.89 50.00 82.76 79.31 68.75 58.82 44.44 66.67 0.00 85.71 70.97 45.45 48.15 42.86 57.14 86.67 36.84 55.56 75.00
61.72=92.00 100.00 76.19 80.00 0.00 51.11 86.96 68.42 33.33 88.24 56.41 61.76 50.00 47.83 76.47 80.77 71.43 55.81 56.52 64.71 11.11 77.42 69.23 46.15 44.44 68.42 41.18 75.00 45.00 50.00 87.50
61.38=92.00 100.00 78.26 80.00 0.00 51.11 75.00 71.43 25.00 78.95 56.41 75.86 57.89 52.94 85.71 76.67 68.57 59.46 53.85 62.50 0.00 78.79 78.57 41.67 42.31 65.00 45.00 75.00 35.29 66.67 72.73
61.56=91.67 95.45 80.95 80.00 0.00 48.78 77.78 62.50 25.00 84.21 61.76 74.19 55.26 56.52 71.88 85.19 77.42 67.65 52.17 76.92 0.00 83.87 66.67 58.33 46.67 63.64 40.00 66.67 35.00 55.56 66.67
61.78=88.46 95.45 73.91 82.61 0.00 48.00 80.00 60.87 18.75 75.00 54.55 72.73 52.78 58.33 85.19 88.46 75.00 61.54 57.14 66.67 0.00 80.00 79.31 25.00 39.29 61.90 64.29 77.78 37.50 71.43 83.33
83.26=77.78 100.00 100.00 75.00 80.00 72.73 100.00 66.67 83.33 100.00 100.00 100.00 72.73 100.00 83.33 100.00 87.50 77.78 83.33 72.73 25.00 100.00 100.00 80.00 88.89 0.00 100.00 87.50 66.67 100.00 100.00
87.53=87.50 100.00 100.00 75.00 80.00 70.00 100.00 66.67 100.00 100.00 100.00 87.50 77.78 66.67 66.67 100.00 100.00 87.50 100.00 87.50 100.00 100.00 75.00 83.33 100.00 66.67 85.71 100.00 50.00 100.00 100.00
87.96=100.00 100.00 100.00 75.00 100.00 80.00 90.91 80.00 100.00 100.00 85.71 100.00 80.00 83.33 77.78 100.00 80.00 100.00 100.00 75.00 80.00 100.00 100.00 85.71 100.00 20.00 100.00 100.00 66.67 100.00 66.67
84.99=77.78 100.00 100.00 100.00 100.00 72.73 100.00 42.86 83.33 100.00 100.00 87.50 85.71 71.43 62.50 87.50 87.50 87.50 100.00 72.73 75.00 83.33 83.33 80.00 100.00 33.33 100.00 85.71 75.00 100.00 100.00
88.69=77.78 100.00 100.00 75.00 100.00 88.89 100.00 57.14 71.43 100.00 100.00 87.50 87.50 80.00 70.00 100.00 88.89 100.00 100.00 88.89 100.00 100.00 85.71 100.00 85.71 50.00 100.00 100.00 80.00 100.00 75.00
84.28=100.00 100.00 75.00 100.00 100.00 100.00 90.91 57.14 100.00 83.33 100.00 100.00 75.00 100.00 50.00 100.00 85.71 100.00 100.00 88.89 80.00 66.67 80.00 75.00 80.00 50.00 75.00 100.00 66.67 83.33 50.00
87.77=100.00 100.00 85.71 100.00 100.00 100.00 90.91 60.00 83.33 80.00 100.00 83.33 77.78 100.00 100.00 100.00 72.73 87.50 85.71 100.00 80.00 60.00 100.00 83.33 100.00 50.00 85.71 100.00 71.43 83.33 100.00
82.98=87.50 100.00 85.71 100.00 75.00 80.00 90.91 75.00 100.00 100.00 100.00 100.00 85.71 83.33 75.00 100.00 77.78 87.50 100.00 100.00 80.00 71.43 66.67 50.00 100.00 33.33 83.33 83.33 85.71 75.00 40.00
87.78=100.00 100.00 83.33 100.00 100.00 77.78 90.00 80.00 62.50 83.33 87.50 85.71 85.71 100.00 88.89 88.89 77.78 87.50 100.00 100.00 50.00 80.00 100.00 66.67 90.91 100.00 85.71 83.33 85.71 100.00 100.00
84.72=100.00 100.00 83.33 100.00 80.00 100.00 100.00 80.00 50.00 83.33 87.50 100.00 83.33 57.14 100.00 100.00 77.78 85.71 100.00 100.00 80.00 60.00 71.43 71.43 88.89 60.00 85.71 100.00 75.00 85.71 80.00
63.86=92.00 100.00 81.82 80.00 0.00 48.94 83.33 66.67 28.57 93.75 55.00 64.86 57.14 52.17 88.89 88.46 75.00 63.16 54.55 81.82 0.00 85.19 79.31 41.67 50.00 54.17 47.62 85.71 33.33 66.67 80.00
63.66=95.83 95.45 90.00 83.33 0.00 46.94 83.33 70.59 36.36 93.75 53.49 71.88 55.26 50.00 73.33 82.76 70.97 67.57 48.00 78.57 0.00 85.71 78.57 37.50 48.28 70.00 40.91 70.59 33.33 83.33 77.78
63.98=91.67 100.00 68.00 80.00 2.86 47.83 77.78 81.25 14.29 75.00 53.85 78.57 48.78 50.00 75.00 88.00 66.67 62.50 50.00 84.62 0.00 89.29 77.78 50.00 46.43 65.00 75.00 56.25 36.84 100.00 90.00
63.49=100.00 100.00 80.95 76.92 0.00 45.24 77.78 82.35 27.78 86.67 52.50 74.07 52.50 55.00 75.76 85.71 64.86 58.54 50.00 76.92 0.00 82.76 77.78 40.00 37.50 61.90 50.00 76.92 38.89 88.89 90.00
62.56=95.45 95.45 85.71 82.61 0.00 48.84 80.00 64.71 16.67 83.33 48.89 71.88 58.54 65.00 75.00 78.57 62.16 59.46 50.00 71.43 0.00 78.57 74.07 50.00 48.28 68.42 64.29 76.92 40.91 75.00 69.23
63.03=92.31 95.65 77.27 83.33 0.00 58.54 100.00 71.43 35.00 78.26 63.16 64.71 63.33 63.16 78.12 80.00 75.00 66.67 41.38 88.24 0.00 85.71 73.33 20.00 45.16 57.14 42.31 53.85 50.00 60.00 90.91
65.20=95.45 95.45 76.00 94.74 3.03 48.98 95.45 66.67 38.89 80.95 69.70 83.33 62.86 58.62 70.97 75.86 77.42 63.64 43.48 66.67 0.00 88.89 83.33 28.57 46.88 71.43 63.16 64.29 38.46 83.33 84.62
65.92=95.83 100.00 78.26 87.50 6.25 53.49 88.46 72.22 36.84 77.27 67.57 82.14 63.64 70.00 82.14 75.00 75.76 75.86 47.83 80.95 0.00 86.21 71.88 36.84 44.83 54.55 45.83 71.43 41.67 83.33 90.00
65.93=92.00 95.45 81.82 84.00 6.45 48.00 91.67 80.00 30.00 85.00 65.71 81.48 68.97 66.67 74.19 78.57 82.76 70.00 44.00 80.00 5.56 92.31 76.67 25.00 45.16 60.00 55.56 58.33 38.46 80.00 100.00
64.76=96.00 100.00 85.71 75.00 0.00 50.00 90.91 56.52 44.44 75.00 59.52 83.33 72.41 63.64 83.33 70.59 78.79 69.70 50.00 80.00 0.00 82.76 77.78 29.41 50.00 65.00 52.94 64.71 40.00 60.00 100.00
62.29=95.83 95.45 72.00 82.61 2.86 50.00 72.00 61.90 31.58 88.24 60.00 68.75 55.88 44.00 75.86 87.50 61.11 64.71 51.72 63.16 0.00 86.21 67.86 30.00 53.57 72.22 57.14 76.47 38.89 83.33 80.00
63.17=100.00 95.45 72.00 75.00 0.00 47.06 69.23 58.82 26.67 100.00 55.00 76.67 58.97 61.11 88.46 74.19 67.65 66.67 40.91 61.11 0.00 86.67 72.41 60.00 51.72 70.59 57.14 73.33 45.00 75.00 71.43
60.78=92.00 95.24 70.83 80.00 0.00 46.34 77.78 72.22 38.46 78.95 58.33 74.19 53.49 47.37 71.88 88.00 65.71 60.00 40.91 71.43 0.00 83.33 75.86 27.27 39.29 70.00 50.00 76.92 35.00 54.55 88.89
61.70=92.00 100.00 70.83 71.43 0.00 53.66 83.33 66.67 38.46 84.21 50.00 79.31 57.50 52.94 72.22 79.31 60.53 67.57 47.62 72.73 28.57 86.67 75.00 23.08 43.48 61.90 60.00 66.67 23.81 60.00 83.33
63.21=95.83 100.00 79.17 71.43 0.00 46.67 86.96 76.47 40.00 83.33 61.11 67.74 54.76 42.31 76.67 92.00 72.73 58.14 61.90 90.91 0.00 80.65 75.86 37.50 48.00 57.14 60.00 87.50 38.10 50.00 66.67
84.87=100.00 100.00 85.71 100.00 100.00 61.54 100.00 60.00 62.50 83.33 100.00 85.71 83.33 80.00 88.89 80.00 88.89 70.00 100.00 88.89 50.00 50.00 100.00 80.00 100.00 100.00 100.00 100.00 57.14 100.00 75.00
86.77=100.00 100.00 71.43 100.00 100.00 88.89 81.82 66.67 80.00 83.33 87.50 100.00 87.50 80.00 100.00 75.00 87.50 77.78 85.71 88.89 100.00 66.67 100.00 60.00 88.89 100.00 100.00 100.00 71.43 85.71 75.00
88.42=100.00 100.00 87.50 100.00 75.00 100.00 100.00 57.14 50.00 83.33 100.00 87.50 77.78 100.00 88.89 77.78 100.00 87.50 100.00 88.89 100.00 100.00 85.71 85.71 100.00 100.00 100.00 100.00 83.33 75.00 50.00
89.31=87.50 100.00 100.00 100.00 100.00 100.00 100.00 57.14 100.00 83.33 100.00 87.50 75.00 100.00 88.89 100.00 87.50 77.78 100.00 100.00 100.00 80.00 80.00 50.00 88.89 100.00 100.00 100.00 66.67 83.33 75.00
88.65=77.78 100.00 100.00 100.00 80.00 100.00 100.00 66.67 100.00 100.00 87.50 87.50 62.50 83.33 100.00 100.00 80.00 100.00 77.78 88.89 100.00 66.67 80.00 83.33 100.00 100.00 100.00 100.00 83.33 100.00 42.86
58.60=87.50 100.00 85.00 73.08 3.03 50.00 95.00 57.69 37.50 75.00 64.10 66.67 60.00 75.00 63.64 65.38 68.57 62.86 42.86 55.00 0.00 78.57 70.83 9.09 52.94 46.67 68.42 60.00 42.11 40.00 60.00
59.24=100.00 95.65 85.00 62.96 0.00 54.35 87.50 50.00 31.58 66.67 57.89 65.71 64.86 80.00 66.67 82.61 67.57 65.71 54.55 36.84 18.75 78.57 70.37 0.00 44.00 62.50 66.67 33.33 31.25 71.43 83.33
59.83=88.46 100.00 88.89 72.00 0.00 52.08 84.00 60.00 33.33 75.00 63.41 63.16 63.16 70.00 67.86 82.61 68.57 70.00 54.17 43.48 10.00 68.75 69.23 6.67 52.17 68.18 78.95 72.73 17.65 54.55 55.56
59.73=88.00 100.00 89.47 74.07 0.00 53.33 95.24 60.00 35.29 72.73 59.09 65.71 61.54 60.00 75.86 76.00 71.88 69.70 44.44 47.83 6.25 71.43 70.83 13.33 44.44 71.43 87.50 57.14 37.50 41.67 50.00
59.19=88.00 100.00 85.71 61.29 0.00 54.35 80.77 61.90 28.57 80.00 55.81 66.67 65.79 66.67 75.00 77.78 79.31 66.67 50.00 52.63 0.00 79.31 69.23 11.11 38.10 78.95 68.42 50.00 35.71 50.00 57.14
87.50=75.00 100.00 100.00 100.00 80.00 100.00 100.00 100.00 71.43 100.00 77.78 85.71 100.00 83.33 87.50 100.00 80.00 85.71 85.71 100.00 80.00 100.00 100.00 66.67 66.67 60.00 100.00 88.89 71.43 100.00 66.67
87.73=70.00 100.00 100.00 66.67 100.00 100.00 100.00 80.00 100.00 71.43 87.50 77.78 83.33 100.00 100.00 83.33 72.73 100.00 100.00 100.00 100.00 71.43 100.00 50.00 100.00 60.00 100.00 100.00 45.45 100.00 100.00
89.82=66.67 100.00 100.00 100.00 100.00 88.89 90.91 80.00 80.00 71.43 100.00 85.71 100.00 83.33 77.78 100.00 80.00 87.50 87.50 100.00 100.00 83.33 100.00 75.00 85.71 100.00 85.71 100.00 75.00 100.00 100.00
88.97=77.78 100.00 100.00 100.00 100.00 100.00 100.00 100.00 71.43 80.00 87.50 100.00 88.89 100.00 87.50 100.00 87.50 100.00 75.00 88.89 100.00 75.00 100.00 50.00 71.43 100.00 100.00 100.00 62.50 71.43 83.33
89.95=100.00 100.00 83.33 100.00 75.00 100.00 100.00 100.00 100.00 100.00 70.00 85.71 85.71 100.00 80.00 83.33 80.00 85.71 77.78 100.00 100.00 83.33 100.00 66.67 87.50 100.00 100.00 77.78 66.67 100.00 100.00
61.43=100.00 91.30 72.00 83.33 3.23 48.94 90.48 68.42 31.58 85.00 63.16 62.86 62.50 66.67 73.08 79.17 78.12 58.33 45.45 70.00 0.00 82.76 79.31 21.43 37.04 46.15 52.38 35.00 41.67 75.00 100.00
65.25=92.31 100.00 73.91 86.96 0.00 56.10 84.00 58.82 37.50 85.00 65.79 74.07 64.29 81.82 85.71 72.41 81.25 64.71 50.00 61.54 10.00 86.21 74.19 18.75 52.00 76.47 57.14 46.15 47.06 100.00 78.57
64.42=92.31 100.00 78.26 86.96 0.00 53.33 88.46 64.29 33.33 78.26 70.59 73.33 67.74 69.57 70.59 82.14 77.42 56.76 50.00 89.47 0.00 89.66 70.59 30.77 44.00 72.22 61.11 62.50 33.33 66.67 83.33
65.75=91.67 95.45 78.26 87.50 3.03 51.16 80.00 66.67 23.81 75.00 65.79 84.62 66.67 73.91 71.88 71.88 78.12 67.74 52.17 83.33 7.14 88.46 74.19 27.78 48.15 68.42 70.59 55.56 62.50 66.67 100.00
66.88=92.31 91.30 80.95 87.50 0.00 52.17 87.50 78.95 43.75 68.00 81.25 84.62 63.89 77.27 75.00 85.19 76.47 56.76 42.31 94.12 15.38 85.19 71.43 25.00 38.24 68.42 55.00 50.00 63.64 100.00 81.82
78.08=62.50 83.33 100.00 75.00 75.00 61.54 100.00 50.00 100.00 83.33 85.71 87.50 63.64 100.00 71.43 100.00 80.00 71.43 75.00 70.00 0.00 100.00 66.67 83.33 100.00 0.00 100.00 100.00 75.00 100.00 100.00
83.19=77.78 100.00 100.00 75.00 100.00 58.33 100.00 66.67 62.50 100.00 100.00 100.00 100.00 62.50 63.64 90.00 100.00 77.78 100.00 80.00 0.00 100.00 85.71 100.00 100.00 33.33 100.00 100.00 60.00 85.71 100.00
86.58=100.00 100.00 100.00 75.00 100.00 66.67 100.00 57.14 71.43 100.00 83.33 77.78 85.71 80.00 75.00 77.78 88.89 100.00 100.00 80.00 100.00 100.00 77.78 83.33 87.50 66.67 100.00 100.00 50.00 100.00 100.00
82.66=100.00 100.00 87.50 75.00 100.00 61.54 100.00 60.00 100.00 100.00 100.00 87.50 85.71 80.00 75.00 63.64 100.00 100.00 100.00 66.67 25.00 100.00 70.00 83.33 100.00 0.00 100.00 83.33 75.00 83.33 100.00
83.24=85.71 83.33 100.00 60.00 100.00 57.14 100.00 60.00 83.33 100.00 87.50 85.71 87.50 80.00 66.67 90.00 88.89 100.00 100.00 88.89 0.00 100.00 85.71 83.33 100.00 66.67 100.00 100.00 60.00 80.00 100.00
61.41=85.71 87.50 78.26 83.33 3.33 51.22 95.45 53.33 36.00 84.21 64.10 77.78 65.38 65.00 76.67 70.97 71.43 67.86 34.62 75.00 0.00 82.76 76.92 31.25 48.15 54.17 52.38 57.89 31.25 57.14 84.62
64.16=88.46 100.00 86.36 83.33 0.00 46.15 87.50 63.64 40.91 85.71 65.79 80.00 70.00 61.90 88.00 75.00 72.73 64.29 41.67 71.43 9.09 82.76 75.00 29.41 38.71 86.67 47.62 50.00 40.00 75.00 81.82
62.98=88.00 91.30 86.36 87.50 3.03 46.81 91.67 66.67 35.00 81.82 70.27 80.77 64.71 72.73 85.71 75.86 78.12 72.00 37.04 82.35 0.00 88.89 69.70 23.53 45.83 52.38 52.63 40.00 40.00 66.67 75.00
