93.36533538146442
95.14464925755249
93.99356020323764
94.98172973979426
95.57336033142485
91.33512544802868
92.09805427547363
93.14516129032258
94.38172043010752
94.53242098403388
72.28482490947333
74.46588530199118
75.68354361538952
76.71779462183574
77.24448770797775
77.3908097450176
77.69834740033619
76.59505487955458
79.2803606100196
79.90874281099205
77.12259219708405
78.58714221595375
80.29792221696441
78.4399167804637
79.70777299214573
93.47018572825024
87.94909391683586
88.25534680373391
94.69394404878275
94.3394777265745
88.75632432084046
89.71454173067076
92.40957966764418
89.89358311938958
93.02308802308802
80.34546060964942
79.29362495537232
80.22387679518104
81.18126383739737
81.07100424545948
77.21505009965708
77.763477142591
79.23983148571793
77.5602808058876
78.48261146067888
93.59970674486804
87.89123958478798
88.7826420890937
88.98058930316995
89.41079529789208
80.7804302871394
81.46873131949444
80.54443733587172
78.58794521296734
80.58797437073974
78.15363713146772
78.90377428379422
77.72121109042442
77.60110115294765
78.41493694469933
88.27444956477215
88.2614786647045
87.66501419727227
89.68905646325001
90.28673835125448
80.13747662794037
78.88250561913918
79.04423869602753
78.93257219720643
79.14479063517922
88.12660010240656
89.29051972695235
87.13788741302973
88.87637899734675
87.46689242656984
80.00054001813166
78.89192029973626
78.80413989378198
79.11394809456824
78.72281081931902
80.93868153315228
79.4420456425393
79.81606952865093
79.64856046619994
80.03047233022016
88.8692221756738
86.94316436251921
91.37690266722525
89.58094772610902
88.12968393613558
76.83035002451726
77.6216697130647
78.74741175642315
78.79442327538109
79.67467537773882
78.62104370846484
80.05341890494293
79.81161721933567
79.14527040751895
80.3554543423985
90.26625704045058
91.186170460364
89.71838197644648
90.11846576362706
89.10987757761951
90.21953405017922
85.69124423963135
92.04749103942652
91.89021551924777
86.70890937019969
87.38688730624214
89.90864869897128
90.30419401387144
89.10906298003074
90.42801284736771
79.81893412035029
78.99871646199146
80.16585944995212
79.61039318076033
80.00717649849398
88.55488597424082
87.70289298515105
87.86214681375974
87.60816692268307
86.10855094726062
79.86303263696446
80.57880857742356
80.31050466792902
78.91983032728405
79.02091108283375
89.71291253549317
90.22657450076805
88.23441791183727
89.17015779919004
89.10130034418458
78.96583830789503
79.83928289168438
81.4383137380805
78.8613571240014
79.02130620016814
87.99091141833077
87.73809523809526
90.99733441763803
89.48174137690268
88.28370106595912
84.53277009728623
83.80824372759857
90.46338965693805
85.78713401294046
87.33859330633523
80.91316416434601
81.07075866952992
79.50563802964854
78.87909111976445
81.02008387963205
86.88920398597818
87.12063026579155
91.09220080994274
87.47193666548506
91.20071684587813
85.43660640434835
88.74295954941118
88.52755667271796
87.07466368756691
85.29057859703022
87.29216124377415
88.00388679420938
89.94854607757833
91.92093748545359
90.16338500209469
80.89814504773626
80.62543794722082
80.1436607968163
79.9296723038374
80.0478978243377
88.29749103942653
87.23967788483917
86.64628382370317
87.4795186891961
90.35970302099335
78.55662020227595
78.67205241192367
79.25484440321914
77.13876565984877
78.23253807927247
88.78084281310088
88.63287250384025
90.0115207373272
88.82441930829027
86.87485453614488
80.20099549083939
80.31716232483384
81.72457952763588
80.4067698179544
79.30823055395318
79.65499326662443
80.16046122817747
80.3390072661536
79.17601939454723
79.42220675066093
89.75643532095144
87.83119210538565
89.65836872383362
88.83797653958945
87.57174277335568
80.96159909286754
79.8240284722491
80.50272424739224
79.7356524125156
80.07569884777104
79.28604785490843
79.79230043418514
78.79581123125088
79.764005690344
80.55844150459372
80.43230379433017
81.27941759432927
80.7413993761477
80.45838006714953
79.45603816472797
85.90117767537123
87.7582274356468
86.99180747567843
89.57117255504353
88.61239119303636
84.84383000512034
88.79032258064517
88.10547875064006
87.35791090629802
85.88965693804404
80.64858657580558
81.00969341146612
81.52258204900926
79.75325916445779
79.97563705045056
86.67783829074152
87.79558255364708
88.44214029697903
87.31392263650328
88.4339943210911
89.34413256993903
88.89482381417866
88.23988735279057
86.79932970255551
85.55765023506959
78.71002740216473
78.51106562082931
78.0299549372446
77.63772789485802
78.3831223126642
88.64823348694317
88.47635339570824
92.3488339617372
88.56723921240051
88.56768679349325
79.3363693519874
80.91523373244361
80.7989884205
79.39566061666311
80.27222838241158
87.02171484429547
87.44065074710235
86.49641577060932
86.42601126472094
88.64637154959736
85.51971326164875
87.68561187916026
83.62901435482081
84.19108669108668
86.05862775217612
80.65058428662915
79.07262635374025
78.83779220041832
81.19715469357587
80.25869560596044
89.29368570497603
88.02692826886376
89.64058790671693
89.06554019457243
91.53737839221711
79.0015927403428
79.1969992483056
79.40431468023378
78.05416677792951
79.1058700057316
81.5852110513213
79.97954703430275
80.02291024693763
81.40879345447007
79.92763285161409
80.45078036295051
77.64704582268189
79.01069188887851
77.65236120259519
79.96733474169842
80.38809854078241
81.10126682685144
80.5301092522575
79.96875058086884
79.85917753797209
80.07034551653233
79.27529089852403
79.12045191233354
79.8701996612351
78.78598860046978
80.35473701485063
80.9755697315354
80.30501405330266
79.55728470664532
80.55265544488384
86.98796722990272
90.47840152678862
87.29006656426012
89.36961783735978
90.25124069478908
79.6129021508066
79.44915781984359
78.71836392947975
79.83299007233325
78.87507097019628
88.7295186891961
88.00656332914397
87.69154680445003
90.33887259693711
88.95141438784702
79.8168489505422
81.55913140730429
80.46737126668013
81.55484425013341
80.22262691259975
88.18897500349112
90.09196896293672
85.1786296141135
89.5696939577395
90.44945935363391
85.99078341013825
86.11495135688683
87.76753712237584
88.90050809405648
88.03111762789183
80.42966698048635
79.53130925007851
81.40631857407298
81.01471259666988
80.25250486615772
80.42302403326535
78.55116981939842
80.2566289737636
78.49048627891085
78.30787747425781
88.01715309779826
84.8310291858679
88.77833635898153
88.06405064469581
85.37099101615232
88.85442514474774
89.34680910487361
87.84434203789043
88.38738770190383
90.01792114695341
88.07173113624727
87.01228878648233
91.08038914490528
86.10552529907369
87.22431690173626
81.43975896977837
82.95124415833185
81.89922195204694
81.23860660901931
80.3066406596424
80.46854033756948
80.25148062483989
80.63529263529105
78.18580938260509
80.04670753064411
83.15550041356494
87.2567844342038
83.08381582575132
85.29067706487062
84.06810035842294
85.41940138714332
86.62779872457293
87.32532700274635
88.93066610808546
91.12507564120467
87.38316343155053
87.15274868500676
89.90684494716753
91.04326676907321
89.78046594982078
79.72495305758596
80.71348540627609
81.06129835376716
81.12714064444056
80.88188313033358
87.11434622724946
90.21367521367522
88.0889361534523
89.45980542754738
89.61469534050181
79.83754967459775
80.4004943967885
79.00782458116849
79.44790230185112
79.28160203237209
90.33774311288543
89.33544054511796
87.71136411553869
89.32510142187563
90.60931899641577
78.61730789609176
79.63238726674436
80.28280764933872
78.10134568179826
79.63346809625317
87.67106549364614
85.42242703533027
88.44551505841828
88.94230321649677
86.71624074849882
78.35117669338273
79.26608813694597
79.39648987950684
79.71584839881169
79.04737475149543
81.08927798851528
80.19642378774768
81.12075011907946
80.14066634081779
81.48181397170922
85.97542242703534
87.66973170198978
87.21267979332497
87.84562211981567
92.04813108038915
87.81792580179678
86.49339012242238
88.73644276870084
87.00926313829541
84.8310291858679
89.30747567844342
88.25012800819252
88.73754381818898
84.39461971720038
87.60742841388003
91.63611925708699
87.08131474260504
86.42308408437441
91.34472606246801
88.90134059488898
88.10802101124683
88.65205582947519
89.75934459805427
88.27198786876207
85.50167574361122
88.42805939580136
88.84167645552846
89.73467392822232
90.45728017502212
90.45728017502209
87.72657450076807
88.28794861052927
87.56784434203789
89.96497230368198
87.94500302564819
79.6791180361284
79.81713229938484
80.48539561095335
79.38492410971618
77.62986164164828
86.83901224223804
87.52001582646744
86.86589396266815
87.13261648745521
92.99737001349905
88.09651817716335
89.92063492063492
86.61280475796603
88.82325559744915
85.94691151142766
81.58935859876429
81.81311009250433
80.86245767827216
82.37018769165785
80.98014165368582
78.69451183396501
79.4672092435798
80.24419288750241
79.62223483870069
79.20241785407549
89.20728017502209
87.99591537494764
88.40210864404415
90.6824342640282
88.20532514080902
90.03712237583206
87.25887911371781
87.57412838058
88.95754782851557
87.05266955266956
89.59145535046864
90.92154261509098
90.3731438812084
88.85165014197273
89.9731182795699
87.67025089605735
89.70174091141833
87.6153058411123
88.95318838867226
87.93906810035843
80.02686280848108
79.65855124237052
78.30169572657597
79.69995045990113
77.9126604772606
87.0646736775769
87.61259349969028
89.34587813620071
89.3778801843318
87.66138879042104
89.0292324163292
87.27517106549367
89.90783410138249
87.7386770935158
88.70793185309314
88.84594795885121
88.53046594982078
88.69815668202764
88.79800307219661
89.6326164874552
89.78145062822483
89.3928920541824
89.16556114136759
90.45890937019969
90.49044593399432
80.68116171213072
81.71357710782867
81.62604421595248
80.95881118350196
81.22149518075547
80.49464660958328
79.82534989564417
79.92452535299854
79.51369351286003
80.50075213651039
85.68181818181817
87.37303914723269
89.13594470046083
87.50640040962621
88.44679514034354
90.35458269329237
90.11712749615975
90.20126378997347
89.59376644860515
90.60931899641578
88.02704463994786
88.46006144393242
88.73015873015873
88.32914397430527
90.50656332914397
88.59912488944747
88.7834566866825
87.96594982078852
89.68381976446493
86.36922217567378
81.54593372865449
81.83021011693349
82.43429064845735
81.07857305729146
80.72898646461539
79.5021936656548
79.3723820215419
79.73256524567647
79.881110604497
79.52783624055776
87.72482893450635
88.23686170460365
86.15637946283107
87.35488525811108
89.10498999208676
87.11399711399712
86.46697388632872
89.69534050179212
89.95263696876602
87.84050179211472
87.9531490015361
88.26001955034214
89.47470092631383
89.46620583717359
89.45724526369689
80.82935739246167
81.21489457591404
80.849333322859
81.27725969316418
80.62082047386855
80.65853736168535
80.14788783069342
80.14213971415725
80.52313472005248
80.18071346645054
