58.71445492151788
59.799618502525206
59.799618502525206
54.50343901320728
56.96359864501561
55.503557418456566
60.80081704646268
53.585643320823536
55.95958099417362
55.41238505773693
56.154971976735155
58.16709719578299
87.22990271377368
89.33307731694829
92.71121351766514
92.13634036214681
92.14797747055812
78.5466415305125
83.91193036354328
87.51366912657237
84.37374453503486
82.42821694434598
78.53384071126005
85.047363031234
84.10359353907741
87.16077828981054
87.67874598519761
60.8479965629062
59.92253141542686
58.68628012991216
61.19857642166561
63.478099062619215
59.47876918910423
58.83502728630186
60.00089284752617
