92.25806451612904
91.9687660010241
95.6605222734255
94.52369315272541
95.73092677931386
95.28801843317973
95.73092677931388
94.63005632360469
94.03609831029186
94.59933435739886
74.86843435459866
76.87195097362836
78.4477790818739
79.35567697086294
76.79095631989911
77.240522387926
78.50496363938512
77.47725319340766
79.0391195710916
78.48446348701923
80.4604799057085
79.76063939460983
79.27518760855266
81.19828452617821
79.46956474710883
89.56236257944039
88.43795093795094
89.37083973374295
88.71336706725701
90.20033282130056
91.95549969743519
88.76885659143724
91.2467997951869
93.407112600661
94.29804962063027
81.83632792791403
80.95759620718258
79.86791473035133
81.63093795203822
80.64772288310971
77.75813849985579
78.1282498945081
79.97518886153208
78.79332830742881
80.34359495505876
92.7332076525625
91.52783596331986
92.34383000512032
92.21966205837174
94.08136666201182
81.0560747251601
82.77541243251622
81.04446606118569
80.82280239991412
80.02721759399161
78.69471027445069
79.85938754599657
79.22830816002453
79.6636814461548
79.47614648853039
94.17585998231161
89.75119862216637
89.09509844993717
94.52590420332356
94.3876553553973
79.5628729623037
77.84484570811495
78.02866165196885
80.37773271651558
80.31301249487846
91.66922683051718
90.5077270399851
89.6530977982591
89.5762928827445
90.28371270306755
78.66428243705732
79.495928292201
79.17764635056938
79.03363171761002
77.7670657866044
82.02728424156936
80.93284444721452
81.38767723207613
80.82059006042233
81.11228204900907
93.59144439789601
94.17388167388168
94.84592468463435
95.07168458781362
94.1820276497696
79.41290875919394
78.42074093951109
79.34898293430379
79.4683262772972
79.64782863420568
79.3339896101358
79.42564665045408
79.60336357813023
79.86185364530886
79.63190159250505
93.49334357398874
91.17208955918633
93.86026160219708
93.02948843271425
94.0586743006098
88.58004003165294
93.26676907322067
92.8887957920216
93.82802681189779
96.09528464367173
92.59984639016896
89.8049620630266
95.18130614904808
95.35923753665689
94.61166969231486
80.08514785292479
78.04602354112389
79.20106521244873
78.25803058678198
78.94492083230338
91.74219150025603
92.63440860215054
93.64567332309268
95.14848950332821
94.42396313364057
80.11721003334203
79.46350095267032
79.81820951318235
79.2805573384504
80.09994060206284
95.16257040450589
94.47993762509891
94.7862263184844
94.05116388987355
93.32914397430527
78.19583241666322
79.60488907891217
77.56203418901906
78.33603786462636
77.77698151155374
94.47132616487455
92.27470558115722
96.63210445468512
92.54578754578753
94.61818647302518
94.10359353907741
93.65451752548525
94.44444444444444
93.2355816226784
93.62903225806451
80.81358850197148
79.55331740455644
80.2496879371477
81.66960568137729
81.92019125596921
91.65002560163852
94.08311222827352
92.2397942559233
93.65172461946656
92.3015873015873
92.76113671274963
94.29176558208816
93.83256528417819
94.33051715309782
95.19457245263696
91.60731741376904
92.20255550900713
94.40173625657496
93.72201275427082
93.15540194572453
82.33025927285237
81.54620311045753
80.43457645217204
80.40326127110465
81.61912646700095
94.74375087278314
91.43497183819765
93.07062113513727
94.04052936311002
95.9661127403063
78.29429543366363
79.93255302167366
79.51908793373754
78.58957247630143
78.96390905104654
93.10757343015408
93.71735791090629
95.03281664571986
95.71812596006146
94.70639575478286
80.03004740006638
80.75335846494806
81.63572485024922
79.98495056966279
80.77747088855949
78.10667185313935
77.9553482712475
80.91900744539227
78.6796673577445
77.94536043301954
92.96304054368571
91.14183307731695
93.57631615696133
94.44060419866872
95.02304147465438
80.59362210657768
80.73783607630558
81.91079780246037
82.10768163713989
82.37031205699056
79.33257436234565
78.10109327441018
79.53717259843403
80.05420266129815
79.14444065857555
81.34323320774726
80.63124257122931
81.04229700376466
81.11482149308462
80.20017017322789
93.27956989247312
94.0079365079365
93.64055299539172
94.12826420890939
93.05811571940605
93.24617139133267
92.26446492575526
93.67383512544804
93.68279569892472
95.18689196108551
81.12967243040436
80.13804306567103
80.60400554061066
80.99043221761039
79.89199548819761
94.31643625192014
94.82718894009217
94.12395847879719
94.63471116696923
94.75119862216636
96.31336405529956
93.92170553460878
95.81483033095938
93.07429130009776
94.7435181306149
78.99910621290462
80.1818144643844
79.34372339748145
79.58670702602844
80.44812931602058
92.695619792394
90.10752688172043
92.19278033794166
91.07782898105478
93.110599078341
82.95607909507412
82.13836811709429
81.52558195825156
81.60882553801414
80.87704291612353
94.19052273890985
96.37690266722525
93.56840292324165
94.912488944747
94.77808034259648
92.05802262253877
91.5463389656938
95.32898105478752
94.54045058883769
94.16026625704046
77.44259675986054
79.33554838646013
78.23193449233555
78.31499135250704
78.1611374215379
91.79467485919098
93.2936507936508
95.81285202252944
93.23092677931386
93.94009216589862
78.18901654919745
80.10604610139117
80.34236651530027
79.86560293351725
79.61443532777874
81.09592541535038
81.00118988601288
81.0465794241314
81.04660706264309
79.92200418562354
80.63723370942682
79.11187847321182
80.02238639082174
79.48759230351193
80.32759203041118
79.49009925202387
79.39261037644785
78.92374881987723
78.33437625958915
78.35970135992642
77.94639051547976
79.64111574439188
79.23868948533973
78.34637150253535
78.50356182575494
78.77066232051382
80.31600934190944
78.50167426179173
79.20512968924443
79.48463925171389
91.02278545826934
94.43641483964065
95.34282921379696
93.14132104454686
91.66026625704045
79.1358595622939
79.175191837755
80.3148147848707
81.56978934894009
80.57473084956192
90.34178187403995
91.61930363543267
96.66282642089092
91.20583717357913
92.2567844342038
81.14685488040647
81.54529565314019
82.31690365221776
82.11829544464109
82.2937743555241
92.45135688684076
92.02334403947307
92.6984126984127
93.60343061955966
93.95917702369316
94.52636968766002
94.40604198668714
91.6769073220686
94.41593352883675
93.68116650374714
80.20844394321917
79.81902689085682
81.38688541794308
81.46964004458259
80.91646624376192
79.18688565229759
79.80395767350227
79.30145516011024
78.56116586549108
79.424685450881
91.66108085462926
95.13522319973934
94.88141786528884
94.51484895033283
95.23704789833822
92.85586277521763
93.64683703393382
92.00332821300564
95.46048037983522
90.1036866359447
94.77458921007309
93.7710049806824
96.29241726015921
94.28175766885444
95.36563794628312
82.18815576284527
81.85925537383106
81.61501197245401
81.48878404593691
80.95688674398623
79.9808349771794
78.9357972641584
79.36211056690087
78.7116132858185
78.13137735466562
88.28853046594983
92.4846390168971
95.25985663082437
94.14327607875994
94.75934459805428
94.27035330261138
92.01438346599637
92.53665689149561
95.5576502350696
92.3318437834567
94.22043010752687
93.39082064888517
94.62621607782897
93.8031233998976
93.54454685099847
80.27485340055465
81.86633806324406
81.90087914777207
81.83074469770277
80.73109478485716
94.13454824745149
94.668458781362
95.86021505376344
96.92780337941628
94.72862263184844
79.29689118123737
78.57517122756961
78.86541957392511
78.7826809797766
78.51602236964519
94.41209328306103
93.25908858166925
93.63543266769072
93.45843224875482
94.3305171530978
81.02655937682175
79.19892807122157
79.08857298287614
79.18983670101868
79.57380512332269
93.1067588325653
95.14848950332821
94.6667132151003
94.58013312852022
93.77705627705627
79.19988818516168
78.5103977316393
80.54569571776513
79.84371047439409
79.92458586562327
79.73761435953662
80.8489664183575
78.4519011934182
78.55570982589138
78.99169323909635
94.33517199646232
93.9498673369641
95.69205883722012
94.11115765954477
94.83184378345669
96.03768095703579
93.1882185914444
95.65540194572453
95.25031420192711
95.01361541684123
93.5458269329237
91.93804403481823
93.57899269189593
94.10394265232975
93.7557603686636
91.89324116743472
95.11776753712238
93.50323511613836
94.03830936089
94.97172182656054
94.22939068100358
93.69303635432668
93.2936507936508
94.54301075268818
95.21505376344086
94.00630731275892
94.97823860727087
95.49492622073268
95.35458269329237
94.54813108038915
94.54382535027696
93.39687194525905
93.64008751105527
94.52206395754783
95.11730205278592
79.40765887953584
79.88753779344775
78.63768651699222
80.2672797413207
78.47643116535708
93.64520783875622
93.50439882697947
93.81790252757996
94.27116790020017
92.27424009682075
95.83973374295955
94.97416561932691
94.58397337429595
96.86379928315412
95.16129032258064
80.0763479868454
81.29227588626922
81.32974192975308
82.30390615072425
81.00993048410629
77.76068439144177
78.45269767351049
78.94160148877815
78.06700432574516
79.49704485725063
93.28213005632361
95.77700972862262
95.19166317553415
94.38916817949077
92.55225061676674
95.10962156123448
96.26169529395337
94.68847460782945
92.73378950798306
94.65181771633387
94.47132616487454
92.21838197644651
94.63005632360472
94.92191500256017
94.36507936507937
95.81541218637993
94.37019969278035
94.82974910394265
96.00102406554018
96.50537634408603
79.79518800671308
79.08432303650422
79.62651402703756
79.32213971797611
79.74129776737621
95.421146953405
92.80849974398362
95.19713261648747
95.25089605734767
96.33512544802866
96.31929898058931
95.50249034120002
94.78238607270866
95.34643671740447
91.51561699948796
95.97670250896056
93.90809011776754
95.54275473630314
94.9205185495508
93.19508448540708
95.09856630824373
92.98387096774194
95.56963645673324
93.19508448540708
96.27856910114976
82.03083387248161
82.78930506356988
81.86077893519688
80.09490395047757
81.45847739906498
79.10146709776251
80.17728198273359
80.12849830813165
78.9637775681604
79.14540892801763
94.40173625657498
94.74607829446539
95.0904203323558
94.2724479821254
95.92375366568916
94.69150025601638
92.4230787134013
93.93497183819765
94.19482846902201
92.35919098822325
96.07654889912953
96.16103430619559
93.6495135688684
94.04249871991807
95.54659498207884
95.53076851463948
92.2139598752502
92.59600614439326
91.14136759298053
93.1114136759298
81.37435436690568
81.36900527036764
82.05200527737661
81.5574791234502
80.79595803467309
78.59315633082021
78.90076099710281
78.40777076678013
79.36824510494336
79.58312036477598
95.02769631801891
95.9160731741377
96.9145370758274
93.19205883722012
96.36410184797282
95.02525252525253
93.71223758320534
94.74014336917564
94.76830517153097
94.58013312852022
96.23783922171019
93.50463156914772
94.80286738351253
94.10010240655403
94.14455616068518
80.66102338445879
81.55933083334531
80.6239475153498
80.77474726937243
81.17179964101351
78.82755660450599
80.05519387468722
77.2653399644331
79.27388806270122
78.8560647039487
93.19764464925755
92.89170506912443
94.15770609318996
93.94009216589862
94.47772657450076
77.96464286917188
79.75167845795235
79.14021776319635
79.57716845129619
79.36048935948646
95.9242191500256
96.9324582227808
95.51401107852722
95.77654424428617
94.91632919052275
93.60215053763442
95.77572964669739
94.51962016478144
95.19713261648745
96.17383512544804
80.48606001934189
80.71954837541539
81.34820043226715
82.41977181530791
80.60015131092219
95.52564818693853
94.08543964995579
95.83926825862311
95.63445515058419
97.18335428012848
81.84317213991363
80.45362378664095
79.19210354110636
81.602097278083
80.62239076320888
91.68586789554531
94.68637992831542
94.40092165898619
94.56349206349206
93.86794209374854
96.25657496625237
93.21300563236048
92.69457245263696
93.92554578038451
96.15416841223293
78.35716282893125
79.23113367473405
78.01325855448235
78.34057801377502
78.66788014758377
93.94998370804824
93.84408602150538
94.32539682539682
96.1111111111111
95.85253456221197
94.3036354326677
92.01729274309919
94.72082576921287
94.15130568356375
93.8709677419355
78.98682872765185
79.20474211870916
78.66298978164741
78.38047529358795
78.5151402267828
79.54305948257444
77.70251750826455
78.42862871734471
78.96169203556244
78.71850014150131
81.27824227677301
82.08743398053667
81.53777246831537
81.53117492508594
81.7880695803077
77.64494735455388
77.50057590314073
78.88209638214687
78.33158271850826
78.17664649339267
93.94474700926314
94.78704091607318
96.5060745705907
93.54396499557788
95.1992272960015
92.03405017921146
95.04969045291627
93.82092817576688
96.09179351114834
94.40534376018246
94.13210445468512
96.02744030163385
93.45575571382024
96.37690266722525
94.54894567797794
81.02526780350072
81.58604823594253
80.23242886678632
81.95034646047468
81.77901664358842
77.69381356182282
78.55744749201499
80.13162828935675
78.91364461871548
78.30897561405324
78.22258304240604
77.62168263685132
79.11582707917943
78.38763812671276
78.18936270900677
78.61520297445648
77.78750537015824
79.04010391329362
78.15831856045496
77.14297840849741
94.11243774146999
94.52718428524881
93.54920169436299
94.60782944653913
93.90029325513197
94.84080435693339
94.58478797188475
95.14080901177675
94.94670204347625
95.53972908811619
82.1722413902927
81.13225238901079
82.30747266557715
82.10939307806116
82.27409143794381
78.04509542813658
78.94878537589287
78.9579808951441
77.21017889962735
78.87261600712264
94.23707117255502
92.77777777777777
94.9275008145976
94.54813108038915
95.27009728622632
95.14848950332821
94.20600009309686
96.01603593539078
96.3773681515617
94.27931387608807
95.14034352744031
93.9434669273379
96.4409067634874
96.04920169436299
93.47751710654936
