58.71=88.89 100.00 75.00 76.00 11.11 51.28 85.71 50.00 27.27 65.22 66.67 84.00 70.83 33.33 68.00 52.50 68.75 71.88 39.13 86.67 15.38 75.86 82.61 38.89 33.33 53.85 45.00 50.00 26.32 66.67 60.00
55.94=85.71 100.00 70.83 68.97 2.56 47.73 77.27 42.31 47.06 70.59 70.00 74.19 69.23 31.25 64.00 54.55 78.57 61.11 48.00 66.67 15.38 84.00 76.00 28.57 28.57 50.00 47.06 73.68 25.00 40.00 35.29
57.17=100.00 100.00 67.86 66.67 5.56 43.75 90.48 43.48 40.00 85.00 67.65 87.50 60.71 36.00 61.29 60.61 64.71 70.59 50.00 61.11 0.00 80.00 84.00 31.25 42.86 45.16 57.14 70.59 20.00 25.00 53.33
56.54=85.19 95.45 64.29 60.61 0.00 41.67 85.71 58.82 23.53 88.89 67.65 82.14 46.88 30.00 78.57 70.59 60.00 63.89 58.33 68.75 0.00 76.67 86.96 41.67 35.00 52.00 29.41 88.24 35.29 30.00 46.67
59.43=95.83 100.00 76.00 66.67 0.00 47.92 87.50 64.29 27.78 88.89 57.14 73.33 56.25 38.10 73.33 70.97 71.88 57.50 54.17 62.50 0.00 78.57 80.00 41.67 47.62 56.52 47.06 93.75 30.00 40.00 57.14
58.75=83.33 100.00 81.82 77.78 3.45 61.11 100.00 53.33 25.00 100.00 70.27 75.86 81.48 37.93 50.00 82.61 63.89 75.00 21.74 59.09 46.15 91.67 69.23 0.00 33.33 42.86 73.33 61.54 26.67 41.67 31.25
54.89=80.00 100.00 73.91 68.00 0.00 55.81 86.96 40.00 37.50 76.47 63.16 88.46 62.16 44.44 53.33 80.00 70.27 55.88 19.05 47.37 33.33 85.71 68.97 0.00 36.36 57.14 59.09 66.67 17.65 28.57 45.45
55.68=100.00 100.00 93.75 64.29 0.00 53.33 95.24 60.87 36.84 61.90 67.57 66.67 65.52 47.37 57.89 77.78 59.09 66.67 30.77 42.11 21.43 70.00 64.29 0.00 44.00 50.00 68.75 60.00 14.29 35.71 50.00
56.82=100.00 100.00 81.82 62.07 0.00 47.92 95.00 57.69 53.85 55.00 64.86 77.42 71.43 60.87 65.00 76.00 59.52 65.71 35.00 60.00 10.53 76.00 71.43 0.00 35.00 59.26 59.09 76.92 21.05 27.27 35.71
57.28=100.00 100.00 85.00 58.82 0.00 42.11 95.24 46.43 32.00 100.00 63.89 64.86 68.75 55.56 42.86 80.00 69.44 60.53 47.06 58.82 5.26 89.47 62.96 0.00 45.45 60.00 65.22 53.85 22.22 44.44 55.56
88.04=100.00 100.00 100.00 100.00 100.00 100.00 100.00 66.67 71.43 100.00 100.00 100.00 75.00 100.00 88.89 80.00 100.00 70.00 71.43 100.00 100.00 83.33 85.71 85.71 83.33 75.00 100.00 77.78 62.50 85.71 66.67
88.14=87.50 100.00 100.00 100.00 66.67 87.50 100.00 80.00 100.00 100.00 87.50 100.00 87.50 100.00 100.00 88.89 75.00 100.00 100.00 100.00 100.00 100.00 71.43 66.67 85.71 50.00 83.33 100.00 60.00 83.33 71.43
89.60=100.00 100.00 77.78 100.00 100.00 88.89 100.00 57.14 80.00 100.00 100.00 87.50 85.71 71.43 100.00 81.82 87.50 100.00 100.00 100.00 80.00 75.00 100.00 100.00 100.00 75.00 83.33 100.00 75.00 100.00 71.43
94.39=100.00 83.33 100.00 100.00 100.00 88.89 100.00 50.00 100.00 100.00 100.00 100.00 80.00 83.33 100.00 100.00 100.00 100.00 100.00 100.00 100.00 83.33 100.00 100.00 100.00 100.00 85.71 100.00 71.43 100.00 100.00
91.77=100.00 100.00 87.50 75.00 80.00 77.78 90.91 60.00 83.33 100.00 100.00 100.00 100.00 100.00 100.00 100.00 100.00 100.00 100.00 88.89 100.00 80.00 85.71 85.71 100.00 100.00 100.00 100.00 75.00 100.00 75.00
85.22=87.50 100.00 100.00 100.00 100.00 83.33 90.91 60.00 83.33 100.00 87.50 70.00 100.00 100.00 71.43 90.00 88.89 75.00 87.50 77.78 100.00 100.00 100.00 71.43 75.00 25.00 71.43 100.00 83.33 100.00 62.50
86.07=85.71 100.00 100.00 75.00 100.00 85.71 100.00 44.44 83.33 100.00 100.00 87.50 100.00 100.00 63.64 100.00 100.00 87.50 100.00 55.56 100.00 100.00 100.00 71.43 81.82 0.00 100.00 100.00 80.00 100.00 66.67
87.00=87.50 100.00 100.00 60.00 80.00 87.50 100.00 57.14 100.00 100.00 100.00 87.50 100.00 100.00 85.71 100.00 100.00 100.00 75.00 72.73 100.00 100.00 100.00 85.71 80.00 0.00 75.00 100.00 80.00 100.00 83.33
87.69=77.78 100.00 100.00 100.00 100.00 88.89 100.00 50.00 71.43 100.00 100.00 100.00 100.00 100.00 87.50 100.00 100.00 87.50 100.00 60.00 80.00 83.33 100.00 83.33 81.82 33.33 100.00 100.00 50.00 83.33 100.00
85.99=87.50 100.00 100.00 100.00 100.00 100.00 100.00 42.86 66.67 100.00 100.00 87.50 83.33 100.00 75.00 61.54 87.50 87.50 100.00 80.00 80.00 80.00 83.33 85.71 85.71 16.67 100.00 100.00 75.00 100.00 100.00
86.68=77.78 100.00 100.00 75.00 60.00 100.00 90.00 100.00 83.33 80.00 85.71 87.50 87.50 80.00 77.78 90.91 72.73 77.78 100.00 100.00 100.00 100.00 100.00 75.00 66.67 100.00 75.00 100.00 44.44 100.00 100.00
88.41=77.78 100.00 100.00 75.00 100.00 88.89 100.00 66.67 100.00 100.00 77.78 87.50 100.00 66.67 100.00 76.92 72.73 87.50 100.00 100.00 100.00 80.00 100.00 75.00 87.50 75.00 83.33 100.00 62.50 100.00 100.00
89.30=87.50 100.00 100.00 75.00 100.00 100.00 100.00 100.00 100.00 83.33 87.50 100.00 87.50 80.00 100.00 75.00 80.00 85.71 85.71 100.00 100.00 100.00 100.00 80.00 70.00 75.00 100.00 77.78 75.00 80.00 83.33
90.69=70.00 100.00 100.00 75.00 100.00 100.00 100.00 80.00 100.00 71.43 87.50 100.00 87.50 71.43 87.50 100.00 88.89 100.00 100.00 100.00 100.00 100.00 100.00 80.00 80.00 75.00 100.00 100.00 57.14 100.00 100.00
90.45=71.43 100.00 100.00 75.00 80.00 80.00 100.00 100.00 100.00 100.00 100.00 100.00 85.71 71.43 100.00 88.89 66.67 85.71 100.00 100.00 100.00 100.00 100.00 80.00 63.64 100.00 100.00 88.89 66.67 100.00 100.00
62.86=95.83 100.00 73.91 83.33 4.26 47.92 88.00 86.67 34.62 92.86 66.67 91.30 69.23 68.42 63.33 52.38 78.12 61.76 43.48 80.00 0.00 92.00 91.30 15.38 42.86 52.00 54.55 72.22 33.33 60.00 52.94
60.94=88.46 95.45 78.26 79.17 2.86 46.00 92.00 82.35 41.67 100.00 75.76 80.77 64.29 40.74 68.18 63.64 74.29 61.11 36.36 69.57 0.00 81.25 75.00 26.67 40.00 50.00 52.38 66.67 37.50 57.14 61.54
61.80=82.76 95.24 77.27 90.00 0.00 54.55 92.00 71.43 48.00 94.12 70.27 70.97 67.86 57.14 67.86 70.00 78.79 52.38 44.44 68.42 0.00 74.07 88.00 21.43 46.15 55.00 57.89 80.95 25.00 44.44 69.23
62.89=91.30 100.00 81.82 90.91 0.00 52.17 81.48 65.00 31.58 94.44 72.73 78.57 66.67 65.22 77.78 64.52 83.87 58.82 44.83 66.67 0.00 92.00 80.77 11.76 53.12 64.71 55.56 71.43 25.00 62.50 64.29
61.50=95.83 90.91 73.91 95.00 0.00 44.00 88.00 71.43 35.00 88.89 70.59 84.00 66.67 46.67 66.67 65.62 78.12 51.16 27.27 70.00 0.00 80.65 83.33 7.69 54.17 52.38 50.00 71.43 33.33 63.64 100.00
61.47=95.83 95.45 66.67 80.00 0.00 51.16 83.33 66.67 33.33 86.67 59.46 67.65 63.64 48.15 71.43 77.42 65.62 62.50 44.00 66.67 0.00 66.67 87.50 40.00 52.17 60.00 42.11 80.00 36.00 66.67 88.89
60.13=92.00 100.00 76.00 74.07 0.00 52.38 90.00 71.43 18.18 93.33 51.22 67.65 55.88 35.00 78.57 67.74 70.59 56.76 48.48 45.83 0.00 78.12 72.41 42.86 39.13 72.22 50.00 77.78 36.36 83.33 66.67
64.62=88.00 100.00 81.82 74.07 0.00 48.84 74.07 85.71 35.71 84.21 59.46 74.19 51.35 44.00 80.00 72.73 72.73 60.98 57.14 64.71 0.00 85.71 74.07 50.00 45.00 66.67 62.50 93.33 43.48 100.00 72.73
61.22=95.65 100.00 75.00 71.43 0.00 55.81 76.00 75.00 14.29 80.95 56.10 75.00 51.43 46.15 78.57 79.31 63.89 60.53 53.85 62.50 0.00 92.00 87.50 50.00 45.00 60.00 50.00 77.78 35.00 60.00 69.23
61.46=95.65 95.45 85.71 76.92 0.00 47.92 82.61 69.23 46.15 68.18 56.10 73.33 57.50 43.48 76.67 76.67 68.75 56.10 45.83 66.67 0.00 91.67 85.19 53.33 47.62 66.67 45.00 82.35 27.27 55.56 61.54
84.11=75.00 100.00 100.00 100.00 80.00 61.54 90.00 100.00 83.33 80.00 100.00 87.50 100.00 100.00 85.71 100.00 72.73 87.50 87.50 100.00 0.00 100.00 100.00 50.00 87.50 60.00 100.00 77.78 55.56 85.71 100.00
84.35=87.50 100.00 100.00 100.00 100.00 66.67 90.00 66.67 80.00 100.00 100.00 85.71 100.00 100.00 72.73 76.92 70.00 100.00 77.78 100.00 0.00 83.33 100.00 75.00 71.43 100.00 100.00 100.00 44.44 66.67 100.00
88.15=85.71 83.33 100.00 100.00 80.00 58.33 83.33 100.00 100.00 100.00 100.00 100.00 85.71 57.14 100.00 100.00 72.73 100.00 77.78 88.89 100.00 66.67 83.33 100.00 100.00 100.00 83.33 88.89 62.50 75.00 100.00
86.16=87.50 100.00 100.00 100.00 80.00 61.54 100.00 100.00 100.00 100.00 77.78 87.50 100.00 83.33 85.71 100.00 70.00 85.71 70.00 100.00 0.00 100.00 100.00 66.67 88.89 100.00 100.00 88.89 62.50 100.00 75.00
