93.36533538146442
95.14464925755249
92.98997597384694
93.43620537168924
94.33517199646234
91.33512544802868
91.32488479262672
93.14516129032258
94.01049667178698
93.77077223851417
72.28482490947333
72.41125174202229
74.92949912105448
75.51309753123014
76.79944812535506
76.36413528656729
76.98413312629977
76.7396160967492
78.37240220801701
78.79608276873276
77.00472047975728
77.7876320938348
79.67438431379541
77.81680903578933
79.16177502077787
93.01526430558688
88.7555455297391
88.28981054787508
89.2151934087418
90.72161709258484
90.42836196062002
89.47993762509891
91.92757063724807
89.65903272354886
92.66466508401993
79.56386032719288
78.00094671165654
79.6116397445718
79.96548962270984
80.58835537570828
77.10622921610432
77.8819257533614
78.57942969908538
77.49722612855457
78.66352379899736
89.95217148442956
88.62251547735421
88.95370758273982
89.60782944653913
88.89236211816856
79.99713093467652
81.00408757168276
79.62724203553182
78.69389219714826
78.60691462956046
78.26556947526662
79.82747525816474
77.77095284369588
77.17453569231742
78.46106690655137
87.8485313969185
87.91585654488881
86.95840897453802
89.70697761020342
89.04366243075921
79.40983483399897
78.80778494750413
78.00389955321954
78.48398757921487
78.97558514460454
87.39695340501792
88.64535843662978
87.28622631848438
87.88431550528325
85.88855141274496
79.8802184188984
77.89649226132623
78.2998718044805
77.97912557049555
78.7158261072474
80.06158196117998
79.11967333363282
79.66142693697964
79.32183431809632
79.83391873928574
88.17332309267793
87.11597542242704
90.49364613880742
89.23532560629334
87.1888237210818
76.92102705508623
78.05038816510002
78.19922535781426
78.48575047336239
79.35091176890896
77.09663968561765
79.14094386942932
79.29656668057136
78.24863046356252
79.35101012864138
91.05616605616606
90.59989293860262
88.91402504305731
90.11846576362706
88.9988595633757
90.81605222734255
85.17153097798258
91.29992319508447
90.16210492016944
86.51689708141323
86.36503281664572
89.03179258017968
89.36333379881768
89.35995903737842
88.89016897081413
79.66372595227429
78.44190674815619
79.38115894214032
78.10174474239705
78.85152540373284
89.82078853046596
86.61982730531116
87.58704557091654
86.5789810547875
85.12288786482337
78.94882015846599
79.94219638657957
80.79102244287482
78.86933502053373
79.12203252042131
87.63917981659917
90.14976958525347
88.23441791183727
87.59821719499138
88.93104944812724
78.80366936919113
80.01866723672568
80.85720298615495
78.03519727052453
78.52264066596858
88.11443932411674
87.23246287762417
89.73773380319871
89.38573523250943
87.55120327700972
84.48796722990271
83.00292159874704
89.74910394265234
86.8443310853178
87.90694968114322
80.71937569191
80.64094155316764
79.91794530636811
79.29303891170345
80.9200872471597
86.47701760604986
87.3841765445181
90.34207280175022
87.87516247193668
90.66130264422483
84.72709190451125
87.01484895033283
87.75985663082437
88.4461311406283
85.21249359959037
86.14043662430761
88.21510031187451
89.61597542242704
91.3256993902155
90.92375366568915
80.39672835087205
80.48921234411289
80.19950217717742
79.90130526299849
79.33348348709619
88.70071684587815
86.10680538099894
85.0097572678218
86.98028673835125
90.35970302099335
77.81319834248208
77.95253694777159
78.54767519534344
76.93109479158885
78.05733481804742
88.84583158776708
87.88402457757296
91.00577737674513
89.58478797188475
87.02252944188429
80.53419140751014
79.72893530659684
80.90404305353208
79.91016644995096
78.92215068230085
78.29819189262358
79.80630004239525
79.61498877191087
78.72073243840119
78.53933035435269
88.79637387701904
87.34476097379323
88.9671244842023
87.92399804496578
87.7560745705907
80.1509184240677
79.52611067942478
81.13107372383445
80.50140301537465
79.6763997212669
78.85981909990652
79.05757216552999
79.79538681109734
79.48517936887102
78.87061775978347
80.9895471490313
80.80213744228911
81.18067489457385
80.4286541796347
78.96552086197738
85.79365079365078
87.37420285807383
86.24295954941114
88.36754643206255
89.00886747660942
83.81464413722479
88.25795909761753
86.98668714797748
87.30030721966207
86.29288274449566
80.04503530538246
81.24800870055154
81.20302028172782
79.24096982203021
80.17544715110195
85.30815063073128
88.0041821977306
88.74423963133643
87.744030163385
88.58120374249407
89.15328399199367
88.62728669180282
88.63543266769074
87.00296119650959
89.08811618489037
78.91624548081158
78.88756775203883
78.7541369252943
76.83778800527321
78.97902996285258
87.01228878648233
88.21521668295863
90.77782432621144
88.56723921240051
88.04925361376974
78.68073267717611
80.61990684441044
80.94578668413472
79.02134093894435
80.54193491396158
88.08418284224734
88.65975422427036
88.74689826302729
88.65509938090584
89.10091700414281
85.47363031233999
87.80209933435741
83.81474260506519
84.88361101264327
86.28786088463507
80.53688106309531
78.2750982419985
78.18000629520348
80.71832326440119
79.37507158253798
89.03289810547874
88.00900712191034
89.64058790671693
86.98156682027648
89.92447516641064
79.64494052595688
78.4576860315833
79.35466836265819
77.65342384489578
78.4333465692992
81.03421982143834
79.85128487559358
80.2579209222238
81.53549594159139
79.15028001563138
80.35690837391729
78.96415542692165
79.72756741948217
77.28115692591797
79.7842145758771
79.9695682185881
80.05008226163332
80.59479642742092
79.45024453301785
79.5990621024577
79.91360632887262
79.21947938360299
78.81058797826662
80.33128152353146
77.75697764343936
79.42121884859998
80.0095521712751
79.56625575052598
78.85457829335202
79.94642889165198
85.81029185867895
90.38510614411943
88.4741423451101
88.9855932597868
88.41176296821459
79.40975480431833
79.77519870388218
78.46064037430651
80.13076154000434
78.69248729045178
88.81400409626217
88.1140902108644
85.6792580179677
88.7182888795792
88.53701695732057
80.1838287612205
81.26322575581642
80.89638330992156
81.49169250202215
80.4336271787942
86.80855724498988
90.35044704399543
84.64099520551135
87.99632267374201
90.07311526761242
87.47375832053253
86.09062980030721
87.69979124817836
87.14167552877231
88.04903877484523
80.29011713894819
80.65792767268479
81.41385782521277
80.84564120430807
80.59401288824293
79.52467813606846
78.99171507947776
80.13496780846309
79.1676937854212
77.40264824521486
87.01199338296114
88.02384891094569
89.73229279680895
88.37813620071685
86.5143637724283
88.88987356729292
88.86677838290741
87.1530977982591
88.36818647302518
89.27500814597589
88.81417865288833
88.56677372806406
90.26579155611414
85.81366662011824
86.97586463715497
81.16185622703324
82.85856437578448
82.02785858219336
81.10732613525077
80.25343301654685
79.76609832376108
80.42442212960204
79.81275164984116
77.78338788124209
79.67985794804808
83.3974358974359
86.26600102406556
82.13517665130568
85.08714403875693
85.12426641458899
86.19850579528001
88.05794563859082
88.88615864422316
89.6308709211935
89.49820788530465
87.57517572033701
87.2305427547363
89.54842200809942
91.22247823860727
90.03648233486945
79.65770855358512
80.78162507895668
81.08622620267649
80.5937913386667
80.27958846247736
86.78280500861146
90.30943071265652
88.69303635432668
89.23963133640554
89.12314388120839
79.98056687995935
80.59316422033314
79.13923925299383
79.06955089733043
78.59476281448306
89.64890843923101
89.57471739729804
86.13046293786333
89.92063492063492
90.25089605734767
79.00739013894514
78.8094607862914
80.25404819136983
78.14977548516325
80.78118729379402
89.01177675371225
87.55120327700975
90.48649273981343
90.01383025576575
88.5171996462319
78.8343915898884
79.5131633711267
79.30548400750382
80.25064484650483
78.83601218585532
81.15086616437112
79.45229233275111
80.69123097555996
79.72398288406666
80.1101720305062
87.30414746543778
89.4977424009682
88.35963319834289
88.09826374342504
90.25601638504865
90.83763906344551
88.09407438439698
89.22973979425595
87.00972862263187
86.74649723036822
87.53712237583206
90.31730971958675
89.28402242918371
84.83240773563357
87.88530465949822
90.6887183025703
87.37199180747568
85.24459411556187
89.94303635432668
88.2561793045664
86.69855234371364
89.31375971698553
89.75934459805427
88.7917011304108
85.60280221570544
88.15555254359808
87.55213424568264
89.82955058856388
89.81211888469953
89.75323511613834
89.01352231997394
89.90131732067218
88.97465437788019
91.2925157279996
87.70254834770964
79.7110550265675
80.02095094655952
80.06924079008216
78.66813126831505
78.66304651824069
88.72073267234558
89.1008991008991
88.14991460152751
88.33471188309898
90.93643811385746
88.49974398361495
89.1141833077317
87.57168458781364
88.59284085090536
85.70148489503329
80.98024875204973
81.23551431873057
80.6236767264383
82.03975812307428
80.52984154808476
78.43120754616791
79.2896237977479
80.26020634767495
79.01438015071399
79.65580118621139
88.33973374295955
87.92487082809664
88.07952799888285
90.61059907834102
87.26789339692566
91.86215218473282
88.41479309221242
88.93834659963692
90.58325187357447
90.39122168154425
89.47496789527152
88.34950891402504
89.7198366149979
88.18856770469674
90.99910394265234
87.98387096774194
90.24331403363662
86.89333963527513
89.65693804403482
87.29390681003585
80.3023984825387
79.52598103793008
78.05821019373371
79.16682720673998
78.74868931653312
88.25012800819253
88.13841176744401
90.15232974910394
89.55709165386585
87.44565470371923
89.81520271842854
88.38244193082903
90.67342156051834
89.6576183672958
90.5551885390595
88.84594795885121
88.53046594982078
88.69815668202764
87.74479105124267
89.20132734648864
87.90869077159401
89.90926478118129
87.14687194525904
89.87327188940091
89.22048829306895
80.61769300449923
80.72692551461834
80.95756681445044
80.50619524463957
81.10157761334287
79.71390330057321
79.82090479423888
79.80649576178232
78.4777801040438
80.42295175773567
86.98750174556628
87.69794721407624
89.46748591909882
90.86021505376344
89.43245822278082
90.718276557935
90.11712749615975
87.64034352744031
89.81778078552271
90.54455848810687
89.061990876507
87.58975633264059
88.73015873015873
89.22392124005029
90.87793768533807
90.60885351207932
91.3845831587767
90.16511266511267
91.17336964111158
88.70034982938209
80.78517387475598
81.41578198793796
82.1158064130628
81.23221207874234
80.44646509022365
79.72188134367131
79.58257108099131
79.43536666501075
79.64144268309039
79.64604717780756
89.97358376390635
90.26579155611412
87.95022182118957
89.43895710024744
91.37690266722525
88.5560094027836
87.65748430359436
89.69534050179212
90.28865847414235
87.6720546478611
89.45101941069683
88.70601173020528
89.15962621607783
88.19124423963136
89.22619047619048
80.55361916064884
80.7313927429564
80.43907866086849
80.93242761122127
80.89574106686176
79.62366044491675
80.54940394995964
80.07168803883398
79.46084260863888
79.67232627769202
