45.54913255447912
48.0782835926614
49.07644794719099
47.54262543045587
50.67409059975096
49.41452037734522
53.87896172899376
51.40557985481796
50.623878334695085
51.677015033193314
52.102201407752574
51.08046164143578
52.550401341734144
53.14820782095992
51.2157695539013
51.0054663593734
52.21170637729342
51.05075692359155
52.670656405593284
50.38260889845376
50.09209874638237
49.86200512892159
50.0924931885875
49.26784110018213
50.112477965124036
49.06005521116137
49.2813828427665
48.494815947197466
47.29027371638708
45.93375413451622
47.25824982220553
48.57200924026358
48.94449944465061
48.82266791185582
46.925602969970676
46.71279248654814
46.541826387001734
48.87052232367414
47.7772916070725
47.115663784478606
70.02430174149632
63.217673728985936
64.46261179745343
64.26717726717726
65.55729564553094
66.10046690363433
68.47696534234996
66.54721773952542
67.46362335502607
65.60815253122945
69.67178865166481
66.84382473391761
69.86418157006392
68.10689310689311
69.37302893185246
67.89017819787051
65.71223007761469
68.40394246276598
68.05366214981599
68.72682951326675
65.71274631800947
69.17367762955999
64.37420849638045
68.12123987123987
65.94157978773363
67.65044106220577
67.39170658401427
68.47263847263847
68.73305057515583
68.4126984126984
67.92556319074538
67.36232721526841
67.61635096929214
67.88336173630292
67.63233498527616
68.07417092711209
67.00651635945754
66.28265198853434
66.51580043887735
68.77267177267177
80.78516102325342
80.70703064499206
82.47756797110941
84.38011764637152
83.23256074762385
84.26091216475831
83.5057692433258
85.4228099703213
84.82228575584136
83.19157815537906
84.91179567435817
85.15302309027005
84.69698034362241
84.11505100044039
83.93321373263026
86.69970012390829
84.87261491518458
86.87135032282687
85.67119768643943
85.67029674567183
86.60814409189022
85.9983152646882
85.3080752831884
85.60854548589724
85.86300838956234
85.11612701949687
86.41619418262665
85.49005763229388
85.7746152857489
85.8360519372665
85.2524964979716
85.7270928708771
86.05281114455919
87.11574797619095
86.1173168738065
84.29260043626559
84.68063991920863
85.39080334341111
86.09075675323592
86.07402883295953
60.66817842526345
63.46307940425588
66.10417360417361
65.14777608805949
64.11001178308871
66.1633409325717
67.94081258108406
65.73063048063047
67.48208415516108
66.55871478948403
67.31512931512931
67.20922541510777
67.04409692871232
68.80730380730381
66.58784930504387
68.55299401453247
66.61237053544744
65.76313430159585
67.10248725633342
66.14080364080364
67.89327339327339
66.13372097987482
67.57066864759173
68.85707881861728
68.82047731845302
68.66945874638184
68.91376145222299
70.2382361228515
67.35799243491552
68.26269883962192
68.9643412143412
65.79777487469795
69.04513862206169
69.37805357036127
65.96501361885977
68.6033541621777
69.12026862026862
68.47580197580197
67.68903318903318
68.1961358479577
65.0557839596301
63.130662951929914
67.66700782877254
66.83989822725236
65.62480016213048
68.91300366300365
67.18417185206897
69.57833669598375
67.64675194086958
69.42927585235279
66.47113356728741
68.73198922746434
69.49713685007802
67.27409769717461
68.56959706959707
68.79898206368794
68.96790790908437
68.54639804639805
68.49253524253523
70.27617894925586
71.93009768009767
70.26731792723696
70.3935850474312
70.83129050436742
71.3188340066168
70.150721073798
69.43306693306694
71.0600543247602
69.07041575819855
70.83932244226362
68.06050510575398
70.32241689933997
71.48595848595849
69.13480963480963
70.86874236874236
71.52580752580752
71.10376551553021
69.45837495837496
68.51002843310535
69.74172559466676
64.93319588907825
60.70665018741942
67.08188588421979
65.27115192499808
67.50962863180057
64.83072483072483
66.19883962191653
68.21593112769584
69.36297036297036
67.54306804306805
67.31072773380465
65.55018912711219
66.41939621464508
68.61596736596735
66.78347143053026
66.66437835668606
67.29624950213186
67.6897108739214
68.08388921284848
67.49155118385887
69.18980039568274
68.047385812568
68.21977774811783
68.88858363858364
67.9401880171111
67.59044801352493
67.82878232878234
65.84475805742774
69.39980532288223
67.91292041292041
67.4834668255721
67.06999624307316
66.79670329670328
69.16992559978985
64.06858739551046
67.96714396714395
67.33986099370713
68.30625997933691
67.11161061161062
66.62220685297608
51.553924776402695
51.71246427794553
53.24309788231822
55.700407055493905
55.25667849786688
53.959023033770634
53.30120276200761
55.641377742349505
55.36073494381507
54.65418207037641
52.52001182580979
53.481487541629214
53.561623836125015
54.42226071731285
53.78391283169955
54.85875112952988
54.094749729981025
52.605433440044685
55.14746310152165
52.388795126530304
52.32220196604574
53.63923906874092
55.374265122562335
54.012322327456886
53.75311903843024
53.42818375808373
53.40762611610225
54.97441573668056
51.91067449904699
52.08735134205385
52.97105706026619
51.76152282349928
50.866513286137
51.84552957516758
52.55921791838562
51.54405799051884
51.33111184194776
52.68649132988692
50.691080526297505
52.00762566665163
80.74793617512121
80.73577576137708
81.43709285475182
82.339529189553
82.73260336948121
81.05080660653417
83.92713559098412
82.19785317749118
83.5981599174026
81.99171014347246
81.78258626478441
81.36227673784235
81.7386272402943
82.59556169135831
82.09183664500407
84.23910051738105
82.69930424818494
82.2769025845949
83.87497570302999
83.5326689795611
84.85026047356362
83.76540914960776
82.42192162577969
82.30866142404604
83.47675436547787
83.01942049905851
82.66548358629807
84.07639645422451
83.6464276045724
83.04304556680121
82.20411768512506
83.52911542956792
82.92449624546552
84.20210495889229
82.64327600371898
84.11172277485686
82.69224139359886
83.78549561628867
83.74611951648151
82.56296770097676
0.012729587197672304
51.954491626174494
49.52702887080102
48.63317222769399
52.58090236278994
50.469191089912115
52.570820184689936
51.659272137561224
52.19927840021234
50.71114720318063
52.58544629390226
53.196749916012784
53.61465727743671
52.587909118009456
53.99921717107641
51.772488373809075
50.881334261603364
51.692756524302865
50.56941019939249
51.37275813073208
52.280481075621225
51.427957464990094
51.8950131543682
50.62997118189918
50.42821208548886
51.413354428905755
51.8484058892859
51.11224379958726
51.88843515465796
49.82157409991418
51.1103460192529
51.54674050601652
50.900879411943926
50.484725705119786
50.66012298013966
50.81595167588209
50.046490808484634
50.56522403508228
48.93102816917009
49.59840620468151
59.71503732434907
60.073635765943465
62.52813852813853
63.90091532399225
64.24753024753025
64.12268231094141
61.72161599084676
66.53379953379954
66.05322053512099
66.61716915563069
67.61078238001316
67.39471931577195
64.03517580035799
63.874424720578574
63.294010982270095
65.07074549382241
66.30618257136476
64.90310267912078
65.61863080688991
66.27978645286338
66.84194168404694
65.58092492303018
65.68918261225954
67.92931427546813
67.17254967254968
67.78277278277278
67.94067044067043
66.09044801352493
67.44106471708281
67.9065934065934
66.5520619731146
66.38711715634793
65.68911003526388
66.4016539016539
65.75857475857475
67.0519864750634
64.22027972027972
65.19793605087722
65.8087468087468
66.17443667443668
81.54874291382984
80.8274152483488
81.8960643627231
81.15969381627872
82.28450455236595
80.06443597417638
81.01889488749455
81.02201828892707
80.84731653861209
82.4629688138857
81.40216847550116
80.7154166518301
82.62192054873023
80.42256579783371
80.14448005356554
81.66502628249472
81.30954064854993
82.28129647336601
83.0208379247436
81.59013191169657
81.72673166451447
81.23425388482545
81.80851765127784
82.18040399440733
82.52127019470436
81.72640167115043
81.94701113366273
83.39798052229584
82.47014599937914
82.7530827115252
81.70989269786602
81.76166675535572
82.03952784930398
82.51913236534574
82.58604747637851
82.37718802591391
82.59418741402546
80.53281572625465
82.22023426548314
81.41208276389273
81.22981810881879
82.4328599412548
82.73803658567888
81.5561458400825
83.50858093112201
83.36485486015135
82.69876037011068
82.01334542385983
83.52217494209634
84.65271667682957
83.95139375456118
84.49362466408192
84.98740504289445
85.34130971830425
84.50768252149534
85.27511142901713
85.55627290599902
84.61871262288027
83.57789798251814
83.66671662861232
82.45276107290873
84.33979986301966
84.18086821754362
82.64793606541642
84.26740479890039
84.43090789631634
84.86209150194622
84.49311598406621
83.20591763691311
85.06291476855378
83.65101497031718
83.1223154673381
85.08190243246209
85.06467822352558
83.93944093402298
86.48879668134254
84.71871868704447
84.98133230057499
84.62416904891303
84.35834372158497
48.35854393361132
49.079639309039166
52.358508597015934
53.7832884856581
52.809066321681904
48.33831392351094
51.06074147194596
52.56963697717988
51.83214743451586
49.37397774443732
48.57393081370219
50.33818332048267
50.1397420032729
51.31052839690507
51.285506809626426
49.65026095908449
48.66718496680853
49.509853075008856
49.753963861499535
49.456531517564166
52.29536832974996
50.47967263963929
51.810334226532696
50.29047300242823
52.0741417826438
49.882994085764935
52.838652157507326
49.49509115965
49.78557358394147
49.26920414383526
50.33834379444566
51.130288658456855
50.86482856333919
49.93506746764251
50.40998824740373
50.75252054050577
50.8824200541949
49.39300047111689
51.07654414401155
50.92368161927478
44.43758302796526
51.06064394300799
51.07584658203853
50.47938050705532
49.87201353180397
51.00410343094289
49.61151040303443
50.39178934495625
48.88389718921315
50.18677810793196
48.434727708886584
49.49778135917693
49.70154952862663
49.332923626874575
49.33744115872989
49.2320939085126
48.61070753845004
48.67648014246378
48.74504384989024
49.4888800785417
48.693619526000944
47.734370132262484
47.62853568331063
47.34917455073238
48.960389748885454
48.79450880036112
48.00549054003284
47.77217354090341
47.96009963350402
47.00580245215873
47.97673794676651
47.16584078200871
47.587940442424966
46.80696792784156
48.690223459692376
46.92228860989813
46.60095645276436
46.210470394978614
48.75774632658933
47.488604421523235
83.28792322493202
85.01125331364673
85.16554382107256
85.59521534140491
85.02691445386134
84.74781390052883
85.63480662123195
86.56046680820437
86.32907060127827
85.87478308519032
85.8887661373191
85.76233055531698
85.12157335400966
84.75624840763537
86.04239554602736
87.28701575474616
85.41608743192455
86.25027222651659
86.14289705954388
86.1848731961854
87.43304119209097
85.8614653122274
86.28372568132036
86.19104412430204
86.18494213177472
86.52850421521534
86.64436707083766
86.04372298073179
86.8777845953364
86.87296512463219
86.43550498349259
87.50414799140685
86.6977415231166
87.5446153830293
86.0642893860922
87.87521147583068
85.82520958044893
87.14472962537978
85.97284701750051
86.69443101551937
