58.71445492151788
55.94082557184221
57.17031070509171
56.543509298119076
59.431089702767956
58.754560611273384
54.89459296108537
55.68104328798387
56.82033884469144
57.284036853979615
88.03763440860216
88.14388120839736
89.5978215333054
94.38812083973376
91.76895684960202
85.22133780198297
86.07457059069962
87.00425918167855
87.68537913699205
85.99432825239276
86.68156216543314
88.41166002456326
89.30235535074245
90.6899641577061
90.45268351719963
62.860782953563664
60.937519282808445
61.795787827976454
62.88743494427632
61.49559261498438
61.47255992184722
60.129490915799
64.61999304201817
61.22465972768348
61.45537136747715
84.10841846325718
84.34996007576652
88.15121258669647
86.16201898459961
