62.67581482417306
54.97123450770613
56.19821888696513
54.28048359632088
56.167286008526936
61.82022276882411
56.18065098394754
54.92688277574464
57.080122332187976
54.121178158649556
92.94162826420889
97.81874039938556
94.80286738351253
96.59498207885305
94.75806451612904
94.94623655913979
94.03225806451613
94.59293394777265
93.9784946236559
95.0537634408602
88.38709677419355
84.13978494623655
88.9247311827957
84.80286738351253
90.56067588325652
59.314337893685554
60.9571887514734
58.053610854133495
60.44773959924492
57.87941933671104
57.98603825493281
57.63577925642429
59.943378313753975
59.690643052911724
59.98315961652412
84.48924731182795
88.2642089093702
88.49462365591397
84.39324116743471
85.10752688172042
90.23809523809524
88.87096774193547
87.23118279569891
91.87403993855607
91.15591397849461
60.37859966589047
56.886098434557844
58.72629756404729
59.23354745680777
58.39169886645585
87.56528417818741
85.87173579109063
86.02150537634408
83.67895545314902
88.08243727598567
87.83410138248847
87.06989247311827
87.95698924731181
90.30721966205836
89.77726574500768
60.160176697946625
60.780950855141484
61.21671175354232
59.98727875682316
61.697966145032964
83.03123399897594
82.5652841781874
91.36200716845877
83.93625192012287
85.7373271889401
61.82340125286777
58.92807180748834
59.71027554319067
61.107783480646155
58.82059754304727
83.35637480798772
85.58755760368662
85.3763440860215
88.68279569892472
81.15207373271889
80.99462365591397
90.05376344086021
86.31336405529954
81.16743471582181
88.58934971838198
59.28501795075932
61.92026285069642
58.081725834828546
59.98389546358437
60.08229185263572
89.03225806451613
87.08141321044546
83.54454685099846
87.37327188940091
90.54915514592933
84.56989247311827
84.61085509472606
86.1405529953917
85.45314900153609
87.2068612391193
60.727385301917
59.983925044954326
59.23035102830249
61.11714507263052
61.66870604581831
59.198524397539586
60.302248878399766
61.18022148699495
63.70207801756129
60.613754506497585
59.57581989030337
60.69578710648376
60.655886909873836
60.32991175511175
59.98333877970123
84.3189964157706
88.6405529953917
89.35099846390169
88.07219662058372
85.0204813108039
59.616753750876185
