58.71445492151788
56.49254056609627
58.735528537193495
58.571796559751135
61.173061819570414
58.754560611273384
54.71640349570778
56.28351960905954
58.61417336541144
58.5746540033891
88.03763440860216
89.87711213517663
90.00512032770096
95.86021505376345
91.78571428571429
80.84357398873529
87.04301075268816
89.8470883954755
89.35867895545314
88.46134152585766
85.86754643206255
89.11186483767129
90.71684587813621
91.30184331797236
91.0198761811665
60.94625426642157
62.955696402308554
62.206128882818014
63.26276792937677
60.56316545897751
57.83280071438669
59.71980383566463
63.376038745978114
61.2469078108319
61.953882768915626
85.40194572452637
89.04289259127968
89.49518223711772
89.40697295536005
91.22631848438301
89.42611152288572
86.26716473490666
89.26616394358331
86.56554019457246
90.08960573476703
61.25775366476034
60.85133262962124
62.07598182541578
61.91694972931627
61.73408662399885
88.19496811432295
90.06784434203789
89.16783037750781
93.46045531529404
89.75410789926917
85.10112647209424
87.56458595168273
88.75064004096262
92.70842061164642
86.79688590978914
60.39109580324925
61.94097385157725
61.99888005919076
62.369599208620045
61.68810967217955
80.88721314527767
90.18305171530977
86.18742368742367
87.8941488618908
87.49871991807474
60.69825766458303
64.79768791964202
61.684884571935044
62.444954262561126
62.37323775644635
89.40988223246288
87.6036866359447
85.40450588837685
90.61827956989248
86.63978494623656
88.60343061955965
90.16129032258064
90.80121491411815
88.04903877484523
90.68693850951917
62.662697961433295
61.67354845867131
61.12632874176949
60.678109167931126
62.42145179229796
85.66657356979937
90.7283666154634
86.07736349671832
86.30114509146767
89.1884280593958
84.29071824233112
90.69752827817344
83.23604710701485
87.69457245263699
86.35688684075781
61.80635066520402
62.58513651250961
63.23021238793567
62.341609419926165
60.770659350954546
62.5070376773669
64.7884232683666
63.540876853386855
64.27271471388346
62.27809491854131
60.948529922790804
62.91939864072534
59.861785826444276
61.56972185815037
61.68579000772475
86.5024670669832
88.16564260112646
90.00640040962622
88.87736815156171
89.88351254480288
57.40966637850942
60.33363291412843
59.8193396458434
60.27349456546278
59.507557591845014
86.83517199646231
89.69721139075976
91.00870455709166
90.45826932923708
89.7381650607457
60.214474304505934
64.05571423170302
63.15153591889382
64.85126374818705
63.09662444162005
84.03062886933856
88.40245775729647
90.15104966717868
85.45792021598474
88.3499743983615
61.764491497330354
64.42095529581621
60.137158006066414
63.40832151836308
63.971932069910444
57.4874243679308
59.46445733538374
59.06454574091818
58.44120829486902
59.82836675140943
83.74167946748592
81.37981194432808
88.22056975282781
89.17376530279759
89.68652315426509
60.9953004546805
62.56185402851186
64.02332390478166
62.0315649878864
61.04960943358608
57.52152156129171
60.15607785454217
58.957583250525566
58.56507306361739
59.19210328297089
59.47331121825526
60.98049203750487
61.49344936387393
61.474886718219786
61.13932219478163
82.30903505097054
87.68142252013219
89.06495833915189
87.66629427919752
85.7615323744356
58.95725281567725
59.11133553901717
58.94395649853286
59.35756463761791
58.02318051591261
82.20674486803517
85.60419866871479
81.73020527859236
85.17921146953404
86.33098979873175
60.85525676527374
61.133540263157535
60.65437537197574
60.91939751097406
61.2994717557676
85.92933947772657
87.25736628962436
86.56298003072196
87.78673835125448
90.18433179723503
80.49667178699437
82.58669645766422
83.22941395522042
84.3689196108551
82.8046594982079
64.09038209955192
62.30719354913923
64.41982266636398
64.0588427687582
62.94175575653644
81.50176884047852
87.1505376344086
88.70688451333614
84.20250896057347
87.95012335334917
81.42926965507611
86.55006284038542
86.85320951449984
85.43394777265745
88.99385560675884
86.6338500209468
87.84259647162874
81.5293487874133
87.81490015360984
89.90783410138249
57.20073532893201
62.83238161839678
58.52095470098045
59.455817874745996
61.11150233467046
58.8695042300395
59.42019219238939
57.559434996579206
57.76871657835295
61.706745478536824
85.93830005120327
88.49974398361495
84.50972862263185
86.24551971326166
86.79339477726576
57.665735835313974
62.443913982556346
61.249048874287446
61.76517155761299
61.268873734889475
60.76521190933996
61.076794816629715
63.56995568206317
62.169246872127054
58.82212692828167
79.23288181352697
83.85258111064563
89.60957501280082
88.71607782898106
89.39836149513569
59.974722189034466
60.976656211080176
58.71344082750668
58.06525409014929
59.86593245383342
83.24884792626729
86.0556021039892
91.08667318344739
83.58876786296142
88.13620071684589
58.633703906738575
60.90302269476625
61.71093438908987
63.15333158851401
61.073320963736485
57.87300787751405
61.23509946968943
60.71799399560971
60.85193120427267
59.595823665396615
77.96781175813435
82.43203928687801
85.77316948284691
80.01024065540194
90.55427547363031
61.833849243604114
66.82661910869155
64.75619939523004
63.238039355372955
63.57520368140319
81.40843923101987
85.00000000000001
85.49923195084486
83.8693385467579
81.62570404505888
85.31421087872701
86.98494158171577
58.71445492151788
56.49254056609627
58.735528537193495
58.571796559751135
61.173061819570414
58.754560611273384
54.71640349570778
56.28351960905954
58.61417336541144
58.5746540033891
88.03763440860216
89.87711213517663
90.00512032770096
95.86021505376345
91.78571428571429
80.84357398873529
87.04301075268816
89.8470883954755
89.35867895545314
88.46134152585766
85.86754643206255
89.11186483767129
90.71684587813621
91.30184331797236
91.0198761811665
60.94625426642157
62.955696402308554
62.206128882818014
63.26276792937677
60.56316545897751
57.83280071438669
59.71980383566463
63.376038745978114
61.2469078108319
61.953882768915626
85.40194572452637
89.04289259127968
89.49518223711772
89.40697295536005
91.22631848438301
89.42611152288572
86.26716473490666
89.26616394358331
86.56554019457246
90.08960573476703
61.25775366476034
60.85133262962124
62.07598182541578
61.91694972931627
61.73408662399885
88.19496811432295
90.06784434203789
89.16783037750781
93.46045531529404
89.75410789926917
85.10112647209424
