60.13=100.00 100.00 90.00 78.26 10.71 52.38 86.96 57.14 42.11 100.00 66.67 78.57 85.71 30.43 26.09 70.00 67.65 83.33 43.18 73.68 0.00 91.67 90.00 25.00 38.89 52.17 62.50 20.00 16.67 40.91 83.33
54.22=84.62 94.74 78.26 86.36 4.76 48.98 91.30 50.00 18.75 75.00 72.41 84.62 66.67 20.00 36.84 73.91 65.62 73.33 24.39 62.50 0.00 85.71 82.61 19.44 43.24 54.55 50.00 29.41 0.00 64.29 38.46
55.95=94.74 95.65 90.00 86.36 9.09 44.44 95.83 30.00 38.46 81.25 67.65 82.14 75.00 18.18 40.00 80.00 68.97 74.19 36.36 60.00 0.00 91.67 80.00 21.21 40.00 55.00 64.29 28.57 0.00 43.75 41.67
57.06=90.91 100.00 100.00 90.48 6.90 49.02 75.00 41.67 37.50 83.33 62.86 82.14 80.00 25.00 31.25 66.67 83.33 76.92 40.82 55.56 0.00 92.00 82.61 24.32 35.14 71.43 50.00 13.33 0.00 63.64 57.14
58.17=100.00 100.00 100.00 86.96 6.25 44.44 77.78 39.29 30.77 84.21 59.46 74.19 69.23 35.00 28.57 75.00 71.88 86.96 36.73 60.00 0.00 88.46 85.00 23.53 38.10 75.00 57.14 25.00 0.00 66.67 77.78
57.68=88.89 95.45 85.71 90.91 7.14 48.08 76.00 45.83 40.00 80.00 74.19 70.00 70.83 37.50 38.89 77.78 73.33 84.00 36.17 53.33 0.00 96.00 78.26 23.53 40.62 76.92 57.14 14.29 0.00 57.14 70.00
54.33=91.30 95.65 100.00 80.00 0.00 42.22 80.00 50.00 33.33 75.00 67.65 71.88 75.86 22.22 16.67 87.50 63.89 74.07 38.10 53.57 0.00 85.19 73.91 17.14 36.11 78.57 60.00 9.09 0.00 61.54 43.75
56.84=92.31 95.00 85.71 86.96 7.69 48.94 80.00 42.11 33.33 80.00 68.57 78.57 79.17 50.00 21.43 67.65 69.70 83.33 31.71 57.69 0.00 74.29 78.26 21.88 38.24 64.71 66.67 26.67 0.00 53.85 77.78
57.80=88.00 100.00 89.47 79.17 0.00 52.17 80.00 45.45 28.57 84.21 55.81 77.42 68.75 44.44 38.89 83.33 75.00 78.57 36.59 72.73 0.00 83.87 72.73 22.86 37.14 61.11 88.89 13.33 0.00 66.67 66.67
57.16=100.00 100.00 85.00 86.96 3.70 51.02 75.00 50.00 33.33 71.43 61.11 80.00 71.88 40.00 27.78 75.00 68.75 76.67 35.00 60.00 0.00 85.19 82.61 23.53 45.16 58.82 69.23 15.38 0.00 66.67 72.73
56.70=91.67 100.00 75.00 79.17 4.35 47.92 75.00 42.31 60.00 71.43 71.88 82.14 61.76 38.89 26.32 81.48 75.86 78.57 33.33 62.50 0.00 86.21 75.00 26.67 40.00 57.89 72.73 23.08 0.00 50.00 66.67
54.58=95.83 91.30 85.71 86.96 0.00 48.89 84.00 50.00 33.33 72.73 61.11 77.42 70.37 47.62 16.67 64.29 69.70 66.67 34.15 57.14 0.00 78.57 78.26 23.33 38.71 57.89 60.00 17.65 0.00 60.00 63.64
56.83=95.45 95.45 81.82 90.48 0.00 52.17 84.62 50.00 25.00 75.00 66.67 76.67 72.41 45.45 30.00 77.42 65.71 66.67 41.67 53.57 0.00 78.12 77.27 23.33 38.71 61.11 70.00 14.29 0.00 63.64 88.89
55.39=88.46 95.24 70.83 95.00 0.00 50.00 78.57 52.63 30.77 78.95 67.65 75.86 72.00 52.63 23.53 65.71 71.43 70.97 35.14 62.50 0.00 72.22 83.33 21.43 44.83 58.82 61.54 13.33 0.00 43.75 80.00
56.13=88.89 95.24 75.00 86.36 0.00 47.92 81.48 52.17 35.71 84.21 67.65 72.41 66.67 36.36 31.25 76.67 77.42 63.33 35.14 62.50 0.00 75.86 81.82 25.00 48.28 52.63 60.00 18.75 0.00 53.85 87.50
56.09=96.00 95.24 81.82 90.91 0.00 50.00 88.00 50.00 41.67 72.73 66.67 76.67 76.92 43.48 30.00 75.00 72.73 70.97 38.89 57.69 0.00 75.76 78.26 26.67 46.43 57.89 60.00 15.38 0.00 36.36 66.67
56.21=92.00 100.00 78.26 95.24 0.00 50.00 72.41 45.00 33.33 88.89 66.67 75.00 66.67 52.94 30.00 81.48 72.73 73.33 44.12 51.85 0.00 89.29 74.07 23.53 48.15 47.62 69.23 11.11 0.00 42.86 66.67
57.21=85.19 100.00 69.23 86.96 0.00 51.06 68.75 52.00 35.29 84.21 65.71 82.14 65.62 53.33 33.33 86.96 75.00 66.67 33.33 62.50 0.00 78.79 86.96 25.81 55.17 55.00 72.73 6.25 0.00 45.45 90.00
55.86=95.45 95.45 75.00 94.74 0.00 50.00 77.78 41.67 29.41 75.00 68.57 77.42 72.73 39.13 30.00 84.00 70.59 68.97 35.14 65.22 0.00 81.25 72.73 23.33 51.85 61.11 72.73 5.88 0.00 46.67 70.00
55.96=85.19 90.91 72.00 86.96 0.00 50.00 84.00 45.45 35.71 88.89 64.86 70.59 73.33 55.56 33.33 78.57 75.00 72.41 33.33 57.69 0.00 81.25 78.26 29.63 44.44 55.00 57.14 12.50 0.00 50.00 72.73
56.08=82.14 91.30 76.19 90.91 0.00 55.00 84.00 42.86 35.71 78.95 63.16 81.48 63.64 50.00 37.50 80.00 68.75 75.86 34.21 65.22 0.00 86.67 76.92 24.14 44.00 58.82 52.94 12.50 0.00 45.45 80.00
56.61=92.00 95.45 90.00 90.91 4.17 53.49 68.97 50.00 30.77 71.43 63.16 71.88 68.75 45.00 33.33 81.48 71.88 75.86 33.33 60.00 0.00 82.76 81.82 24.24 50.00 55.00 56.25 16.67 0.00 36.36 100.00
56.15=95.83 100.00 81.82 95.00 0.00 52.27 80.00 45.00 14.29 72.73 74.19 82.14 66.67 47.62 25.00 77.42 77.42 64.71 34.21 53.85 0.00 92.31 78.26 24.14 51.72 61.11 50.00 11.76 0.00 58.33 72.73
55.49=95.83 91.30 85.71 95.00 0.00 50.00 88.00 44.00 28.57 66.67 65.62 75.00 70.00 52.94 26.32 82.14 77.42 68.97 33.33 62.50 0.00 86.67 77.27 25.93 45.16 52.63 42.86 14.29 0.00 46.15 70.00
55.97=91.67 95.24 81.82 90.91 0.00 52.17 78.57 45.45 25.00 72.73 67.65 80.00 68.75 50.00 25.00 82.14 76.67 74.19 40.00 62.50 0.00 83.33 75.00 29.03 43.75 61.11 50.00 6.25 0.00 46.15 80.00
57.34=92.31 91.30 81.82 90.91 4.76 52.08 84.00 50.00 30.77 72.73 68.57 82.76 62.86 52.63 35.29 88.46 71.88 67.74 33.33 65.22 0.00 86.21 86.96 30.00 41.38 61.11 47.06 15.38 0.00 50.00 80.00
55.15=82.14 95.45 78.26 90.91 0.00 51.06 82.61 47.06 28.57 76.47 68.75 77.42 63.89 45.00 31.58 81.48 66.67 64.71 37.84 57.69 0.00 70.59 81.82 25.81 43.75 61.11 56.25 0.00 0.00 42.86 100.00
56.72=96.00 91.30 78.26 90.00 0.00 47.83 76.92 59.09 28.57 68.18 66.67 85.71 74.19 47.62 25.00 82.76 75.76 68.75 35.14 60.00 0.00 89.66 79.17 26.67 48.28 57.89 57.14 6.67 0.00 46.15 88.89
57.57=95.65 100.00 75.00 86.96 0.00 54.55 81.48 47.62 40.00 84.21 62.16 80.00 68.57 39.29 26.32 84.62 70.59 66.67 37.84 71.43 0.00 92.31 77.27 28.57 50.00 55.00 64.29 21.43 0.00 50.00 72.73
56.45=92.31 95.45 69.23 90.48 0.00 44.90 74.07 50.00 25.00 76.47 69.70 74.19 56.76 50.00 25.00 87.50 76.67 64.71 39.47 62.50 0.00 89.29 81.82 25.81 57.69 55.00 66.67 7.14 0.00 53.33 88.89
56.87=96.00 91.30 69.23 90.91 0.00 50.00 75.00 47.62 42.86 80.00 64.71 80.00 54.76 62.50 30.00 84.62 75.00 73.33 38.24 71.43 0.00 84.00 79.17 27.27 50.00 55.00 50.00 0.00 0.00 50.00 90.00
55.54=95.65 100.00 75.00 90.91 0.00 48.89 75.00 47.62 20.00 83.33 62.16 82.14 64.71 47.37 30.00 84.00 75.00 68.75 36.84 60.00 0.00 89.66 79.17 26.67 50.00 50.00 43.75 7.69 0.00 38.46 88.89
56.33=95.83 100.00 80.95 90.91 4.17 45.83 75.86 55.00 30.77 76.19 66.67 82.76 56.10 42.31 23.81 86.96 65.71 70.97 36.36 66.67 0.00 91.30 75.00 30.00 53.85 52.38 50.00 7.14 0.00 43.75 88.89
55.18=95.65 90.91 78.26 86.36 0.00 47.83 80.00 45.00 18.75 71.43 65.71 79.31 66.67 42.86 30.00 82.14 72.73 70.00 39.47 57.69 0.00 88.46 83.33 25.81 48.15 52.38 50.00 9.09 0.00 43.75 88.89
55.80=100.00 91.30 75.00 90.00 0.00 47.83 84.00 42.11 25.00 71.43 63.89 80.00 61.29 57.89 25.00 82.14 70.59 71.88 34.21 62.50 0.00 92.00 74.07 26.47 51.85 55.00 57.14 7.14 0.00 50.00 80.00
56.45=92.31 95.45 80.95 90.91 0.00 50.00 84.00 40.00 23.08 80.00 68.75 77.42 62.86 50.00 33.33 77.78 72.73 71.43 34.21 60.00 0.00 92.59 76.92 29.03 57.14 57.89 53.33 7.69 0.00 50.00 80.00
54.95=92.00 90.91 81.82 86.36 0.00 50.00 75.86 42.11 21.43 80.00 65.62 77.42 61.11 47.83 40.00 81.48 75.00 70.00 36.59 66.67 0.00 85.71 73.08 32.14 53.85 52.38 47.37 6.67 0.00 30.00 80.00
56.14=88.00 91.30 78.26 86.96 0.00 48.78 83.33 47.62 29.41 84.21 62.16 74.19 60.53 47.83 27.27 88.46 66.67 64.71 32.43 70.00 0.00 88.89 80.00 27.59 56.00 57.89 60.00 7.14 0.00 41.67 88.89
54.36=91.67 91.30 85.71 90.91 0.00 50.00 80.77 40.91 18.75 88.89 60.53 79.31 67.65 52.63 30.00 88.00 72.73 66.67 30.56 55.56 0.00 89.66 79.17 20.00 46.15 50.00 50.00 7.69 0.00 36.36 63.64
55.01=92.31 100.00 81.82 90.48 0.00 47.73 84.00 45.00 28.57 78.95 65.71 77.42 64.71 57.89 28.57 85.19 72.73 73.08 36.11 57.69 0.00 85.71 73.91 27.27 48.15 52.38 43.75 6.25 0.00 33.33 66.67
58.20=100.00 100.00 62.07 65.52 5.26 55.00 80.00 73.68 38.46 64.29 63.64 87.50 72.41 70.00 28.57 77.78 83.33 85.71 51.72 60.71 4.55 84.62 96.00 27.78 35.14 66.67 42.86 30.43 0.00 57.14 33.33
54.64=83.33 100.00 61.54 64.52 0.00 53.33 88.00 68.75 41.67 90.91 69.44 80.77 56.25 44.44 23.53 65.52 75.86 65.52 45.83 63.64 0.00 75.86 90.91 10.00 34.38 48.15 47.62 27.78 10.00 56.25 50.00
57.39=100.00 100.00 65.38 73.08 8.57 50.00 100.00 64.29 45.45 80.00 63.16 84.62 58.82 46.43 36.36 65.71 82.14 55.88 60.00 42.86 0.00 81.48 95.83 25.00 51.61 61.11 57.14 33.33 0.00 53.33 37.50
58.64=91.30 95.65 69.23 76.00 4.55 46.94 91.30 92.31 54.55 83.33 58.97 82.14 54.17 66.67 0.00 59.46 74.19 67.86 53.33 54.55 0.00 82.76 100.00 33.33 53.85 70.00 52.38 18.75 6.67 63.64 60.00
58.99=95.83 100.00 72.00 81.82 6.67 48.98 80.77 87.50 50.00 70.00 61.11 74.19 62.07 60.00 7.69 74.19 82.76 63.64 50.00 54.55 0.00 84.62 95.24 20.00 45.83 77.78 64.71 45.45 0.00 40.00 71.43
58.66=100.00 100.00 75.00 74.07 5.41 51.02 95.45 86.67 20.00 80.00 62.50 79.31 51.43 54.17 0.00 76.67 74.19 63.89 48.00 72.22 0.00 80.00 94.12 16.67 48.28 73.68 55.56 40.00 9.09 66.67 64.29
59.76=100.00 100.00 66.67 71.43 2.27 51.11 95.65 76.47 36.36 93.33 57.14 79.31 54.05 66.67 7.69 74.07 75.00 69.70 52.17 70.59 0.00 80.00 88.46 20.00 54.17 73.68 64.71 36.36 8.33 47.06 80.00
57.98=92.00 100.00 72.00 66.67 2.50 54.55 90.91 72.22 15.79 86.67 54.55 80.00 53.33 66.67 0.00 78.57 82.76 64.52 60.71 68.42 3.57 86.21 95.00 18.75 56.00 73.68 56.25 50.00 0.00 28.57 66.67
57.58=100.00 100.00 73.91 74.07 2.94 48.98 87.50 73.68 26.67 92.31 60.00 72.73 64.29 59.26 0.00 64.52 80.00 67.65 43.33 46.15 0.00 80.00 100.00 23.53 52.00 80.00 61.54 41.67 0.00 39.13 69.23
60.27=100.00 95.45 80.95 74.07 4.65 52.17 100.00 75.00 50.00 82.35 59.52 82.76 60.00 68.18 6.67 68.57 73.33 64.86 57.14 61.11 0.00 81.48 84.00 22.22 53.57 77.78 57.89 33.33 25.00 41.18 75.00
59.16=100.00 95.65 77.27 68.97 6.45 54.55 95.65 81.25 25.00 82.35 56.41 88.00 58.33 76.19 11.11 78.57 73.53 54.05 50.00 63.16 3.33 92.86 90.91 16.67 46.43 77.78 61.11 42.86 0.00 38.89 66.67
60.25=95.65 100.00 69.57 60.61 0.00 52.38 100.00 75.00 38.46 91.67 62.16 81.48 58.06 82.61 5.56 82.14 69.70 65.71 50.00 73.33 2.94 83.33 91.30 23.53 56.00 77.78 58.33 35.71 0.00 42.86 81.82
59.48=100.00 95.65 81.82 61.29 2.63 52.50 95.45 71.43 50.00 86.67 61.54 88.46 65.62 69.57 0.00 72.41 72.73 58.54 54.17 73.33 0.00 79.31 92.00 26.32 47.83 73.68 71.43 23.08 0.00 36.36 80.00
58.92=100.00 95.65 69.23 62.50 0.00 53.49 100.00 87.50 31.25 87.50 60.00 82.14 57.58 69.23 0.00 76.67 64.86 63.16 46.43 60.00 0.00 88.89 91.67 10.00 50.00 77.78 64.71 36.36 0.00 60.00 80.00
59.05=100.00 100.00 78.26 62.96 0.00 56.10 79.17 73.33 37.50 83.33 58.54 78.57 58.06 80.95 0.00 68.75 82.14 58.97 50.00 47.83 3.03 88.46 91.67 22.22 61.54 77.78 68.75 36.36 0.00 36.36 90.00
58.72=100.00 100.00 80.95 72.00 0.00 53.49 84.62 86.67 37.50 73.68 64.10 80.00 61.76 64.29 7.14 72.41 80.65 61.11 43.48 52.17 0.00 89.29 92.00 30.43 50.00 77.78 55.56 30.77 9.09 40.00 69.23
57.54=100.00 91.30 73.91 66.67 0.00 58.97 100.00 80.00 50.00 85.71 54.55 75.86 52.94 61.54 7.14 68.75 80.00 56.41 43.48 44.00 0.00 85.71 92.00 30.00 52.38 82.35 56.25 30.77 0.00 30.43 72.73
57.19=95.83 100.00 73.91 64.52 0.00 57.89 95.65 62.50 33.33 82.35 56.10 84.00 55.88 64.00 7.14 79.31 73.53 62.86 45.83 47.83 0.00 89.29 91.67 14.29 50.00 80.00 60.00 30.77 0.00 50.00 64.29
57.54=95.83 100.00 72.00 58.82 0.00 59.46 79.17 70.59 31.25 88.24 64.10 82.76 57.14 65.38 0.00 67.65 89.29 66.67 54.17 42.31 0.00 92.31 88.89 29.41 55.56 75.00 60.00 33.33 0.00 31.58 72.73
57.43=91.67 95.65 69.23 59.38 0.00 54.55 91.30 68.42 30.77 85.71 62.86 88.00 52.78 66.67 7.14 64.71 76.67 63.64 44.83 55.00 0.00 92.86 87.50 27.78 54.17 77.78 66.67 21.43 0.00 33.33 90.00
58.64=100.00 95.65 69.23 58.82 0.00 54.76 90.48 66.67 25.00 87.50 58.14 88.00 54.55 72.73 17.65 74.19 88.46 66.67 48.15 54.55 0.00 88.46 84.62 16.67 54.17 83.33 66.67 30.77 0.00 42.11 80.00
59.04=100.00 95.65 73.91 62.50 0.00 51.16 100.00 75.00 50.00 75.00 57.50 87.50 58.82 72.00 6.25 63.89 75.00 62.86 50.00 52.17 0.00 89.66 91.67 25.00 50.00 82.35 66.67 26.67 0.00 40.00 88.89
58.01=100.00 95.24 70.83 61.29 0.00 52.50 95.24 78.57 47.06 85.00 62.86 81.48 62.50 80.00 7.14 75.00 75.76 58.82 52.17 55.56 0.00 76.67 85.19 26.09 42.86 77.78 56.25 28.57 0.00 35.29 72.73
59.39=95.83 91.67 77.27 62.50 0.00 58.54 100.00 81.25 36.36 78.95 60.98 88.46 51.35 65.38 6.67 74.19 73.33 60.00 45.83 64.71 0.00 92.31 85.71 20.00 47.83 83.33 76.92 26.67 0.00 35.00 100.00
59.32=100.00 88.00 77.27 67.86 0.00 58.97 100.00 93.33 33.33 77.78 60.53 91.67 52.50 61.54 5.56 66.67 72.73 63.89 40.74 61.11 0.00 92.31 85.19 25.00 52.38 82.35 76.92 26.67 0.00 34.78 90.00
58.10=100.00 95.65 68.00 58.82 0.00 56.10 100.00 69.23 41.67 76.47 55.26 85.19 52.94 72.73 5.26 79.31 86.21 62.86 42.86 50.00 0.00 85.19 88.46 26.32 46.15 81.25 50.00 23.08 0.00 42.11 100.00
57.47=100.00 95.24 70.83 61.29 0.00 54.76 95.65 68.75 37.50 82.35 64.10 88.00 54.55 69.57 5.00 75.86 75.00 59.46 42.31 57.14 0.00 78.79 86.96 25.00 44.00 87.50 64.71 16.67 0.00 38.89 81.82
57.31=100.00 91.67 70.83 62.50 0.00 46.67 87.50 80.00 43.75 78.95 55.26 82.14 56.25 76.19 5.26 78.57 72.73 57.89 45.83 50.00 0.00 85.71 88.89 26.32 50.00 75.00 58.82 28.57 0.00 31.25 90.00
57.95=100.00 95.45 72.00 61.29 0.00 53.66 95.65 81.25 26.67 86.67 60.53 82.76 51.43 78.26 5.26 73.33 78.57 60.00 45.83 61.11 0.00 80.65 92.00 21.05 52.38 82.35 62.50 15.00 0.00 38.89 81.82
56.89=95.83 95.45 72.73 66.67 0.00 54.55 95.65 81.25 33.33 82.35 62.50 88.46 50.00 78.26 5.56 75.00 72.73 60.00 42.31 64.71 0.00 86.21 79.31 29.41 38.10 76.47 58.82 15.38 0.00 33.33 69.23
57.88=100.00 95.65 70.83 67.74 0.00 56.10 100.00 76.47 54.55 75.00 54.76 76.67 53.12 73.91 10.00 72.73 82.14 56.76 43.48 52.63 0.00 77.42 92.00 21.74 44.44 81.25 66.67 21.43 0.00 35.00 81.82
56.55=100.00 91.67 70.83 62.50 0.00 54.76 95.65 78.57 20.00 71.43 56.41 85.19 48.72 76.19 0.00 78.57 74.19 65.62 40.00 73.33 0.00 78.12 95.65 23.53 35.29 77.78 73.33 11.11 0.00 34.62 80.00
57.35=100.00 95.65 73.91 60.00 0.00 57.50 100.00 75.00 41.18 66.67 59.46 88.00 57.14 70.83 10.53 82.14 78.57 60.00 45.83 55.00 0.00 86.67 81.48 23.81 36.36 80.00 50.00 18.75 0.00 43.48 80.00
57.37=100.00 95.65 70.83 62.50 0.00 56.10 100.00 82.35 26.32 77.78 57.50 88.46 51.52 72.00 4.76 72.41 76.67 61.11 46.15 61.11 0.00 86.21 84.62 28.57 33.33 82.35 66.67 15.38 0.00 38.10 80.00
55.27=100.00 95.65 78.26 64.52 0.00 57.89 91.30 75.00 26.67 73.68 52.27 79.31 54.55 63.64 6.25 67.65 75.86 61.76 42.31 47.62 0.00 82.76 91.67 19.23 31.25 77.78 60.00 21.43 0.00 26.32 88.89
58.07=100.00 95.65 70.83 71.43 0.00 60.53 95.65 84.21 22.22 84.21 62.16 76.67 55.56 66.67 11.76 71.88 78.12 64.71 39.29 62.50 0.00 84.62 92.00 23.81 42.86 87.50 62.50 25.00 0.00 35.00 72.73
57.46=100.00 100.00 70.83 59.38 0.00 55.00 100.00 76.47 31.25 71.43 59.52 88.46 50.00 72.73 5.56 74.19 80.00 60.00 43.48 64.71 0.00 85.71 96.00 25.00 30.00 72.22 66.67 30.77 0.00 30.00 81.82
56.92=100.00 95.65 73.91 66.67 0.00 54.76 95.45 73.68 31.58 78.95 57.50 82.14 51.43 68.18 5.88 67.65 80.00 60.61 44.44 64.71 0.00 85.19 88.00 25.00 40.00 82.35 62.50 18.18 0.00 40.00 70.00
55.87=92.00 95.65 70.83 60.61 0.00 53.66 91.67 81.25 28.57 75.00 62.50 77.78 57.58 66.67 5.26 74.19 76.67 60.00 40.91 64.71 0.00 78.12 87.50 28.57 31.25 63.64 62.50 23.08 0.00 31.82 90.00
56.21=91.67 95.65 73.91 60.61 0.00 58.97 95.45 81.25 23.53 68.42 59.52 81.48 47.06 73.91 5.88 72.73 80.65 65.62 39.29 73.33 0.00 83.33 92.00 23.81 33.33 73.68 66.67 18.18 0.00 40.91 61.54
95.29=100.00 100.00 100.00 75.00 100.00 100.00 100.00 100.00 100.00 100.00 100.00 100.00 100.00 100.00 100.00 85.71 100.00 100.00 100.00 66.67 100.00 80.00 100.00 80.00 66.67 100.00 100.00 100.00 100.00 100.00 100.00
96.64=100.00 100.00 100.00 100.00 100.00 100.00 100.00 100.00 100.00 100.00 100.00 100.00 100.00 100.00 100.00 100.00 100.00 100.00 100.00 50.00 100.00 100.00 85.71 80.00 100.00 100.00 100.00 100.00 100.00 100.00 80.00
93.46=75.00 100.00 100.00 75.00 100.00 100.00 100.00 60.00 100.00 100.00 75.00 100.00 100.00 100.00 100.00 85.71 100.00 100.00 100.00 100.00 100.00 100.00 100.00 80.00 66.67 100.00 100.00 100.00 80.00 100.00 100.00
97.17=100.00 100.00 100.00 100.00 100.00 100.00 100.00 100.00 80.00 100.00 100.00 100.00 100.00 100.00 100.00 85.71 100.00 100.00 100.00 100.00 100.00 100.00 100.00 80.00 66.67 100.00 100.00 100.00 100.00 100.00 100.00
93.71=100.00 100.00 100.00 100.00 100.00 100.00 100.00 75.00 80.00 100.00 100.00 100.00 100.00 100.00 100.00 100.00 100.00 100.00 100.00 66.67 100.00 100.00 100.00 66.67 66.67 50.00 100.00 100.00 100.00 100.00 100.00
95.24=100.00 100.00 100.00 100.00 80.00 100.00 100.00 100.00 100.00 100.00 100.00 100.00 100.00 100.00 100.00 85.71 60.00 100.00 100.00 100.00 100.00 100.00 100.00 80.00 66.67 100.00 100.00 100.00 80.00 100.00 100.00
96.18=100.00 100.00 100.00 100.00 100.00 100.00 100.00 100.00 75.00 100.00 100.00 100.00 100.00 80.00 100.00 100.00 100.00 100.00 100.00 100.00 100.00 100.00 100.00 80.00 66.67 100.00 100.00 100.00 100.00 100.00 80.00
96.10=100.00 100.00 100.00 100.00 80.00 100.00 100.00 100.00 100.00 100.00 100.00 100.00 100.00 66.67 100.00 85.71 100.00 100.00 100.00 100.00 100.00 100.00 100.00 80.00 100.00 100.00 100.00 100.00 66.67 100.00 100.00
96.67=100.00 100.00 100.00 100.00 100.00 100.00 100.00 75.00 100.00 100.00 75.00 100.00 100.00 100.00 100.00 100.00 100.00 100.00 100.00 100.00 100.00 100.00 100.00 80.00 66.67 100.00 100.00 100.00 100.00 100.00 100.00
97.85=100.00 100.00 100.00 100.00 100.00 100.00 100.00 100.00 100.00 100.00 100.00 100.00 100.00 66.67 100.00 100.00 100.00 100.00 100.00 100.00 100.00 100.00 100.00 66.67 100.00 100.00 100.00 100.00 100.00 100.00 100.00
95.39=100.00 100.00 100.00 100.00 100.00 100.00 100.00 100.00 100.00 80.00 100.00 66.67 100.00 100.00 88.89 100.00 75.00 100.00 100.00 100.00 100.00 100.00 100.00 80.00 66.67 100.00 100.00 100.00 100.00 100.00 100.00
95.65=100.00 100.00 100.00 100.00 80.00 100.00 100.00 100.00 100.00 100.00 100.00 100.00 100.00 100.00 100.00 100.00 100.00 100.00 100.00 100.00 100.00 100.00 100.00 75.00 100.00 50.00 100.00 100.00 80.00 80.00 100.00
97.20=100.00 100.00 100.00 100.00 100.00 100.00 100.00 100.00 100.00 100.00 100.00 100.00 100.00 100.00 100.00 100.00 100.00 100.00 66.67 100.00 100.00 100.00 100.00 80.00 66.67 100.00 100.00 100.00 100.00 100.00 100.00
97.42=100.00 100.00 100.00 100.00 100.00 100.00 100.00 100.00 100.00 100.00 100.00 100.00 100.00 100.00 100.00 100.00 60.00 100.00 100.00 100.00 100.00 100.00 100.00 80.00 100.00 100.00 100.00 100.00 100.00 100.00 80.00
98.71=100.00 100.00 100.00 100.00 100.00 100.00 100.00 100.00 100.00 100.00 100.00 100.00 100.00 80.00 100.00 100.00 100.00 100.00 100.00 100.00 100.00 100.00 100.00 80.00 100.00 100.00 100.00 100.00 100.00 100.00 100.00
95.56=75.00 100.00 100.00 100.00 100.00 75.00 100.00 100.00 80.00 100.00 100.00 100.00 100.00 100.00 100.00 85.71 100.00 100.00 100.00 66.67 100.00 100.00 100.00 80.00 100.00 100.00 100.00 100.00 100.00 100.00 100.00
95.75=100.00 100.00 100.00 100.00 100.00 100.00 100.00 100.00 100.00 100.00 100.00 66.67 100.00 100.00 100.00 100.00 75.00 100.00 100.00 100.00 100.00 100.00 100.00 80.00 66.67 100.00 100.00 100.00 80.00 100.00 100.00
98.25=100.00 100.00 100.00 100.00 100.00 100.00 100.00 100.00 100.00 100.00 100.00 100.00 100.00 100.00 100.00 85.71 100.00 100.00 100.00 100.00 100.00 100.00 100.00 80.00 100.00 100.00 100.00 100.00 80.00 100.00 100.00
98.71=100.00 100.00 100.00 100.00 100.00 100.00 100.00 100.00 100.00 100.00 100.00 100.00 100.00 80.00 100.00 100.00 100.00 100.00 100.00 100.00 100.00 100.00 100.00 80.00 100.00 100.00 100.00 100.00 100.00 100.00 100.00
97.66=100.00 100.00 100.00 100.00 100.00 100.00 100.00 100.00 100.00 100.00 100.00 100.00 100.00 80.00 100.00 100.00 100.00 100.00 100.00 100.00 100.00 100.00 100.00 80.00 100.00 100.00 100.00 87.50 100.00 100.00 80.00
96.13=100.00 100.00 100.00 100.00 100.00 100.00 100.00 100.00 100.00 100.00 100.00 100.00 100.00 100.00 100.00 100.00 100.00 100.00 100.00 66.67 100.00 100.00 100.00 66.67 66.67 100.00 100.00 100.00 80.00 100.00 100.00
99.35=100.00 100.00 100.00 100.00 100.00 100.00 100.00 100.00 100.00 100.00 100.00 100.00 100.00 100.00 100.00 100.00 100.00 100.00 100.00 100.00 100.00 100.00 100.00 80.00 100.00 100.00 100.00 100.00 100.00 100.00 100.00
95.61=100.00 100.00 100.00 100.00 100.00 100.00 100.00 100.00 100.00 100.00 100.00 100.00 100.00 100.00 88.89 100.00 75.00 100.00 100.00 66.67 100.00 100.00 100.00 66.67 66.67 100.00 100.00 100.00 100.00 100.00 100.00
98.55=100.00 100.00 100.00 100.00 100.00 100.00 100.00 100.00 100.00 100.00 100.00 100.00 100.00 100.00 100.00 100.00 75.00 100.00 100.00 100.00 100.00 100.00 100.00 80.00 100.00 100.00 100.00 100.00 100.00 100.00 100.00
95.48=100.00 100.00 100.00 100.00 100.00 100.00 100.00 100.00 100.00 100.00 100.00 100.00 100.00 100.00 100.00 100.00 75.00 100.00 100.00 50.00 100.00 80.00 100.00 80.00 100.00 100.00 100.00 100.00 75.00 100.00 100.00
96.24=100.00 100.00 100.00 100.00 100.00 100.00 100.00 100.00 100.00 100.00 100.00 100.00 100.00 100.00 100.00 100.00 75.00 100.00 100.00 100.00 100.00 100.00 100.00 75.00 100.00 66.67 100.00 100.00 66.67 100.00 100.00
96.94=100.00 100.00 100.00 100.00 100.00 100.00 100.00 100.00 100.00 100.00 100.00 100.00 100.00 100.00 100.00 100.00 100.00 100.00 100.00 50.00 100.00 100.00 100.00 100.00 100.00 100.00 100.00 100.00 75.00 80.00 100.00
96.77=100.00 100.00 100.00 100.00 100.00 100.00 100.00 100.00 80.00 100.00 100.00 100.00 100.00 100.00 100.00 100.00 100.00 100.00 100.00 100.00 100.00 100.00 100.00 80.00 40.00 100.00 100.00 100.00 100.00 100.00 100.00
96.83=100.00 100.00 100.00 100.00 80.00 100.00 100.00 75.00 100.00 100.00 100.00 100.00 100.00 100.00 100.00 100.00 100.00 100.00 100.00 100.00 100.00 100.00 100.00 80.00 100.00 66.67 100.00 100.00 100.00 100.00 100.00
98.55=100.00 100.00 100.00 100.00 100.00 100.00 100.00 100.00 100.00 100.00 75.00 100.00 100.00 100.00 100.00 100.00 100.00 100.00 100.00 100.00 100.00 100.00 100.00 80.00 100.00 100.00 100.00 100.00 100.00 100.00 100.00
96.83=100.00 100.00 100.00 100.00 100.00 100.00 100.00 100.00 100.00 100.00 100.00 100.00 100.00 100.00 100.00 100.00 75.00 100.00 100.00 100.00 100.00 100.00 100.00 80.00 66.67 100.00 80.00 100.00 100.00 100.00 100.00
95.32=100.00 100.00 100.00 100.00 100.00 100.00 100.00 100.00 100.00 100.00 100.00 100.00 100.00 100.00 100.00 100.00 100.00 100.00 100.00 66.67 100.00 100.00 100.00 75.00 100.00 50.00 80.00 100.00 100.00 83.33 100.00
95.43=100.00 100.00 100.00 100.00 100.00 100.00 100.00 75.00 100.00 100.00 100.00 100.00 100.00 100.00 100.00 100.00 75.00 100.00 100.00 66.67 100.00 100.00 100.00 75.00 66.67 100.00 100.00 100.00 100.00 100.00 100.00
97.63=100.00 100.00 100.00 100.00 100.00 100.00 100.00 100.00 100.00 100.00 100.00 100.00 100.00 100.00 100.00 100.00 100.00 100.00 100.00 66.67 100.00 80.00 100.00 80.00 100.00 100.00 100.00 100.00 100.00 100.00 100.00
96.83=100.00 100.00 100.00 100.00 100.00 100.00 100.00 100.00 100.00 100.00 100.00 100.00 100.00 100.00 100.00 100.00 75.00 100.00 100.00 100.00 100.00 100.00 100.00 80.00 66.67 100.00 100.00 100.00 80.00 100.00 100.00
98.28=100.00 100.00 100.00 100.00 100.00 100.00 100.00 100.00 100.00 100.00 100.00 100.00 100.00 100.00 100.00 100.00 100.00 100.00 100.00 100.00 100.00 100.00 100.00 80.00 66.67 100.00 100.00 100.00 100.00 100.00 100.00
98.00=100.00 100.00 100.00 100.00 100.00 100.00 100.00 100.00 100.00 100.00 100.00 100.00 100.00 100.00 88.89 85.71 100.00 100.00 100.00 100.00 100.00 100.00 100.00 80.00 100.00 100.00 100.00 100.00 100.00 83.33 100.00
96.04=100.00 100.00 100.00 100.00 100.00 100.00 100.00 100.00 100.00 100.00 100.00 100.00 100.00 100.00 100.00 85.71 100.00 100.00 100.00 66.67 100.00 100.00 100.00 75.00 50.00 100.00 100.00 100.00 100.00 100.00 100.00
98.92=100.00 83.33 100.00 100.00 100.00 100.00 100.00 100.00 100.00 100.00 100.00 100.00 100.00 100.00 100.00 100.00 100.00 100.00 100.00 100.00 100.00 100.00 100.00 100.00 100.00 100.00 100.00 100.00 83.33 100.00 100.00
99.35=100.00 100.00 100.00 100.00 100.00 100.00 100.00 100.00 100.00 100.00 100.00 100.00 100.00 100.00 100.00 100.00 100.00 100.00 100.00 100.00 100.00 100.00 100.00 80.00 100.00 100.00 100.00 100.00 100.00 100.00 100.00
96.57=100.00 100.00 100.00 100.00 100.00 100.00 100.00 100.00 100.00 100.00 100.00 100.00 100.00 100.00 88.89 100.00 100.00 100.00 66.67 100.00 100.00 100.00 100.00 100.00 66.67 100.00 100.00 100.00 100.00 71.43 100.00
96.74=100.00 100.00 100.00 100.00 100.00 100.00 100.00 100.00 100.00 100.00 100.00 66.67 100.00 100.00 100.00 85.71 100.00 100.00 100.00 66.67 100.00 100.00 100.00 80.00 100.00 100.00 100.00 100.00 100.00 100.00 100.00
93.82=100.00 100.00 100.00 100.00 100.00 100.00 100.00 100.00 100.00 100.00 100.00 50.00 83.33 100.00 100.00 100.00 75.00 100.00 50.00 66.67 100.00 100.00 100.00 100.00 100.00 100.00 100.00 100.00 83.33 100.00 100.00
95.53=100.00 100.00 100.00 100.00 100.00 100.00 100.00 75.00 100.00 100.00 100.00 100.00 100.00 100.00 100.00 100.00 75.00 100.00 100.00 100.00 100.00 100.00 100.00 100.00 40.00 100.00 100.00 100.00 100.00 71.43 100.00
96.10=100.00 100.00 100.00 100.00 100.00 60.00 100.00 100.00 100.00 100.00 100.00 100.00 100.00 100.00 100.00 85.71 100.00 100.00 100.00 66.67 100.00 100.00 100.00 100.00 100.00 66.67 100.00 100.00 100.00 100.00 100.00
97.11=100.00 100.00 100.00 100.00 100.00 100.00 100.00 100.00 100.00 100.00 75.00 100.00 100.00 100.00 88.89 100.00 100.00 100.00 100.00 100.00 100.00 100.00 100.00 100.00 100.00 66.67 100.00 100.00 100.00 100.00 80.00
97.09=100.00 100.00 100.00 100.00 100.00 100.00 100.00 100.00 100.00 100.00 100.00 100.00 100.00 100.00 88.89 100.00 100.00 100.00 100.00 100.00 100.00 100.00 100.00 100.00 50.00 100.00 100.00 87.50 83.33 100.00 100.00
96.95=75.00 100.00 100.00 100.00 100.00 100.00 100.00 100.00 100.00 100.00 100.00 100.00 100.00 100.00 88.89 100.00 75.00 100.00 100.00 100.00 100.00 100.00 100.00 100.00 100.00 66.67 100.00 100.00 100.00 100.00 100.00
96.29=100.00 100.00 100.00 100.00 100.00 75.00 100.00 100.00 80.00 100.00 100.00 100.00 100.00 100.00 100.00 100.00 100.00 100.00 100.00 50.00 100.00 100.00 100.00 100.00 100.00 100.00 100.00 100.00 100.00 100.00 80.00
96.15=100.00 100.00 100.00 100.00 100.00 100.00 100.00 100.00 100.00 100.00 100.00 66.67 100.00 100.00 88.89 100.00 75.00 100.00 100.00 100.00 100.00 100.00 83.33 100.00 100.00 66.67 100.00 100.00 100.00 100.00 100.00
95.86=100.00 100.00 100.00 100.00 100.00 100.00 100.00 100.00 100.00 100.00 100.00 100.00 100.00 100.00 100.00 83.33 75.00 100.00 100.00 66.67 100.00 80.00 100.00 100.00 66.67 100.00 100.00 100.00 100.00 100.00 100.00
95.40=100.00 100.00 100.00 100.00 80.00 100.00 100.00 100.00 100.00 100.00 100.00 50.00 100.00 100.00 85.71 100.00 100.00 100.00 100.00 100.00 100.00 100.00 100.00 75.00 66.67 100.00 100.00 100.00 100.00 100.00 100.00
94.68=100.00 100.00 100.00 100.00 100.00 100.00 100.00 75.00 100.00 100.00 60.00 66.67 100.00 100.00 100.00 100.00 100.00 100.00 100.00 66.67 100.00 100.00 100.00 100.00 66.67 100.00 100.00 100.00 100.00 100.00 100.00
98.09=100.00 100.00 100.00 100.00 100.00 100.00 100.00 75.00 100.00 80.00 100.00 100.00 100.00 100.00 100.00 85.71 100.00 100.00 100.00 100.00 100.00 100.00 100.00 100.00 100.00 100.00 100.00 100.00 100.00 100.00 100.00
96.83=100.00 100.00 100.00 100.00 100.00 100.00 100.00 100.00 100.00 100.00 100.00 66.67 100.00 100.00 100.00 100.00 75.00 100.00 100.00 100.00 100.00 100.00 100.00 80.00 100.00 100.00 100.00 100.00 100.00 80.00 100.00
96.77=100.00 100.00 100.00 100.00 100.00 100.00 100.00 75.00 100.00 100.00 100.00 100.00 100.00 100.00 100.00 100.00 75.00 100.00 100.00 100.00 100.00 100.00 100.00 100.00 66.67 100.00 100.00 100.00 83.33 100.00 100.00
96.24=100.00 100.00 100.00 100.00 100.00 100.00 75.00 100.00 100.00 100.00 100.00 66.67 100.00 100.00 100.00 100.00 75.00 100.00 100.00 66.67 100.00 100.00 100.00 100.00 100.00 100.00 100.00 100.00 100.00 100.00 100.00
99.19=100.00 100.00 100.00 100.00 100.00 100.00 100.00 100.00 100.00 100.00 75.00 100.00 100.00 100.00 100.00 100.00 100.00 100.00 100.00 100.00 100.00 100.00 100.00 100.00 100.00 100.00 100.00 100.00 100.00 100.00 100.00
97.31=100.00 100.00 100.00 100.00 100.00 100.00 100.00 100.00 100.00 100.00 100.00 66.67 100.00 100.00 100.00 100.00 100.00 100.00 100.00 100.00 100.00 100.00 100.00 100.00 66.67 100.00 100.00 100.00 100.00 83.33 100.00
98.92=100.00 100.00 100.00 100.00 100.00 100.00 100.00 100.00 100.00 100.00 100.00 100.00 100.00 100.00 100.00 100.00 100.00 100.00 100.00 66.67 100.00 100.00 100.00 100.00 100.00 100.00 100.00 100.00 100.00 100.00 100.00
97.74=100.00 100.00 100.00 100.00 100.00 100.00 100.00 100.00 100.00 100.00 100.00 100.00 100.00 100.00 80.00 100.00 100.00 100.00 100.00 50.00 100.00 100.00 100.00 100.00 100.00 100.00 100.00 100.00 100.00 100.00 100.00
95.43=100.00 100.00 100.00 100.00 100.00 100.00 100.00 75.00 100.00 100.00 100.00 66.67 100.00 100.00 100.00 100.00 100.00 100.00 100.00 50.00 100.00 100.00 100.00 100.00 66.67 100.00 100.00 100.00 100.00 100.00 100.00
96.15=100.00 100.00 100.00 100.00 100.00 100.00 100.00 75.00 100.00 100.00 75.00 100.00 100.00 100.00 88.89 100.00 75.00 100.00 100.00 66.67 100.00 100.00 100.00 100.00 100.00 100.00 100.00 100.00 100.00 100.00 100.00
96.92=100.00 100.00 100.00 100.00 100.00 100.00 100.00 100.00 100.00 100.00 100.00 100.00 100.00 100.00 88.89 85.71 100.00 100.00 100.00 100.00 100.00 100.00 100.00 100.00 66.67 100.00 100.00 100.00 83.33 80.00 100.00
99.00=100.00 100.00 100.00 100.00 100.00 100.00 100.00 100.00 100.00 80.00 100.00 100.00 100.00 100.00 88.89 100.00 100.00 100.00 100.00 100.00 100.00 100.00 100.00 100.00 100.00 100.00 100.00 100.00 100.00 100.00 100.00
96.85=100.00 100.00 100.00 100.00 100.00 100.00 100.00 75.00 100.00 100.00 100.00 100.00 100.00 100.00 100.00 85.71 75.00 100.00 100.00 66.67 100.00 100.00 100.00 100.00 100.00 100.00 100.00 100.00 100.00 100.00 100.00
98.92=100.00 100.00 100.00 100.00 100.00 100.00 100.00 100.00 100.00 100.00 100.00 100.00 100.00 100.00 100.00 100.00 100.00 100.00 100.00 100.00 100.00 100.00 100.00 100.00 66.67 100.00 100.00 100.00 100.00 100.00 100.00
98.28=100.00 100.00 100.00 100.00 100.00 100.00 100.00 100.00 100.00 100.00 100.00 100.00 100.00 100.00 100.00 100.00 100.00 100.00 100.00 100.00 100.00 80.00 100.00 100.00 100.00 66.67 100.00 100.00 100.00 100.00 100.00
94.09=100.00 100.00 100.00 100.00 100.00 100.00 100.00 50.00 100.00 100.00 100.00 66.67 100.00 100.00 100.00 100.00 100.00 100.00 100.00 66.67 100.00 100.00 100.00 100.00 100.00 66.67 100.00 100.00 66.67 100.00 100.00
96.13=100.00 100.00 100.00 100.00 100.00 100.00 75.00 75.00 100.00 100.00 100.00 100.00 100.00 100.00 100.00 100.00 100.00 100.00 100.00 100.00 100.00 80.00 100.00 100.00 66.67 100.00 100.00 100.00 100.00 83.33 100.00
98.64=100.00 100.00 100.00 100.00 100.00 100.00 100.00 100.00 100.00 100.00 100.00 100.00 100.00 100.00 88.89 85.71 100.00 100.00 100.00 100.00 100.00 100.00 100.00 100.00 100.00 100.00 100.00 100.00 100.00 83.33 100.00
98.06=100.00 100.00 100.00 100.00 100.00 100.00 100.00 100.00 100.00 100.00 100.00 100.00 100.00 100.00 87.50 85.71 100.00 100.00 100.00 100.00 100.00 100.00 100.00 100.00 66.67 100.00 100.00 100.00 100.00 100.00 100.00
99.18=100.00 100.00 100.00 100.00 100.00 100.00 100.00 100.00 100.00 100.00 100.00 100.00 100.00 100.00 88.89 85.71 100.00 100.00 100.00 100.00 100.00 100.00 100.00 100.00 100.00 100.00 100.00 100.00 100.00 100.00 100.00
98.30=100.00 100.00 100.00 100.00 100.00 100.00 100.00 100.00 100.00 100.00 75.00 100.00 100.00 100.00 88.89 100.00 100.00 100.00 100.00 100.00 100.00 100.00 100.00 100.00 100.00 100.00 100.00 100.00 100.00 83.33 100.00
96.24=100.00 100.00 100.00 100.00 100.00 100.00 100.00 100.00 100.00 100.00 100.00 100.00 100.00 100.00 100.00 100.00 100.00 100.00 100.00 50.00 100.00 100.00 100.00 100.00 33.33 100.00 100.00 100.00 100.00 100.00 100.00
96.77=100.00 100.00 100.00 100.00 100.00 100.00 100.00 100.00 100.00 100.00 100.00 66.67 100.00 100.00 100.00 100.00 100.00 100.00 100.00 66.67 100.00 100.00 100.00 100.00 66.67 100.00 100.00 100.00 100.00 100.00 100.00
97.04=100.00 100.00 100.00 100.00 100.00 100.00 100.00 100.00 100.00 100.00 100.00 33.33 100.00 100.00 100.00 100.00 75.00 100.00 100.00 100.00 100.00 100.00 100.00 100.00 100.00 100.00 100.00 100.00 100.00 100.00 100.00
95.97=100.00 100.00 100.00 100.00 100.00 100.00 100.00 100.00 100.00 100.00 100.00 66.67 100.00 100.00 100.00 100.00 100.00 100.00 50.00 100.00 100.00 100.00 100.00 100.00 100.00 100.00 75.00 100.00 100.00 83.33 100.00
97.31=100.00 100.00 100.00 100.00 100.00 100.00 100.00 100.00 100.00 100.00 100.00 50.00 100.00 100.00 100.00 100.00 100.00 100.00 100.00 100.00 100.00 100.00 100.00 100.00 66.67 100.00 100.00 100.00 100.00 100.00 100.00
97.20=100.00 100.00 100.00 100.00 100.00 100.00 100.00 100.00 100.00 100.00 100.00 66.67 100.00 100.00 80.00 100.00 100.00 100.00 100.00 100.00 100.00 100.00 100.00 100.00 66.67 100.00 100.00 100.00 100.00 100.00 100.00
61.71=92.00 100.00 94.74 90.48 12.50 54.76 91.30 50.00 55.00 84.21 71.43 88.00 66.67 35.00 25.00 70.83 82.76 92.00 45.16 56.52 31.58 91.67 63.89 25.00 46.43 88.24 77.78 23.81 33.33 28.57 44.44
59.70=91.30 95.45 94.74 72.00 5.88 43.75 80.00 50.00 47.83 85.00 96.30 77.78 56.25 31.58 25.00 75.00 88.89 76.92 40.74 59.09 6.90 80.00 69.23 23.53 32.26 82.35 80.00 28.57 71.43 21.43 61.54
61.88=95.83 100.00 90.00 86.36 4.76 42.11 95.00 62.96 37.50 78.95 71.88 84.62 55.56 41.67 16.67 91.30 82.14 87.50 60.00 46.15 5.26 80.00 71.88 30.00 29.03 87.50 71.43 25.00 83.33 57.14 46.67
59.41=100.00 100.00 100.00 79.17 11.43 42.86 81.48 56.67 38.10 80.00 75.76 75.86 65.79 33.33 0.00 90.48 78.57 76.67 48.28 61.11 0.00 78.26 59.38 24.24 41.94 87.50 70.00 35.71 54.55 58.33 36.36
58.16=100.00 100.00 94.74 95.00 4.88 43.40 83.33 60.87 47.62 80.95 67.57 82.14 60.53 47.83 0.00 76.92 72.73 78.12 46.43 42.86 6.25 87.50 53.33 19.23 44.00 93.33 69.57 27.27 50.00 0.00 66.67
60.07=100.00 100.00 100.00 95.00 7.69 47.92 95.65 60.00 40.91 83.33 67.65 74.07 59.46 42.11 0.00 88.00 70.97 69.44 46.43 37.93 0.00 75.00 70.00 25.00 46.15 100.00 65.00 20.00 80.00 40.00 54.55
60.37=100.00 100.00 100.00 81.82 5.71 46.00 87.50 76.92 35.00 77.27 62.16 73.33 67.57 52.63 0.00 84.62 75.00 69.70 46.43 32.14 0.00 78.57 60.61 17.86 48.15 100.00 70.00 25.00 60.00 50.00 87.50
59.84=100.00 100.00 100.00 86.36 2.70 45.28 87.50 75.00 40.00 75.00 69.44 74.19 55.56 55.56 0.00 77.78 68.75 71.43 55.00 45.45 4.76 80.00 66.67 16.13 46.15 88.24 72.73 27.27 63.64 54.55 50.00
61.23=95.83 100.00 100.00 81.82 6.06 42.00 91.30 64.00 31.58 69.57 66.67 71.88 53.85 66.67 0.00 88.00 75.76 74.19 60.00 47.83 0.00 78.12 65.52 19.35 48.15 93.33 73.68 36.36 62.50 72.73 61.54
62.66=95.24 100.00 100.00 82.61 8.82 45.45 95.24 72.73 50.00 85.00 68.57 60.53 63.16 57.14 0.00 91.67 73.53 76.67 37.93 40.00 0.00 84.00 66.67 24.24 40.00 93.75 73.68 30.77 88.89 77.78 58.33
61.46=92.00 100.00 94.74 86.36 3.23 50.00 95.83 77.27 34.78 80.00 62.86 60.61 58.54 54.17 0.00 87.50 82.14 67.57 51.85 52.38 5.88 81.48 60.00 17.86 41.67 93.33 75.00 20.00 90.00 66.67 61.54
63.42=100.00 100.00 100.00 82.61 3.70 48.94 88.00 68.00 28.57 80.95 78.12 68.57 53.49 72.73 0.00 84.62 77.42 67.57 54.17 57.89 5.88 82.76 68.97 16.67 57.69 93.75 72.22 25.00 73.33 81.82 72.73
61.65=100.00 100.00 100.00 86.36 0.00 47.92 78.57 85.00 47.37 78.95 65.79 65.71 64.10 69.57 0.00 81.48 74.19 57.58 50.00 47.83 5.56 75.00 64.52 16.67 51.72 83.33 76.19 36.36 70.00 70.00 61.54
61.56=100.00 100.00 100.00 75.00 0.00 45.10 91.67 70.83 45.00 77.27 65.79 69.70 62.50 56.00 0.00 80.77 75.86 67.74 48.15 52.38 5.56 79.31 71.43 23.08 37.93 93.75 77.78 12.50 75.00 84.62 63.64
63.21=100.00 100.00 100.00 86.36 3.70 44.90 88.00 80.95 34.62 76.19 63.16 69.70 58.97 72.00 0.00 75.86 82.76 65.71 54.55 47.62 5.56 85.19 75.00 29.17 60.00 94.12 73.68 27.27 77.78 72.73 53.85
63.82=100.00 100.00 100.00 81.82 0.00 46.81 95.65 72.73 42.11 73.91 64.10 66.67 56.10 76.00 0.00 78.57 80.00 66.67 52.17 44.00 4.76 82.76 70.00 20.69 65.22 92.31 86.67 33.33 91.67 80.00 53.85
62.27=100.00 100.00 100.00 82.61 0.00 47.92 88.00 74.07 29.41 77.27 60.98 60.53 56.10 75.00 0.00 90.48 73.33 66.67 58.33 50.00 0.00 76.67 70.97 17.39 54.17 87.50 82.35 20.00 91.67 81.82 57.14
63.66=95.83 100.00 94.74 86.36 0.00 51.11 85.19 78.26 41.18 77.27 68.57 64.86 59.52 75.00 0.00 82.61 82.76 68.75 56.52 50.00 0.00 82.14 64.52 17.39 58.33 100.00 80.00 33.33 90.91 75.00 53.33
63.10=100.00 100.00 100.00 95.00 0.00 48.89 84.00 72.73 36.36 76.19 64.10 60.00 62.16 74.07 0.00 88.00 75.00 60.61 53.85 52.38 5.00 85.71 69.70 23.81 50.00 93.33 78.95 33.33 90.00 80.00 42.86
63.38=88.00 100.00 100.00 73.08 0.00 45.83 95.45 82.61 36.36 77.27 57.50 64.86 58.14 77.27 0.00 90.91 78.57 60.61 59.09 64.71 5.56 88.46 67.86 22.73 61.54 94.12 82.35 20.00 80.00 81.82 50.00
61.40=92.00 100.00 100.00 75.00 0.00 45.10 87.50 73.91 40.00 76.19 66.67 68.57 55.56 80.00 0.00 74.07 77.42 66.67 53.85 44.00 4.35 80.00 76.92 15.00 60.87 93.75 76.47 14.29 78.57 80.00 46.67
62.44=95.65 100.00 94.44 79.17 0.00 45.10 86.96 69.23 38.10 77.27 58.33 70.97 58.97 73.08 0.00 76.92 82.76 68.57 50.00 50.00 5.26 79.31 68.97 13.64 62.50 93.75 77.78 30.00 90.91 83.33 54.55
61.58=95.83 95.45 94.12 82.61 0.00 45.28 80.00 75.00 33.33 80.00 70.97 77.42 57.14 68.00 0.00 75.86 70.59 69.70 57.14 45.83 0.00 85.19 72.41 13.64 65.22 94.12 63.16 30.00 75.00 69.23 66.67
62.48=100.00 100.00 100.00 76.00 3.12 44.23 88.00 76.19 38.10 76.19 69.44 65.62 61.54 68.18 0.00 80.00 75.00 70.97 56.52 47.83 0.00 85.71 67.74 15.38 61.54 94.12 77.78 22.22 91.67 70.00 53.85
62.42=95.83 95.45 100.00 82.61 0.00 43.64 95.65 68.42 41.67 75.00 67.65 64.86 60.98 77.27 0.00 90.48 81.48 63.89 54.17 43.48 0.00 80.00 68.00 16.67 59.26 87.50 76.19 20.00 91.67 75.00 58.33
62.44=95.83 100.00 100.00 86.36 0.00 43.40 88.46 75.00 36.00 72.73 64.86 64.86 57.14 86.36 0.00 78.26 79.31 68.57 52.17 52.63 5.56 84.00 70.37 20.83 56.52 88.24 78.95 22.22 71.43 81.82 53.85
61.52=100.00 100.00 100.00 81.82 0.00 48.98 86.96 72.73 36.00 70.83 62.16 68.57 64.86 66.67 0.00 84.00 75.86 62.86 57.14 45.45 0.00 70.00 66.67 17.39 63.64 88.24 76.47 18.18 78.57 84.62 58.33
62.74=100.00 91.30 100.00 85.00 0.00 46.00 90.91 70.00 33.33 69.57 64.10 66.67 58.97 75.00 0.00 85.71 77.78 67.65 59.09 50.00 4.76 79.31 68.97 14.29 62.50 100.00 75.00 27.27 80.00 84.62 57.14
62.24=95.83 100.00 94.74 90.00 0.00 48.94 91.67 78.26 37.93 73.91 67.57 69.70 66.67 72.73 0.00 70.97 76.67 70.97 57.14 45.45 5.56 73.33 63.64 19.05 71.43 78.95 82.35 11.11 92.31 72.73 50.00
61.42=100.00 95.45 94.44 82.61 0.00 46.00 86.96 72.00 27.27 70.83 58.54 70.59 61.54 76.00 0.00 81.48 74.19 66.67 54.17 50.00 4.55 81.48 73.08 15.79 60.87 94.12 80.00 18.18 90.91 73.33 42.86
62.95=100.00 100.00 100.00 81.82 0.00 46.00 87.50 73.91 36.00 84.21 65.79 65.71 65.71 77.78 0.00 78.57 73.33 61.76 52.17 50.00 4.35 82.76 70.83 16.67 53.33 88.89 77.78 22.22 90.91 90.00 53.33
63.44=95.83 100.00 100.00 86.36 0.00 44.90 88.46 73.91 25.93 75.00 69.44 66.67 61.54 76.00 0.00 75.00 85.71 67.74 47.83 55.56 0.00 88.89 71.43 18.18 69.57 93.75 73.68 27.27 76.92 90.91 60.00
61.77=95.83 100.00 100.00 82.61 0.00 45.28 88.00 75.00 38.10 70.00 60.00 70.59 58.54 78.26 0.00 73.08 76.67 72.41 51.85 56.25 5.56 85.19 65.62 21.05 56.00 88.24 82.35 22.22 73.33 81.82 41.18
63.23=95.65 100.00 100.00 86.36 0.00 45.10 92.00 76.19 39.13 73.91 64.86 67.74 58.54 75.00 0.00 76.92 77.42 68.75 58.33 45.45 9.52 84.62 72.41 9.52 72.73 88.89 76.47 22.22 85.71 83.33 53.33
63.22=100.00 100.00 100.00 90.48 0.00 48.00 88.46 70.83 36.67 77.27 61.54 67.74 64.86 79.17 0.00 80.77 72.41 70.59 54.55 45.45 0.00 88.46 68.75 22.22 65.22 88.89 73.68 25.00 90.00 75.00 53.85
62.55=92.00 95.45 100.00 86.36 0.00 47.06 85.19 76.19 32.14 71.43 60.53 65.71 64.71 85.71 0.00 75.86 76.67 63.64 52.38 45.45 5.26 85.19 64.52 17.39 69.57 93.75 82.35 22.22 90.91 84.62 46.67
62.56=95.83 100.00 100.00 81.82 3.70 47.06 88.00 66.67 33.33 75.00 63.16 68.57 64.86 68.00 0.00 84.00 82.14 68.75 52.38 52.94 9.52 88.46 70.97 18.18 65.22 84.21 82.35 18.18 90.91 71.43 43.75
62.99=95.83 100.00 100.00 79.17 0.00 45.10 91.67 73.08 34.78 76.19 70.59 67.65 62.86 68.97 0.00 79.31 74.19 66.67 59.09 62.50 4.76 82.14 66.67 13.64 72.73 88.89 75.00 11.11 91.67 80.00 58.33
62.71=91.67 100.00 100.00 82.61 0.00 50.00 84.62 73.91 29.63 75.00 68.57 64.86 61.76 76.92 0.00 75.00 71.88 67.65 60.87 55.00 0.00 84.62 65.38 18.18 72.73 93.75 75.00 18.18 83.33 84.62 58.33
61.91=91.67 95.45 100.00 86.36 0.00 47.06 85.19 65.22 30.77 72.73 66.67 67.65 66.67 79.17 0.00 76.92 81.48 64.52 54.17 52.63 5.26 86.21 74.07 22.22 60.87 85.00 70.00 18.18 90.00 69.23 53.85
94.14=100.00 100.00 100.00 100.00 100.00 100.00 100.00 75.00 100.00 100.00 100.00 66.67 100.00 80.00 100.00 100.00 75.00 100.00 100.00 100.00 100.00 80.00 100.00 100.00 66.67 100.00 100.00 100.00 100.00 75.00 100.00
94.70=100.00 100.00 100.00 60.00 100.00 100.00 100.00 100.00 100.00 100.00 100.00 100.00 100.00 100.00 100.00 100.00 100.00 100.00 66.67 100.00 100.00 100.00 100.00 100.00 40.00 100.00 100.00 85.71 83.33 100.00 100.00
94.09=100.00 100.00 100.00 75.00 100.00 100.00 100.00 100.00 100.00 100.00 100.00 100.00 100.00 100.00 100.00 100.00 75.00 100.00 66.67 66.67 100.00 100.00 100.00 100.00 50.00 100.00 100.00 100.00 83.33 100.00 100.00
96.13=100.00 100.00 100.00 100.00 100.00 100.00 100.00 100.00 100.00 100.00 100.00 100.00 100.00 100.00 100.00 100.00 100.00 100.00 100.00 66.67 100.00 100.00 100.00 80.00 66.67 66.67 100.00 100.00 100.00 100.00 100.00
96.31=100.00 100.00 100.00 75.00 100.00 100.00 100.00 100.00 100.00 100.00 100.00 100.00 100.00 100.00 100.00 85.71 75.00 100.00 100.00 66.67 100.00 100.00 100.00 100.00 100.00 100.00 100.00 100.00 100.00 83.33 100.00
91.94=100.00 100.00 100.00 75.00 100.00 100.00 100.00 66.67 75.00 100.00 100.00 100.00 100.00 75.00 100.00 100.00 100.00 100.00 100.00 100.00 75.00 100.00 100.00 100.00 50.00 50.00 100.00 100.00 100.00 83.33 100.00
95.59=100.00 100.00 100.00 100.00 80.00 100.00 100.00 100.00 100.00 100.00 100.00 100.00 100.00 100.00 100.00 100.00 100.00 100.00 66.67 66.67 100.00 100.00 100.00 100.00 50.00 100.00 100.00 100.00 100.00 100.00 100.00
96.51=100.00 100.00 100.00 100.00 100.00 100.00 100.00 75.00 100.00 100.00 100.00 100.00 100.00 100.00 100.00 100.00 100.00 100.00 100.00 50.00 100.00 100.00 100.00 100.00 66.67 100.00 100.00 100.00 100.00 100.00 100.00
96.24=100.00 100.00 100.00 100.00 100.00 100.00 100.00 100.00 100.00 100.00 100.00 100.00 100.00 100.00 100.00 100.00 100.00 100.00 100.00 66.67 100.00 100.00 100.00 100.00 50.00 66.67 100.00 100.00 100.00 100.00 100.00
93.87=100.00 100.00 100.00 75.00 100.00 100.00 100.00 75.00 100.00 75.00 100.00 100.00 100.00 100.00 100.00 100.00 100.00 100.00 100.00 50.00 100.00 100.00 100.00 80.00 100.00 100.00 100.00 100.00 80.00 100.00 75.00
97.04=100.00 100.00 100.00 100.00 100.00 100.00 100.00 100.00 100.00 100.00 75.00 100.00 100.00 100.00 100.00 100.00 100.00 100.00 100.00 66.67 100.00 100.00 100.00 100.00 66.67 100.00 100.00 100.00 100.00 100.00 100.00
95.32=100.00 100.00 100.00 100.00 100.00 100.00 100.00 75.00 80.00 100.00 100.00 100.00 100.00 100.00 100.00 100.00 100.00 100.00 66.67 100.00 100.00 100.00 100.00 100.00 50.00 100.00 100.00 100.00 83.33 100.00 100.00
94.16=100.00 100.00 100.00 75.00 100.00 100.00 100.00 100.00 100.00 100.00 100.00 66.67 100.00 100.00 100.00 85.71 75.00 100.00 100.00 66.67 100.00 100.00 100.00 100.00 66.67 100.00 100.00 100.00 83.33 100.00 100.00
96.67=100.00 100.00 100.00 75.00 100.00 100.00 100.00 75.00 100.00 100.00 100.00 100.00 100.00 100.00 100.00 100.00 100.00 100.00 100.00 100.00 100.00 100.00 100.00 80.00 66.67 100.00 100.00 100.00 100.00 100.00 100.00
94.59=100.00 100.00 100.00 100.00 100.00 100.00 100.00 100.00 100.00 100.00 100.00 100.00 100.00 100.00 100.00 85.71 100.00 100.00 66.67 50.00 100.00 100.00 100.00 100.00 50.00 100.00 80.00 100.00 100.00 100.00 100.00
96.51=100.00 100.00 100.00 100.00 100.00 100.00 100.00 75.00 100.00 100.00 100.00 100.00 100.00 100.00 100.00 100.00 100.00 100.00 66.67 100.00 100.00 100.00 100.00 100.00 50.00 100.00 100.00 100.00 100.00 100.00 100.00
96.51=100.00 100.00 100.00 75.00 100.00 100.00 100.00 100.00 100.00 100.00 100.00 100.00 100.00 100.00 100.00 100.00 100.00 100.00 100.00 66.67 100.00 100.00 100.00 100.00 50.00 100.00 100.00 100.00 100.00 100.00 100.00
96.67=100.00 100.00 100.00 100.00 80.00 100.00 100.00 100.00 100.00 100.00 100.00 100.00 100.00 100.00 100.00 100.00 100.00 100.00 100.00 66.67 100.00 100.00 100.00 100.00 50.00 100.00 100.00 100.00 100.00 100.00 100.00
95.97=100.00 100.00 100.00 100.00 100.00 100.00 100.00 100.00 100.00 100.00 100.00 100.00 100.00 100.00 100.00 100.00 75.00 100.00 100.00 50.00 100.00 100.00 100.00 100.00 66.67 100.00 100.00 100.00 83.33 100.00 100.00
96.31=100.00 100.00 100.00 100.00 100.00 100.00 100.00 100.00 100.00 100.00 100.00 100.00 100.00 100.00 100.00 85.71 75.00 100.00 100.00 100.00 100.00 100.00 100.00 75.00 50.00 100.00 100.00 100.00 100.00 100.00 100.00
97.38=100.00 100.00 100.00 100.00 100.00 100.00 100.00 100.00 100.00 100.00 100.00 100.00 100.00 100.00 88.89 100.00 100.00 100.00 100.00 100.00 100.00 100.00 100.00 80.00 50.00 100.00 100.00 100.00 100.00 100.00 100.00
97.31=100.00 100.00 100.00 100.00 100.00 100.00 100.00 100.00 100.00 100.00 100.00 100.00 100.00 100.00 100.00 100.00 100.00 100.00 100.00 50.00 100.00 100.00 100.00 100.00 66.67 100.00 100.00 100.00 100.00 100.00 100.00
98.92=100.00 100.00 100.00 100.00 100.00 100.00 100.00 100.00 100.00 100.00 100.00 100.00 100.00 100.00 100.00 100.00 100.00 100.00 100.00 100.00 100.00 100.00 100.00 100.00 66.67 100.00 100.00 100.00 100.00 100.00 100.00
95.86=100.00 100.00 100.00 100.00 100.00 100.00 100.00 75.00 100.00 80.00 100.00 100.00 100.00 100.00 100.00 100.00 100.00 100.00 100.00 66.67 100.00 100.00 100.00 100.00 66.67 100.00 100.00 100.00 83.33 100.00 100.00
98.06=100.00 100.00 100.00 100.00 100.00 100.00 100.00 100.00 100.00 100.00 100.00 100.00 100.00 100.00 100.00 100.00 100.00 100.00 100.00 100.00 100.00 100.00 100.00 100.00 40.00 100.00 100.00 100.00 100.00 100.00 100.00
97.31=100.00 100.00 100.00 100.00 100.00 100.00 100.00 75.00 100.00 100.00 75.00 100.00 100.00 100.00 100.00 100.00 100.00 100.00 100.00 100.00 100.00 100.00 100.00 100.00 66.67 100.00 100.00 100.00 100.00 100.00 100.00
97.04=100.00 100.00 100.00 100.00 100.00 100.00 100.00 100.00 100.00 100.00 75.00 100.00 83.33 100.00 100.00 100.00 100.00 100.00 100.00 100.00 100.00 100.00 100.00 100.00 50.00 100.00 100.00 100.00 100.00 100.00 100.00
94.62=100.00 100.00 100.00 100.00 80.00 100.00 100.00 100.00 100.00 100.00 100.00 66.67 100.00 100.00 100.00 100.00 100.00 66.67 100.00 100.00 100.00 100.00 100.00 80.00 40.00 100.00 100.00 100.00 100.00 100.00 100.00
95.40=100.00 100.00 100.00 75.00 100.00 100.00 100.00 75.00 100.00 100.00 100.00 100.00 100.00 100.00 100.00 85.71 75.00 100.00 100.00 100.00 100.00 100.00 100.00 80.00 66.67 100.00 100.00 100.00 100.00 100.00 100.00
96.47=100.00 100.00 100.00 100.00 100.00 100.00 100.00 100.00 100.00 100.00 100.00 100.00 100.00 100.00 100.00 85.71 75.00 100.00 100.00 100.00 100.00 80.00 100.00 100.00 50.00 100.00 100.00 100.00 100.00 100.00 100.00
96.58=100.00 100.00 100.00 100.00 100.00 100.00 100.00 100.00 100.00 100.00 100.00 100.00 100.00 100.00 100.00 85.71 75.00 100.00 100.00 66.67 100.00 100.00 100.00 100.00 66.67 100.00 100.00 100.00 100.00 100.00 100.00
96.51=100.00 100.00 100.00 75.00 100.00 100.00 100.00 100.00 100.00 100.00 100.00 100.00 100.00 100.00 100.00 100.00 100.00 100.00 100.00 50.00 100.00 100.00 100.00 100.00 66.67 100.00 100.00 100.00 100.00 100.00 100.00
92.76=100.00 100.00 100.00 100.00 100.00 100.00 100.00 66.67 100.00 100.00 100.00 100.00 100.00 100.00 100.00 85.71 66.67 100.00 100.00 40.00 100.00 100.00 100.00 100.00 50.00 66.67 100.00 100.00 100.00 100.00 100.00
95.67=100.00 100.00 100.00 100.00 80.00 100.00 100.00 100.00 100.00 100.00 100.00 100.00 100.00 100.00 100.00 85.71 100.00 100.00 100.00 66.67 100.00 100.00 100.00 100.00 33.33 100.00 100.00 100.00 100.00 100.00 100.00
98.46=100.00 100.00 100.00 100.00 100.00 100.00 100.00 100.00 100.00 100.00 100.00 100.00 100.00 100.00 100.00 85.71 100.00 100.00 100.00 100.00 100.00 100.00 100.00 100.00 66.67 100.00 100.00 100.00 100.00 100.00 100.00
95.16=100.00 100.00 100.00 100.00 100.00 100.00 100.00 100.00 100.00 100.00 100.00 100.00 100.00 100.00 100.00 100.00 75.00 100.00 100.00 66.67 75.00 100.00 100.00 100.00 50.00 100.00 100.00 100.00 83.33 100.00 100.00
97.31=100.00 100.00 100.00 100.00 100.00 100.00 100.00 100.00 100.00 100.00 100.00 100.00 100.00 100.00 100.00 100.00 100.00 100.00 100.00 50.00 100.00 100.00 100.00 100.00 66.67 100.00 100.00 100.00 100.00 100.00 100.00
97.85=100.00 100.00 100.00 100.00 100.00 100.00 100.00 100.00 100.00 100.00 100.00 100.00 100.00 100.00 100.00 100.00 100.00 100.00 100.00 66.67 100.00 100.00 100.00 100.00 66.67 100.00 100.00 100.00 100.00 100.00 100.00
95.97=100.00 100.00 100.00 100.00 100.00 100.00 100.00 75.00 100.00 100.00 100.00 100.00 100.00 100.00 100.00 100.00 100.00 100.00 100.00 50.00 100.00 100.00 100.00 100.00 50.00 100.00 100.00 100.00 100.00 100.00 100.00
97.45=100.00 100.00 100.00 100.00 100.00 100.00 100.00 100.00 100.00 100.00 100.00 100.00 100.00 100.00 100.00 100.00 100.00 100.00 100.00 66.67 100.00 100.00 100.00 100.00 66.67 100.00 100.00 87.50 100.00 100.00 100.00
