62.68=95.65 100.00 94.44 90.00 18.75 58.33 90.00 45.83 17.65 82.35 69.70 70.00 76.67 45.95 68.97 77.27 71.43 84.00 31.03 50.00 41.18 87.50 80.77 32.00 33.33 66.67 66.67 17.65 50.00 62.50 66.67
55.58=87.50 95.45 70.37 81.82 35.71 51.11 72.73 60.00 20.00 72.22 64.86 57.89 72.00 16.67 48.00 55.56 62.16 88.00 28.26 63.64 30.00 84.00 80.95 25.00 48.39 52.63 56.25 30.00 18.18 43.75 50.00
55.17=91.67 91.67 82.61 70.37 28.57 45.45 67.74 50.00 23.08 75.00 73.53 64.86 81.82 30.00 60.00 58.82 67.74 74.19 34.21 51.61 11.11 79.31 80.00 29.63 44.44 50.00 47.06 13.33 11.11 41.18 80.00
57.65=88.00 95.45 85.71 90.00 45.45 40.98 75.00 50.00 18.18 88.24 60.98 63.64 77.27 50.00 70.37 58.97 58.97 65.62 34.04 53.12 0.00 96.15 79.17 25.93 46.67 60.00 46.15 36.36 16.67 55.56 54.55
56.70=88.46 95.65 79.17 79.17 30.77 46.30 68.97 52.63 0.00 71.43 60.00 63.89 69.57 53.33 61.54 55.26 75.00 73.33 34.62 47.06 0.00 82.76 86.96 20.00 50.00 57.14 58.33 23.08 22.22 63.64 87.50
61.82=100.00 91.67 75.00 69.23 10.71 61.54 95.45 80.95 31.58 65.22 62.16 85.19 64.52 62.07 45.45 69.23 80.00 100.00 39.47 60.00 66.67 78.12 88.46 23.33 47.83 82.35 66.67 30.00 0.00 38.10 45.45
56.00=95.83 88.00 69.23 57.14 5.56 63.16 75.00 75.00 23.53 75.00 72.73 72.73 67.86 40.00 43.75 55.88 72.73 66.67 53.57 63.16 33.33 85.71 75.00 12.50 46.15 52.00 41.67 37.50 0.00 57.14 58.33
56.48=88.46 88.00 66.67 62.50 15.38 46.94 84.00 73.91 20.00 76.47 60.53 72.73 65.52 61.11 27.78 57.14 68.75 74.07 48.28 61.54 6.25 64.52 70.59 22.73 46.15 81.25 58.82 53.33 10.00 53.85 63.64
58.43=100.00 88.00 66.67 52.63 18.18 38.71 76.00 92.86 41.18 88.89 65.71 82.14 62.07 72.73 38.89 64.52 62.50 63.64 58.06 54.84 0.00 77.42 75.00 15.79 55.17 52.17 57.14 66.67 0.00 63.64 60.00
55.41=92.00 84.62 80.00 55.26 5.88 38.10 79.17 77.78 11.11 83.33 58.54 81.48 53.66 82.35 30.00 72.73 63.89 70.37 54.84 53.57 0.00 81.25 73.53 11.76 54.55 78.95 57.14 25.00 0.00 45.45 61.54
92.94=100.00 100.00 100.00 100.00 100.00 100.00 100.00 100.00 100.00 75.00 100.00 66.67 100.00 100.00 100.00 100.00 75.00 100.00 100.00 100.00 75.00 42.86 100.00 80.00 66.67 100.00 100.00 100.00 100.00 100.00 100.00
97.82=100.00 100.00 100.00 100.00 100.00 100.00 100.00 100.00 100.00 80.00 100.00 100.00 100.00 100.00 100.00 85.71 100.00 100.00 100.00 100.00 100.00 100.00 100.00 66.67 100.00 100.00 100.00 100.00 100.00 100.00 100.00
94.80=75.00 100.00 100.00 100.00 100.00 100.00 100.00 75.00 100.00 100.00 100.00 100.00 100.00 100.00 88.89 100.00 100.00 100.00 100.00 100.00 100.00 100.00 100.00 66.67 66.67 66.67 100.00 100.00 100.00 100.00 100.00
97.74=100.00 100.00 100.00 75.00 100.00 100.00 100.00 75.00 100.00 100.00 100.00 100.00 100.00 100.00 80.00 100.00 100.00 100.00 100.00 100.00 100.00 100.00 100.00 100.00 100.00 100.00 100.00 100.00 100.00 100.00 100.00
94.76=100.00 100.00 100.00 100.00 100.00 100.00 100.00 100.00 100.00 100.00 100.00 66.67 100.00 100.00 87.50 100.00 100.00 100.00 66.67 100.00 100.00 100.00 100.00 66.67 50.00 100.00 100.00 100.00 100.00 100.00 100.00
90.71=100.00 100.00 100.00 100.00 100.00 37.50 100.00 100.00 100.00 100.00 100.00 100.00 100.00 57.14 87.50 100.00 100.00 100.00 100.00 50.00 0.00 80.00 100.00 100.00 100.00 100.00 100.00 100.00 100.00 100.00 100.00
89.98=100.00 100.00 100.00 100.00 100.00 42.86 100.00 100.00 100.00 100.00 100.00 66.67 100.00 100.00 100.00 100.00 100.00 100.00 66.67 66.67 0.00 80.00 100.00 100.00 66.67 100.00 100.00 100.00 100.00 100.00 100.00
88.55=100.00 100.00 100.00 100.00 100.00 50.00 100.00 100.00 100.00 100.00 75.00 50.00 100.00 100.00 100.00 100.00 100.00 100.00 100.00 40.00 0.00 100.00 100.00 80.00 66.67 100.00 100.00 100.00 83.33 100.00 100.00
89.14=100.00 100.00 100.00 75.00 100.00 50.00 100.00 100.00 100.00 100.00 100.00 66.67 100.00 80.00 100.00 100.00 75.00 50.00 100.00 100.00 0.00 100.00 100.00 100.00 66.67 100.00 100.00 100.00 100.00 100.00 100.00
89.68=100.00 100.00 100.00 100.00 100.00 50.00 100.00 100.00 100.00 100.00 100.00 66.67 100.00 100.00 100.00 100.00 100.00 100.00 33.33 100.00 0.00 80.00 100.00 100.00 100.00 66.67 100.00 100.00 100.00 83.33 100.00
82.51=100.00 100.00 100.00 100.00 100.00 37.50 100.00 100.00 100.00 100.00 100.00 66.67 100.00 66.67 100.00 85.71 60.00 100.00 50.00 66.67 0.00 44.44 100.00 80.00 0.00 100.00 100.00 100.00 100.00 100.00 100.00
83.06=100.00 100.00 100.00 100.00 100.00 50.00 100.00 100.00 100.00 75.00 75.00 50.00 75.00 100.00 100.00 75.00 75.00 66.67 100.00 66.67 0.00 75.00 100.00 100.00 25.00 66.67 100.00 100.00 100.00 100.00 100.00
85.65=100.00 100.00 100.00 100.00 100.00 50.00 100.00 100.00 100.00 80.00 100.00 66.67 100.00 100.00 100.00 100.00 50.00 66.67 100.00 28.57 0.00 100.00 100.00 80.00 33.33 100.00 100.00 100.00 100.00 100.00 100.00
83.55=75.00 100.00 100.00 75.00 100.00 50.00 100.00 100.00 100.00 100.00 75.00 66.67 100.00 100.00 100.00 100.00 75.00 66.67 50.00 40.00 0.00 100.00 100.00 66.67 50.00 100.00 100.00 100.00 100.00 100.00 100.00
90.02=100.00 100.00 100.00 75.00 100.00 50.00 100.00 100.00 100.00 100.00 100.00 100.00 100.00 100.00 100.00 100.00 50.00 100.00 50.00 100.00 0.00 80.00 85.71 100.00 100.00 100.00 100.00 100.00 100.00 100.00 100.00
59.68=95.24 100.00 89.47 94.12 38.89 36.07 70.83 72.22 0.00 75.00 57.78 85.71 57.89 62.96 31.58 73.33 71.43 88.46 24.53 52.38 0.00 60.61 90.91 21.43 55.56 94.12 94.12 14.29 0.00 41.18 100.00
62.06=88.89 100.00 85.00 70.00 27.27 38.10 84.00 73.91 53.33 80.95 63.41 70.00 71.88 88.24 54.55 70.97 72.73 81.48 35.90 55.00 0.00 62.07 69.70 22.73 55.56 68.18 78.95 22.22 55.56 40.00 83.33
62.27=91.67 100.00 89.47 70.00 28.57 37.70 75.00 80.00 58.33 72.73 72.73 70.97 64.71 85.71 34.62 69.70 65.79 77.42 39.47 55.17 0.00 70.59 78.57 21.74 53.33 75.00 70.00 28.57 60.00 45.45 87.50
63.17=95.83 100.00 90.00 70.00 45.45 41.38 84.62 75.00 50.00 85.00 63.16 67.74 61.29 77.78 50.00 70.97 62.16 78.12 25.00 53.57 0.00 67.74 73.33 27.27 50.00 81.25 75.00 16.67 100.00 20.00 100.00
62.16=95.83 95.24 90.48 66.67 40.00 36.92 84.00 65.22 44.44 72.73 64.10 80.77 58.33 83.33 40.74 88.00 68.97 75.86 36.59 53.33 0.00 84.00 72.41 26.09 61.54 77.78 65.22 18.18 71.43 20.00 88.89
57.98=88.46 90.91 81.82 76.92 57.14 37.50 83.33 64.71 15.38 80.00 51.11 55.00 55.88 51.85 50.00 64.71 64.10 90.91 34.55 58.62 0.00 71.88 81.82 25.00 48.00 81.82 53.33 11.11 0.00 71.43 100.00
59.25=88.46 100.00 82.61 86.36 55.56 39.34 73.08 66.67 12.50 88.89 56.10 64.71 66.67 61.90 48.28 68.57 68.75 73.33 29.09 51.52 0.00 75.00 75.00 21.21 50.00 71.43 66.67 20.00 0.00 75.00 100.00
61.64=96.00 91.30 90.00 85.00 33.33 35.29 69.57 65.00 62.50 85.00 62.50 60.53 78.57 70.00 48.28 68.57 70.97 80.00 38.00 62.07 0.00 78.79 79.17 25.93 50.00 76.92 53.33 7.69 16.67 70.00 100.00
63.27=96.00 100.00 89.47 86.96 57.14 37.31 75.86 59.09 75.00 77.78 60.00 68.75 75.00 71.43 48.39 62.16 62.16 82.14 34.62 80.95 0.00 83.33 86.36 23.33 53.12 71.43 60.00 9.09 0.00 85.71 88.89
60.46=95.65 91.30 81.82 82.61 40.00 35.94 74.07 56.00 80.00 83.33 58.97 60.53 80.00 65.00 59.26 62.16 74.19 78.57 27.78 65.38 0.00 77.42 80.00 25.81 47.06 71.43 53.33 12.50 0.00 66.67 87.50
80.35=75.00 100.00 100.00 100.00 100.00 42.86 100.00 100.00 100.00 66.67 75.00 40.00 75.00 100.00 100.00 100.00 42.86 100.00 50.00 40.00 0.00 100.00 100.00 50.00 33.33 100.00 100.00 100.00 100.00 100.00 100.00
86.58=100.00 100.00 100.00 75.00 75.00 50.00 100.00 100.00 100.00 80.00 100.00 100.00 100.00 100.00 88.89 100.00 60.00 100.00 50.00 100.00 0.00 75.00 100.00 80.00 50.00 100.00 100.00 100.00 100.00 100.00 100.00
88.01=75.00 100.00 100.00 100.00 100.00 50.00 100.00 100.00 100.00 80.00 100.00 66.67 100.00 100.00 100.00 100.00 60.00 100.00 66.67 100.00 0.00 100.00 100.00 80.00 50.00 100.00 100.00 100.00 100.00 100.00 100.00
76.97=100.00 100.00 100.00 100.00 100.00 42.86 100.00 100.00 100.00 100.00 75.00 66.67 100.00 80.00 100.00 100.00 60.00 100.00 66.67 40.00 0.00 100.00 100.00 50.00 25.00 0.00 80.00 100.00 0.00 100.00 100.00
83.80=100.00 100.00 100.00 60.00 100.00 42.86 75.00 100.00 100.00 100.00 75.00 50.00 100.00 100.00 100.00 100.00 75.00 100.00 66.67 66.67 0.00 100.00 100.00 66.67 20.00 100.00 100.00 100.00 100.00 100.00 100.00
85.91=100.00 100.00 100.00 100.00 100.00 50.00 100.00 100.00 100.00 100.00 75.00 66.67 100.00 50.00 100.00 100.00 75.00 100.00 66.67 100.00 0.00 66.67 83.33 80.00 100.00 100.00 100.00 100.00 50.00 100.00 100.00
87.73=100.00 100.00 100.00 100.00 100.00 42.86 100.00 75.00 100.00 80.00 75.00 50.00 100.00 100.00 100.00 100.00 100.00 100.00 50.00 100.00 0.00 80.00 100.00 100.00 100.00 66.67 100.00 100.00 100.00 100.00 100.00
89.28=100.00 100.00 100.00 100.00 100.00 50.00 100.00 100.00 100.00 100.00 100.00 66.67 100.00 100.00 77.78 100.00 100.00 66.67 66.67 40.00 0.00 100.00 100.00 100.00 100.00 100.00 100.00 100.00 100.00 100.00 100.00
91.87=100.00 100.00 100.00 100.00 100.00 60.00 100.00 100.00 100.00 100.00 100.00 66.67 71.43 100.00 100.00 100.00 100.00 100.00 100.00 100.00 0.00 100.00 100.00 100.00 100.00 66.67 100.00 100.00 100.00 83.33 100.00
90.12=100.00 100.00 100.00 100.00 100.00 42.86 100.00 100.00 80.00 100.00 100.00 66.67 100.00 100.00 87.50 100.00 100.00 100.00 100.00 50.00 0.00 100.00 100.00 100.00 100.00 66.67 100.00 100.00 100.00 100.00 100.00
60.97=88.46 95.45 75.00 85.71 66.67 39.68 81.48 65.00 30.00 78.95 54.76 55.81 76.67 62.96 65.38 64.71 68.57 81.48 32.08 60.00 0.00 84.00 78.26 21.74 50.00 68.75 53.85 21.43 0.00 83.33 100.00
60.45=95.83 95.45 85.71 90.91 42.86 39.68 73.33 50.00 25.00 80.00 62.16 65.62 77.42 56.52 53.33 64.71 66.67 78.57 37.74 51.52 0.00 80.00 75.00 15.38 52.00 64.29 72.73 0.00 50.00 71.43 100.00
59.74=91.67 91.30 89.47 80.00 50.00 37.88 81.48 57.14 50.00 66.67 56.82 75.86 62.96 60.00 57.14 58.97 63.89 75.00 34.00 68.00 0.00 78.79 83.33 23.33 47.83 55.56 56.25 11.11 0.00 100.00 87.50
59.34=95.65 91.67 90.48 90.48 50.00 39.06 80.95 58.33 0.00 75.00 58.54 62.86 75.00 68.18 54.55 55.00 72.73 78.57 34.69 60.71 0.00 82.14 86.36 23.33 48.57 62.50 60.00 8.33 33.33 62.50 80.00
59.89=95.83 95.45 80.95 86.96 66.67 35.71 74.07 42.11 20.00 76.19 60.00 60.53 80.00 70.83 48.15 57.50 63.16 82.76 36.54 58.62 0.00 76.67 76.92 29.17 53.57 78.57 58.33 18.18 0.00 85.71 87.50
86.16=75.00 100.00 100.00 75.00 100.00 37.50 100.00 100.00 100.00 100.00 100.00 100.00 100.00 100.00 100.00 100.00 66.67 50.00 100.00 50.00 0.00 100.00 100.00 66.67 66.67 100.00 100.00 83.33 100.00 100.00 100.00
83.65=100.00 100.00 100.00 100.00 100.00 37.50 100.00 100.00 100.00 100.00 100.00 66.67 83.33 75.00 85.71 100.00 60.00 100.00 50.00 50.00 0.00 100.00 100.00 60.00 25.00 100.00 100.00 100.00 100.00 100.00 100.00
86.13=75.00 100.00 100.00 75.00 100.00 50.00 100.00 100.00 100.00 80.00 100.00 100.00 100.00 100.00 100.00 100.00 60.00 66.67 66.67 100.00 0.00 100.00 100.00 66.67 50.00 100.00 80.00 100.00 100.00 100.00 100.00
83.47=75.00 100.00 100.00 100.00 100.00 28.57 100.00 100.00 100.00 100.00 75.00 66.67 100.00 80.00 100.00 85.71 60.00 66.67 100.00 50.00 0.00 100.00 100.00 50.00 100.00 50.00 100.00 100.00 100.00 100.00 100.00
86.36=100.00 100.00 100.00 100.00 100.00 42.86 100.00 100.00 100.00 100.00 100.00 40.00 100.00 100.00 87.50 100.00 60.00 100.00 100.00 50.00 0.00 80.00 100.00 66.67 50.00 100.00 100.00 100.00 100.00 100.00 100.00
81.33=100.00 100.00 100.00 100.00 100.00 33.33 100.00 100.00 100.00 100.00 60.00 50.00 100.00 100.00 66.67 100.00 100.00 100.00 50.00 66.67 0.00 100.00 100.00 44.44 66.67 100.00 100.00 83.33 0.00 100.00 100.00
84.06=100.00 100.00 100.00 100.00 100.00 50.00 100.00 60.00 66.67 100.00 100.00 66.67 80.00 75.00 85.71 100.00 75.00 100.00 66.67 50.00 0.00 80.00 100.00 100.00 66.67 100.00 100.00 100.00 100.00 83.33 100.00
87.72=100.00 100.00 100.00 100.00 100.00 50.00 100.00 100.00 100.00 100.00 100.00 100.00 100.00 100.00 87.50 100.00 75.00 100.00 100.00 50.00 0.00 80.00 100.00 60.00 66.67 100.00 100.00 100.00 75.00 75.00 100.00
89.73=100.00 100.00 100.00 100.00 100.00 50.00 100.00 100.00 80.00 100.00 100.00 100.00 100.00 80.00 100.00 100.00 75.00 100.00 100.00 50.00 0.00 100.00 100.00 66.67 100.00 100.00 100.00 100.00 100.00 100.00 80.00
88.03=100.00 100.00 100.00 100.00 100.00 33.33 100.00 100.00 100.00 100.00 100.00 100.00 85.71 80.00 83.33 100.00 100.00 66.67 100.00 66.67 0.00 100.00 100.00 80.00 33.33 100.00 100.00 100.00 100.00 100.00 100.00
63.00=80.00 91.30 100.00 82.61 50.00 39.06 84.00 63.64 75.00 84.21 58.97 51.11 71.43 71.43 47.06 70.97 74.19 66.67 34.55 56.25 0.00 79.31 88.24 28.57 56.52 75.00 69.23 11.11 12.50 80.00 100.00
62.59=91.67 91.67 100.00 86.96 54.55 40.32 80.77 60.00 33.33 88.89 55.81 66.67 70.37 80.95 53.57 64.71 71.88 69.70 34.62 58.62 0.00 80.65 83.33 22.86 53.57 71.43 60.00 10.00 20.00 83.33 100.00
60.43=95.83 90.48 86.36 83.33 75.00 36.36 72.41 52.17 33.33 80.00 61.54 57.89 81.48 68.18 55.17 62.16 70.59 76.92 32.73 68.00 0.00 82.76 86.36 23.33 53.85 66.67 64.29 7.69 0.00 66.67 81.82
63.24=88.89 91.67 78.26 86.96 66.67 41.67 78.57 47.62 28.57 83.33 61.54 64.71 76.67 88.24 56.25 67.65 65.71 73.33 34.55 65.38 0.00 82.76 83.33 23.33 57.14 64.29 57.14 23.08 50.00 85.71 87.50
62.96=92.00 95.45 86.36 90.91 75.00 37.50 73.33 60.87 40.00 80.00 57.14 62.16 80.77 60.00 64.00 62.16 75.00 71.88 37.25 72.00 0.00 75.00 86.96 28.00 44.44 76.92 60.00 15.38 40.00 63.64 87.50
77.50=100.00 100.00 100.00 100.00 100.00 23.08 100.00 75.00 100.00 100.00 100.00 100.00 55.56 100.00 83.33 100.00 75.00 100.00 66.67 50.00 0.00 57.14 83.33 50.00 33.33 50.00 100.00 100.00 0.00 100.00 100.00
80.93=100.00 100.00 100.00 100.00 100.00 37.50 100.00 75.00 100.00 80.00 100.00 100.00 100.00 80.00 71.43 83.33 60.00 100.00 66.67 50.00 0.00 75.00 100.00 80.00 50.00 0.00 100.00 100.00 100.00 100.00 100.00
86.27=75.00 100.00 100.00 100.00 100.00 50.00 100.00 100.00 100.00 100.00 100.00 100.00 100.00 75.00 72.73 100.00 66.67 66.67 66.67 66.67 0.00 80.00 100.00 80.00 100.00 100.00 100.00 100.00 75.00 100.00 100.00
82.39=100.00 100.00 100.00 75.00 100.00 37.50 100.00 60.00 100.00 66.67 100.00 100.00 100.00 100.00 60.00 100.00 75.00 100.00 40.00 66.67 0.00 100.00 83.33 75.00 40.00 100.00 100.00 100.00 75.00 100.00 100.00
82.87=100.00 100.00 100.00 100.00 100.00 37.50 75.00 50.00 75.00 100.00 100.00 66.67 66.67 100.00 71.43 100.00 60.00 100.00 100.00 100.00 0.00 80.00 80.00 66.67 40.00 100.00 100.00 100.00 100.00 100.00 100.00
62.61=87.50 95.45 86.36 71.43 50.00 32.43 75.00 65.00 53.33 62.50 65.79 68.75 58.33 70.37 33.33 71.88 74.19 85.71 33.33 53.85 0.00 75.00 72.00 33.33 53.85 88.24 75.00 22.22 85.71 50.00 90.91
64.96=100.00 100.00 78.26 65.52 85.71 35.48 85.19 73.91 50.00 71.43 62.50 74.07 62.86 75.00 31.25 66.67 77.42 85.19 32.56 43.75 0.00 71.88 83.33 35.29 48.39 87.50 73.33 33.33 87.50 36.36 100.00
64.69=95.83 100.00 85.71 75.00 75.00 36.92 84.62 73.08 54.55 68.00 60.98 75.86 65.71 80.95 34.62 66.67 75.00 75.00 29.73 61.54 0.00 85.19 81.48 26.09 50.00 83.33 81.25 16.67 83.33 40.00 83.33
64.21=92.00 100.00 90.00 67.74 66.67 35.94 81.48 70.83 50.00 68.18 63.16 72.41 64.52 75.00 33.33 65.71 74.19 80.00 28.21 57.14 0.00 70.59 90.91 31.82 50.00 83.33 83.33 25.00 100.00 30.00 88.89
61.93=96.00 100.00 85.00 77.78 83.33 35.82 84.00 75.00 37.50 73.91 61.90 76.92 66.67 75.00 36.00 71.88 74.19 80.65 27.50 51.72 0.00 77.42 86.96 21.43 45.16 82.35 80.00 25.00 0.00 30.77 100.00
80.65=100.00 100.00 100.00 75.00 100.00 42.86 100.00 40.00 75.00 100.00 100.00 66.67 100.00 75.00 71.43 100.00 75.00 100.00 100.00 40.00 0.00 80.00 85.71 66.67 40.00 100.00 100.00 100.00 66.67 100.00 100.00
84.47=100.00 100.00 100.00 100.00 100.00 37.50 100.00 50.00 100.00 100.00 100.00 100.00 100.00 100.00 54.55 100.00 100.00 100.00 66.67 66.67 0.00 80.00 100.00 66.67 66.67 100.00 100.00 100.00 50.00 100.00 80.00
85.25=100.00 100.00 100.00 100.00 100.00 42.86 100.00 40.00 100.00 75.00 100.00 100.00 100.00 80.00 100.00 100.00 66.67 66.67 66.67 100.00 0.00 75.00 100.00 100.00 100.00 50.00 80.00 100.00 100.00 100.00 100.00
84.64=100.00 100.00 100.00 100.00 100.00 37.50 100.00 60.00 100.00 100.00 100.00 100.00 100.00 100.00 71.43 100.00 75.00 100.00 66.67 33.33 0.00 100.00 100.00 80.00 100.00 0.00 100.00 100.00 100.00 100.00 100.00
79.14=100.00 100.00 100.00 75.00 100.00 60.00 75.00 60.00 75.00 80.00 75.00 100.00 100.00 100.00 70.00 100.00 75.00 100.00 100.00 33.33 0.00 75.00 80.00 80.00 40.00 0.00 100.00 100.00 100.00 100.00 100.00
81.01=100.00 100.00 100.00 100.00 100.00 33.33 100.00 100.00 100.00 100.00 75.00 50.00 100.00 80.00 85.71 75.00 60.00 100.00 50.00 50.00 0.00 80.00 100.00 66.67 20.00 100.00 100.00 85.71 100.00 100.00 100.00
87.15=75.00 100.00 100.00 75.00 100.00 50.00 100.00 100.00 100.00 100.00 100.00 100.00 100.00 100.00 100.00 75.00 60.00 66.67 66.67 66.67 0.00 100.00 100.00 66.67 100.00 100.00 100.00 100.00 100.00 100.00 100.00
85.93=75.00 100.00 100.00 75.00 100.00 50.00 100.00 100.00 100.00 100.00 100.00 100.00 100.00 100.00 88.89 100.00 75.00 100.00 66.67 40.00 0.00 100.00 100.00 60.00 33.33 100.00 100.00 100.00 100.00 100.00 100.00
80.74=100.00 100.00 100.00 100.00 100.00 42.86 100.00 66.67 100.00 100.00 100.00 50.00 80.00 100.00 83.33 100.00 60.00 66.67 50.00 33.33 0.00 100.00 100.00 50.00 20.00 100.00 100.00 100.00 100.00 100.00 100.00
86.32=100.00 100.00 100.00 100.00 100.00 42.86 100.00 100.00 100.00 100.00 100.00 66.67 100.00 80.00 87.50 100.00 75.00 100.00 50.00 100.00 0.00 100.00 100.00 57.14 50.00 66.67 100.00 100.00 100.00 100.00 100.00
59.58=92.31 91.67 85.71 78.26 57.14 35.21 77.78 61.90 33.33 77.78 63.89 55.00 73.08 66.67 51.85 70.97 62.16 76.67 30.61 53.12 0.00 78.12 80.00 21.74 48.15 68.75 52.94 10.00 33.33 88.89 70.00
64.08=85.19 100.00 81.82 85.71 50.00 39.68 80.77 60.00 28.57 84.21 56.10 61.76 78.57 73.68 58.62 62.16 70.59 78.57 38.00 68.00 0.00 78.79 85.71 27.59 43.75 73.33 64.29 15.38 66.67 100.00 88.89
61.00=88.46 91.67 94.74 90.48 30.00 39.06 74.07 41.18 50.00 80.00 67.65 62.86 70.00 59.09 57.69 70.00 64.10 74.19 35.19 54.55 0.00 82.76 80.77 21.88 46.67 66.67 57.14 20.00 20.00 100.00 100.00
60.13=95.83 84.62 94.44 86.36 66.67 38.98 75.86 43.75 40.00 76.19 66.67 63.89 80.00 70.00 51.52 64.86 67.57 74.07 35.42 51.61 0.00 89.29 80.77 18.75 46.43 57.89 53.85 7.69 14.29 77.78 88.89
59.58=92.31 100.00 90.00 83.33 66.67 39.68 72.00 61.90 12.50 75.00 58.14 67.74 73.33 65.22 51.72 64.71 68.75 76.67 35.42 60.71 0.00 76.67 85.71 23.33 53.12 50.00 60.00 9.09 0.00 87.50 85.71
80.60=100.00 100.00 100.00 66.67 100.00 42.86 100.00 100.00 80.00 66.67 100.00 100.00 100.00 100.00 85.71 100.00 60.00 66.67 66.67 66.67 0.00 100.00 100.00 50.00 66.67 100.00 100.00 80.00 0.00 100.00 100.00
85.68=100.00 100.00 100.00 100.00 100.00 42.86 100.00 75.00 100.00 100.00 75.00 50.00 100.00 100.00 80.00 100.00 50.00 100.00 50.00 100.00 0.00 100.00 100.00 66.67 66.67 100.00 100.00 100.00 100.00 100.00 100.00
78.91=100.00 100.00 100.00 100.00 100.00 42.86 100.00 75.00 100.00 100.00 100.00 66.67 100.00 100.00 83.33 100.00 75.00 50.00 66.67 66.67 0.00 80.00 83.33 40.00 50.00 66.67 100.00 100.00 0.00 100.00 100.00
87.12=100.00 100.00 100.00 100.00 100.00 37.50 100.00 100.00 100.00 100.00 100.00 50.00 100.00 100.00 83.33 100.00 100.00 66.67 100.00 100.00 0.00 80.00 100.00 50.00 66.67 66.67 100.00 100.00 100.00 100.00 100.00
90.55=100.00 100.00 100.00 100.00 100.00 42.86 100.00 100.00 100.00 100.00 60.00 100.00 100.00 100.00 87.50 100.00 100.00 66.67 100.00 100.00 0.00 100.00 100.00 100.00 50.00 100.00 100.00 100.00 100.00 100.00 100.00
82.30=100.00 100.00 100.00 75.00 100.00 33.33 100.00 60.00 100.00 80.00 100.00 66.67 100.00 100.00 66.67 80.00 75.00 66.67 100.00 100.00 0.00 60.00 71.43 100.00 50.00 100.00 100.00 100.00 66.67 100.00 100.00
83.20=60.00 100.00 100.00 75.00 100.00 33.33 100.00 60.00 100.00 66.67 100.00 66.67 83.33 100.00 87.50 100.00 75.00 100.00 100.00 66.67 0.00 75.00 100.00 80.00 66.67 100.00 100.00 83.33 100.00 100.00 100.00
79.32=75.00 100.00 100.00 75.00 100.00 37.50 75.00 66.67 100.00 80.00 75.00 66.67 100.00 100.00 40.00 100.00 75.00 100.00 50.00 66.67 0.00 75.00 71.43 80.00 50.00 100.00 100.00 100.00 100.00 100.00 100.00
82.18=100.00 100.00 100.00 75.00 100.00 37.50 100.00 50.00 100.00 80.00 100.00 100.00 85.71 80.00 44.44 80.00 60.00 100.00 100.00 66.67 0.00 75.00 83.33 80.00 50.00 100.00 100.00 100.00 100.00 100.00 100.00
86.27=100.00 100.00 100.00 75.00 100.00 50.00 100.00 50.00 100.00 80.00 100.00 100.00 100.00 100.00 72.73 100.00 75.00 100.00 100.00 66.67 0.00 75.00 100.00 80.00 50.00 100.00 100.00 100.00 100.00 100.00 100.00
62.10=92.00 100.00 94.12 90.91 66.67 35.71 75.86 65.00 14.29 78.95 61.54 52.27 76.00 62.96 48.15 55.00 75.00 68.57 34.00 64.00 0.00 82.14 85.71 28.00 45.83 100.00 50.00 16.67 40.00 85.71 80.00
62.74=82.14 90.48 90.00 95.00 66.67 35.94 78.57 50.00 80.00 84.21 63.16 59.46 85.71 71.43 45.45 63.89 66.67 78.57 33.93 70.83 0.00 74.29 80.00 25.00 48.28 73.33 81.82 10.00 0.00 60.00 100.00
60.88=95.65 100.00 94.44 91.30 57.14 37.50 80.00 52.38 33.33 76.19 61.54 63.64 69.70 61.54 48.28 72.73 66.67 74.19 34.69 68.00 0.00 80.00 80.77 24.14 65.38 52.63 57.14 8.33 20.00 60.00 100.00
62.80=95.65 91.30 81.82 86.36 42.86 36.36 76.92 54.17 60.00 84.21 58.54 66.67 78.57 63.16 51.85 62.16 74.19 75.86 33.33 62.07 0.00 78.12 81.82 26.92 51.61 66.67 60.00 23.08 57.14 77.78 87.50
63.75=87.50 100.00 85.71 86.96 62.50 41.07 78.57 57.69 33.33 88.89 57.14 60.00 75.00 65.22 56.25 66.67 70.59 79.31 37.50 73.91 0.00 78.12 80.77 25.00 50.00 66.67 66.67 7.69 37.50 100.00 100.00
61.09=88.00 95.00 85.71 77.78 66.67 38.71 68.75 72.73 37.50 84.21 66.67 73.33 58.54 72.41 47.83 78.57 67.65 75.00 34.21 73.91 0.00 65.71 79.17 35.00 48.28 88.24 68.18 28.57 0.00 28.57 88.89
60.50=91.67 100.00 86.36 65.62 66.67 34.85 82.14 80.95 66.67 77.27 66.67 74.07 62.16 75.00 40.91 69.70 67.65 75.00 34.21 72.22 0.00 78.12 69.23 22.22 45.16 77.27 73.68 11.11 0.00 20.00 88.89
62.18=95.83 95.24 78.26 75.00 66.67 34.33 75.86 80.95 53.85 69.57 65.79 85.19 70.97 79.17 40.00 68.75 71.43 80.00 33.33 53.33 0.00 75.00 82.61 25.93 41.18 80.00 93.75 22.22 0.00 33.33 100.00
62.98=100.00 95.65 85.71 71.43 50.00 36.92 88.00 80.00 54.55 61.54 62.16 80.77 61.54 91.30 33.33 84.62 80.65 79.31 39.47 48.28 0.00 77.42 88.00 24.00 46.88 88.24 78.95 27.27 0.00 45.45 90.91
60.46=88.00 91.67 90.00 80.77 37.50 34.38 87.50 70.83 50.00 77.27 69.44 71.43 64.71 75.00 40.00 75.86 63.89 83.33 27.50 68.00 0.00 75.00 81.48 22.73 41.67 84.21 71.43 33.33 0.00 27.27 90.00
61.65=88.46 100.00 78.26 86.96 62.50 36.76 84.62 61.90 33.33 80.00 63.16 55.00 63.89 69.57 53.85 58.33 73.53 78.57 34.04 62.96 0.00 75.76 82.61 25.00 60.87 83.33 75.00 15.38 0.00 85.71 81.82
63.01=92.00 95.65 94.74 79.17 55.56 37.31 84.62 65.22 40.00 80.00 57.14 63.89 68.75 80.95 61.54 71.43 68.57 82.14 30.61 65.38 0.00 78.12 79.17 28.00 58.62 76.92 64.29 10.00 20.00 100.00 63.64
62.03=100.00 88.00 78.26 90.91 62.50 40.32 70.97 64.71 42.86 80.00 62.16 66.67 72.41 70.00 50.00 64.86 60.53 72.41 32.69 62.96 0.00 80.00 87.50 20.59 50.00 71.43 64.29 8.33 20.00 87.50 100.00
63.21=91.67 88.00 90.00 83.33 45.45 36.51 88.00 57.89 57.14 84.21 61.54 66.67 76.92 64.29 48.48 70.59 70.59 82.76 30.19 60.71 0.00 80.65 79.17 20.00 45.45 75.00 64.29 20.00 20.00 100.00 100.00
61.95=88.89 90.91 77.27 80.00 50.00 41.07 80.00 56.00 44.44 78.95 57.14 62.16 74.07 75.00 53.33 58.54 73.53 88.46 36.17 77.27 0.00 69.70 81.82 23.08 50.00 84.62 69.23 7.14 25.00 100.00 66.67
81.42=100.00 100.00 100.00 100.00 100.00 33.33 100.00 33.33 100.00 80.00 75.00 100.00 100.00 80.00 87.50 100.00 60.00 66.67 66.67 66.67 0.00 75.00 100.00 66.67 66.67 66.67 100.00 100.00 100.00 100.00 100.00
85.20=100.00 100.00 100.00 100.00 100.00 42.86 100.00 75.00 75.00 80.00 100.00 100.00 100.00 100.00 66.67 100.00 100.00 100.00 100.00 50.00 0.00 60.00 66.67 75.00 50.00 100.00 100.00 100.00 100.00 100.00 100.00
86.12=100.00 100.00 100.00 100.00 100.00 37.50 100.00 60.00 100.00 80.00 100.00 100.00 100.00 66.67 71.43 100.00 66.67 66.67 100.00 100.00 0.00 100.00 85.71 80.00 100.00 100.00 100.00 100.00 75.00 100.00 80.00
81.37=75.00 100.00 100.00 75.00 100.00 37.50 100.00 60.00 100.00 80.00 75.00 66.67 100.00 80.00 66.67 80.00 60.00 100.00 100.00 100.00 0.00 66.67 100.00 66.67 66.67 100.00 100.00 100.00 100.00 100.00 66.67
83.47=75.00 100.00 100.00 100.00 100.00 42.86 100.00 50.00 100.00 80.00 100.00 100.00 100.00 66.67 75.00 100.00 60.00 66.67 100.00 100.00 0.00 75.00 71.43 100.00 50.00 100.00 100.00 100.00 75.00 100.00 100.00
58.75=95.83 100.00 94.12 72.00 30.77 35.29 78.57 85.71 27.27 75.00 64.86 69.70 43.90 53.33 50.00 61.11 78.57 88.89 35.14 66.67 0.00 75.86 81.48 15.79 44.44 87.50 42.86 0.00 0.00 66.67 100.00
61.03=88.89 91.67 100.00 60.61 27.27 41.38 87.50 90.00 63.64 80.00 62.50 69.70 61.76 65.22 36.67 59.46 79.31 84.62 34.09 56.67 0.00 89.29 89.29 22.22 50.00 68.18 76.92 0.00 0.00 64.29 90.91
61.70=82.76 91.67 94.44 65.52 30.00 38.10 91.30 85.71 33.33 88.24 58.54 78.26 55.88 75.00 50.00 57.50 83.33 85.19 39.02 64.29 0.00 83.87 86.21 18.18 57.14 63.64 60.00 25.00 0.00 81.82 88.89
60.99=96.00 91.30 89.47 55.88 25.00 40.68 81.48 80.95 50.00 82.35 60.00 85.19 63.89 73.91 42.42 60.53 80.65 91.67 33.33 54.84 0.00 83.33 82.14 16.67 59.09 65.00 57.89 28.57 0.00 83.33 75.00
61.76=88.89 95.65 94.44 61.29 28.57 40.00 95.65 95.83 60.00 84.21 65.00 82.14 55.56 73.91 51.72 57.50 74.19 90.91 34.88 56.67 0.00 82.76 92.59 15.38 48.39 72.22 55.56 0.00 0.00 75.00 85.71
84.53=60.00 100.00 100.00 100.00 100.00 50.00 100.00 100.00 100.00 80.00 100.00 100.00 100.00 100.00 88.89 100.00 50.00 100.00 66.67 33.33 0.00 100.00 100.00 66.67 25.00 100.00 100.00 100.00 100.00 100.00 100.00
83.43=100.00 100.00 100.00 100.00 100.00 50.00 100.00 100.00 100.00 100.00 100.00 66.67 100.00 100.00 85.71 100.00 60.00 66.67 50.00 50.00 0.00 100.00 100.00 57.14 50.00 100.00 100.00 100.00 50.00 100.00 100.00
84.57=100.00 100.00 100.00 100.00 100.00 42.86 100.00 100.00 100.00 80.00 100.00 100.00 100.00 100.00 100.00 100.00 75.00 100.00 50.00 50.00 0.00 100.00 100.00 57.14 0.00 100.00 100.00 100.00 66.67 100.00 100.00
83.86=100.00 100.00 100.00 75.00 100.00 60.00 100.00 100.00 100.00 100.00 60.00 66.67 100.00 100.00 85.71 85.71 60.00 100.00 66.67 40.00 0.00 100.00 100.00 50.00 50.00 100.00 100.00 100.00 100.00 100.00 100.00
80.92=100.00 100.00 100.00 100.00 100.00 42.86 100.00 100.00 100.00 75.00 100.00 100.00 80.00 80.00 66.67 75.00 60.00 100.00 50.00 66.67 0.00 60.00 85.71 33.33 33.33 100.00 100.00 100.00 100.00 100.00 100.00
60.94=95.65 100.00 81.82 79.17 55.56 33.82 88.00 65.38 42.86 71.43 73.53 59.46 56.10 62.07 36.36 84.00 69.70 79.31 39.47 70.83 0.00 63.89 83.33 22.22 56.00 83.33 83.33 9.09 0.00 60.00 83.33
62.14=88.46 91.30 81.82 80.00 85.71 38.33 84.62 76.00 46.15 73.91 67.65 73.33 63.89 80.00 40.62 69.70 74.19 82.14 33.33 54.84 0.00 74.19 83.33 23.33 50.00 77.78 63.16 28.57 0.00 40.00 100.00
62.75=85.19 100.00 85.71 80.77 66.67 37.50 91.67 72.41 50.00 69.57 65.79 80.77 64.71 73.91 32.26 72.41 69.70 82.76 40.48 62.96 0.00 70.59 84.62 28.00 50.00 87.50 82.35 28.57 0.00 37.50 90.91
62.84=88.00 100.00 80.95 71.43 50.00 37.70 84.00 65.22 36.84 73.91 60.98 71.43 63.89 75.00 33.33 75.00 72.73 88.00 37.50 53.12 0.00 76.67 92.00 27.27 58.33 77.78 76.47 22.22 85.71 37.50 75.00
63.74=88.46 95.45 85.71 74.07 87.50 34.33 82.14 76.92 50.00 77.27 70.27 81.48 63.89 77.27 28.57 78.57 75.00 82.14 37.84 62.96 0.00 76.67 79.31 25.93 50.00 83.33 72.22 28.57 0.00 50.00 100.00
84.63=100.00 100.00 100.00 100.00 100.00 37.50 100.00 100.00 100.00 100.00 100.00 66.67 100.00 100.00 100.00 100.00 75.00 66.67 100.00 66.67 0.00 66.67 100.00 44.44 100.00 100.00 100.00 100.00 0.00 100.00 100.00
85.81=100.00 100.00 100.00 75.00 100.00 42.86 100.00 100.00 100.00 100.00 75.00 50.00 100.00 75.00 85.71 100.00 50.00 100.00 100.00 100.00 0.00 100.00 100.00 80.00 66.67 100.00 100.00 100.00 100.00 80.00 80.00
85.36=100.00 100.00 100.00 100.00 100.00 42.86 100.00 100.00 100.00 100.00 100.00 100.00 100.00 100.00 66.67 100.00 75.00 100.00 100.00 100.00 0.00 66.67 100.00 40.00 100.00 100.00 100.00 100.00 0.00 80.00 75.00
86.81=100.00 100.00 100.00 100.00 100.00 42.86 100.00 100.00 100.00 100.00 100.00 50.00 100.00 100.00 75.00 100.00 60.00 100.00 66.67 66.67 0.00 100.00 100.00 50.00 100.00 100.00 100.00 100.00 100.00 80.00 100.00
90.43=75.00 100.00 100.00 100.00 100.00 60.00 75.00 100.00 100.00 100.00 100.00 50.00 100.00 100.00 100.00 100.00 100.00 100.00 100.00 100.00 0.00 80.00 100.00 80.00 100.00 100.00 100.00 100.00 100.00 83.33 100.00
59.64=100.00 100.00 85.71 72.41 66.67 41.07 78.57 65.38 42.86 72.73 69.44 73.33 55.00 76.92 30.77 65.62 67.65 82.14 30.23 55.17 0.00 73.33 80.00 20.83 56.00 85.00 73.68 12.50 0.00 25.00 90.91
61.83=100.00 100.00 86.36 63.64 80.00 33.33 84.62 83.33 41.18 72.73 67.57 70.00 58.33 85.71 37.50 62.16 78.79 88.89 27.50 62.96 0.00 73.33 80.00 24.14 53.57 87.50 71.43 22.22 0.00 20.00 100.00
60.82=95.83 100.00 81.82 77.78 66.67 33.80 76.92 76.92 46.15 77.27 61.54 80.00 55.56 85.00 28.00 70.97 73.53 84.00 28.21 57.14 0.00 82.14 85.71 21.43 48.39 81.25 70.00 25.00 0.00 37.50 76.92
66.00=100.00 90.91 86.36 76.00 75.00 38.10 85.19 81.82 50.00 69.57 65.79 81.48 60.98 69.23 39.13 74.19 80.65 83.33 35.90 60.71 0.00 75.86 73.33 24.00 51.72 84.21 83.33 33.33 100.00 25.00 90.91
62.06=92.00 100.00 86.36 73.08 83.33 34.85 85.19 68.00 53.33 80.95 64.86 84.00 57.89 85.71 28.00 61.76 72.73 79.31 27.50 57.14 0.00 77.42 78.57 24.00 57.14 88.24 78.95 28.57 0.00 25.00 90.00
60.10=85.71 95.65 100.00 55.88 22.22 35.29 81.48 88.24 45.45 85.71 62.16 64.71 55.56 71.43 46.15 65.71 76.67 83.33 37.14 56.67 0.00 92.86 77.42 23.08 60.87 83.33 60.00 0.00 0.00 72.73 77.78
61.30=92.31 91.67 94.44 58.82 44.44 41.38 87.50 90.91 46.15 80.00 63.16 84.62 57.14 64.29 48.48 63.64 83.33 75.00 39.47 59.38 0.00 78.79 84.62 22.22 51.85 73.68 57.89 12.50 0.00 72.73 80.00
60.26=88.89 91.67 94.44 54.55 30.00 39.34 84.00 87.50 16.67 87.50 59.52 81.48 43.90 73.91 32.26 70.97 82.76 84.62 33.33 52.94 0.00 83.33 84.62 28.57 56.67 73.68 57.14 25.00 0.00 80.00 88.89
60.32=92.31 91.67 94.74 56.76 23.08 36.67 81.48 85.00 66.67 88.89 62.86 82.14 52.38 80.95 42.42 68.75 65.79 84.62 36.11 61.29 0.00 86.21 84.62 17.86 48.00 75.00 60.00 0.00 0.00 80.00 63.64
61.81=96.00 91.67 100.00 50.00 50.00 38.10 86.96 90.48 27.27 84.21 65.79 79.31 52.38 89.47 38.71 65.62 80.00 85.71 29.41 66.67 0.00 92.86 88.46 18.52 46.43 68.42 61.11 33.33 0.00 70.00 69.23
77.00=100.00 100.00 100.00 66.67 100.00 37.50 75.00 75.00 100.00 80.00 100.00 50.00 100.00 75.00 80.00 100.00 42.86 100.00 66.67 33.33 0.00 75.00 100.00 80.00 50.00 100.00 100.00 100.00 0.00 100.00 100.00
82.20=100.00 100.00 100.00 100.00 100.00 42.86 100.00 100.00 100.00 80.00 100.00 66.67 100.00 100.00 87.50 100.00 60.00 100.00 33.33 100.00 0.00 100.00 100.00 44.44 33.33 100.00 100.00 100.00 0.00 100.00 100.00
79.95=100.00 100.00 100.00 100.00 100.00 33.33 100.00 100.00 100.00 100.00 75.00 66.67 100.00 80.00 83.33 100.00 60.00 100.00 50.00 50.00 0.00 80.00 100.00 50.00 50.00 100.00 100.00 100.00 0.00 100.00 100.00
75.71=100.00 100.00 100.00 100.00 100.00 50.00 100.00 100.00 80.00 80.00 75.00 66.67 75.00 100.00 100.00 83.33 50.00 100.00 50.00 66.67 0.00 75.00 100.00 28.57 33.33 33.33 100.00 100.00 0.00 100.00 100.00
82.14=100.00 100.00 100.00 100.00 100.00 42.86 100.00 100.00 100.00 80.00 75.00 50.00 100.00 100.00 75.00 100.00 75.00 66.67 40.00 50.00 0.00 75.00 100.00 66.67 50.00 100.00 100.00 100.00 100.00 100.00 100.00
59.69=95.65 100.00 86.36 63.64 50.00 33.82 84.62 85.00 38.46 88.89 64.86 64.71 54.55 80.95 25.00 75.00 75.00 88.89 31.03 51.85 0.00 67.65 75.00 26.92 48.15 77.78 78.95 13.33 0.00 33.33 90.91
61.23=92.00 95.65 82.61 75.00 57.14 34.78 91.67 70.37 40.00 80.95 63.89 76.92 54.76 77.27 20.83 84.62 72.73 83.33 33.33 53.57 0.00 70.59 85.19 30.77 55.56 87.50 83.33 28.57 0.00 33.33 81.82
60.64=95.65 100.00 82.61 77.78 62.50 33.33 88.00 74.07 35.29 71.43 62.16 75.86 51.06 84.21 24.00 88.89 75.00 77.42 30.30 57.14 0.00 74.19 95.45 29.17 51.85 83.33 72.22 11.11 0.00 25.00 90.91
64.27=95.83 100.00 90.00 77.78 83.33 37.50 85.19 67.74 23.53 80.95 68.75 76.67 54.29 76.00 21.43 69.70 75.00 85.19 32.43 56.67 0.00 72.73 88.46 26.09 61.54 76.19 86.67 25.00 100.00 14.29 83.33
62.74=88.00 100.00 86.36 75.00 71.43 34.29 95.45 70.00 52.94 72.73 64.86 79.31 57.50 85.71 25.00 82.14 76.67 82.14 27.03 61.54 0.00 75.00 80.00 22.22 50.00 93.33 77.78 28.57 0.00 30.00 100.00
59.27=96.00 84.00 100.00 55.56 16.67 38.71 87.50 78.95 53.85 83.33 55.81 79.31 50.00 77.27 55.56 62.86 65.71 84.00 36.11 54.55 0.00 89.66 77.42 21.74 47.83 71.43 57.14 0.00 0.00 77.78 78.57
60.24=95.83 91.30 94.74 51.35 37.50 37.93 95.65 90.48 42.86 72.73 60.98 85.19 54.55 65.38 33.33 65.71 80.00 84.62 31.43 54.55 0.00 86.67 78.57 23.08 44.00 70.00 68.75 16.67 0.00 63.64 90.00
60.09=92.00 91.67 94.74 60.61 28.57 42.86 91.67 86.96 31.25 70.83 64.10 88.46 57.89 73.68 43.33 62.16 73.53 88.00 38.71 50.00 0.00 92.59 80.65 17.86 57.14 68.42 63.16 25.00 0.00 55.56 71.43
62.35=100.00 91.67 94.44 54.29 50.00 39.66 90.91 76.00 40.00 87.50 63.16 88.00 57.89 67.86 44.12 66.67 80.00 82.14 40.00 45.00 0.00 89.66 80.00 17.86 58.33 72.22 62.50 42.86 0.00 66.67 83.33
61.55=100.00 88.00 89.47 51.28 40.00 40.35 84.62 95.24 50.00 83.33 60.98 85.19 54.55 64.71 41.94 73.33 79.31 88.46 37.93 58.06 0.00 82.76 86.21 20.69 57.69 63.64 60.00 20.00 0.00 61.54 88.89
59.65=95.83 95.65 94.74 86.96 66.67 33.78 84.62 58.33 30.77 76.19 59.46 56.10 66.67 79.17 44.83 60.61 75.00 75.00 27.78 62.07 0.00 79.31 80.00 25.93 54.55 50.00 53.33 10.00 0.00 85.71 80.00
59.18=95.65 90.91 85.71 80.00 62.50 35.82 75.00 50.00 25.00 88.89 57.14 62.86 61.54 60.00 43.33 75.86 68.57 82.14 29.17 66.67 0.00 83.33 83.33 24.14 52.00 66.67 81.82 0.00 0.00 66.67 80.00
61.27=88.89 87.50 78.26 90.91 75.00 38.46 83.33 60.71 26.67 80.00 60.00 63.64 73.33 75.00 51.85 67.65 80.00 78.57 34.69 72.00 0.00 74.29 82.61 20.00 48.00 73.33 66.67 11.11 0.00 75.00 81.82
60.17=82.14 88.00 89.47 80.00 75.00 36.76 75.00 59.26 30.77 87.50 65.71 66.67 57.14 63.64 46.43 64.71 70.59 91.67 31.82 77.27 0.00 74.19 83.33 24.14 52.00 55.56 64.29 10.00 0.00 71.43 90.91
60.08=81.48 91.30 80.95 86.96 54.55 32.39 74.07 57.14 50.00 88.89 63.64 61.76 60.00 70.00 46.67 56.76 69.44 79.31 30.43 66.67 0.00 83.33 80.00 29.17 50.00 66.67 75.00 9.09 0.00 66.67 100.00
76.51=75.00 100.00 100.00 75.00 100.00 50.00 100.00 100.00 100.00 80.00 100.00 50.00 80.00 100.00 80.00 85.71 75.00 66.67 66.67 50.00 0.00 60.00 100.00 44.44 33.33 100.00 100.00 100.00 0.00 100.00 100.00
77.14=75.00 100.00 100.00 100.00 100.00 42.86 75.00 100.00 75.00 100.00 75.00 100.00 100.00 100.00 70.00 83.33 60.00 66.67 40.00 50.00 0.00 100.00 100.00 28.57 50.00 100.00 100.00 100.00 0.00 100.00 100.00
79.52=100.00 100.00 100.00 75.00 100.00 50.00 100.00 100.00 100.00 80.00 100.00 66.67 83.33 100.00 100.00 85.71 75.00 66.67 100.00 40.00 0.00 100.00 100.00 42.86 50.00 50.00 100.00 100.00 0.00 100.00 100.00
77.11=75.00 100.00 100.00 60.00 100.00 33.33 100.00 75.00 100.00 100.00 100.00 66.67 100.00 100.00 87.50 100.00 60.00 100.00 50.00 40.00 0.00 100.00 100.00 42.86 50.00 50.00 100.00 100.00 0.00 100.00 100.00
78.80=100.00 100.00 100.00 100.00 100.00 50.00 100.00 100.00 100.00 100.00 100.00 50.00 83.33 100.00 100.00 100.00 75.00 66.67 50.00 40.00 0.00 100.00 100.00 44.44 33.33 50.00 100.00 100.00 0.00 100.00 100.00
59.32=100.00 95.45 81.82 59.38 36.36 40.32 81.48 85.71 50.00 73.68 69.70 79.31 57.89 68.42 45.45 66.67 67.65 84.62 40.00 57.58 0.00 80.00 86.21 21.74 44.44 66.67 52.63 28.57 0.00 60.00 57.14
60.70=100.00 95.45 85.00 48.72 30.00 38.71 84.62 86.36 36.36 83.33 58.54 88.46 61.54 77.78 36.67 67.65 75.00 92.00 32.35 54.84 0.00 96.15 74.19 19.23 50.00 65.00 66.67 33.33 0.00 66.67 76.92
59.20=95.83 95.45 69.57 55.56 44.44 38.33 80.00 90.00 47.37 72.22 68.42 88.46 62.16 68.18 42.86 66.67 71.88 84.00 28.57 60.71 0.00 92.59 86.21 17.24 54.55 56.52 55.56 14.29 0.00 58.33 69.23
61.51=88.00 91.67 94.44 57.14 42.86 39.68 81.48 76.19 42.86 70.00 64.10 88.00 53.66 84.21 44.83 67.65 69.70 100.00 30.77 62.07 0.00 83.33 86.67 17.86 52.17 60.87 53.33 50.00 0.00 70.00 83.33
