59.80=91.67 100.00 81.82 82.61 2.50 55.26 76.92 73.68 29.63 81.25 52.63 88.46 57.58 39.13 73.91 80.77 73.33 70.00 56.25 76.47 30.77 79.31 80.77 31.25 33.33 53.12 41.18 40.00 33.33 50.00 36.84
55.68=88.89 95.45 70.83 83.33 5.88 44.44 68.97 56.25 10.34 71.43 63.64 70.97 46.67 33.33 73.68 88.00 70.97 61.76 27.78 59.09 7.69 84.62 70.97 33.33 35.48 65.00 50.00 42.86 37.50 62.50 44.44
57.58=95.83 95.45 76.00 66.67 2.63 48.00 80.00 47.06 27.27 83.33 52.38 75.86 43.75 28.57 91.67 72.73 74.19 60.53 43.75 76.47 0.00 85.71 76.92 42.86 41.67 60.87 46.67 61.54 29.41 57.14 40.00
57.74=92.00 91.30 78.26 71.43 2.44 44.68 76.19 71.43 23.08 83.33 58.33 81.48 51.22 42.86 71.88 91.30 72.41 62.86 55.00 68.42 0.00 79.31 76.00 35.71 33.33 60.00 40.00 56.25 29.41 40.00 50.00
60.13=95.83 95.24 76.00 79.17 0.00 44.00 87.50 57.89 31.25 92.86 58.33 71.88 48.72 42.86 75.00 96.15 75.00 55.81 57.14 56.52 0.00 83.33 77.78 46.15 42.86 63.64 42.11 62.50 35.29 66.67 46.67
53.59=95.24 100.00 78.26 75.00 3.33 56.10 76.92 50.00 16.67 43.33 73.33 87.50 78.12 57.14 25.00 79.17 74.19 66.67 15.00 55.00 15.38 86.36 78.26 9.09 29.63 45.45 61.90 22.22 23.53 50.00 33.33
55.77=90.91 100.00 85.71 67.74 2.70 50.00 100.00 48.39 15.79 57.69 62.16 74.07 58.06 73.33 53.33 76.00 73.53 75.86 33.33 57.14 6.67 84.62 64.29 0.00 36.36 61.54 57.69 53.85 13.64 44.44 50.00
55.98=95.45 100.00 69.23 71.43 0.00 46.30 91.30 51.61 19.05 56.52 71.43 69.70 74.19 66.67 40.00 83.33 67.65 61.11 33.33 50.00 6.25 76.00 85.00 10.53 36.36 53.57 56.52 62.50 25.00 62.50 42.86
58.87=100.00 100.00 95.00 70.37 0.00 46.30 90.48 59.26 30.43 54.17 51.06 60.00 71.88 55.00 71.43 81.82 72.73 69.70 40.00 64.71 13.33 80.00 90.00 0.00 36.36 64.00 72.22 71.43 13.33 50.00 50.00
59.75=92.00 100.00 100.00 62.50 2.78 48.98 90.48 65.22 27.27 62.50 53.19 57.50 65.62 55.56 54.17 80.95 80.00 70.97 47.06 63.16 0.00 85.19 80.00 5.26 35.00 68.18 75.00 77.78 22.22 66.67 57.14
87.23=100.00 100.00 87.50 100.00 100.00 100.00 100.00 80.00 57.14 83.33 77.78 100.00 66.67 71.43 88.89 80.00 88.89 100.00 100.00 100.00 100.00 100.00 100.00 100.00 66.67 60.00 100.00 75.00 62.50 75.00 83.33
90.09=100.00 100.00 100.00 100.00 57.14 88.89 100.00 57.14 100.00 83.33 100.00 87.50 100.00 71.43 87.50 88.89 100.00 100.00 100.00 100.00 100.00 60.00 77.78 83.33 100.00 100.00 100.00 100.00 83.33 83.33 83.33
93.07=100.00 100.00 87.50 100.00 80.00 88.89 100.00 66.67 83.33 100.00 87.50 100.00 100.00 100.00 100.00 100.00 88.89 100.00 100.00 100.00 100.00 83.33 100.00 66.67 100.00 100.00 85.71 100.00 66.67 100.00 100.00
92.25=100.00 100.00 85.71 75.00 100.00 88.89 100.00 57.14 71.43 100.00 100.00 100.00 83.33 100.00 100.00 81.82 80.00 100.00 100.00 87.50 100.00 100.00 100.00 83.33 100.00 100.00 100.00 100.00 85.71 100.00 80.00
91.15=100.00 100.00 87.50 100.00 100.00 100.00 100.00 66.67 80.00 100.00 100.00 100.00 100.00 83.33 87.50 100.00 100.00 100.00 100.00 88.89 100.00 83.33 100.00 75.00 100.00 60.00 100.00 87.50 62.50 83.33 80.00
80.66=63.64 100.00 100.00 100.00 50.00 75.00 90.91 100.00 62.50 75.00 87.50 87.50 72.73 100.00 100.00 100.00 88.89 70.00 71.43 80.00 100.00 75.00 83.33 83.33 53.85 33.33 80.00 87.50 62.50 100.00 66.67
87.79=77.78 100.00 100.00 75.00 60.00 87.50 100.00 40.00 80.00 100.00 87.50 100.00 100.00 100.00 100.00 100.00 100.00 100.00 85.71 88.89 80.00 100.00 100.00 83.33 80.00 33.33 100.00 100.00 62.50 100.00 100.00
88.75=100.00 100.00 100.00 100.00 100.00 88.89 100.00 66.67 80.00 100.00 87.50 87.50 100.00 100.00 71.43 90.00 87.50 100.00 87.50 77.78 80.00 100.00 100.00 83.33 64.29 50.00 100.00 88.89 60.00 100.00 100.00
88.70=87.50 80.00 100.00 75.00 100.00 88.89 100.00 75.00 100.00 100.00 100.00 100.00 100.00 100.00 75.00 100.00 100.00 77.78 83.33 77.78 100.00 100.00 83.33 85.71 77.78 20.00 100.00 87.50 75.00 100.00 100.00
85.01=70.00 83.33 100.00 75.00 100.00 87.50 100.00 50.00 71.43 100.00 100.00 87.50 100.00 80.00 100.00 75.00 80.00 100.00 83.33 88.89 100.00 100.00 85.71 71.43 88.89 40.00 100.00 100.00 57.14 100.00 60.00
80.42=54.55 100.00 100.00 100.00 66.67 100.00 100.00 66.67 80.00 71.43 87.50 87.50 87.50 62.50 100.00 100.00 70.00 87.50 100.00 100.00 100.00 75.00 75.00 33.33 75.00 60.00 100.00 75.00 44.44 100.00 33.33
87.72=70.00 100.00 100.00 75.00 100.00 88.89 90.91 75.00 100.00 83.33 87.50 100.00 88.89 60.00 100.00 100.00 80.00 100.00 100.00 100.00 100.00 83.33 100.00 57.14 80.00 75.00 100.00 88.89 55.56 80.00 100.00
83.49=63.64 83.33 83.33 60.00 80.00 88.89 87.50 100.00 83.33 83.33 87.50 100.00 83.33 100.00 100.00 90.00 80.00 83.33 100.00 100.00 100.00 83.33 100.00 60.00 60.00 75.00 100.00 88.89 50.00 100.00 33.33
90.39=87.50 100.00 100.00 100.00 100.00 100.00 100.00 80.00 100.00 100.00 100.00 87.50 100.00 80.00 88.89 66.67 80.00 87.50 100.00 100.00 100.00 66.67 87.50 80.00 75.00 100.00 100.00 88.89 62.50 83.33 100.00
88.86=87.50 100.00 100.00 75.00 66.67 87.50 100.00 100.00 83.33 71.43 87.50 77.78 100.00 100.00 88.89 100.00 80.00 85.71 100.00 80.00 100.00 83.33 100.00 100.00 87.50 75.00 83.33 87.50 66.67 100.00 100.00
59.97=88.00 95.24 78.95 100.00 4.26 47.73 95.00 58.82 33.33 88.24 63.64 84.00 72.00 56.52 60.61 75.00 81.25 60.00 26.92 94.74 0.00 75.00 76.92 14.29 40.74 59.09 57.89 54.17 38.46 57.14 21.05
61.14=87.50 100.00 88.89 83.33 2.86 48.00 91.67 66.67 22.73 88.89 60.53 80.00 58.62 66.67 80.00 71.88 71.43 45.45 55.00 78.26 0.00 100.00 76.67 22.22 22.73 75.00 42.86 80.00 25.00 57.14 45.45
60.51=96.00 100.00 90.00 80.00 0.00 54.76 83.33 61.90 25.00 84.21 61.54 71.88 70.00 65.00 84.00 84.00 75.76 52.50 38.10 75.00 7.69 85.19 71.43 12.50 52.63 57.14 47.83 60.00 28.57 62.50 37.50
62.89=88.00 100.00 85.71 73.08 0.00 51.11 92.00 66.67 41.18 75.00 68.57 61.76 67.86 61.54 80.77 81.48 78.79 58.33 41.67 81.82 7.14 88.89 77.78 22.22 45.83 68.75 47.83 64.71 29.41 66.67 75.00
62.78=92.00 100.00 85.00 76.92 3.23 50.00 91.67 68.00 42.86 83.33 60.53 74.19 70.97 65.00 87.50 80.77 83.33 53.85 37.50 78.95 7.69 75.00 76.67 21.43 40.74 68.75 60.00 76.47 18.18 60.00 55.56
57.14=79.31 95.45 72.00 71.43 0.00 46.94 86.96 68.75 16.67 76.92 58.82 78.57 59.38 50.00 70.37 76.92 70.00 57.89 50.00 47.37 6.25 83.33 82.61 46.67 31.25 88.24 36.36 46.67 44.44 50.00 21.88
58.81=84.00 95.45 78.26 68.97 0.00 51.11 69.23 57.89 29.41 80.95 47.50 70.97 61.11 52.38 88.00 92.31 55.00 67.65 38.89 64.71 0.00 72.73 76.00 46.15 40.00 68.42 45.00 61.11 31.25 83.33 45.45
60.96=92.00 95.45 81.82 76.92 0.00 46.00 90.91 70.00 7.14 78.95 54.76 65.62 50.00 52.38 81.48 95.45 64.71 58.54 55.00 76.47 0.00 82.14 81.48 36.36 50.00 63.64 66.67 68.75 33.33 53.85 60.00
61.55=84.00 95.65 69.23 74.07 2.78 44.44 73.91 76.47 11.11 78.95 56.76 72.73 50.00 58.82 87.50 81.48 65.71 60.53 44.44 76.92 0.00 83.33 87.50 50.00 32.26 72.22 47.06 68.42 41.18 85.71 75.00
58.47=95.83 95.45 78.26 76.92 0.00 45.45 82.61 58.82 10.00 62.50 52.63 65.71 55.26 55.00 77.78 84.62 71.88 60.00 38.89 73.33 7.69 68.75 75.00 33.33 25.00 61.90 56.25 80.00 37.50 62.50 63.64
87.27=77.78 83.33 100.00 100.00 66.67 100.00 100.00 80.00 75.00 83.33 100.00 100.00 75.00 71.43 72.73 100.00 77.78 100.00 87.50 100.00 80.00 100.00 100.00 60.00 75.00 100.00 85.71 87.50 66.67 100.00 100.00
87.48=70.00 100.00 100.00 100.00 100.00 75.00 100.00 100.00 100.00 100.00 87.50 100.00 100.00 55.56 85.71 76.92 66.67 80.00 85.71 100.00 100.00 100.00 100.00 50.00 66.67 100.00 85.71 88.89 62.50 100.00 75.00
89.40=77.78 100.00 100.00 66.67 100.00 100.00 100.00 100.00 100.00 83.33 100.00 87.50 100.00 80.00 87.50 90.91 72.73 100.00 100.00 87.50 100.00 100.00 85.71 66.67 87.50 42.86 100.00 100.00 71.43 100.00 83.33
88.50=87.50 100.00 100.00 60.00 100.00 88.89 100.00 100.00 100.00 83.33 87.50 85.71 100.00 80.00 100.00 100.00 88.89 100.00 100.00 88.89 100.00 71.43 85.71 75.00 72.73 60.00 100.00 88.89 55.56 83.33 100.00
89.44=77.78 100.00 100.00 100.00 80.00 100.00 100.00 100.00 100.00 71.43 87.50 100.00 87.50 83.33 100.00 100.00 75.00 100.00 100.00 100.00 100.00 83.33 100.00 66.67 72.73 75.00 83.33 100.00 62.50 66.67 100.00
83.60=70.00 100.00 100.00 100.00 100.00 72.73 100.00 33.33 100.00 100.00 87.50 70.00 62.50 100.00 100.00 83.33 88.89 87.50 100.00 77.78 0.00 83.33 83.33 85.71 100.00 20.00 100.00 100.00 85.71 100.00 100.00
81.63=62.50 100.00 87.50 75.00 100.00 70.00 100.00 37.50 83.33 83.33 77.78 87.50 100.00 100.00 62.50 87.50 88.89 100.00 83.33 80.00 66.67 100.00 80.00 75.00 87.50 33.33 100.00 71.43 50.00 100.00 100.00
82.62=87.50 100.00 100.00 75.00 100.00 75.00 100.00 50.00 100.00 83.33 87.50 87.50 87.50 100.00 63.64 100.00 100.00 100.00 100.00 80.00 50.00 100.00 80.00 66.67 75.00 0.00 75.00 100.00 62.50 100.00 75.00
86.44=87.50 100.00 100.00 60.00 100.00 66.67 100.00 50.00 66.67 100.00 100.00 75.00 71.43 80.00 88.89 100.00 100.00 87.50 100.00 72.73 66.67 100.00 85.71 71.43 88.89 100.00 100.00 100.00 75.00 85.71 100.00
87.89=100.00 100.00 100.00 75.00 100.00 88.89 100.00 44.44 83.33 83.33 87.50 100.00 88.89 100.00 85.71 100.00 100.00 77.78 100.00 80.00 100.00 100.00 100.00 71.43 88.89 50.00 100.00 77.78 66.67 100.00 75.00
61.75=82.14 100.00 80.95 73.08 6.67 44.23 75.00 68.42 42.86 88.24 47.62 68.75 53.49 60.00 84.62 100.00 63.89 59.46 52.94 50.00 0.00 78.57 80.00 41.67 46.43 66.67 57.14 90.00 38.89 62.50 50.00
59.97=88.46 95.45 85.00 76.92 0.00 44.44 69.23 66.67 28.57 66.67 57.58 71.88 51.35 40.00 87.50 88.89 60.53 57.89 37.50 50.00 0.00 77.42 90.91 36.36 29.63 65.00 52.94 88.24 38.89 75.00 80.00
