46.16417388164802
49.66958000334864
50.1099257196205
51.08601033394252
51.804364460783646
58.713111674650136
60.874288078622435
61.26096126096127
64.37152289640977
63.56476002629848
83.61530714132523
82.05686404965995
83.59565682392545
85.82572706328362
84.0910900972225
68.03698865237327
68.57187257187258
67.74714501185089
64.41648145720545
68.85763022402698
62.724174049072836
61.88229292075446
64.22139769811835
60.959513839604334
62.203518703518704
68.76721732264718
67.30879590494975
65.41692671330681
66.6113437844207
67.85190902611718
64.6004716156538
61.8097871539167
68.82112916323443
62.89802336664685
65.5313579807507
81.86529279378767
82.45375745024471
81.76599501950777
82.31421381534504
81.58305053286
49.86518796868114
52.333941018786376
54.24633586849515
54.77392961378797
54.471614943228424
66.11142703450395
63.19761221684298
64.08487013238144
66.13116948411064
67.875339572708
65.90230754400794
68.53864803662373
65.5887439609159
66.0888555888556
61.74946848023771
67.12864059017905
69.67161684469376
65.88054545544423
67.32173809096885
64.95349095349094
69.23370370202949
65.43704197419368
67.08532643826761
70.68417693417692
68.87616334341745
82.50872203396614
81.40994110147479
82.7194042032694
82.67493981634253
81.59370460055148
50.33452901281529
51.176480580107224
48.66322892793481
50.67388242861396
51.84422086031268
83.17147028965317
81.74493805525003
80.91129771369114
81.1926040076195
81.09930420456737
81.43087013407327
80.14826013736469
83.02471676929882
81.00315565200061
82.42280626943642
66.92289083465555
65.84100458695602
66.81356003420781
70.34070504658739
66.24510984239491
51.846550410472425
51.04744015563724
48.58332874751914
50.40700691438963
51.707914155425215
53.952851552555096
49.79000356654197
50.9588029472241
53.172144289632406
52.400414614096434
70.71625458503286
68.01033660446618
67.075138536677
65.97294799217876
67.35608588442597
53.2627111900034
49.55866228863941
50.31710199393758
51.49124762142147
53.62487810121409
83.88359752232103
84.63734151588402
82.63697448723644
84.20411738773254
85.7568767397298
80.94665854507483
81.81250165383292
82.0012322823111
81.69629752375644
81.9724888114981
81.6340465520032
83.00677674975127
83.13768513643484
83.84300835176045
82.64582753252675
53.26571035455086
52.6219139000676
54.39925545596409
52.44036922432969
52.50965037438705
82.30282645697031
80.82015509694719
80.02693650056116
81.30116403270725
80.17323040405917
67.6347071731687
74.03792939087056
65.47569389674652
69.84310426415689
69.27026825943234
55.03519115571191
51.581910779279205
50.4257739417089
52.84572834572835
50.92575902513673
67.74567313028851
66.42959353366594
69.54818258664412
63.11056916939269
67.32806082806081
81.55164198876987
82.4037835031524
84.1967572727873
82.89223876464885
81.8573918539982
66.61231930462701
64.06346582025314
65.99829657521965
65.80679451267687
65.87684694972144
81.270871814275
81.63822372092199
83.79933025747505
82.69753924993269
83.25914882529553
53.142749694982626
52.331737499999605
51.72114804228713
53.768448450634686
54.15151544466314
68.55079535848768
69.64912864912866
70.42449003987466
69.12305822832138
69.5674026827873
84.3794006594078
84.02446740235499
84.66488928366758
84.07157159080236
85.395290012044
53.62859483944643
55.23236165352432
52.06490252071938
52.583666596693504
53.66223665546458
81.88032661419182
81.18137730069141
81.82311709353863
82.70192776581202
82.55643244057151
66.91397491397493
66.50765247824071
67.51431261046646
66.65142549757934
67.01000959824489
50.859801522353166
52.30358939438483
51.499323326246405
52.76011780521111
52.786822037655575
69.99680384974504
68.43265922112074
68.70509405124788
69.6804193795144
68.05072579506968
85.27014486796578
84.25475994593641
86.1844032102427
85.15246453422209
85.83561989861107
83.6211646111027
82.75654512722862
81.8736215426499
82.24517028577519
83.18188489026784
82.88987962898418
83.19683158126836
82.9451498463168
84.63430812525834
83.80462776354656
71.07514595166417
70.55427691966153
69.61746982609091
68.68187945789755
72.65748316540171
52.78645432390372
49.3739274831644
50.732710966674546
50.38046276348663
50.99240318205237
82.2004729876247
83.12179550623227
83.3034421652545
82.59361642696962
82.69240149652153
71.25478210498453
69.87009964843973
72.03611345919039
69.47001615779895
68.94510404125789
68.13704822075863
66.3026076487615
69.48588377434533
68.4447372637418
69.72455906666433
83.91937402916207
84.41949825993646
84.54734407848244
85.71015347146569
85.53412252191724
53.429034107619586
50.82728236345169
52.3599952084115
53.542256309429135
51.25554868862152
83.61888111888112
84.35661874575902
83.9385851043984
84.63541205295193
84.81101832596237
68.01871783319747
71.0985915793608
70.6070809532348
66.8174816636355
70.89463898674425
52.10345906352927
52.35339326710253
51.495953173937835
50.20031020730722
50.74356894047918
66.96389800033525
71.74358698114355
70.31439500670271
68.555771151925
69.49600399600398
51.53975560770631
53.44813389736612
52.92515540363216
54.77829213468651
54.586714168834135
68.18472339626186
64.65939088563523
67.25052725052726
66.93430501122808
66.4388773619543
51.65343075331168
53.42375602136984
52.54364811978743
53.42391035309588
53.721244520710975
56.009067054244476
52.369727690824256
55.42556714937043
53.94491465881911
53.981958299790186
81.53031704079572
83.6415204955929
83.67230715224284
80.87180081303681
80.61429202165093
69.51935884628192
71.00711279670554
66.39336756757571
70.88110978090735
70.65071141184501
82.300281596364
83.62829237656577
81.29451524105014
81.30190307958824
82.76629163882083
52.509123543769476
52.47694754551874
52.464826802924584
51.38188068047895
51.46913036956887
63.61513778619042
64.31366283289358
67.57413099720792
65.2124542124542
68.22270756683713
68.27057130903285
68.27734445042138
71.52859408063027
68.9516468950858
71.40041851985171
53.95192758335381
51.896519822692724
51.043661724022805
53.377614617832265
51.94825968409156
50.382072056083466
53.67695823119957
51.746242840112735
50.762779016648985
51.387298582458925
66.10210089056241
65.88455988455988
67.6069144530683
64.62182262182263
67.80530580530579
81.29110614452361
82.6776471391856
