59.463667105867486
52.44354659695121
53.96914756337724
54.862729410856346
58.45734944073369
53.82762816767991
53.149266896157904
51.78477700069438
53.24314605657787
58.08257360540141
91.43113159242193
91.19943676395289
90.9662291113904
92.01356886840757
93.39838476935253
74.87743439356342
83.41013824884793
84.34942297845522
83.99356020323764
79.81556973492458
79.95060495060495
84.99862145023435
84.83777870874644
87.3140390075874
85.75478285155705
63.29846332279949
60.256512372843396
59.727871625003196
63.04529841269215
66.14005454408401
59.167681498129625
60.41793802388511
62.17711199401132
60.782800523917295
63.32560335572953
82.97153563282595
83.68256295675653
87.75089605734767
83.91798165991716
84.39184471442537
82.69759810082391
81.27707418029999
84.33691756272403
81.64804729320859
85.50021662924888
62.92016737555808
61.94862850997527
63.410587278159944
62.95322105067434
61.94331235201164
82.54520569036698
86.69482846902201
86.26285900479449
84.62202671880091
84.61469534050181
81.3299066524873
82.88402457757296
83.86772725482403
78.75192012288787
86.74859190988224
60.09963757788896
61.450564952493785
63.19177090626337
61.62702294400088
62.308281121144134
79.42868958997991
80.90967276451148
85.4039240329563
79.07694456081553
84.92033951711372
62.854763856454625
66.1793978988767
66.03940336999584
66.34181389712461
64.01184706545189
82.03050533695696
84.32656053623796
82.8494623655914
86.55785970302101
86.52556225136871
78.51987618116652
86.7265351136319
80.23297491039426
84.61213517665132
84.64669738863287
63.95372048595123
61.80683072987246
62.3316814564999
63.78759929517129
62.938071359119846
85.54496578690127
80.72918121305217
82.98707117255506
85.79463547205482
82.96437433534209
85.54647861099474
81.78443420378905
81.48617511520739
84.36990428925913
85.43394777265746
65.06977765091916
64.38999260707465
63.89697695715709
64.37820200315909
65.29589150171756
65.86624047171935
64.11575879438482
65.33269735524098
65.47656400400493
65.56089562893138
64.65695431647913
61.2644937037314
64.31494424481248
64.0919370461285
64.04074135849906
80.74087203119461
81.98273053111764
87.13261648745521
79.85279057859704
84.09596675725709
61.5331765798038
60.311240339605185
60.81116895941363
64.02326050457721
62.31534700267457
82.77294390197616
82.53712237583206
85.83542801284736
84.84853855821599
85.7998184611088
62.536448211621774
67.33729493999837
65.50224360118747
68.10082540851317
67.76787151097555
80.07522943006813
80.59180067244584
81.08797116861632
84.3097404387727
82.2567844342038
66.12216807379991
67.11190988586608
67.77232922181581
68.38043379586713
65.87955165979804
62.14998859124549
62.132102877792775
62.43472323244328
61.455110640212034
61.76226829157093
76.31848438300052
82.12737978867011
83.33042405623053
83.79002717712396
82.86086673183448
64.9742689922973
67.15902675449034
66.3727413164421
70.15928318962249
68.98558576506355
61.70055497835074
61.31771899854253
62.38476297099297
62.99975588642112
63.70457275030619
65.6522772230722
65.26364250663055
64.96203618490958
66.95797826699712
64.83863718214143
75.27009728622632
80.32484540549058
80.40054927151701
79.30747567844342
83.01406478825832
61.44282841055299
61.26303120256156
62.36764218303204
63.53265909236057
63.10663157682505
79.11546338965692
78.00772703998513
79.95857189405577
81.26078222852416
80.12672811059909
67.20637540044179
66.04292697106428
62.76859830342997
65.07421883728048
66.07975027376277
80.81659380046477
77.09479588511847
81.82027649769587
85.92026253316577
81.74079504724666
79.67695387050225
81.2370246241214
81.5348182283666
81.312719538526
77.72740700160055
67.77053420621877
69.09131344593905
68.05232848012754
68.65200594564023
69.23725998197492
80.40165032100516
82.3935204580366
83.11030367481982
83.08222243706116
81.7239749497814
73.85065651194684
79.45951002402616
79.40830674701644
83.29749103942652
77.23502304147465
81.5241120886282
81.90592561560304
83.84751449267578
75.26697317019897
79.68096419709325
61.286580253587914
64.16736681937853
62.02771410419126
64.10297698293651
64.08498063135089
62.200370029380714
64.61425946516798
63.037940862847
61.95306740652164
64.78715194216463
81.7580179676954
81.64711632453567
82.20127542708187
84.11371782339525
82.02371105596913
65.35299537092938
64.98569170570423
66.67420532737364
65.63504031073923
65.70011048484723
64.86719856578281
65.18734064039963
65.73736688292219
67.27152646154161
67.97272768338615
78.63543266769072
83.48566308243728
81.9062120675024
81.47337429595494
81.7625564399758
63.939204464156404
62.35163786778934
64.5182473389865
64.33307960865973
63.219457557384374
81.39318566737923
81.23754381818898
80.74244751664106
83.73975486878713
81.06456267746591
66.53025472070715
67.65043594363253
67.63646996569541
67.00755094709179
67.67805504698023
61.76880418971869
62.60332356643635
63.39721190720162
62.82671754997902
64.1064403574056
79.21885462208041
77.71854489596427
76.7249685798073
81.20682185198315
77.45334414689253
66.20575676257748
68.89742965604752
67.82665842729374
67.00532773414211
67.12630195421953
78.62088628217661
80.8571894055765
78.33973374295955
78.16680631196762
75.40927710282548
76.94422960551994
84.11418330773171
85.66180235535074
82.9808990292861
84.18437297469556
78.38244193082903
81.42920699372314
79.17388167388167
79.9167946748592
83.14248475538798
78.17046752530624
77.49185402411207
81.0010240655402
83.68395940976586
81.99564772145416
81.29022411280476
78.66219801703673
81.53307266210493
83.00377042312525
82.22072730137246
81.76109732561345
80.48771121351767
77.77859237536659
80.44372294372295
77.49080668435506
69.20125644880767
67.79620401388762
67.01738187333068
66.97679177653316
68.53956725697608
79.78995019317601
81.86975211168759
83.02448447609738
79.66077828981054
77.60450123353348
68.90762424890106
70.12852654958081
67.20564992648949
68.15131837303632
68.2181865415324
82.60694502629987
82.1030582320905
83.69559651817718
82.49487967229904
84.15095657031141
65.92710778823545
66.43147270758502
67.6800882577094
67.47386066577981
67.933127345218
64.36499865954785
63.53915413676258
63.59251764110308
61.71490025190215
64.78326132328323
83.28457384908998
82.41795838570033
84.93077710819645
83.9460808009195
81.00697689407367
83.29970209002467
84.8138599751503
81.93664758180887
80.6781480168577
81.56687398622883
66.77010378614106
67.76034456053243
65.79744953442693
69.10181499460322
67.85630373804608
66.42640441659785
68.89085036012781
68.49088815656283
68.80876354282191
67.47262961043675
67.81165047096076
