62.67581482417306
55.0091908965041
56.20469785298551
56.992630165340394
56.66925151538964
61.82022276882411
53.80823708722514
57.48774115312603
58.17433121672948
56.420541918188675
92.94162826420889
97.81874039938556
94.80286738351253
97.74193548387096
95.61827956989247
85.67204301075269
90.4147465437788
88.34869431643625
88.06451612903224
88.6021505376344
83.01075268817203
84.78494623655914
85.67204301075269
82.06093189964157
90.86021505376344
61.26172444581485
62.702327002484715
61.85164268867242
63.186680897995565
59.00218445900698
58.447884331862554
59.559514605982
62.58846269209173
60.95389215813612
61.005439865071914
82.8225806451613
85.03584229390681
87.03020993343574
77.45775729646697
85.36098310291858
90.94982078853046
87.88786482334869
84.23195084485408
91.47081413210445
90.0806451612903
61.35785377086548
61.52631934080228
61.58451571313494
62.37744621332665
60.69040833939648
84.81182795698925
83.99001536098311
86.55913978494623
78.57910906298004
88.31285202252944
82.8469022017409
83.59447004608298
84.76702508960572
85.68356374807988
88.43701996927803
63.46309323830266
62.67576549517791
62.75474706337922
62.95385145653648
63.11032495823284
77.5268817204301
80.33410138248848
87.15053763440858
80.71044546850997
77.5268817204301
63.92487080582851
62.08643532871038
64.5633871283787
66.49034140293462
61.53962732587035
80.30465949820788
80.34946236559139
84.07066052227343
83.95161290322581
78.33589349718382
79.83870967741936
85.62724014336918
85.91013824884793
81.94316436251921
85.54915514592935
59.83307168002119
61.94505675919271
60.44617436478288
62.617214961983414
60.600708294079844
81.00614439324117
84.33947772657449
76.20327700972862
86.84715821812595
86.9969278033794
81.22119815668202
78.86200716845877
76.9201228878648
79.95775729646695
81.31336405529956
62.96781757134691
62.58930905123229
60.98706174048574
62.89955687783367
63.61367657022225
61.024547335030334
66.26598952486668
65.00991281869578
62.42954917138156
64.13825771669484
60.65768968149501
62.781292671316976
61.62930756331956
63.397599265558846
62.61675198466404
80.86789554531488
83.00307219662056
87.19278033794163
77.75985663082436
82.6958525345622
60.388989369302465
61.33795478800074
60.50447143757653
60.758953223217425
61.88327448139595
77.44239631336404
83.11827956989247
84.74270353302612
84.13978494623655
82.63440860215053
61.44004910154218
64.72451661713256
63.22038274118198
63.78069882003935
64.78416610762508
85.67204301075267
86.52457757296466
90.3763440860215
87.29646697388633
89.78494623655915
60.898150956399
62.98209929581392
61.86294818176364
64.39033263496918
62.948395515760254
58.95284466066593
61.37329733343277
60.00429241187044
60.95195367176508
59.945507608071715
82.80337941628264
83.66359447004608
84.77342549923195
76.00230414746544
85.62980030721967
62.14108894459122
63.49874551092979
65.51651177524387
62.661004022190895
66.4099184765151
58.99427247246011
59.74568018749145
60.89440974021455
61.55331063325895
62.07197851664282
59.49209676749127
62.61428528632782
61.017181836205744
60.10648484133622
60.7168076920528
79.12442396313364
78.09907834101382
84.54685099846391
82.11981566820276
81.84843830005121
59.36376826338944
61.48807135697966
60.02474988045172
62.36481147318833
60.40628856602633
79.9615975422427
84.27198249778895
79.2626728110599
81.74859190988222
77.7956989247312
59.50803336866383
60.367511576727644
61.16789971701261
60.6124431139694
61.05900949207963
74.73886328725038
76.03046594982078
79.61597542242704
79.3215565796211
78.78136200716847
82.45775729646697
86.25610948191594
76.00230414746544
82.20430107526882
89.35611879160265
62.020451857050816
63.66231766165436
62.945479755455175
62.92735988338269
66.46295857055418
79.77598566308244
76.92908346134153
79.05145929339476
79.34331797235022
79.98207885304659
79.16666666666666
80.00512032770096
78.50486431131591
82.2043010752688
80.05795279988828
77.36175115207374
77.00972862263184
80.27649769585253
78.47542242703534
77.11725550435227
59.998099371050756
60.63867267290483
59.260131977462834
61.29622010951933
60.68796796515719
58.53543095608714
60.298611075939455
60.4820046266918
62.11416022016918
62.085949201342906
79.96287762416794
80.28161802355352
78.09267793138761
77.16589861751152
77.84306195596518
62.63378793202522
60.224717120715624
59.82401168668869
64.63645665435341
62.11233533118607
61.54950499798285
61.55320996412304
60.65586832766798
61.36149279348031
63.22067735388686
76.36363636363636
82.39247311827957
81.66666666666666
79.63133640552995
79.93087557603687
62.02905405615606
61.599997013244376
59.75491015879313
60.10234734395828
61.40038407830385
81.69482846902201
75.89861751152073
80.58883768561188
77.831541218638
81.01510496671787
59.98195126610781
63.20700691483565
61.45199027977068
61.19500393777862
61.541272477561705
59.68870785129255
60.201468275024524
61.610254336400075
59.553216984259684
61.90631833586211
79.42675603965925
76.11751152073732
81.53609831029186
81.01382488479263
79.94111623143881
62.25993300251551
63.39779369312269
63.84665811741561
63.071516992437004
62.84292994613933
79.6969696969697
78.19124423963135
82.91858678955452
87.06221198156682
88.252688172043
76.5552995391705
77.70737327188941
81.89452124935997
80.02304147465436
78.04531490015363
80.59907834101381
83.08627752176139
80.51843317972349
77.44239631336406
83.44086021505376
73.1989247311828
78.95545314900154
80.08064516129032
72.72657450076805
83.36405529953917
