60.70=96.00 100.00 90.00 75.00 8.82 50.00 90.91 60.00 46.67 100.00 66.67 78.57 81.82 31.82 30.77 70.00 71.88 83.33 45.24 71.43 0.00 88.00 90.00 23.53 42.86 52.17 52.94 25.00 33.33 45.00 80.00
52.29=83.33 94.74 75.00 82.61 4.55 48.00 88.00 50.00 13.33 70.00 67.74 84.62 65.71 11.76 53.33 76.19 61.76 73.33 24.39 65.22 0.00 85.19 82.61 17.14 43.24 44.44 53.33 31.25 0.00 62.50 7.69
54.27=86.36 95.45 90.00 86.36 0.00 48.00 92.00 31.82 33.33 73.68 63.89 79.31 78.26 16.00 47.62 73.08 72.41 72.41 35.71 57.69 6.67 91.30 76.19 21.43 40.00 35.71 56.25 33.33 0.00 43.75 44.44
56.01=90.91 100.00 85.71 79.17 0.00 48.98 77.78 33.33 50.00 88.24 61.76 82.76 80.00 13.64 42.86 64.00 79.17 78.57 43.90 54.17 0.00 90.00 80.00 25.71 38.24 35.71 50.00 41.67 0.00 60.00 60.00
56.97=100.00 100.00 90.00 83.33 5.56 46.00 86.96 31.43 40.00 94.12 60.53 66.67 66.67 14.81 16.67 68.18 84.62 80.00 37.21 55.56 0.00 94.74 84.21 22.22 38.46 47.37 69.23 38.46 0.00 55.56 87.50
59.77=100.00 100.00 83.33 80.00 3.23 50.00 90.91 68.42 45.00 71.43 62.16 74.19 78.95 55.00 50.00 63.89 69.70 77.78 48.57 59.09 7.14 70.97 81.82 17.39 43.75 83.33 55.56 38.10 28.57 40.00 54.55
56.95=91.67 95.45 66.67 63.33 8.57 53.66 95.65 54.17 54.55 87.50 57.89 81.48 65.38 52.17 21.43 60.00 62.16 77.78 52.94 72.22 8.70 80.00 91.30 14.29 42.86 37.50 50.00 46.15 0.00 70.00 50.00
56.60=100.00 95.65 62.96 57.58 5.26 48.89 90.91 64.71 36.36 90.91 61.54 84.62 60.00 52.38 23.53 54.05 65.79 65.62 44.44 70.00 13.33 78.57 84.00 13.04 38.71 50.00 52.17 61.11 0.00 57.14 71.43
55.97=95.83 95.65 73.91 64.52 3.23 51.02 95.45 54.55 30.00 80.00 58.33 82.14 54.05 44.00 16.67 62.86 70.97 55.26 51.72 76.47 0.00 80.00 90.00 16.00 46.43 52.00 52.94 66.67 0.00 54.55 60.00
56.23=100.00 100.00 66.67 74.07 2.70 51.06 80.77 57.89 30.00 80.00 57.14 84.00 51.35 40.91 14.29 63.89 80.00 58.82 41.38 81.25 5.88 81.48 91.30 15.79 35.48 48.15 57.89 66.67 0.00 64.29 60.00
94.97=100.00 100.00 100.00 100.00 100.00 100.00 100.00 100.00 100.00 100.00 100.00 100.00 100.00 100.00 100.00 100.00 50.00 100.00 66.67 100.00 100.00 100.00 85.71 75.00 66.67 100.00 100.00 100.00 100.00 100.00 100.00
96.15=100.00 100.00 100.00 100.00 80.00 100.00 100.00 75.00 100.00 100.00 100.00 100.00 85.71 80.00 100.00 100.00 100.00 100.00 100.00 100.00 100.00 100.00 100.00 80.00 100.00 100.00 100.00 100.00 80.00 100.00 100.00
97.71=100.00 100.00 100.00 100.00 100.00 100.00 100.00 100.00 100.00 100.00 100.00 100.00 100.00 100.00 88.89 100.00 100.00 100.00 100.00 100.00 100.00 100.00 100.00 100.00 40.00 100.00 100.00 100.00 100.00 100.00 100.00
94.49=100.00 100.00 100.00 100.00 100.00 100.00 100.00 100.00 100.00 75.00 100.00 100.00 85.71 100.00 100.00 100.00 75.00 100.00 100.00 100.00 100.00 100.00 100.00 80.00 66.67 66.67 100.00 100.00 80.00 100.00 100.00
98.66=100.00 100.00 100.00 100.00 100.00 100.00 100.00 100.00 100.00 100.00 100.00 100.00 100.00 100.00 100.00 100.00 75.00 100.00 100.00 100.00 100.00 100.00 100.00 100.00 100.00 100.00 100.00 100.00 83.33 100.00 100.00
95.75=100.00 100.00 100.00 100.00 100.00 75.00 100.00 100.00 100.00 100.00 100.00 100.00 100.00 100.00 100.00 100.00 75.00 100.00 100.00 66.67 100.00 80.00 100.00 100.00 100.00 100.00 100.00 100.00 71.43 100.00 100.00
95.86=100.00 100.00 100.00 100.00 100.00 75.00 100.00 100.00 80.00 100.00 100.00 100.00 100.00 100.00 100.00 100.00 100.00 100.00 100.00 66.67 100.00 100.00 100.00 100.00 66.67 100.00 100.00 100.00 83.33 100.00 100.00
96.83=100.00 100.00 100.00 100.00 100.00 100.00 100.00 100.00 100.00 100.00 100.00 100.00 100.00 80.00 100.00 100.00 100.00 100.00 100.00 100.00 75.00 100.00 100.00 100.00 66.67 100.00 100.00 100.00 100.00 100.00 80.00
93.15=100.00 100.00 100.00 100.00 100.00 100.00 100.00 75.00 100.00 100.00 100.00 66.67 100.00 100.00 100.00 100.00 100.00 100.00 100.00 66.67 100.00 100.00 100.00 75.00 100.00 50.00 100.00 87.50 66.67 100.00 100.00
94.43=100.00 100.00 100.00 75.00 100.00 100.00 100.00 60.00 100.00 100.00 100.00 66.67 100.00 100.00 87.50 100.00 100.00 100.00 100.00 100.00 100.00 100.00 100.00 100.00 66.67 100.00 100.00 100.00 71.43 100.00 100.00
60.46=95.83 100.00 95.00 79.17 21.43 47.06 85.71 68.18 36.36 89.47 77.42 80.00 62.86 42.86 18.18 87.50 79.31 79.31 33.33 57.14 17.65 89.29 72.41 17.39 40.00 88.24 72.22 9.52 50.00 38.46 42.86
58.75=92.00 95.24 81.82 74.07 5.56 45.28 86.96 50.00 42.11 93.75 81.48 80.77 57.14 34.78 66.67 86.36 67.65 84.62 40.62 47.62 0.00 80.77 65.52 29.63 40.00 69.57 66.67 35.71 50.00 30.00 38.89
57.46=100.00 95.45 79.17 67.86 7.69 39.66 90.91 55.00 41.67 76.19 68.75 82.61 63.64 26.09 25.00 80.95 71.43 65.62 46.15 50.00 12.50 75.86 65.62 25.00 28.12 59.26 82.35 37.50 44.44 66.67 50.00
53.87=95.65 100.00 78.26 81.82 2.78 41.51 74.07 63.64 25.00 73.68 71.88 86.96 57.58 23.81 42.11 70.83 78.57 70.97 29.17 64.29 0.00 68.97 59.38 21.21 40.00 45.45 65.22 40.00 30.00 27.27 40.00
58.59=91.30 95.45 82.61 86.36 9.76 41.07 80.77 58.33 45.00 80.00 71.43 83.33 62.16 37.50 18.18 76.92 82.76 85.71 48.00 52.94 0.00 84.00 82.14 25.00 40.62 64.00 66.67 40.00 33.33 37.50 53.33
92.04=100.00 100.00 85.71 100.00 100.00 100.00 100.00 75.00 100.00 100.00 100.00 100.00 100.00 80.00 87.50 100.00 100.00 100.00 66.67 100.00 75.00 100.00 83.33 100.00 33.33 66.67 100.00 100.00 100.00 100.00 100.00
97.31=100.00 100.00 100.00 100.00 100.00 100.00 100.00 100.00 100.00 100.00 100.00 100.00 100.00 100.00 100.00 100.00 100.00 100.00 66.67 100.00 100.00 100.00 100.00 100.00 50.00 100.00 100.00 100.00 100.00 100.00 100.00
96.04=100.00 100.00 100.00 75.00 100.00 100.00 100.00 100.00 100.00 100.00 100.00 100.00 100.00 100.00 100.00 85.71 100.00 100.00 66.67 100.00 100.00 100.00 100.00 100.00 50.00 100.00 100.00 100.00 100.00 100.00 100.00
96.67=100.00 100.00 100.00 100.00 100.00 100.00 100.00 100.00 100.00 100.00 100.00 100.00 100.00 80.00 100.00 100.00 100.00 100.00 66.67 100.00 100.00 100.00 100.00 100.00 50.00 100.00 100.00 100.00 100.00 100.00 100.00
90.50=100.00 100.00 100.00 75.00 100.00 100.00 100.00 100.00 80.00 100.00 100.00 100.00 100.00 80.00 88.89 100.00 75.00 100.00 100.00 40.00 100.00 100.00 100.00 100.00 66.67 0.00 100.00 100.00 100.00 100.00 100.00
54.16=92.00 95.45 64.00 83.33 5.88 37.74 90.91 50.00 45.00 100.00 60.00 58.97 70.97 23.81 22.73 60.71 81.48 80.77 43.75 71.43 0.00 80.77 77.27 27.27 44.83 61.11 55.56 23.53 0.00 33.33 36.36
55.09=85.71 95.24 85.00 90.91 0.00 51.02 83.33 40.74 31.25 88.89 64.71 76.67 65.52 13.33 45.45 72.41 74.19 71.88 33.33 66.67 5.00 76.00 76.00 19.35 42.11 58.82 60.00 38.46 0.00 35.71 60.00
58.22=77.78 95.00 90.48 79.17 0.00 45.65 88.00 33.33 46.15 93.33 61.11 79.31 70.97 20.83 46.67 72.73 80.77 70.00 33.33 60.00 0.00 85.19 70.83 24.24 45.95 71.43 76.92 55.56 0.00 44.44 85.71
56.25=95.00 100.00 90.00 82.61 0.00 55.56 87.50 42.31 37.50 87.50 61.54 78.57 70.00 43.75 33.33 68.75 76.92 65.71 47.06 51.72 0.00 96.00 82.61 25.81 50.00 50.00 50.00 23.08 0.00 45.45 45.45
57.86=95.65 100.00 85.71 86.96 2.33 53.19 86.36 52.94 29.41 100.00 53.33 66.67 75.00 22.73 53.85 74.07 76.92 67.74 45.71 46.88 0.00 84.00 79.17 21.21 48.39 55.56 66.67 33.33 0.00 58.33 71.43
89.43=100.00 100.00 100.00 100.00 100.00 100.00 100.00 100.00 80.00 100.00 75.00 100.00 100.00 100.00 100.00 85.71 75.00 100.00 100.00 66.67 100.00 100.00 100.00 50.00 40.00 100.00 100.00 100.00 0.00 100.00 100.00
96.24=100.00 100.00 100.00 100.00 100.00 100.00 100.00 100.00 100.00 100.00 100.00 100.00 100.00 100.00 100.00 100.00 100.00 100.00 66.67 100.00 100.00 100.00 100.00 66.67 50.00 100.00 100.00 100.00 100.00 100.00 100.00
90.94=100.00 100.00 100.00 75.00 100.00 75.00 100.00 100.00 100.00 100.00 100.00 100.00 100.00 100.00 100.00 85.71 75.00 100.00 66.67 66.67 100.00 100.00 100.00 100.00 50.00 66.67 100.00 100.00 83.33 100.00 75.00
90.78=100.00 100.00 100.00 100.00 100.00 66.67 100.00 75.00 100.00 100.00 100.00 66.67 80.00 80.00 100.00 85.71 100.00 100.00 100.00 66.67 100.00 80.00 100.00 80.00 66.67 66.67 100.00 100.00 100.00 100.00 100.00
92.42=100.00 100.00 100.00 100.00 100.00 100.00 75.00 100.00 100.00 80.00 100.00 100.00 100.00 100.00 100.00 100.00 60.00 100.00 50.00 100.00 100.00 100.00 100.00 100.00 33.33 66.67 100.00 100.00 100.00 100.00 100.00
93.87=100.00 100.00 100.00 100.00 100.00 75.00 100.00 100.00 100.00 100.00 100.00 66.67 100.00 80.00 87.50 100.00 100.00 100.00 66.67 100.00 100.00 100.00 100.00 80.00 100.00 66.67 100.00 87.50 100.00 100.00 100.00
92.26=100.00 100.00 100.00 100.00 100.00 66.67 100.00 100.00 80.00 100.00 75.00 66.67 100.00 80.00 100.00 100.00 100.00 100.00 100.00 50.00 100.00 100.00 100.00 100.00 66.67 100.00 75.00 100.00 100.00 100.00 100.00
93.33=100.00 100.00 100.00 100.00 100.00 100.00 100.00 60.00 100.00 100.00 100.00 100.00 100.00 100.00 100.00 100.00 100.00 100.00 100.00 50.00 100.00 100.00 100.00 66.67 66.67 50.00 100.00 100.00 100.00 100.00 100.00
94.41=100.00 100.00 100.00 100.00 100.00 75.00 100.00 75.00 100.00 100.00 100.00 100.00 100.00 100.00 100.00 100.00 100.00 100.00 100.00 66.67 100.00 80.00 100.00 80.00 100.00 50.00 100.00 100.00 100.00 100.00 100.00
92.90=100.00 100.00 100.00 100.00 100.00 75.00 100.00 100.00 100.00 100.00 75.00 66.67 83.33 100.00 100.00 100.00 100.00 100.00 66.67 66.67 100.00 100.00 100.00 100.00 100.00 100.00 100.00 100.00 80.00 100.00 66.67
92.95=100.00 100.00 100.00 100.00 80.00 100.00 100.00 66.67 75.00 100.00 100.00 66.67 85.71 100.00 87.50 100.00 100.00 100.00 100.00 100.00 100.00 100.00 100.00 80.00 40.00 100.00 100.00 100.00 100.00 100.00 100.00
91.83=100.00 100.00 100.00 100.00 100.00 75.00 100.00 75.00 100.00 100.00 100.00 66.67 100.00 100.00 100.00 100.00 75.00 100.00 66.67 100.00 100.00 100.00 100.00 75.00 66.67 66.67 80.00 100.00 100.00 100.00 100.00
93.98=100.00 100.00 100.00 100.00 100.00 100.00 100.00 60.00 100.00 100.00 100.00 100.00 100.00 80.00 100.00 100.00 100.00 100.00 100.00 100.00 100.00 100.00 100.00 80.00 66.67 66.67 80.00 100.00 80.00 100.00 100.00
96.47=100.00 100.00 100.00 100.00 100.00 75.00 100.00 100.00 100.00 100.00 100.00 100.00 85.71 100.00 100.00 100.00 100.00 100.00 100.00 100.00 100.00 100.00 100.00 80.00 66.67 100.00 100.00 100.00 100.00 83.33 100.00
92.26=100.00 100.00 100.00 100.00 100.00 100.00 100.00 75.00 80.00 100.00 100.00 100.00 100.00 80.00 100.00 100.00 75.00 100.00 66.67 66.67 100.00 100.00 100.00 100.00 66.67 100.00 100.00 100.00 75.00 75.00 100.00
54.91=91.30 95.45 82.61 90.48 11.63 44.68 82.61 60.87 44.44 88.89 66.67 69.70 60.53 35.71 0.00 95.00 74.07 60.53 41.38 45.83 4.55 74.19 70.97 27.27 33.33 78.95 75.00 35.71 0.00 20.00 40.00
56.59=100.00 100.00 79.17 82.61 7.32 47.92 84.00 61.29 38.10 77.78 64.86 66.67 56.10 35.29 13.33 80.00 86.96 74.19 44.44 68.75 5.56 86.96 71.43 25.00 36.67 65.22 60.87 53.85 0.00 33.33 46.67
56.06=95.00 100.00 84.21 86.36 8.89 47.92 79.17 66.67 43.48 75.00 63.16 71.88 67.86 27.78 0.00 75.86 79.31 76.67 41.38 58.82 0.00 81.48 68.97 27.59 44.44 64.00 78.57 66.67 0.00 16.67 40.00
56.59=100.00 100.00 78.26 86.36 13.33 43.64 82.61 56.52 41.18 85.00 66.67 75.00 69.70 50.00 0.00 79.31 64.52 77.42 35.29 52.17 5.56 76.67 87.50 20.83 37.14 62.50 68.75 33.33 0.00 30.00 75.00
54.74=100.00 100.00 73.91 76.00 7.50 43.40 86.36 63.64 38.10 73.68 63.89 86.96 62.86 25.00 0.00 85.00 72.73 67.65 44.83 61.90 5.26 76.67 64.71 22.22 31.58 66.67 66.67 37.50 0.00 22.22 70.00
54.96=100.00 95.24 71.43 73.08 2.56 45.10 84.00 52.94 35.71 75.00 65.71 74.19 60.61 60.87 8.33 72.41 82.14 73.08 53.33 48.00 0.00 73.33 81.48 18.18 55.00 48.15 50.00 46.67 0.00 47.06 50.00
57.36=85.19 95.65 69.57 83.33 0.00 51.06 83.33 59.09 38.89 86.67 62.50 88.89 59.38 53.85 20.00 67.74 64.52 72.41 43.33 61.11 0.00 92.31 85.00 14.81 60.71 44.83 66.67 72.73 0.00 50.00 44.44
57.52=95.65 91.67 75.00 68.97 0.00 46.15 100.00 63.16 26.67 85.71 60.98 81.48 64.52 59.09 9.09 61.11 68.97 66.67 40.00 66.67 0.00 76.67 90.91 24.00 53.57 48.28 66.67 76.92 0.00 56.25 58.33
59.09=95.83 95.45 66.67 64.52 4.35 46.15 85.71 68.75 50.00 85.00 62.86 75.86 55.88 68.42 50.00 64.52 77.42 68.97 48.15 65.00 0.00 92.00 83.33 16.67 48.39 52.00 57.89 91.67 0.00 47.37 42.86
58.74=100.00 100.00 77.27 76.92 0.00 48.89 90.48 72.22 46.15 88.24 67.65 78.57 62.96 33.33 33.33 61.11 69.70 52.63 58.33 52.38 0.00 85.19 92.00 17.39 60.87 50.00 47.83 76.92 0.00 53.85 66.67
56.23=91.67 100.00 94.44 90.91 0.00 40.74 87.50 47.83 36.36 87.50 60.00 60.53 62.50 45.45 16.67 77.78 77.42 64.71 45.16 55.56 0.00 86.96 80.95 21.88 44.83 50.00 69.23 50.00 0.00 50.00 46.67
55.28=95.65 95.00 78.26 74.07 0.00 48.00 87.50 33.33 35.71 88.24 52.50 75.86 65.71 26.32 35.71 82.61 70.00 67.74 40.54 60.00 0.00 88.89 84.21 28.12 36.11 62.50 47.37 41.18 0.00 50.00 62.50
55.08=92.00 100.00 84.21 83.33 0.00 50.00 85.00 39.29 50.00 81.25 57.89 79.31 76.92 19.23 23.08 67.74 73.33 72.41 39.53 57.69 0.00 88.00 81.82 24.14 46.15 73.33 56.25 35.71 0.00 33.33 36.36
55.30=92.00 100.00 94.44 76.00 0.00 51.11 80.77 25.93 38.89 94.44 61.54 71.88 64.00 33.33 33.33 66.67 78.57 64.71 37.21 61.54 0.00 87.50 77.27 25.00 50.00 47.83 69.23 18.18 0.00 58.33 54.55
56.55=95.83 100.00 78.26 80.00 0.00 51.02 84.62 37.50 18.18 80.00 59.46 71.88 73.08 21.05 44.44 74.07 77.78 67.74 44.12 62.50 0.00 95.65 80.95 25.00 46.67 61.11 42.11 50.00 0.00 50.00 80.00
89.03=100.00 100.00 100.00 100.00 100.00 100.00 100.00 60.00 75.00 100.00 100.00 100.00 85.71 80.00 87.50 100.00 50.00 66.67 100.00 100.00 75.00 100.00 100.00 40.00 40.00 100.00 100.00 100.00 100.00 100.00 100.00
91.08=100.00 100.00 100.00 100.00 100.00 75.00 100.00 75.00 100.00 100.00 100.00 100.00 100.00 100.00 100.00 83.33 60.00 50.00 100.00 100.00 100.00 66.67 100.00 80.00 33.33 100.00 100.00 100.00 100.00 100.00 100.00
90.30=100.00 100.00 100.00 100.00 100.00 75.00 75.00 50.00 75.00 100.00 100.00 100.00 100.00 100.00 85.71 100.00 60.00 100.00 100.00 100.00 75.00 100.00 100.00 75.00 28.57 100.00 100.00 100.00 100.00 100.00 100.00
89.01=100.00 100.00 83.33 75.00 100.00 100.00 100.00 33.33 100.00 80.00 100.00 100.00 83.33 100.00 87.50 100.00 75.00 100.00 100.00 66.67 75.00 100.00 100.00 50.00 50.00 100.00 100.00 100.00 100.00 100.00 100.00
89.52=100.00 100.00 100.00 100.00 100.00 100.00 100.00 60.00 100.00 100.00 60.00 66.67 80.00 80.00 100.00 80.00 75.00 100.00 100.00 100.00 100.00 100.00 100.00 66.67 40.00 66.67 100.00 100.00 100.00 100.00 100.00
57.14=92.00 95.24 94.44 79.17 8.51 44.44 95.24 57.89 40.00 84.21 61.54 85.19 65.71 47.06 0.00 90.91 75.86 73.33 39.29 36.36 0.00 70.59 76.92 26.92 40.74 64.00 70.00 54.55 0.00 28.57 72.73
55.83=91.67 100.00 90.48 69.23 7.69 46.94 87.50 63.64 40.00 77.78 66.67 84.62 67.57 33.33 16.67 87.50 80.00 73.33 35.48 57.14 4.76 85.19 71.43 30.77 34.29 76.19 78.95 16.67 0.00 15.38 40.00
57.96=92.00 100.00 75.00 70.37 2.22 45.28 87.50 59.26 31.82 93.75 74.19 80.77 61.11 40.00 10.00 86.96 80.00 67.74 45.71 60.00 0.00 82.76 73.33 21.88 46.43 69.57 78.95 50.00 0.00 55.56 54.55
55.78=92.00 100.00 89.47 76.00 10.81 50.00 85.71 58.33 25.00 73.91 72.73 78.57 60.00 29.17 9.09 81.48 80.00 78.57 38.71 47.37 4.76 72.00 74.07 24.14 39.29 76.19 82.35 45.45 0.00 20.00 53.85
56.45=95.83 100.00 81.82 76.00 5.41 46.94 82.61 55.56 42.11 88.24 56.76 73.33 60.53 43.75 8.33 80.77 82.14 77.78 37.84 52.17 7.69 78.57 79.17 34.62 41.18 72.73 70.00 54.55 0.00 0.00 63.64
56.19=83.33 95.65 84.21 83.33 0.00 47.17 95.45 62.50 33.33 92.86 59.46 82.14 57.58 56.52 5.88 71.88 73.33 66.67 45.16 47.83 0.00 74.19 84.62 18.18 47.62 56.00 50.00 50.00 0.00 53.33 63.64
57.19=100.00 100.00 80.95 71.43 4.35 50.00 95.24 76.47 33.33 93.33 56.41 84.62 52.78 47.83 14.29 59.38 71.43 58.06 56.67 57.14 0.00 77.42 88.00 23.81 50.00 48.15 55.56 60.00 0.00 60.00 46.15
56.58=100.00 100.00 85.00 71.43 0.00 51.11 95.65 58.82 26.67 86.67 63.16 81.48 61.76 54.55 11.11 61.76 68.97 67.74 53.57 72.22 0.00 80.00 91.67 11.11 54.55 48.00 61.11 50.00 0.00 38.89 47.06
58.04=95.83 95.65 66.67 74.07 2.08 48.98 100.00 73.68 50.00 81.25 54.76 82.14 63.33 51.61 8.33 76.92 77.42 62.50 56.00 52.38 0.00 76.67 95.45 21.05 50.00 52.00 53.33 70.00 0.00 57.14 50.00
57.82=96.00 100.00 77.27 85.71 0.00 48.94 100.00 72.22 41.67 72.22 61.90 85.19 58.82 55.00 33.33 74.07 73.33 57.14 52.94 52.17 0.00 79.31 84.62 23.81 46.43 65.00 50.00 54.55 0.00 43.48 47.37
92.76=100.00 100.00 100.00 100.00 100.00 100.00 100.00 100.00 100.00 100.00 100.00 100.00 100.00 100.00 100.00 85.71 100.00 100.00 100.00 100.00 100.00 100.00 100.00 40.00 66.67 100.00 100.00 100.00 0.00 83.33 100.00
92.76=100.00 100.00 100.00 100.00 100.00 100.00 100.00 75.00 100.00 80.00 100.00 66.67 100.00 80.00 100.00 100.00 75.00 100.00 100.00 100.00 100.00 100.00 100.00 57.14 66.67 100.00 100.00 100.00 100.00 75.00 100.00
91.14=100.00 100.00 100.00 100.00 100.00 60.00 100.00 100.00 100.00 100.00 100.00 100.00 100.00 80.00 100.00 85.71 100.00 100.00 100.00 100.00 100.00 100.00 83.33 36.36 100.00 100.00 100.00 100.00 0.00 80.00 100.00
91.00=100.00 100.00 100.00 100.00 100.00 60.00 100.00 100.00 100.00 100.00 100.00 100.00 100.00 80.00 83.33 85.71 100.00 100.00 100.00 50.00 100.00 100.00 100.00 28.57 100.00 66.67 100.00 100.00 66.67 100.00 100.00
91.11=75.00 100.00 100.00 100.00 100.00 100.00 100.00 100.00 100.00 100.00 100.00 50.00 100.00 100.00 87.50 100.00 100.00 100.00 100.00 100.00 100.00 100.00 100.00 44.44 100.00 100.00 100.00 87.50 0.00 80.00 100.00
81.16=100.00 100.00 100.00 100.00 100.00 60.00 100.00 100.00 100.00 100.00 75.00 33.33 100.00 100.00 100.00 100.00 50.00 50.00 66.67 66.67 66.67 80.00 100.00 37.50 50.00 100.00 80.00 100.00 0.00 100.00 100.00
93.33=100.00 100.00 100.00 100.00 100.00 100.00 100.00 75.00 100.00 100.00 75.00 100.00 100.00 100.00 100.00 100.00 100.00 100.00 66.67 100.00 100.00 80.00 100.00 66.67 50.00 100.00 100.00 100.00 100.00 80.00 100.00
92.13=100.00 100.00 100.00 100.00 100.00 100.00 100.00 100.00 100.00 100.00 100.00 100.00 100.00 100.00 100.00 100.00 75.00 100.00 40.00 100.00 100.00 80.00 100.00 44.44 50.00 66.67 100.00 100.00 100.00 100.00 100.00
87.63=75.00 100.00 100.00 100.00 100.00 75.00 100.00 75.00 100.00 100.00 100.00 100.00 100.00 100.00 100.00 100.00 75.00 66.67 66.67 100.00 100.00 100.00 100.00 50.00 33.33 100.00 100.00 100.00 0.00 100.00 100.00
92.17=100.00 100.00 100.00 100.00 100.00 100.00 100.00 100.00 100.00 100.00 100.00 100.00 100.00 100.00 100.00 100.00 75.00 100.00 50.00 100.00 100.00 100.00 100.00 57.14 50.00 66.67 75.00 83.33 100.00 100.00 100.00
83.49=100.00 100.00 100.00 100.00 100.00 100.00 100.00 75.00 100.00 80.00 100.00 66.67 100.00 100.00 83.33 100.00 100.00 50.00 66.67 66.67 50.00 100.00 100.00 33.33 50.00 66.67 100.00 100.00 0.00 100.00 100.00
90.89=100.00 100.00 100.00 100.00 100.00 100.00 100.00 100.00 100.00 100.00 100.00 100.00 100.00 100.00 87.50 100.00 100.00 66.67 100.00 66.67 100.00 100.00 100.00 50.00 100.00 66.67 100.00 100.00 0.00 80.00 100.00
86.51=100.00 100.00 100.00 100.00 100.00 100.00 100.00 100.00 100.00 100.00 100.00 66.67 100.00 100.00 100.00 100.00 75.00 100.00 50.00 66.67 100.00 66.67 100.00 66.67 66.67 40.00 100.00 100.00 0.00 83.33 100.00
86.24=100.00 100.00 100.00 100.00 100.00 60.00 100.00 75.00 100.00 100.00 100.00 66.67 100.00 100.00 100.00 100.00 100.00 100.00 66.67 50.00 100.00 100.00 100.00 33.33 66.67 100.00 100.00 100.00 0.00 75.00 80.00
90.27=100.00 100.00 100.00 100.00 100.00 100.00 100.00 50.00 100.00 100.00 75.00 100.00 100.00 100.00 100.00 100.00 100.00 100.00 100.00 100.00 100.00 100.00 100.00 50.00 40.00 100.00 100.00 100.00 0.00 83.33 100.00
90.13=100.00 100.00 100.00 100.00 100.00 50.00 100.00 50.00 100.00 100.00 100.00 100.00 100.00 100.00 85.71 100.00 60.00 100.00 100.00 66.67 66.67 100.00 100.00 75.00 40.00 100.00 100.00 100.00 100.00 100.00 100.00
87.47=100.00 100.00 100.00 75.00 100.00 100.00 100.00 50.00 60.00 100.00 100.00 50.00 100.00 80.00 100.00 100.00 75.00 100.00 100.00 100.00 75.00 100.00 100.00 80.00 33.33 66.67 100.00 100.00 100.00 66.67 100.00
90.48=100.00 100.00 100.00 75.00 100.00 100.00 100.00 75.00 100.00 100.00 75.00 100.00 100.00 100.00 100.00 100.00 50.00 100.00 66.67 100.00 75.00 100.00 100.00 80.00 33.33 100.00 100.00 100.00 100.00 75.00 100.00
92.37=100.00 100.00 100.00 100.00 100.00 75.00 100.00 66.67 100.00 100.00 100.00 66.67 100.00 100.00 100.00 83.33 100.00 100.00 100.00 66.67 75.00 100.00 100.00 100.00 50.00 100.00 100.00 100.00 80.00 100.00 100.00
93.66=100.00 100.00 100.00 100.00 100.00 100.00 100.00 75.00 75.00 100.00 100.00 100.00 100.00 100.00 100.00 100.00 60.00 100.00 100.00 100.00 100.00 100.00 100.00 60.00 33.33 100.00 100.00 100.00 100.00 100.00 100.00
58.11=90.91 100.00 100.00 80.00 0.00 48.00 90.91 40.00 22.22 100.00 53.49 71.88 68.75 33.33 28.57 72.00 67.57 68.97 37.78 62.50 3.70 81.48 83.33 24.14 32.26 73.33 62.50 53.85 0.00 75.00 75.00
57.06=92.00 95.24 94.44 78.26 0.00 45.28 77.78 44.00 38.89 80.00 61.76 77.78 76.92 33.33 7.69 72.00 68.75 70.97 40.00 71.43 0.00 92.00 82.61 24.24 46.43 68.75 50.00 58.33 0.00 70.00 50.00
55.66=100.00 95.45 80.95 73.08 0.00 48.94 91.67 38.46 42.11 88.24 63.16 69.70 76.92 35.00 35.29 73.33 76.67 74.07 36.59 60.00 0.00 95.45 90.00 28.57 39.39 47.62 64.29 25.00 0.00 29.41 46.15
54.31=87.50 95.45 94.74 80.95 0.00 53.19 75.00 48.15 25.00 71.43 66.67 80.00 75.00 30.43 8.70 67.74 64.52 60.61 35.00 75.00 0.00 83.33 76.19 18.75 34.48 61.11 66.67 69.23 0.00 33.33 45.45
57.37=84.62 100.00 86.36 95.24 0.00 52.08 91.67 40.91 33.33 88.24 61.54 69.70 76.00 38.46 35.71 77.27 70.59 71.88 39.47 56.00 0.00 91.67 86.36 21.88 53.57 47.37 46.15 41.67 0.00 37.50 83.33
56.37=95.83 100.00 89.47 86.36 4.76 43.64 90.48 57.69 28.57 78.95 63.89 68.75 64.71 45.00 0.00 100.00 70.97 70.97 44.83 38.46 5.56 85.71 81.82 22.58 34.78 77.27 78.95 27.27 0.00 35.71 54.55
55.70=100.00 100.00 75.00 65.38 5.26 50.00 95.24 51.85 36.36 77.78 65.71 72.41 60.61 50.00 0.00 87.50 75.00 68.75 37.04 39.13 5.00 79.17 65.52 28.57 37.21 80.00 87.50 58.33 0.00 12.50 60.00
57.50=100.00 100.00 80.95 76.92 6.98 54.76 95.45 55.56 47.37 73.91 64.10 72.41 61.11 38.10 5.00 91.30 77.42 78.57 48.28 52.94 0.00 73.33 85.71 25.93 54.17 80.00 64.71 50.00 0.00 30.77 36.84
56.98=95.83 100.00 86.36 78.26 7.69 51.06 92.00 70.00 45.00 84.21 65.71 68.75 66.67 52.94 0.00 70.00 85.71 75.86 38.71 45.45 5.88 80.77 82.61 20.00 41.18 60.87 78.95 27.27 0.00 35.71 52.94
58.42=95.45 100.00 94.44 86.96 6.82 47.83 90.48 57.69 40.91 80.00 56.82 83.33 64.86 64.71 0.00 92.00 71.88 73.33 35.29 50.00 4.35 88.00 85.71 24.14 48.39 85.00 83.33 33.33 0.00 7.69 58.33
88.88=100.00 100.00 100.00 100.00 100.00 100.00 100.00 100.00 66.67 100.00 100.00 100.00 100.00 100.00 100.00 85.71 75.00 100.00 66.67 66.67 100.00 100.00 100.00 44.44 50.00 100.00 100.00 100.00 0.00 100.00 100.00
89.61=100.00 100.00 100.00 100.00 100.00 100.00 100.00 75.00 100.00 100.00 100.00 100.00 100.00 100.00 100.00 100.00 75.00 66.67 50.00 100.00 100.00 100.00 100.00 44.44 66.67 100.00 100.00 100.00 0.00 100.00 100.00
85.30=100.00 100.00 100.00 100.00 100.00 100.00 100.00 100.00 100.00 100.00 100.00 100.00 100.00 100.00 87.50 100.00 60.00 100.00 50.00 66.67 66.67 80.00 100.00 50.00 33.33 50.00 100.00 100.00 0.00 100.00 100.00
87.50=100.00 100.00 100.00 100.00 100.00 75.00 100.00 100.00 75.00 100.00 75.00 100.00 100.00 100.00 100.00 100.00 100.00 100.00 50.00 50.00 100.00 100.00 100.00 37.50 50.00 100.00 100.00 100.00 0.00 100.00 100.00
92.51=100.00 100.00 100.00 75.00 100.00 100.00 100.00 100.00 75.00 100.00 100.00 100.00 100.00 80.00 100.00 100.00 75.00 100.00 100.00 100.00 100.00 80.00 100.00 42.86 40.00 100.00 100.00 100.00 100.00 100.00 100.00
57.16=95.83 95.65 77.27 70.37 0.00 52.27 95.00 84.62 41.67 85.71 56.10 63.16 75.86 55.00 0.00 84.00 81.48 56.41 50.00 46.15 0.00 71.43 85.71 11.76 50.00 72.22 42.11 75.00 0.00 47.06 50.00
56.41=100.00 100.00 64.00 79.17 2.38 46.00 95.45 66.67 40.00 81.25 54.55 87.50 58.06 56.67 10.00 69.70 80.77 66.67 56.00 65.00 0.00 75.86 84.62 18.18 57.14 54.17 58.82 50.00 0.00 38.89 31.25
57.42=95.65 100.00 72.00 78.26 2.44 51.16 86.96 71.43 33.33 76.47 55.81 81.48 55.56 50.00 28.57 67.86 66.67 52.78 50.00 47.83 4.17 85.71 83.33 17.65 56.00 50.00 52.38 70.00 0.00 61.54 75.00
58.62=91.67 95.65 94.74 65.52 2.56 52.38 84.62 64.29 50.00 76.47 61.90 81.48 64.52 63.16 55.56 66.67 75.76 55.56 54.84 52.63 0.00 82.76 90.48 20.83 52.17 41.18 45.00 71.43 0.00 53.33 50.00
57.54=95.83 95.45 72.00 70.83 0.00 54.55 91.30 73.68 40.00 76.19 58.54 80.00 55.88 60.00 18.75 78.57 77.42 60.61 54.84 61.90 0.00 92.59 82.61 27.78 44.44 72.22 41.18 46.67 0.00 46.67 53.33
56.99=100.00 95.65 84.21 73.08 4.76 46.81 80.00 56.25 38.46 80.00 62.16 82.14 65.62 50.00 16.00 81.48 73.33 64.71 48.28 55.17 0.00 70.97 87.50 26.32 55.56 58.33 60.00 63.64 0.00 40.00 46.15
