60.70170819678905
52.78455772963278
56.44654285376641
56.41724153620841
56.27759613390063
59.768322680510714
59.5870750324077
57.81808759572949
57.40001733344721
56.68809614257838
94.96927803379415
95.99078341013825
97.70609318996415
94.70046082949308
98.65591397849462
95.74500768049155
95.86021505376344
96.82795698924731
94.22043010752687
94.42780337941628
60.457130194751755
57.07921119674095
54.92523600330771
52.548172824204165
58.034042232223726
92.03917050691244
97.31182795698925
96.04454685099846
96.50537634408602
95.55555555555554
55.05239006615402
55.411562222259775
56.82740433244565
57.24278787135008
56.04188686860712
84.96927803379417
95.92933947772657
86.85099846390169
87.31182795698923
89.40860215053762
92.2004608294931
90.64516129032256
92.74193548387095
96.39784946236558
91.96236559139786
82.2811059907834
83.65591397849461
92.47311827956989
92.11981566820275
89.89247311827955
56.73963864168279
58.657523450824435
58.18718901048483
58.61602459527602
58.10404839258915
56.73792416425873
61.192680226926825
59.16737925109472
59.22214118520945
60.20075680714525
56.97348704324226
56.190656768435346
55.88373648759349
55.47200176239047
56.5525189791341
81.86251920122888
82.29646697388633
86.15207373271889
78.9247311827957
84.91551459293395
58.3413395453526
57.6601417060001
61.15443137913834
57.278676620171076
58.983395694603395
56.278843097492235
57.726457836751955
58.17540929627862
59.244411774957214
57.01218881040823
90.86021505376344
87.96594982078851
85.79667644183773
86.83563748079875
89.43548387096774
81.29032258064517
88.76344086021506
87.1505376344086
88.17204301075267
91.83947772657449
