99.16666666666666
94.7948717948718
97.34848484848484
97.14285714285714
100.0
95.4468524251806
94.937675070028
97.26973684210526
97.53186274509804
96.18910256410257
95.48631924723468
95.18010906821692
95.76244848730545
95.40431361669964
87.83133845804376
94.57341368357079
96.17092404940527
95.41264850511591
95.6610977724423
96.42869883802577
96.42857142857142
97.40259740259741
94.94925662572722
96.4047619047619
94.53571428571429
94.16666666666666
94.28571428571429
97.14285714285714
96.07142857142858
100.0
100.0
99.16666666666666
96.9047619047619
96.66666666666666
98.33333333333333
93.5686274509804
91.3609022556391
97.0
97.52100840336134
97.83333333333334
95.55114226782158
86.77800813056734
96.17388391253937
95.64873739487591
95.77103175718447
97.5
98.33333333333333
100.0
98.33333333333334
98.33333333333333
92.56709956709958
93.54511278195488
94.995670995671
90.27407460960093
96.19642857142858
96.08479734551163
94.87903857195052
94.76916757298531
96.52114745563776
96.54602308233517
100.0
100.0
97.80219780219781
100.0
100.0
88.30447860363944
87.6303960655829
87.08285695267779
88.52417148069323
88.3089212474158
98.33333333333334
97.73809523809523
95.66233766233765
96.9047619047619
97.14285714285714
88.06120875732346
88.00629067271453
88.19669325839364
81.94704935114142
88.46464569064247
96.08677944862156
95.06372549019608
96.07142857142858
95.46606334841627
96.11519607843137
100.0
100.0
98.33333333333333
100.0
97.5
88.85120771039894
89.39616797017352
88.36841137017494
81.2133290027101
89.78336393846075
89.41908949309504
89.37137458174378
88.87270059538967
88.86683291599375
89.05388381204808
99.16666666666666
100.0
100.0
96.46153846153847
98.33333333333334
89.39393939393939
89.39393939393939
97.5
90.9090909090909
89.39393939393939
96.9047619047619
100.0
100.0
99.16666666666666
99.23076923076924
88.81931225483673
81.9626384832893
88.49280008586284
89.62110969511524
88.6947377274572
98.82352941176471
89.15584415584416
89.39393939393939
96.98529411764706
96.77591036414566
96.60714285714286
86.2121212121212
86.2878787878788
87.91666666666667
84.49675324675326
89.39393939393939
88.09523809523809
98.33333333333334
86.4935064935065
89.39393939393939
89.41475799806088
88.86864708370622
88.81600878234286
89.17412095048543
88.8494708005704
92.75324675324676
89.39393939393939
90.9090909090909
89.0909090909091
90.9090909090909
98.03571428571429
89.19022154316272
89.73484848484848
87.7056277056277
81.66666666666667
89.56043956043956
87.42424242424244
86.56926406926408
86.51485769132829
88.95437895437895
89.39393939393939
95.47619047619048
89.39393939393939
88.31168831168831
97.5
89.36110329299184
90.25974025974027
99.375
98.03571428571429
87.42424242424244
98.57142857142858
95.56410256410257
100.0
100.0
100.0
87.16200466200466
87.13744588744589
87.91125541125541
87.87337662337663
88.3916083916084
93.67719780219781
95.88878446115288
90.3030303030303
98.33333333333334
89.04761904761905
88.05862190137177
89.39867445131736
89.41234675688457
89.04367807729153
74.60646989433967
97.16666666666666
95.71428571428571
100.0
89.5104895104895
98.33333333333333
88.31168831168831
89.12337662337663
88.44155844155844
87.89472782119842
86.53679653679653
82.10598833029147
88.79363286816702
88.95481257729284
89.03636451356816
89.02545922918827
89.0909090909091
89.39393939393939
90.20979020979021
89.39393939393939
89.39393939393939
89.20454545454545
96.9436274509804
88.50524475524476
89.69155844155844
86.74242424242425
88.42965501453013
81.78053830227744
88.29905422652169
89.21035444246276
88.04565396646142
88.16844919786097
88.3982683982684
88.85281385281385
88.70320855614973
89.61038961038962
88.56060606060606
87.86739576213262
88.63636363636364
89.07563025210084
89.6037296037296
90.9090909090909
90.9090909090909
89.51446280991735
90.20979020979021
89.65367965367965
85.00381970970206
87.31782106782107
88.99225774225773
87.3430735930736
89.23351158645276
100.0
99.23076923076924
99.16666666666666
99.23076923076924
99.23076923076924
99.16666666666666
97.16666666666666
99.16666666666666
98.33333333333334
96.42857142857142
88.97871071392899
81.23188405797102
88.25500339953132
88.86824934329967
89.00546468692598
89.6416083916084
89.77272727272727
90.25974025974027
89.73484848484848
89.54545454545455
89.65367965367965
89.61038961038962
87.3933909228027
87.13078588078588
88.63636363636364
100.0
90.15151515151514
100.0
89.39393939393939
99.16666666666666
90.25974025974027
89.69696969696969
89.19022154316272
89.73484848484848
90.3409090909091
88.33762938181646
89.06120387314412
89.04905835852128
88.99673869313273
89.2399260604082
90.9090909090909
87.07070707070707
89.39393939393939
89.39393939393939
87.95454545454545
88.61491678497991
88.63535547224228
88.48384017638676
89.02272727272727
89.4138503886403
86.76056786350904
89.83957219251337
89.23351158645276
88.02139037433155
87.5597508552054
89.15955914046059
89.56620553359684
88.3843385698966
88.98762338094006
89.77593369363557
81.59813561143348
88.79023801107577
88.35876495450964
89.0073761328702
88.28566274994847
88.47974410709885
89.036447073994
88.48805490575677
88.63417000528801
88.828459842435
89.56480907615479
88.62693392609475
88.69628452029006
88.67144855307077
88.6237812339636
90.9090909090909
89.77272727272727
90.9090909090909
87.19696969696969
89.0909090909091
89.0304576376005
88.44648623409137
88.61668616193046
89.37342815914245
89.37010244848842
89.39393939393939
88.63636363636364
90.9090909090909
89.61038961038962
89.39393939393939
87.9781003310415
87.83008658008659
89.20454545454545
88.41961959609019
87.1103896103896
89.39393939393939
90.9090909090909
87.17532467532467
88.63636363636364
89.39393939393939
90.9090909090909
89.6416083916084
90.9090909090909
89.39393939393939
90.9090909090909
88.99225774225773
88.44155844155844
87.94913419913419
89.16221033868092
89.0909090909091
88.82041767756053
88.81675010429704
88.29402283156976
88.8109544503576
89.56994312876665
94.7948717948718
90.9090909090909
90.9090909090909
100.0
99.23076923076924
90.9090909090909
90.9090909090909
89.39393939393939
90.9090909090909
90.9090909090909
89.5104895104895
98.0
89.0909090909091
98.32167832167832
100.0
89.72498090145149
81.57623626373626
87.3233384262796
87.7922077922078
87.23776223776224
89.32328605200945
88.41344548843917
89.20208561096628
81.76988851095994
81.61439722358261
90.9090909090909
87.86130536130537
89.08549783549783
88.65546218487394
88.56060606060606
90.15151515151514
98.57142857142858
99.16666666666666
90.9090909090909
100.0
90.9090909090909
89.61038961038962
89.61038961038962
89.61038961038962
89.39393939393939
88.53421088715207
89.69155844155844
88.87052341597796
89.12337662337663
89.69155844155844
90.3030303030303
90.3030303030303
89.27139037433155
88.51731601731602
90.9090909090909
89.20132551763069
89.15765919520612
88.06724534346019
89.20674175537397
88.97517229917786
89.39393939393939
90.9090909090909
87.7922077922078
90.9090909090909
90.9090909090909
89.41281057877696
89.18730346398083
88.43538142060646
89.79123981608454
89.3615793424808
98.46153846153847
98.46153846153847
100.0
100.0
90.9090909090909
89.38855993719216
88.84776334776335
81.37271555759729
89.40371145234367
89.22512852308249
89.39187796330653
89.43555853130322
88.5899321043698
88.79811294112109
88.82237393699845
99.23076923076924
90.9090909090909
98.33333333333334
99.16666666666666
97.5
100.0
96.9047619047619
88.56749311294766
97.16666666666666
89.39393939393939
89.12337662337663
90.3409090909091
89.61038961038962
89.6969696969697
88.95437895437895
88.31168831168831
89.77272727272727
89.39393939393939
89.39393939393939
90.9090909090909
89.83585858585859
89.1189202953909
88.47402597402598
89.65367965367965
90.9090909090909
87.33766233766234
89.39393939393939
90.9090909090909
89.77272727272727
90.9090909090909
90.15151515151514
90.15151515151514
95.73809523809524
100.0
96.33333333333333
81.95507369614512
89.384849362053
88.81231880244037
89.21564409690095
88.6892324950612
96.57142857142858
100.0
90.9090909090909
98.46153846153847
99.16666666666666
89.69155844155844
89.65367965367965
89.6037296037296
89.65367965367965
89.16666666666666
89.61038961038962
87.40991851285969
88.58861726508786
90.3409090909091
89.01515151515152
88.85810238393825
88.80761621218443
89.0663190472205
75.1335005574136
89.42747853493428
88.47402597402598
90.9090909090909
90.9090909090909
88.09523809523809
89.01515151515152
97.73809523809523
97.73809523809523
100.0
89.39393939393939
99.16666666666666
88.09523809523809
89.61038961038962
90.9090909090909
90.20979020979021
90.9090909090909
89.12878787878789
90.9090909090909
90.3409090909091
90.9090909090909
89.04761904761905
88.64984549590307
81.44270616047838
82.14694059441958
80.82967160170155
89.06298665873135
76.33136094674556
90.9090909090909
90.3409090909091
90.9090909090909
90.3409090909091
97.14285714285714
90.9090909090909
97.16666666666666
90.9090909090909
100.0
90.9090909090909
90.3409090909091
88.99225774225773
90.3409090909091
89.08549783549783
90.9090909090909
89.39393939393939
87.95454545454545
90.9090909090909
90.9090909090909
87.67191142191142
89.3048128342246
89.65367965367965
89.04761904761905
89.76827094474153
81.57978840205945
80.89254494474682
89.76063829787235
89.39616797017352
81.61391843971631
100.0
90.9090909090909
98.46153846153847
97.73809523809523
100.0
87.95454545454545
89.39393939393939
89.39393939393939
89.39393939393939
90.9090909090909
88.63636363636364
85.66706021251476
89.0909090909091
90.9090909090909
90.9090909090909
100.0
98.57142857142858
90.9090909090909
100.0
100.0
89.12337662337663
89.08549783549783
90.25974025974027
89.83957219251337
88.96103896103897
81.92409862075068
81.24204469021652
88.37500505307844
75.79517355547175
74.64435152604177
98.33333333333334
100.0
100.0
99.16666666666666
97.80219780219781
90.15151515151514
89.39393939393939
89.0909090909091
87.87878787878788
90.9090909090909
90.9090909090909
88.47402597402598
89.39393939393939
88.31168831168831
89.39393939393939
89.65367965367965
90.25974025974027
89.0422077922078
89.83957219251337
90.25974025974027
80.88136539434358
82.31679475319623
88.46772068511198
82.0
81.08968629173232
90.3409090909091
90.9090909090909
90.9090909090909
82.0970695970696
90.3409090909091
81.95082373343243
81.48958427208699
89.58573547996274
89.01420336026094
89.00389668383822
100.0
100.0
96.9047619047619
88.33333333333333
100.0
89.15679908326968
90.37433155080214
89.69155844155844
88.74458874458875
89.69155844155844
81.06646825396825
88.44155844155843
89.69155844155844
89.07342657342657
90.3030303030303
100.0
88.78394332939787
89.39393939393939
90.9090909090909
99.23076923076924
88.54087089381208
90.3030303030303
89.61038961038962
88.96103896103897
89.20454545454545
87.27272727272727
89.39393939393939
90.9090909090909
90.20979020979021
88.63636363636364
100.0
98.33333333333334
90.9090909090909
100.0
100.0
81.06565181413205
81.61047027506655
89.00222857623413
88.98586387254039
81.79153087897714
90.25974025974027
90.25974025974027
89.06897024544084
90.9090909090909
89.69155844155844
90.9090909090909
87.57575757575758
90.9090909090909
80.95238095238095
89.61038961038962
81.9462394115833
81.55295710730495
88.41610481548604
88.8929773929774
75.30927845349404
81.30216917684949
81.96466486687181
81.94658056459299
81.41548686233666
75.4812337421033
89.12878787878788
89.69696969696969
89.0422077922078
87.07251082251082
89.65367965367965
89.41264610292859
88.40472157242344
81.03844294003868
81.7794887278583
81.93192554799697
100.0
90.9090909090909
90.15151515151514
96.9047619047619
100.0
90.3409090909091
90.3030303030303
89.73484848484848
90.20979020979021
89.73484848484848
100.0
99.16666666666666
100.0
100.0
100.0
89.65367965367965
90.3409090909091
83.33333333333333
90.3409090909091
88.90840220385675
81.1224884262104
80.92971449354428
82.15653834293983
81.61478687219568
81.27910650426179
81.70977274361147
89.56516754758876
82.10980696626476
81.75760826737933
81.61622620062518
81.08039226679375
81.55911567104907
81.4323157570151
80.90681052920371
81.40994278274574
97.16666666666666
99.16666666666666
100.0
97.5
98.57142857142858
100.0
90.9090909090909
90.9090909090909
89.0909090909091
98.57142857142858
89.12337662337663
89.73484848484848
76.4423076923077
80.88675213675214
82.17147435897436
81.97233060820018
81.59927691877353
82.31530583247792
81.62515006002401
75.45960530373112
89.83957219251337
75.82417582417582
82.77777777777777
83.33333333333333
90.9090909090909
90.9090909090909
82.14285714285715
80.95238095238095
90.9090909090909
89.39393939393939
100.0
82.63888888888889
100.0
100.0
99.16666666666666
