62.68=95.65 100.00 94.44 90.00 18.75 58.33 90.00 45.83 17.65 82.35 69.70 70.00 76.67 45.95 68.97 77.27 71.43 84.00 31.03 50.00 41.18 87.50 80.77 32.00 33.33 66.67 66.67 17.65 50.00 62.50 66.67
55.43=84.00 100.00 75.00 80.95 35.71 46.00 73.08 60.87 17.65 68.42 64.86 60.53 78.26 40.00 40.00 62.50 62.16 88.46 31.11 56.00 18.18 75.00 81.82 24.14 43.75 50.00 56.25 12.50 18.18 58.33 54.55
56.40=88.00 95.24 73.91 70.37 35.71 43.86 77.78 55.56 30.00 83.33 63.16 65.71 80.95 46.67 57.69 56.76 70.00 73.33 30.00 48.48 12.50 76.67 76.92 24.00 54.55 61.54 52.94 0.00 20.00 42.86 80.00
56.62=88.00 100.00 81.82 79.17 38.46 43.86 80.77 55.00 18.18 93.75 56.82 63.64 72.73 47.37 65.62 59.46 63.64 66.67 31.48 47.06 0.00 92.59 81.82 25.00 50.00 69.23 45.45 8.33 0.00 62.50 66.67
58.89=85.19 100.00 79.17 90.48 33.33 46.15 72.41 50.00 7.14 83.33 61.54 65.71 71.43 58.82 53.33 56.76 77.42 78.57 32.73 48.48 0.00 82.76 90.91 22.58 56.52 61.54 58.82 8.33 22.22 70.00 100.00
61.82=100.00 91.67 75.00 69.23 10.71 61.54 95.45 80.95 31.58 65.22 62.16 85.19 64.52 62.07 45.45 69.23 80.00 100.00 39.47 60.00 66.67 78.12 88.46 23.33 47.83 82.35 66.67 30.00 0.00 38.10 45.45
54.70=95.83 88.00 70.83 55.17 5.00 55.81 75.00 60.87 26.67 70.00 73.53 70.59 73.08 36.00 25.00 61.11 64.10 65.38 50.00 68.42 25.00 85.71 76.67 11.76 45.83 56.52 50.00 46.15 0.00 53.85 53.85
57.98=88.46 95.45 69.57 62.50 0.00 46.94 84.00 70.83 25.00 80.00 57.14 72.73 71.43 72.22 27.78 52.38 67.65 84.00 41.38 53.33 7.14 67.74 82.14 26.09 52.17 76.47 56.25 54.55 22.22 57.14 72.73
57.83=100.00 100.00 68.00 55.56 11.11 41.38 86.36 70.00 40.00 84.21 58.97 80.00 62.96 76.19 31.82 62.50 65.79 63.64 48.48 51.72 0.00 75.00 78.57 15.79 55.56 54.55 63.64 50.00 14.29 53.85 72.73
56.82=95.83 95.65 76.19 63.64 3.57 40.00 80.00 72.73 12.50 80.00 60.00 79.31 61.11 80.00 25.00 65.71 60.53 71.43 48.15 53.85 0.00 83.87 85.71 5.56 56.52 73.68 66.67 42.86 14.29 45.45 61.54
92.94=100.00 100.00 100.00 100.00 100.00 100.00 100.00 100.00 100.00 75.00 100.00 66.67 100.00 100.00 100.00 100.00 75.00 100.00 100.00 100.00 75.00 42.86 100.00 80.00 66.67 100.00 100.00 100.00 100.00 100.00 100.00
97.82=100.00 100.00 100.00 100.00 100.00 100.00 100.00 100.00 100.00 80.00 100.00 100.00 100.00 100.00 100.00 85.71 100.00 100.00 100.00 100.00 100.00 100.00 100.00 66.67 100.00 100.00 100.00 100.00 100.00 100.00 100.00
94.80=75.00 100.00 100.00 100.00 100.00 100.00 100.00 75.00 100.00 100.00 100.00 100.00 100.00 100.00 88.89 100.00 100.00 100.00 100.00 100.00 100.00 100.00 100.00 66.67 66.67 66.67 100.00 100.00 100.00 100.00 100.00
96.59=100.00 100.00 100.00 75.00 100.00 100.00 100.00 75.00 100.00 100.00 100.00 100.00 100.00 100.00 77.78 100.00 100.00 100.00 100.00 100.00 100.00 100.00 100.00 100.00 66.67 100.00 100.00 100.00 100.00 100.00 100.00
95.62=100.00 100.00 100.00 100.00 100.00 100.00 100.00 100.00 100.00 100.00 100.00 66.67 100.00 100.00 87.50 100.00 100.00 100.00 100.00 100.00 100.00 100.00 100.00 80.00 50.00 100.00 100.00 100.00 80.00 100.00 100.00
84.68=100.00 100.00 100.00 100.00 100.00 50.00 100.00 100.00 0.00 100.00 100.00 100.00 100.00 80.00 72.73 62.50 100.00 100.00 100.00 50.00 0.00 80.00 100.00 50.00 100.00 100.00 100.00 100.00 100.00 80.00 100.00
89.95=100.00 100.00 100.00 100.00 100.00 42.86 100.00 100.00 100.00 100.00 100.00 66.67 100.00 100.00 85.71 100.00 100.00 100.00 66.67 66.67 0.00 80.00 100.00 80.00 100.00 100.00 100.00 100.00 100.00 100.00 100.00
88.30=100.00 100.00 100.00 100.00 100.00 50.00 100.00 100.00 100.00 100.00 75.00 50.00 80.00 100.00 85.71 100.00 100.00 100.00 100.00 66.67 0.00 100.00 100.00 66.67 100.00 100.00 100.00 100.00 83.33 100.00 80.00
89.68=100.00 100.00 100.00 75.00 100.00 50.00 100.00 100.00 100.00 100.00 100.00 66.67 100.00 80.00 100.00 100.00 75.00 66.67 100.00 100.00 0.00 100.00 100.00 100.00 66.67 100.00 100.00 100.00 100.00 100.00 100.00
89.03=100.00 100.00 100.00 100.00 100.00 50.00 100.00 100.00 100.00 100.00 100.00 66.67 100.00 100.00 100.00 100.00 100.00 100.00 33.33 100.00 0.00 80.00 100.00 100.00 100.00 66.67 100.00 100.00 80.00 83.33 100.00
86.94=100.00 100.00 100.00 100.00 100.00 42.86 100.00 75.00 100.00 100.00 100.00 100.00 100.00 80.00 100.00 100.00 60.00 100.00 100.00 50.00 0.00 57.14 100.00 80.00 50.00 100.00 100.00 100.00 100.00 100.00 100.00
83.82=100.00 100.00 100.00 75.00 100.00 50.00 100.00 100.00 100.00 75.00 75.00 66.67 80.00 100.00 100.00 60.00 100.00 50.00 100.00 100.00 0.00 75.00 100.00 100.00 25.00 66.67 100.00 100.00 100.00 100.00 100.00
87.12=100.00 100.00 100.00 100.00 100.00 50.00 100.00 100.00 100.00 100.00 100.00 100.00 100.00 100.00 87.50 100.00 50.00 66.67 100.00 33.33 0.00 100.00 100.00 80.00 33.33 100.00 100.00 100.00 100.00 100.00 100.00
82.97=100.00 100.00 100.00 75.00 100.00 50.00 100.00 100.00 100.00 100.00 75.00 66.67 100.00 100.00 88.89 100.00 60.00 66.67 50.00 40.00 0.00 100.00 100.00 50.00 50.00 100.00 100.00 100.00 100.00 100.00 100.00
90.86=100.00 100.00 100.00 100.00 100.00 50.00 100.00 100.00 100.00 100.00 100.00 100.00 100.00 100.00 100.00 100.00 50.00 100.00 50.00 100.00 0.00 66.67 100.00 100.00 100.00 100.00 100.00 100.00 100.00 100.00 100.00
62.24=100.00 100.00 100.00 94.44 20.00 38.60 76.19 87.50 0.00 93.75 80.00 79.17 64.71 64.71 24.00 62.16 68.57 95.65 27.08 57.89 0.00 64.52 100.00 14.81 60.87 100.00 100.00 18.75 8.33 27.78 100.00
61.89=88.46 100.00 89.47 79.17 15.00 42.86 80.77 80.95 36.36 84.21 65.79 72.41 69.70 80.00 41.38 66.67 69.70 81.48 31.58 40.74 0.00 66.67 95.83 16.67 61.54 72.73 88.24 25.00 62.50 30.77 81.82
63.22=91.67 100.00 100.00 76.92 22.73 38.33 78.57 76.19 50.00 80.95 65.71 74.19 62.86 77.27 28.12 74.19 65.71 80.00 35.29 53.57 0.00 79.31 80.77 11.11 53.12 80.00 81.25 37.50 54.55 50.00 100.00
61.22=92.00 100.00 100.00 74.07 14.29 46.15 88.00 72.00 33.33 94.12 63.89 62.86 58.82 78.26 29.03 73.08 63.89 88.46 25.64 50.00 0.00 76.92 88.00 10.00 55.17 76.47 82.35 16.67 60.00 33.33 90.91
59.65=88.46 100.00 100.00 72.41 19.23 36.51 87.50 66.67 40.00 82.35 66.67 68.75 60.00 70.83 23.33 80.77 62.50 84.00 35.71 51.72 0.00 86.36 82.61 9.09 59.26 77.78 70.00 20.00 33.33 33.33 80.00
59.22=96.00 95.24 94.44 90.91 20.83 34.85 83.33 58.82 37.50 80.00 50.00 52.38 66.67 68.00 34.48 62.50 63.16 86.36 35.00 76.19 0.00 88.46 85.71 18.75 55.56 55.56 47.06 12.50 17.65 90.00 77.78
58.83=95.83 100.00 81.82 82.61 17.65 40.68 70.37 60.00 14.29 94.44 57.50 55.00 73.33 65.22 46.88 74.19 67.86 71.43 34.04 51.72 0.00 73.33 82.61 20.00 61.54 71.43 66.67 6.67 20.00 66.67 100.00
61.93=92.31 95.24 100.00 90.00 15.79 41.07 75.00 57.14 46.15 80.95 61.54 60.53 84.62 69.57 50.00 66.67 73.33 85.71 34.09 61.29 0.00 81.25 86.36 21.74 60.00 66.67 61.54 7.69 16.67 76.92 100.00
61.01=100.00 100.00 85.71 80.00 25.00 42.86 78.57 57.89 40.00 82.35 58.54 61.11 77.78 67.74 53.33 63.64 65.71 88.46 26.09 73.91 0.00 75.76 89.47 17.65 50.00 56.25 69.23 9.09 33.33 81.82 80.00
59.59=91.67 95.45 94.74 86.36 26.67 37.93 76.92 59.09 41.67 84.21 52.27 60.53 90.00 68.00 47.37 61.11 74.19 81.48 27.66 70.83 0.00 76.67 83.33 29.41 50.00 55.56 53.33 0.00 16.67 66.67 87.50
84.66=100.00 100.00 100.00 100.00 100.00 42.86 100.00 75.00 100.00 80.00 75.00 50.00 100.00 100.00 100.00 100.00 60.00 100.00 50.00 66.67 0.00 75.00 100.00 100.00 50.00 100.00 100.00 100.00 100.00 100.00 100.00
86.56=100.00 100.00 100.00 100.00 75.00 50.00 100.00 100.00 100.00 80.00 100.00 100.00 100.00 100.00 80.00 100.00 60.00 100.00 66.67 66.67 0.00 75.00 100.00 80.00 50.00 100.00 100.00 100.00 100.00 100.00 100.00
88.11=100.00 100.00 100.00 100.00 100.00 50.00 100.00 100.00 100.00 80.00 100.00 66.67 100.00 100.00 88.89 85.71 60.00 100.00 66.67 100.00 0.00 100.00 100.00 100.00 33.33 100.00 100.00 100.00 100.00 100.00 100.00
81.92=100.00 100.00 100.00 100.00 100.00 42.86 100.00 100.00 100.00 100.00 60.00 66.67 100.00 80.00 100.00 100.00 75.00 100.00 66.67 40.00 0.00 100.00 100.00 100.00 33.33 0.00 75.00 100.00 100.00 100.00 100.00
85.76=100.00 100.00 100.00 75.00 100.00 42.86 100.00 100.00 100.00 100.00 75.00 50.00 100.00 100.00 87.50 100.00 75.00 100.00 66.67 66.67 0.00 100.00 100.00 100.00 20.00 100.00 100.00 100.00 100.00 100.00 100.00
90.72=100.00 100.00 100.00 100.00 100.00 42.86 100.00 100.00 100.00 100.00 100.00 66.67 100.00 100.00 77.78 100.00 75.00 100.00 100.00 100.00 0.00 66.67 100.00 100.00 100.00 100.00 100.00 83.33 100.00 100.00 100.00
86.92=100.00 100.00 100.00 100.00 100.00 42.86 100.00 75.00 75.00 100.00 75.00 50.00 100.00 100.00 100.00 100.00 100.00 100.00 50.00 100.00 0.00 80.00 100.00 100.00 100.00 66.67 100.00 100.00 100.00 100.00 80.00
87.24=100.00 100.00 100.00 100.00 100.00 50.00 100.00 100.00 80.00 100.00 100.00 66.67 100.00 100.00 77.78 100.00 100.00 100.00 100.00 66.67 0.00 100.00 100.00 100.00 33.33 66.67 80.00 100.00 100.00 83.33 100.00
91.47=100.00 100.00 100.00 100.00 100.00 60.00 100.00 100.00 100.00 100.00 100.00 66.67 71.43 100.00 87.50 100.00 100.00 100.00 100.00 100.00 0.00 100.00 100.00 100.00 100.00 66.67 100.00 100.00 100.00 83.33 100.00
90.08=100.00 100.00 100.00 75.00 100.00 50.00 100.00 100.00 80.00 100.00 100.00 66.67 100.00 100.00 87.50 100.00 100.00 100.00 100.00 66.67 0.00 100.00 100.00 100.00 100.00 66.67 100.00 100.00 100.00 100.00 100.00
61.17=88.00 100.00 90.00 86.36 40.00 39.06 91.67 61.54 44.44 88.24 52.17 51.06 88.00 65.52 58.06 71.43 71.88 84.62 29.79 60.00 0.00 84.00 78.26 21.43 59.09 55.00 50.00 9.09 20.00 66.67 90.91
60.01=88.46 100.00 90.00 83.33 22.22 40.68 70.97 54.55 33.33 84.21 62.16 65.62 82.14 66.67 42.86 63.64 69.70 80.00 33.33 57.14 0.00 85.71 95.45 16.67 59.09 55.56 69.23 0.00 20.00 87.50 80.00
58.83=100.00 100.00 89.47 83.33 13.33 40.00 80.77 54.17 30.00 80.00 60.98 67.65 70.83 60.87 55.17 58.97 68.75 88.00 28.89 68.00 0.00 78.79 82.61 23.53 44.44 55.56 60.00 11.11 5.88 90.00 72.73
60.06=88.00 100.00 95.00 90.48 23.08 43.64 85.00 54.17 35.71 83.33 60.00 56.41 89.47 62.96 46.88 55.00 68.57 81.48 28.26 60.71 0.00 82.14 90.48 21.05 53.57 52.63 69.23 0.00 25.00 77.78 81.82
58.64=88.46 100.00 94.44 86.96 36.36 39.34 74.07 42.11 30.77 76.19 57.14 61.11 76.92 76.00 50.00 60.00 68.75 82.76 29.79 53.57 0.00 75.00 81.82 25.00 55.56 61.11 53.85 0.00 30.77 70.00 80.00
87.27=100.00 100.00 100.00 75.00 100.00 42.86 100.00 100.00 100.00 100.00 100.00 66.67 100.00 100.00 87.50 100.00 75.00 66.67 100.00 66.67 0.00 100.00 100.00 75.00 66.67 100.00 100.00 100.00 83.33 100.00 100.00
85.37=100.00 100.00 100.00 100.00 100.00 37.50 100.00 100.00 80.00 100.00 100.00 66.67 100.00 80.00 85.71 100.00 75.00 100.00 50.00 66.67 0.00 100.00 100.00 80.00 25.00 100.00 100.00 100.00 100.00 100.00 100.00
86.56=75.00 100.00 100.00 75.00 100.00 50.00 100.00 100.00 100.00 80.00 100.00 100.00 100.00 100.00 100.00 100.00 60.00 66.67 66.67 100.00 0.00 100.00 100.00 80.00 50.00 100.00 80.00 100.00 100.00 100.00 100.00
84.22=75.00 100.00 100.00 100.00 100.00 28.57 100.00 100.00 100.00 100.00 75.00 50.00 100.00 80.00 100.00 85.71 75.00 66.67 100.00 50.00 0.00 100.00 100.00 75.00 100.00 50.00 100.00 100.00 100.00 100.00 100.00
89.70=100.00 100.00 100.00 100.00 100.00 50.00 100.00 100.00 100.00 100.00 100.00 40.00 100.00 80.00 88.89 100.00 75.00 100.00 100.00 66.67 0.00 80.00 100.00 100.00 100.00 100.00 100.00 100.00 100.00 100.00 100.00
86.95=100.00 100.00 100.00 100.00 100.00 33.33 100.00 100.00 100.00 100.00 100.00 50.00 100.00 100.00 57.14 100.00 100.00 100.00 66.67 50.00 0.00 100.00 100.00 80.00 100.00 100.00 100.00 83.33 75.00 100.00 100.00
82.73=100.00 100.00 100.00 100.00 100.00 50.00 100.00 60.00 50.00 75.00 100.00 66.67 100.00 75.00 71.43 100.00 100.00 100.00 66.67 50.00 0.00 75.00 100.00 100.00 66.67 100.00 100.00 100.00 75.00 83.33 100.00
86.70=100.00 100.00 100.00 75.00 100.00 50.00 100.00 100.00 80.00 100.00 100.00 66.67 100.00 100.00 77.78 100.00 100.00 100.00 100.00 50.00 0.00 80.00 100.00 66.67 66.67 100.00 100.00 100.00 100.00 75.00 100.00
90.16=100.00 100.00 100.00 100.00 100.00 50.00 100.00 100.00 80.00 100.00 100.00 100.00 100.00 80.00 100.00 100.00 75.00 100.00 100.00 50.00 0.00 100.00 100.00 100.00 100.00 100.00 100.00 100.00 80.00 100.00 80.00
87.36=100.00 100.00 100.00 100.00 100.00 33.33 100.00 100.00 100.00 100.00 100.00 100.00 85.71 100.00 62.50 100.00 100.00 100.00 100.00 50.00 0.00 100.00 100.00 80.00 33.33 100.00 100.00 100.00 80.00 83.33 100.00
61.26=82.14 95.24 94.74 86.36 23.08 39.34 84.62 63.64 45.45 88.89 60.53 54.76 86.96 61.54 44.74 70.97 74.19 82.14 31.91 60.00 0.00 85.71 90.00 16.67 60.00 60.00 61.54 0.00 21.05 72.73 100.00
61.59=100.00 95.65 90.00 86.96 27.78 43.64 88.00 57.89 26.67 93.75 58.54 65.71 75.00 67.86 46.88 62.86 74.19 75.86 28.89 57.14 0.00 83.33 87.50 17.39 62.50 58.82 60.00 10.00 17.65 100.00 88.89
61.76=92.31 95.00 95.00 86.96 30.77 40.35 87.50 60.71 29.41 88.89 63.16 59.46 80.77 66.67 50.00 62.16 71.88 90.91 26.09 68.00 0.00 80.65 86.36 28.57 50.00 55.56 69.23 8.33 26.32 72.73 90.91
61.31=88.89 95.45 81.82 80.00 30.77 48.08 80.77 50.00 33.33 82.35 55.81 59.46 83.33 80.95 47.50 66.67 71.88 87.50 30.00 60.71 0.00 88.89 90.91 16.67 58.33 58.82 53.33 14.29 26.67 87.50 90.00
61.95=95.65 95.45 90.00 86.96 26.32 40.68 80.77 60.87 36.36 88.89 53.49 62.16 78.26 65.38 52.94 59.46 76.67 87.50 28.26 72.00 0.00 79.31 79.17 18.75 56.52 62.50 61.54 15.38 29.41 90.91 88.89
80.25=100.00 100.00 100.00 100.00 100.00 33.33 100.00 60.00 100.00 100.00 100.00 100.00 83.33 66.67 60.00 80.00 75.00 100.00 100.00 40.00 0.00 80.00 100.00 100.00 66.67 0.00 100.00 100.00 42.86 100.00 100.00
80.51=100.00 100.00 100.00 100.00 100.00 37.50 100.00 42.86 100.00 80.00 100.00 100.00 100.00 80.00 55.56 100.00 60.00 100.00 100.00 40.00 0.00 75.00 100.00 100.00 50.00 0.00 100.00 100.00 75.00 100.00 100.00
86.88=100.00 100.00 100.00 100.00 100.00 50.00 100.00 75.00 80.00 100.00 100.00 100.00 100.00 75.00 66.67 100.00 66.67 100.00 100.00 100.00 0.00 75.00 83.33 80.00 100.00 66.67 100.00 100.00 75.00 100.00 100.00
78.07=100.00 100.00 100.00 100.00 100.00 25.00 100.00 42.86 100.00 80.00 100.00 66.67 100.00 80.00 55.56 100.00 75.00 100.00 66.67 50.00 0.00 100.00 83.33 75.00 40.00 0.00 100.00 100.00 80.00 100.00 100.00
77.76=100.00 100.00 100.00 100.00 100.00 25.00 75.00 40.00 80.00 100.00 100.00 50.00 80.00 100.00 57.14 100.00 60.00 100.00 100.00 50.00 0.00 80.00 80.00 100.00 50.00 0.00 100.00 100.00 83.33 100.00 100.00
60.87=100.00 95.45 90.48 83.33 50.00 37.50 88.00 59.09 60.00 75.00 73.53 54.55 67.74 69.70 16.00 76.67 71.88 88.89 34.29 64.00 0.00 74.19 82.61 7.69 62.50 84.21 66.67 7.14 30.00 25.00 90.91
61.68=100.00 100.00 95.00 68.97 26.09 42.31 84.62 64.00 40.00 88.24 65.79 67.74 62.86 76.92 25.00 63.64 80.00 84.62 25.00 55.56 0.00 76.67 84.00 16.67 50.00 70.00 68.75 28.57 46.67 54.55 100.00
61.66=92.00 100.00 90.00 85.71 35.29 39.34 84.62 79.17 35.00 76.19 67.57 67.74 64.10 86.36 30.00 70.97 77.42 84.00 28.12 54.84 0.00 85.19 81.48 18.75 58.33 75.00 81.25 16.67 33.33 41.67 71.43
64.06=95.83 100.00 94.74 77.78 27.78 43.40 81.48 73.91 52.63 78.95 64.86 70.00 63.64 75.86 29.73 73.33 78.57 89.29 35.29 57.14 0.00 75.00 95.45 12.50 53.85 77.78 88.24 18.18 43.75 75.00 81.82
62.45=96.00 100.00 94.74 80.00 25.00 42.11 87.50 73.08 27.27 70.83 70.59 65.62 73.33 91.67 30.00 76.67 82.14 92.31 34.38 51.61 0.00 77.42 90.91 23.08 51.72 78.95 75.00 14.29 33.33 44.44 81.82
84.07=100.00 100.00 100.00 75.00 100.00 25.00 100.00 50.00 80.00 100.00 100.00 50.00 100.00 100.00 44.44 100.00 100.00 100.00 100.00 40.00 0.00 100.00 100.00 100.00 66.67 100.00 100.00 100.00 75.00 100.00 100.00
80.08=100.00 100.00 100.00 100.00 100.00 37.50 100.00 50.00 100.00 100.00 100.00 66.67 100.00 100.00 50.00 100.00 100.00 100.00 66.67 40.00 0.00 100.00 100.00 75.00 66.67 0.00 100.00 100.00 50.00 100.00 80.00
85.01=100.00 100.00 100.00 100.00 100.00 42.86 100.00 50.00 100.00 75.00 100.00 100.00 100.00 80.00 85.71 100.00 100.00 66.67 66.67 66.67 0.00 75.00 100.00 100.00 100.00 100.00 66.67 100.00 60.00 100.00 100.00
83.97=100.00 100.00 100.00 100.00 100.00 37.50 100.00 60.00 100.00 100.00 100.00 100.00 100.00 100.00 55.56 100.00 75.00 100.00 100.00 33.33 0.00 100.00 100.00 100.00 66.67 0.00 100.00 100.00 75.00 100.00 100.00
77.68=100.00 100.00 100.00 100.00 100.00 37.50 75.00 50.00 75.00 60.00 75.00 100.00 100.00 100.00 57.14 100.00 75.00 100.00 66.67 33.33 0.00 100.00 83.33 100.00 40.00 0.00 100.00 100.00 80.00 100.00 100.00
81.83=100.00 100.00 100.00 100.00 100.00 33.33 100.00 100.00 75.00 100.00 75.00 50.00 100.00 100.00 75.00 75.00 60.00 100.00 50.00 50.00 0.00 80.00 100.00 100.00 33.33 100.00 100.00 80.00 100.00 100.00 100.00
91.18=100.00 100.00 100.00 75.00 100.00 50.00 100.00 100.00 100.00 100.00 100.00 100.00 100.00 100.00 100.00 75.00 60.00 100.00 66.67 100.00 0.00 100.00 100.00 100.00 100.00 100.00 100.00 100.00 100.00 100.00 100.00
86.72=100.00 100.00 100.00 75.00 100.00 50.00 100.00 75.00 100.00 100.00 100.00 100.00 85.71 100.00 87.50 100.00 75.00 100.00 66.67 40.00 0.00 100.00 100.00 100.00 33.33 100.00 100.00 100.00 100.00 100.00 100.00
84.46=100.00 100.00 100.00 100.00 100.00 37.50 100.00 66.67 100.00 100.00 100.00 66.67 83.33 100.00 85.71 100.00 75.00 100.00 50.00 33.33 0.00 100.00 100.00 100.00 20.00 100.00 100.00 100.00 100.00 100.00 100.00
89.04=100.00 100.00 100.00 100.00 100.00 42.86 100.00 100.00 75.00 100.00 100.00 100.00 100.00 80.00 87.50 100.00 75.00 100.00 50.00 100.00 0.00 100.00 100.00 100.00 50.00 100.00 100.00 100.00 100.00 100.00 100.00
60.70=100.00 95.45 78.26 90.48 26.67 36.51 80.00 60.00 36.36 82.35 60.53 45.83 95.00 66.67 43.75 68.75 67.65 92.00 31.82 57.14 0.00 78.12 81.82 21.43 56.00 57.89 64.29 0.00 25.00 100.00 81.82
61.20=92.00 100.00 90.00 77.27 22.22 44.23 83.33 63.64 22.22 84.21 58.97 55.26 81.48 70.00 48.57 64.71 77.42 91.67 34.88 66.67 0.00 81.25 81.82 21.74 50.00 55.00 69.23 9.09 28.57 90.00 81.82
59.84=88.89 100.00 85.71 90.48 13.33 42.11 82.61 50.00 28.57 84.21 57.50 57.89 70.00 68.18 48.48 73.33 72.73 85.19 27.08 50.00 0.00 88.89 86.96 15.00 56.00 66.67 57.14 12.50 16.67 88.89 90.00
59.96=100.00 95.45 89.47 82.61 25.00 41.82 78.57 44.44 41.67 84.21 69.70 71.88 81.48 70.83 51.28 66.67 72.22 82.61 26.19 51.52 0.00 88.89 83.33 4.76 51.72 55.00 63.64 7.69 21.43 72.73 81.82
60.56=92.31 100.00 85.71 83.33 27.78 44.23 81.82 63.64 26.67 78.95 57.14 67.74 75.86 70.83 51.28 66.67 67.74 84.62 32.56 65.38 0.00 77.42 85.00 18.75 57.14 47.62 64.29 8.33 26.67 90.00 77.78
87.57=100.00 100.00 100.00 66.67 80.00 42.86 100.00 100.00 66.67 75.00 100.00 100.00 100.00 100.00 75.00 100.00 100.00 100.00 100.00 66.67 0.00 100.00 100.00 100.00 66.67 100.00 100.00 100.00 75.00 100.00 100.00
84.34=100.00 100.00 100.00 100.00 100.00 42.86 100.00 100.00 100.00 80.00 75.00 40.00 100.00 100.00 66.67 100.00 66.67 100.00 100.00 50.00 0.00 80.00 100.00 100.00 66.67 100.00 100.00 100.00 66.67 80.00 100.00
82.93=100.00 100.00 100.00 100.00 100.00 42.86 100.00 75.00 100.00 100.00 75.00 50.00 100.00 100.00 71.43 100.00 100.00 100.00 66.67 66.67 0.00 66.67 100.00 80.00 50.00 66.67 100.00 100.00 60.00 100.00 100.00
87.92=100.00 100.00 100.00 100.00 100.00 37.50 100.00 100.00 100.00 100.00 100.00 40.00 100.00 100.00 71.43 100.00 100.00 100.00 100.00 100.00 0.00 80.00 100.00 100.00 66.67 66.67 100.00 100.00 80.00 83.33 100.00
90.12=100.00 100.00 100.00 100.00 100.00 42.86 100.00 100.00 100.00 100.00 75.00 100.00 100.00 100.00 87.50 100.00 75.00 66.67 100.00 100.00 0.00 100.00 100.00 80.00 66.67 100.00 100.00 100.00 100.00 100.00 100.00
81.21=100.00 100.00 100.00 75.00 100.00 14.29 100.00 60.00 100.00 100.00 100.00 50.00 100.00 50.00 50.00 100.00 75.00 100.00 100.00 100.00 0.00 80.00 71.43 100.00 50.00 100.00 100.00 100.00 75.00 66.67 100.00
81.83=60.00 100.00 100.00 75.00 100.00 25.00 100.00 60.00 75.00 80.00 100.00 50.00 83.33 100.00 66.67 100.00 75.00 100.00 100.00 66.67 0.00 60.00 100.00 100.00 100.00 100.00 100.00 80.00 80.00 100.00 100.00
77.93=75.00 100.00 100.00 75.00 100.00 37.50 75.00 50.00 100.00 80.00 100.00 66.67 100.00 100.00 50.00 100.00 60.00 100.00 66.67 50.00 0.00 100.00 100.00 80.00 50.00 0.00 100.00 100.00 100.00 100.00 100.00
82.09=100.00 100.00 100.00 100.00 100.00 33.33 100.00 60.00 100.00 80.00 100.00 100.00 71.43 100.00 50.00 80.00 60.00 100.00 100.00 66.67 0.00 60.00 75.00 100.00 33.33 100.00 100.00 100.00 75.00 100.00 100.00
83.75=100.00 100.00 100.00 100.00 100.00 50.00 100.00 42.86 100.00 80.00 100.00 100.00 100.00 100.00 66.67 100.00 75.00 100.00 100.00 40.00 0.00 75.00 100.00 100.00 66.67 0.00 100.00 100.00 100.00 100.00 100.00
59.66=96.00 100.00 94.12 90.91 30.77 42.86 76.92 66.67 28.57 88.89 58.97 45.10 80.95 62.07 39.39 59.46 70.59 79.31 27.08 66.67 0.00 85.71 86.36 17.65 50.00 91.67 42.86 0.00 25.00 70.00 75.00
62.16=84.62 95.00 94.74 90.48 23.53 35.71 78.57 54.55 42.86 94.12 61.54 56.41 85.71 67.86 50.00 69.70 67.65 84.00 29.17 70.83 0.00 74.29 82.61 20.00 48.15 61.11 81.82 10.00 28.57 83.33 100.00
59.81=95.65 100.00 80.95 87.50 23.08 41.07 88.00 52.17 14.29 76.19 64.86 60.00 71.88 66.67 50.00 74.19 68.57 88.46 32.61 68.00 0.00 82.76 82.61 15.79 60.87 45.45 61.54 15.38 18.75 66.67 100.00
61.32=95.65 95.45 94.44 86.36 15.79 38.33 90.91 52.00 31.25 88.89 54.35 59.46 77.78 68.18 42.42 67.65 79.31 90.91 28.89 61.54 0.00 78.12 86.36 17.65 61.54 50.00 64.29 11.11 23.53 88.89 100.00
62.63=88.00 100.00 90.00 90.91 26.67 45.10 84.62 60.00 35.71 84.21 54.55 60.00 76.92 71.43 54.29 64.86 77.42 88.00 31.11 80.95 0.00 80.65 86.36 16.67 56.00 64.71 57.14 9.09 22.73 100.00 83.33
61.80=91.30 95.24 86.36 86.96 31.58 38.71 84.00 65.38 31.58 75.00 68.42 65.71 57.89 74.19 38.46 83.33 64.71 88.46 31.43 77.27 0.00 67.65 86.36 12.50 53.85 84.21 88.24 33.33 41.67 28.57 83.33
63.49=95.65 100.00 100.00 77.78 23.81 40.35 85.19 72.00 41.67 85.00 68.42 67.74 62.86 87.50 30.77 74.19 74.19 96.00 37.50 66.67 0.00 82.76 86.36 15.00 51.61 80.95 68.42 12.50 30.77 63.64 88.89
