88.85560675883256
90.25857654889913
92.46927803379417
96.35944700460828
91.83307731694829
90.32898105478752
89.89212400502724
90.27393753200207
92.50384024577573
93.04764232183588
54.36836608699242
55.20654838543402
57.05796135965954
56.79404349945798
58.00849792304074
58.27839640504345
59.997108956950676
62.89716903644171
63.42773162687939
64.64501953990447
63.9797646028418
62.97905228409538
61.28439029395891
62.0439816136312
63.30593557121089
83.74743536033859
85.87639063445515
86.2717569169182
90.64341572406089
89.52753339850115
78.98105478750641
83.54454685099846
88.00027929060188
85.64260112647209
87.08279176021111
65.01398187946484
64.24124032334207
63.028953535002564
65.54673105092667
65.6259171131129
67.4186084538358
66.30643384038697
63.6765232127028
66.50188716823203
63.845537124408885
82.69585253456219
80.23495321882419
87.23077102109359
83.15656565656568
85.12119600829278
63.852164440872876
66.26056516668207
64.90543728718806
63.04538316264624
65.91406528365053
68.00785959788276
67.24681897722935
65.81658724493907
65.23441354477369
67.69103019772943
84.48383158060578
80.8704557091654
87.99085323278871
82.89769370414533
83.17704696736955
63.49208327753106
63.63830008313268
65.31768598865911
64.1376704324983
63.29672197216569
82.30286738351253
80.97798259088582
84.774410177636
83.59144439789601
80.93050318856771
63.97016455801464
64.6766379886412
65.77701037552448
62.69620177550241
64.595452317904
63.919364212858234
65.3742084113804
65.01073096639962
67.51331501497555
66.22139682958004
86.5829958571894
84.39538955667987
84.63360116585923
82.22315319089513
86.39016897081413
66.65703398274077
65.12065348423604
66.11102958347878
65.61692581860254
65.96842245903062
62.44305700505583
64.03790757297777
64.23153735328206
65.55371184113818
63.49534302286893
79.70302099334357
81.8126944739848
80.44383931480706
83.74039938556068
83.67106012267303
79.40732206861239
81.26728110599078
84.05844155844157
84.82462877624167
83.06311967602291
81.39103727813406
81.27833635898152
77.1484966646257
84.45328864683704
84.24091141833078
64.43170044582665
64.12233556780231
64.26282973770412
63.87423629315206
64.83999728372757
71.87939300842527
84.4610855094726
86.5194572452637
84.4521249359959
85.1305683563748
64.97343713671897
67.67100638651387
66.49968897747704
66.83431846055257
68.41822812649745
82.83154121863801
83.41351301028722
83.11129730484569
82.93906810035843
84.11024459411558
67.31806014733282
67.64161585196767
67.88547444029398
67.65972078522383
69.5646516220387
80.96203975236232
84.04075315365638
82.92743099194713
83.15749662523857
86.4308361889007
78.59551738583997
81.82667690732207
81.3389656938044
83.01459293394778
83.67383512544805
66.96582613519134
68.640842608083
68.72881917756163
69.81096295738296
69.54805842127739
80.96995298608202
82.67234557557137
84.23622972010068
80.67460317460319
82.74676040805073
80.68582850840914
83.29227224388515
80.53989916893143
85.49283154121864
82.33605104572845
75.76246334310851
81.38341944793558
80.69764464925755
81.80747567844344
78.39803565610016
68.04556484079298
68.83433602482852
68.5024237246895
70.05710411866649
69.69019192746066
82.41760927244798
78.82744495647721
81.55628421757454
82.51890582535744
79.15770609318996
67.10703956928658
69.53676408745714
69.11394945116615
67.69640559069954
69.5285059925596
84.67346273797887
78.9665621117234
82.40387748452265
83.74901084578505
81.3602616021971
64.86030692877115
69.78224456671326
68.5225236727132
68.53288195652866
68.72574160270044
69.505687634145
69.38205012501058
67.8612784262823
69.26874486885666
70.84950640824023
83.3407184213636
82.93732253409674
83.65591397849461
81.99692780337942
84.1026625704045
68.04954269871756
68.12056998417148
69.19396329267404
70.47017703646614
70.49511802039659
66.69281908956094
66.6145919184226
65.88615485505282
64.12920765405731
67.5147732831866
68.7217604274213
69.47192439186782
69.53774578115801
68.9319529559839
68.70458611731077
83.25908858166922
78.91053391053391
81.09179351114835
81.45417306707628
81.5587906716939
80.55103498651886
81.49816133687101
81.72525503170667
84.91009886171179
80.25601638504862
68.97692496175593
69.04783969656904
