59.799618502525206
53.452456629458446
56.283943618421304
55.42104322142648
57.93547604770798
53.585643320823536
54.59975918252658
55.332697997880025
56.14213279809078
58.3631739110882
87.22990271377368
90.65796210957502
91.46546106223525
91.44649257552484
91.45033282130058
77.92989268795722
83.2427966298934
85.26084130922841
83.90809011776754
80.80728411373573
81.334427221524
83.67627891821441
82.4766631218244
87.69329237071172
85.39635991248895
62.83111376325149
61.361914072180994
61.37998038010447
61.73798851003997
61.886095370305654
59.22837038626402
59.49754902814631
59.992073543517435
60.28934288961736
59.64219851753945
84.4342037890425
83.87667887667887
85.47363031233998
81.45289298515107
81.49641577060933
83.853977563655
79.72606246799795
82.83026113671275
80.77124488414812
81.3461807010194
59.799618502525206
54.26034143189538
56.14182923825791
56.880438640454194
60.82069224783669
53.585643320823536
54.59437450807533
54.909700666716
57.60783025906984
59.624092506143114
87.22990271377368
89.33307731694829
92.71121351766514
92.13634036214681
91.56554019457245
78.47798259088583
83.59260810873715
85.72106209202985
84.29339477726576
82.3462917011304
79.3777638132477
85.29686263557231
83.44248941023133
87.19150025601638
85.37704231252617
60.347372049679045
59.983525394518836
59.80305588121795
63.00883112476192
64.72714093664926
60.43810254737127
59.63172654244605
61.343831936897246
61.31797275517337
60.592778125888806
81.4148396406461
84.2723316110413
86.79944607363963
84.51356886840759
86.26437182888795
83.31843783456686
82.7009728622632
84.81950844854072
84.02521313811637
85.63620071684589
61.35799955725937
60.42396958147173
61.56198145715515
61.42939463691612
60.88826455080798
83.68966159288739
86.19012707722383
85.78492296234232
85.60163850486431
88.18612391193037
80.598944066686
85.28650560908628
88.42875762230601
83.04752595075176
86.02249005474812
60.097562507340655
60.61224725858202
61.942936428713715
59.43671087955813
62.19507542618901
78.6602197086068
84.46155099380907
83.24326211422985
84.6620583717358
84.0284178187404
62.86034986401346
62.60008759965677
65.16848582125137
63.03061356065863
63.03356064713351
78.68966159288739
83.00947260624677
80.46082949308757
85.46443699669506
85.74884792626729
79.93576316156961
85.78084997439836
84.38418212611762
83.81464413722479
84.3654284783317
59.54818019018323
60.67957201568486
60.79488325099117
62.06454367925208
60.92779593378838
82.25264878490685
81.07014848950332
82.5017455662617
84.76800976800978
84.89438876535651
84.01631522599263
81.04198668714798
78.26548899129546
83.21789321789322
87.10445468509985
61.760861339823286
61.68496827159599
62.10922530483725
61.42919532469086
63.215441254607306
64.01641692177856
64.19315813556076
63.87633493988748
63.12978391998802
62.69254043452191
61.149935808254995
59.57585311060794
60.42620967848739
62.29404714757885
60.14357304702591
81.54348339832211
85.74849881301496
85.28417818740401
81.68033579323902
83.44696522115876
59.48558501707568
59.209530883941596
