61.484097774408625
55.68056357680943
56.168369061159865
54.923251668446355
55.31547196026196
61.435963423831986
57.92938438428264
56.39752113602893
58.134207425228794
58.29629307589127
91.9047619047619
97.47311827956989
95.87813620071684
97.18637992831542
94.81182795698925
94.51612903225805
97.35663082437274
95.1305683563748
96.39784946236558
98.27956989247312
62.02221699406637
56.39213027605906
57.86981875552464
57.8688204812137
60.857105067783166
95.18817204301074
91.63978494623655
97.31182795698925
96.39784946236558
92.84946236559139
55.78100510927825
57.52482683924047
54.87834679303276
57.48464035309761
56.87803031840093
86.55913978494624
91.85099846390169
91.72043010752688
92.49615975422428
92.36559139784946
91.9585253456221
95.43010752688171
94.78110599078342
93.84408602150538
97.31182795698925
85.87173579109061
84.60829493087557
89.82334869431644
87.31182795698925
85.1689708141321
58.65777087253474
59.19544633092239
63.83696212243321
61.84924603329821
62.66902967115511
57.6570560031013
59.56726452014888
56.0120634989582
58.742497380104524
59.28475294552911
57.05037542280206
54.311536431821374
56.977461261254426
54.468589501100475
54.902349976061565
78.94393241167434
86.21863799283153
86.12903225806451
90.02304147465436
84.06810035842292
57.39775161444014
62.597320477746365
61.93736369750122
61.61075724880387
59.88987264025963
59.634467023839896
59.41893388093959
58.14647818314066
57.80373234067181
58.652975178366425
87.48463901689709
91.34408602150538
87.99283154121864
91.97388632872504
88.77880184331796
86.68202764976958
88.70967741935483
83.03123399897594
86.75883256528418
86.28648233486943
89.38172043010752
86.00614439324117
86.2826420890937
92.9032258064516
85.64132104454684
86.00870455709165
77.1505376344086
86.03686635944698
85.27393753200205
87.61904761904762
55.78598927594106
59.070608071500224
56.475407629778196
57.0086480081852
58.21976504074195
62.256531292870484
61.30112797335559
61.023185046611786
61.98422593695008
59.58418456971281
85.3494623655914
83.08243727598567
83.76344086021506
84.42652329749104
81.72043010752687
56.14865412097309
57.035821106829374
59.81947514440298
58.50948384831062
60.02276234205001
59.20048373255696
59.389831686947446
58.2270680586277
57.93709243472592
59.98493309770521
90.47619047619047
