76.32616487455198
77.51664106502815
79.91132523390588
78.65973632102666
84.60282548992228
76.33978029139321
74.1929665316762
75.5996601964344
75.31883886722598
73.74610156868222
80.29185867895545
75.33026113671274
79.715821812596
74.93855606758832
79.99231950844853
78.04915514592935
86.88172043010752
82.74961597542242
83.10291858678954
86.42857142857143
81.85611879160265
88.2258064516129
78.9784946236559
80.91013824884793
0.10576414595452142
74.57943490201556
77.24223804868966
76.85123120606991
80.04189359028068
73.01203277009729
66.48777521761393
81.77937653744105
81.39470744309455
82.69900350545512
78.92950239724433
78.41781874039938
78.38709677419355
83.54838709677419
74.43932411674348
82.95698924731184
80.6605222734255
86.29032258064517
87.38095238095237
85.96774193548387
83.49462365591398
71.33128520225294
82.9979518689196
79.43885863240702
86.717771475836
78.84152585765487
73.51766513056836
84.3010752688172
81.41321044546851
78.75576036866359
80.56067588325652
81.18279569892474
88.76344086021506
87.43471582181257
88.49462365591397
82.25806451612901
76.59540877282814
83.93625192012288
83.43701996927804
78.15412186379929
83.24745147325793
76.49769585253455
68.65591397849461
77.98387096774194
81.6589861751152
76.55913978494623
69.49451807044254
81.83656844947166
84.52194758646372
84.60561839594098
82.49394870362613
74.9884792626728
80.80645161290323
79.86943164362519
82.59600614439323
82.68433179723503
74.86175115207372
82.3041474654378
86.07526881720429
85.44546850998464
82.38095238095238
80.35469906437649
79.49426917168852
81.18215565796211
86.3183680119164
83.97011590559978
86.11367127496159
88.8978494623656
87.357910906298
90.37634408602152
85.752688172043
82.36559139784946
82.684331797235
80.89093701996929
84.0015360983103
82.74193548387095
73.9862777955757
84.53020993343574
83.1296928877574
85.5894284926543
87.78382907415165
70.93923101987619
81.04105571847508
85.29255690546013
85.59090551026034
82.53875157100963
76.61724301574812
86.16580552064424
85.33900687126496
83.4831029185868
84.7523623330075
82.58064516129032
72.79569892473118
86.02150537634408
80.69892473118279
78.9784946236559
75.81629500150078
83.40141041753947
83.16773728064051
81.30091234929945
84.58492224621256
80.59139784946235
89.73118279569891
84.83870967741936
86.20583717357911
87.5268817204301
66.77901847256686
77.09898524414655
85.06900805287904
81.73067076292882
79.68032863194153
88.25268817204302
91.61290322580643
87.79569892473118
85.9600614439324
83.40245775729646
72.9260012900566
82.22594609691384
84.83870967741936
85.62328352650935
83.13829539635991
61.74046383723803
82.46322673742029
78.94253595866498
77.23472763795344
83.8299066524873
78.38709677419355
89.40860215053763
88.01075268817203
80.99078341013823
87.47311827956989
71.86089000605129
86.64397430526463
82.85446632220827
84.79181213052182
85.52436810501327
72.669901782805
84.26021111504983
83.30738258157615
79.53672671414607
77.14923964923966
79.70807394831164
86.86112274821953
81.48431317786157
88.51254480286738
84.43011289785484
83.70199692780338
84.13978494623655
86.33640552995392
87.31182795698925
86.82795698924731
61.51252868994805
86.44509612251548
81.59614578969418
83.0183347118831
79.83230926779315
87.92626728110599
82.54992319508449
90.96006144393242
87.2043010752688
89.51228878648233
79.90382868374543
81.60813201135782
87.28209066918743
84.29678744194874
87.91799598251211
82.22734254992321
82.9800307219662
87.17357910906297
87.74193548387096
84.94623655913979
0.05288207297726071
85.53763440860214
86.5284178187404
84.56989247311827
86.14439324116744
69.75793589545712
84.9730019084858
85.15151515151516
81.50537634408603
87.03149001536097
78.57142857142857
88.27956989247312
83.54838709677419
86.90476190476191
82.44239631336404
75.64516129032258
78.92473118279571
82.2273425499232
80.12544802867383
83.54838709677419
82.68817204301075
86.7357910906298
85.72580645161291
84.30107526881721
85.96774193548387
69.29595494111625
82.54212633244892
82.58180887213146
81.50764110441528
87.72133780198295
68.28028045769982
80.3485313969185
83.23825815761299
83.69815668202764
80.7365125913513
86.68970814132105
85.69892473118279
85.2995391705069
86.74347158218127
80.77572964669739
75.40427314620862
83.36651699554925
85.09216589861751
83.7294694552759
87.13855141274497
81.96853325885584
88.36384046061465
88.05625378206024
82.94872690033982
81.12622144880208
89.83102918586789
88.62519201228878
90.57603686635944
87.25806451612904
87.642089093702
78.63671274961598
84.58653353814644
84.88351254480287
80.49632267374206
83.28725038402459
81.87403993855607
88.6021505376344
91.4400921658986
87.84946236559139
87.36559139784946
80.97305621499171
86.79979518689197
87.11311985505533
81.06979937625098
86.60359353907741
69.81264255457803
83.37883442722152
84.727047146402
78.49788204626914
83.72119815668204
82.64243820695434
82.6958525345622
81.65898617511522
82.04301075268815
78.06451612903226
76.15207373271889
87.37827584601779
83.41973438747632
85.75187357445424
86.29637387701904
89.24731182795698
88.78648233486943
90.21505376344085
85.24193548387096
87.68817204301075
84.82369780756876
85.64516129032258
92.078853046595
88.30645161290323
87.25806451612904
83.97465437788019
90.79877112135178
85.53763440860214
92.36559139784946
89.75422427035332
79.24731182795698
84.74654377880185
80.0115207373272
76.38248847926268
80.21505376344085
85.39938556067588
88.79928315412187
85.29569892473118
94.32411674347159
89.13978494623655
86.84715821812597
81.95084485407065
84.3010752688172
85.47107014848952
82.68817204301074
79.29885196863125
85.73686170460364
83.89738397802915
79.56257899806288
84.06652487297649
84.07484988130149
84.94239631336406
86.68970814132105
90.69892473118277
90.26113671274962
78.88174209920595
83.76856118791603
86.38330307685146
85.3968253968254
85.3217660475725
77.78801843317973
86.63594470046083
86.29032258064518
86.12903225806451
89.7004608294931
81.07794535213891
90.60572044443012
83.22452636968768
89.57454731648282
88.48717590653075
72.23690551489413
85.88546757901597
83.75320020481311
83.56246799795186
86.0974956942699
82.63381779510811
87.01228878648233
85.30721966205837
89.6774193548387
87.63440860215053
87.7956989247312
91.57450076804916
89.48540706605223
85.16129032258064
89.37403993855607
82.55032601806795
88.36149513568868
85.51424382069544
85.1483731322441
85.7999348321929
80.99941814457944
84.92738444351347
85.5830280830281
85.00362540685123
88.06579621095753
81.32351104617038
87.95177045177044
87.91858678955454
85.9679746776521
90.79832354025902
87.21966205837174
89.78494623655914
89.94623655913978
89.86175115207372
86.09831029185867
85.04480286738351
82.09677419354838
86.66666666666667
86.41321044546851
82.79185867895546
74.14177220628834
85.60291858678954
86.13370500467275
87.17208418821323
87.22862263184844
78.85238715883877
85.81483033095937
90.25345622119816
86.16698713472907
87.39072755201786
78.6495135688684
83.95033282130056
83.73015873015873
88.89482381417866
86.61848903784389
89.80798771121351
88.42805939580134
88.3026113671275
92.04301075268816
89.32411674347159
76.47396510299735
84.39393939393939
82.7761485826002
86.8547223385933
87.95023972443327
90.86021505376345
88.11827956989247
89.32795698924731
93.62519201228876
88.6021505376344
80.0834831141803
86.32302285528093
86.94397896010798
83.32530372852953
85.23041474654379
87.8494623655914
90.64516129032258
88.65591397849461
91.15591397849461
90.72196620583719
81.65072382814319
89.59502862728671
86.99436763952893
89.29467485919098
87.92661639435835
88.85304659498208
92.06989247311827
94.24731182795698
91.79723502304148
91.63594470046083
84.00537634408603
83.14516129032258
87.0084485407066
84.94623655913978
82.71121351766513
87.62474980216915
89.49646231904298
88.58166922683051
89.47388632872504
89.2178699436764
84.7040499587189
89.49308755760369
89.396615928874
87.00520805359515
92.19406041986686
67.99027137736815
84.01247498021691
88.66359447004608
89.95391705069126
84.28815807848065
78.90168970814132
86.5723076206947
87.91602662570405
86.10599078341015
88.74633431085046
85.44365873898688
86.02988409440023
82.63987804310385
85.17153097798258
88.07731694828469
81.00223994272937
86.40518084066471
86.60464087883442
86.83982683982684
83.3303076851464
82.49487967229904
88.61111111111111
89.56349206349206
90.27220986898408
91.15009542428898
87.6804915514593
93.11059907834102
88.27956989247312
88.5663082437276
93.89784946236558
86.90124167946749
90.5299539170507
88.26188148768794
87.27924405343761
87.32674135899941
81.39656938044034
86.25645859516828
85.9480752222688
86.21572871572872
90.52483358934973
86.65071487652132
91.23655913978493
90.29185867895546
89.72350230414747
89.0552995391705
90.7168458781362
92.06989247311827
90.55555555555556
88.38709677419355
92.94930875576036
84.15325949281807
84.63727133081971
90.1867755900014
88.3732486151841
88.83372899501931
81.78774476049226
89.60435621725944
90.48451100870456
87.0198529069497
89.17551086905927
84.3509984639017
89.74956942698878
90.15873015873017
88.37429595494112
85.96006144393242
72.56342224084159
86.73835125448028
85.50262461552785
87.19987897407252
85.87045570916541
90.60419866871479
90.18817204301074
86.98924731182795
86.3978494623656
87.95698924731182
71.5026837579674
86.68970814132105
88.45715216682959
83.4180514825676
81.72553253198414
84.73967788483918
89.33691756272403
89.17807103290974
90.54275473630312
89.13978494623656
70.915500270339
84.84476097379323
82.40189917609271
86.85877742329356
90.98892147279244
81.15781800750916
87.10515291160453
85.7855048177629
87.60368663594468
89.03574919703952
84.83382209188662
88.9784946236559
89.93343573988734
87.63056835637481
89.46236559139786
83.10326770004188
86.39400921658986
83.33333333333334
83.38709677419354
82.92242703533026
85.14963803533227
85.56963645673324
87.7457757296467
90.779453521389
89.13060953383535
81.806699871216
84.92528976399944
88.14494645139807
85.6329423264907
89.53242098403388
84.17655820881629
89.37287622771494
84.9686961783736
85.51098543034028
87.82933016803985
85.5189702770348
91.21468137597171
89.10254619932039
89.66461853558627
86.75301401107852
87.06116464180981
92.90322580645162
88.17204301075267
93.87096774193549
92.6574500768049
89.38172043010753
89.31131592421916
90.69892473118279
93.19892473118279
88.252688172043
85.02476254174047
91.26984126984127
90.28245052438602
88.02564818693854
91.83435739887354
80.34888051017082
87.00786668528605
87.37071172555044
87.79441884280594
88.84152585765489
80.42335800400316
86.37075290301098
86.20025136154169
87.93010752688173
89.32621142298561
91.06699751861042
92.43727598566309
90.3763440860215
91.31336405529956
93.86328725038402
84.51612903225806
86.04454685099846
88.14516129032259
86.58602150537634
84.46236559139784
82.56900805287901
84.9142345110087
86.32488479262672
89.91132523390587
85.87278313084764
87.09677419354838
93.49462365591397
93.88888888888889
92.27598566308244
92.09677419354838
88.44621328492296
89.93845759974793
89.02969790066565
89.48948005399618
89.24160964483545
82.31911118173633
86.29323185774798
86.60731741376904
87.82420984033887
86.58951263789972
87.70772238514174
91.38504864311317
90.80645161290322
92.68817204301074
91.60906298003071
84.5209002467067
90.43000905904132
91.72124470511567
89.28536517246194
89.33691756272401
87.13773681515616
86.61290322580645
92.2273425499232
91.50537634408602
91.31720430107526
81.05823388081453
87.17357910906297
85.49236605688219
88.8923800214123
82.34988130149421
86.54389517292744
89.08986175115207
91.6563275434243
91.73963133640554
87.54962779156328
83.94777265745007
84.48924731182795
86.68970814132105
87.82991202346042
85.18817204301074
80.4636456733231
86.87369082530373
85.87685611879161
87.90671693897501
88.05927943024716
83.129039419362
83.74237769399059
84.05052832472187
88.84315505283247
87.09817064655775
86.67434715821813
92.59856630824373
89.01433691756272
93.4331797235023
90.18817204301074
85.62980030721967
87.43727598566309
84.97311827956989
86.98924731182795
82.08397337429595
90.56451612903226
93.73271889400922
89.05017921146953
90.15745007680492
88.54838709677419
81.58602150537634
84.35099846390169
85.31874039938556
82.66862170087977
87.8494623655914
87.72657450076805
90.57685146394823
90.98822324628777
91.33850020946795
89.52695154308057
80.24128942371433
88.34950891402505
85.95273006563329
85.42207792207792
85.24531024531024
86.25448028673836
88.75797141926174
90.70788530465951
92.22980424593328
90.43128914096657
88.09720745204615
92.44239631336406
92.25038402457757
91.55145929339477
92.54992319508449
82.79185867895546
89.3958013312852
87.4910394265233
88.45878136200717
87.54992319508449
91.83947772657449
95.12544802867384
87.90322580645162
91.0931899641577
87.98387096774194
88.06707629288275
86.82411674347159
84.44700460829492
87.1236559139785
86.30824372759857
87.36047107014849
87.5892566215147
89.40707142320046
88.90937019969277
89.59376644860515
88.27533577533579
89.4162826420891
89.34587813620072
90.26881720430107
89.5110087045571
87.75764558022622
91.77419354838712
92.71121351766513
93.2258064516129
88.87096774193549
91.66666666666666
95.3763440860215
87.93010752688171
93.67895545314902
92.66129032258064
81.8383911848873
86.77547363031233
89.01945724526371
88.96767211283341
87.98363822557373
86.90092165898618
85.62852022529441
87.38095238095238
86.87648373132244
85.35448422545198
86.11103581217434
92.08769724898757
88.55852928433572
90.13138295396361
89.24463529302238
