84.30875576036865
87.22734254992321
89.16666666666666
89.43164362519201
93.06451612903226
90.89861751152073
91.7741935483871
93.91705069124424
90.74500768049155
93.80952380952381
59.961879532188135
60.513147501987014
58.83933291815545
59.69922108806559
62.57385103272949
94.13978494623656
92.71121351766514
92.5268817204301
94.32411674347159
93.0568356374808
89.45468509984639
91.12903225806451
87.41935483870968
93.97849462365592
91.02150537634408
86.72043010752688
93.70967741935483
94.35483870967742
91.7741935483871
89.3010752688172
85.59139784946234
89.18586789554531
87.46543778801842
91.17511520737327
92.90322580645162
89.45468509984639
91.72043010752687
92.58064516129032
93.59447004608295
94.48540706605223
61.43068846665584
63.49052801454679
62.55386627943933
61.792645614839806
61.59899071489004
91.02150537634408
90.26881720430109
88.6021505376344
92.68817204301075
91.72043010752688
88.87096774193549
92.51920122887864
91.01382488479263
89.94623655913978
91.72043010752687
79.56221198156682
85.86021505376344
87.18894009216591
89.85407066052227
89.56989247311827
88.9784946236559
93.2258064516129
91.45161290322581
90.13440860215054
91.47465437788019
61.33863387408778
63.79988957800303
62.91264349644434
63.903471607456424
65.70788931174235
92.52688172043011
88.06451612903226
89.99999999999999
91.98924731182795
93.54838709677419
89.03225806451613
93.11827956989247
91.3978494623656
92.20430107526882
90.0
56.948808096815675
58.308566140942744
62.23378494625872
58.27029667182468
57.63883789211733
91.61290322580643
88.38709677419355
88.11827956989247
89.08602150537635
89.3010752688172
92.90322580645162
93.01075268817205
89.61597542242704
90.26881720430109
92.06605222734255
93.54838709677419
89.20890937019969
86.50537634408602
91.12903225806451
89.40860215053763
61.45308593278732
60.65798180314309
61.23924963411985
61.466021065167176
59.73633609546035
89.7004608294931
83.7557603686636
91.55913978494624
94.91935483870968
92.25806451612904
64.32319735925049
63.99848455139077
66.84266045469849
63.34904419182357
65.32974703278309
94.40860215053765
88.57142857142856
88.54838709677419
87.47311827956989
84.62365591397848
60.91305613114762
62.74314468724236
63.150332265357726
65.36286379059253
62.51389185844394
66.56619263754989
62.82816599714632
64.61024372851496
62.84504343487665
64.58510162507466
60.04882107949099
60.417772876501516
60.755831776554835
62.35145889320463
62.865610118415155
90.59139784946235
94.19354838709677
91.02150537634408
91.50537634408602
89.62365591397848
86.45161290322581
87.4731182795699
88.27956989247312
86.7357910906298
92.1505376344086
58.902509917815
62.234924035018686
62.07237136566508
64.06849355079156
63.4614319647114
54.96664975977738
61.60507924502232
59.795825098876044
58.83636626791301
58.75200095076756
91.12903225806451
89.3010752688172
89.35483870967742
91.93548387096774
89.78494623655914
93.17204301075269
90.86021505376344
91.23655913978493
87.95698924731184
90.3763440860215
59.28774840568096
62.23573214572414
61.52216025853573
63.1926802844782
63.29433507457062
77.88786482334868
84.08602150537634
89.89247311827955
89.78494623655914
90.0
63.74342078808338
66.2973575547067
66.73558467676114
63.46889433660327
65.14548766086442
63.061457176932066
64.58483828845836
64.65170582106067
62.66572856416929
64.82287085134362
59.35426875741966
62.25364176365374
61.91465587369391
61.74241151061285
61.161390474468256
85.62980030721965
92.52688172043011
90.5837173579109
92.4731182795699
91.93548387096774
60.14340998449158
62.61978706349937
65.5475476692894
63.06383469052172
63.539751702739814
92.79569892473118
87.41167434715823
88.2258064516129
93.14132104454684
93.6021505376344
61.290240309248354
64.33023407083853
63.611206533565216
61.04528789723905
63.509830667425796
61.11470730186399
64.16989203024858
63.08475239445955
66.1446911888338
64.20442488479041
82.74193548387096
85.40706605222735
90.59139784946235
90.0
90.21505376344085
80.86021505376343
88.21044546850999
87.89554531490015
88.54838709677418
91.61290322580643
83.09523809523809
86.61290322580645
88.9784946236559
86.25960061443932
91.89708141321044
65.0103016141514
65.54676606059807
66.80893827272014
64.08477260350803
65.04108089459524
64.38313764090256
62.07818954330105
60.35716570733548
61.66563964404273
63.122784425091425
58.94909822043772
60.59122444296718
58.74166197995221
60.440512343147624
59.41440948659825
77.41935483870968
84.89247311827955
77.51920122887863
89.83870967741935
89.19354838709677
81.47465437788017
78.9784946236559
89.73118279569891
83.6021505376344
91.34408602150538
82.74193548387096
83.41397849462365
89.35483870967741
86.6589861751152
89.30107526881721
65.98448777569723
65.34335673471645
64.35032810382356
62.15625096779596
67.17192023219188
64.89110683195874
66.47069057586472
66.44238142299358
64.79558955327956
65.21068490264514
64.83434289035377
67.30447208875252
66.84479202455832
66.72751425546163
64.46614738834853
87.09677419354838
88.59447004608293
90.26113671274962
89.56989247311827
86.98924731182797
77.1326164874552
89.19354838709677
87.58064516129032
93.9400921658986
91.39784946236558
82.79569892473118
92.48847926267281
87.09677419354838
91.29032258064517
90.6989247311828
61.23704410405069
61.98368626224913
62.25664068168811
59.83719281792656
61.20188026752971
60.760226839009206
61.50007659836187
64.59004380256752
65.00968616049333
62.956195238453304
60.31483704883286
64.42844570678388
66.44666949025087
66.7207916033942
68.0398754849089
84.46236559139784
89.89247311827957
88.6021505376344
86.98924731182795
88.06451612903226
59.64487376287905
61.081403505002825
60.45101945781064
61.44792530495464
60.9342341719002
63.85112227523071
64.59718650484133
63.61357780949812
66.13467712863498
65.36623559868342
87.78801843317972
87.1889400921659
93.69431643625192
89.51612903225806
89.73118279569891
64.02952546416044
65.15721712376931
64.77442938343766
65.14850434417498
67.66297931071226
84.51612903225805
85.21505376344085
78.3563748079877
84.6236559139785
88.76344086021507
83.44854070660521
89.13978494623655
87.1505376344086
86.82795698924731
80.752688172043
65.35868179890952
67.12949864864875
67.14285745879674
65.00100579370029
66.37808407345508
86.11367127496159
87.32718894009216
87.43471582181259
86.31336405529953
88.27956989247312
86.55913978494623
86.12903225806451
89.3010752688172
90.31490015360984
87.09677419354838
88.05683563748079
82.4193548387097
86.3978494623656
91.55913978494623
84.89247311827957
64.40921431804479
65.0290032548097
62.38534135006222
63.26514676497199
65.01252734834948
78.01075268817203
84.13978494623656
92.25806451612904
87.58064516129032
82.84178187403994
64.35379126918603
68.30417316185817
66.84288089345753
64.7954706971735
66.51453316316494
66.81317856827194
65.10646823465159
65.41838277294683
67.67464795765505
66.91795938063291
62.12890515334837
60.341269550634316
63.07811652488572
65.01113261662049
65.74678433607696
77.31182795698925
89.48540706605223
89.40860215053765
86.71274961597543
94.03225806451613
59.08880968615813
63.747915213781326
61.199617861082956
60.4466244747629
62.70744172546829
61.42146422640476
64.75188495972672
64.78466260686874
63.22762589062487
59.3529153165376
74.78494623655914
83.06451612903224
79.13978494623655
81.15207373271889
84.73118279569891
67.45546478610994
65.7056450772446
66.96573992881294
64.20352908518295
66.50183526792306
87.2043010752688
87.5806451612903
84.94623655913978
89.11290322580645
88.46390168970814
85.92933947772657
89.10906298003071
86.20583717357911
89.32795698924731
89.10906298003071
57.78527864935535
61.37923556519381
65.85686736649181
64.69017658358473
62.0218109769302
63.772559579011194
63.76643343451494
66.73713120107809
65.96099423064369
67.15430766676647
66.39146854712814
66.34046191721214
61.839686773273115
63.71407564955952
63.972977509803556
60.694654308706035
62.67360007747503
59.840108240307536
62.47898951808869
60.35737853277769
87.8494623655914
82.58064516129032
85.20737327188941
87.41935483870967
78.66359447004608
77.91858678955452
83.40245775729645
83.44086021505376
0.08640552995391705
80.26881720430109
63.77056813876448
62.50547368119525
65.4844247946693
64.9697411829249
64.7844478279912
66.54343876191342
67.2685373985803
67.55558551161765
67.84605439996909
68.28169555161965
74.89247311827957
85.26881720430107
87.58064516129032
86.82795698924731
82.94930875576036
61.21644016361862
61.74030733628257
62.19997380896907
62.86050212645638
60.993639171507944
80.92933947772656
90.02304147465436
87.1505376344086
85.39938556067587
84.67741935483869
79.54301075268816
80.752688172043
79.78494623655914
81.06758832565285
85.64516129032258
62.019247842861915
65.52334675616801
67.5536840347087
65.61324828076529
65.6957363741045
57.637788587076244
63.64143214310279
64.92136160941715
63.78875688486781
64.5880656758852
63.12504430775678
63.538812866062436
65.18151221347937
65.18666911281512
61.72358321902501
64.26793917527161
66.53746269519134
68.34175667092875
67.38646271089962
66.59438279132677
