58.71=88.89 100.00 75.00 76.00 11.11 51.28 85.71 50.00 27.27 65.22 66.67 84.00 70.83 33.33 68.00 52.50 68.75 71.88 39.13 86.67 15.38 75.86 82.61 38.89 33.33 53.85 45.00 50.00 26.32 66.67 60.00
56.49=82.14 100.00 73.91 68.97 7.14 46.81 72.73 42.31 40.00 66.67 56.76 71.88 65.52 30.77 68.42 60.71 75.00 70.00 55.00 75.00 18.18 84.62 76.00 26.67 41.18 52.00 36.36 66.67 22.73 57.14 40.00
58.74=100.00 100.00 70.37 71.43 5.26 48.84 94.74 50.00 50.00 85.00 60.53 81.48 58.06 40.00 72.00 71.43 62.86 72.73 36.36 58.82 15.38 75.00 76.92 35.71 30.56 46.67 60.00 76.92 22.22 44.44 47.06
58.57=88.46 95.45 69.23 83.33 0.00 42.86 90.48 61.11 14.29 71.43 61.11 85.19 55.00 26.32 87.50 76.00 62.86 75.00 47.83 57.89 0.00 85.19 72.41 50.00 40.74 56.00 42.86 66.67 31.58 77.78 41.18
61.17=92.00 100.00 76.00 78.26 2.56 47.92 100.00 66.67 38.46 80.00 51.28 75.86 60.00 31.58 75.00 75.86 70.59 67.65 56.52 73.33 0.00 84.62 75.00 50.00 36.67 62.50 50.00 85.71 33.33 54.55 44.44
58.75=83.33 100.00 81.82 77.78 3.45 61.11 100.00 53.33 25.00 100.00 70.27 75.86 81.48 37.93 50.00 82.61 63.89 75.00 21.74 59.09 46.15 91.67 69.23 0.00 33.33 42.86 73.33 61.54 26.67 41.67 31.25
54.72=83.33 100.00 72.00 68.18 0.00 57.14 90.91 43.33 26.67 63.16 70.59 91.67 64.71 35.00 50.00 72.00 68.42 66.67 23.08 42.86 30.43 80.95 76.00 7.14 36.36 61.54 63.16 69.23 10.53 46.15 25.00
56.28=100.00 100.00 93.75 69.23 0.00 51.06 95.24 56.00 30.00 50.00 71.43 74.19 65.62 23.81 50.00 93.33 67.57 70.97 34.62 42.11 8.33 80.77 67.86 5.56 32.35 57.14 70.59 72.73 22.22 42.86 45.45
58.61=95.45 100.00 90.00 53.12 3.23 51.11 89.47 62.50 33.33 45.83 68.57 82.14 68.97 68.42 63.16 76.00 71.43 67.65 36.00 58.82 11.11 80.00 67.86 7.14 41.67 55.17 63.64 75.00 28.57 60.00 41.67
58.57=88.46 100.00 100.00 61.76 0.00 45.28 95.24 53.85 35.00 72.22 69.70 63.89 77.78 44.44 66.67 70.00 71.43 73.33 45.00 58.82 11.11 94.44 59.26 5.56 46.15 53.57 63.64 50.00 27.78 40.00 71.43
88.04=100.00 100.00 100.00 100.00 100.00 100.00 100.00 66.67 71.43 100.00 100.00 100.00 75.00 100.00 88.89 80.00 100.00 70.00 71.43 100.00 100.00 83.33 85.71 85.71 83.33 75.00 100.00 77.78 62.50 85.71 66.67
89.88=100.00 100.00 85.71 100.00 80.00 100.00 100.00 80.00 100.00 100.00 77.78 100.00 87.50 100.00 87.50 88.89 71.43 100.00 100.00 100.00 100.00 100.00 85.71 75.00 100.00 66.67 100.00 100.00 50.00 83.33 66.67
90.01=100.00 100.00 70.00 100.00 100.00 88.89 100.00 66.67 100.00 100.00 100.00 87.50 85.71 83.33 100.00 80.00 100.00 87.50 100.00 100.00 80.00 75.00 100.00 83.33 100.00 75.00 83.33 88.89 75.00 100.00 80.00
95.86=100.00 83.33 100.00 100.00 100.00 100.00 100.00 50.00 80.00 100.00 100.00 100.00 100.00 100.00 100.00 100.00 100.00 100.00 100.00 100.00 100.00 100.00 100.00 83.33 100.00 100.00 100.00 100.00 75.00 100.00 100.00
91.79=100.00 100.00 87.50 75.00 80.00 100.00 100.00 66.67 71.43 83.33 100.00 100.00 100.00 100.00 100.00 100.00 100.00 100.00 100.00 100.00 100.00 100.00 85.71 85.71 100.00 100.00 100.00 100.00 66.67 83.33 60.00
80.84=77.78 100.00 100.00 100.00 100.00 88.89 100.00 60.00 80.00 60.00 87.50 87.50 75.00 100.00 80.00 75.00 88.89 85.71 66.67 70.00 100.00 100.00 100.00 62.50 75.00 0.00 71.43 85.71 85.71 100.00 42.86
87.04=75.00 100.00 100.00 100.00 80.00 85.71 100.00 57.14 83.33 100.00 100.00 77.78 100.00 100.00 70.00 100.00 100.00 100.00 100.00 55.56 100.00 100.00 100.00 100.00 90.00 0.00 100.00 100.00 66.67 100.00 57.14
89.85=87.50 100.00 100.00 75.00 80.00 87.50 100.00 80.00 100.00 100.00 100.00 87.50 100.00 100.00 85.71 90.91 100.00 100.00 100.00 72.73 100.00 100.00 100.00 75.00 90.91 12.50 100.00 100.00 80.00 100.00 80.00
89.36=87.50 100.00 100.00 100.00 100.00 88.89 100.00 57.14 71.43 100.00 100.00 100.00 100.00 100.00 77.78 77.78 100.00 100.00 100.00 66.67 100.00 100.00 100.00 83.33 88.89 25.00 100.00 100.00 60.00 85.71 100.00
88.46=87.50 100.00 100.00 100.00 100.00 88.89 100.00 50.00 60.00 100.00 100.00 87.50 83.33 100.00 75.00 57.14 88.89 100.00 75.00 100.00 80.00 80.00 100.00 85.71 100.00 60.00 100.00 100.00 83.33 100.00 100.00
85.87=70.00 100.00 100.00 75.00 100.00 100.00 90.00 100.00 100.00 80.00 77.78 87.50 100.00 83.33 75.00 90.00 72.73 87.50 87.50 100.00 100.00 100.00 100.00 66.67 85.71 42.86 100.00 88.89 50.00 80.00 71.43
89.11=87.50 100.00 100.00 100.00 100.00 87.50 100.00 66.67 100.00 100.00 77.78 87.50 100.00 71.43 87.50 76.92 72.73 87.50 100.00 100.00 100.00 80.00 100.00 75.00 88.89 60.00 100.00 100.00 55.56 100.00 100.00
90.72=100.00 100.00 100.00 75.00 80.00 100.00 100.00 100.00 100.00 83.33 100.00 100.00 88.89 66.67 100.00 75.00 80.00 100.00 100.00 100.00 100.00 100.00 100.00 80.00 88.89 75.00 100.00 77.78 75.00 83.33 83.33
91.30=77.78 100.00 100.00 75.00 100.00 100.00 100.00 100.00 100.00 83.33 87.50 100.00 87.50 71.43 85.71 100.00 88.89 100.00 85.71 100.00 100.00 100.00 100.00 100.00 90.00 60.00 100.00 87.50 50.00 100.00 100.00
91.02=75.00 100.00 100.00 50.00 100.00 100.00 100.00 100.00 100.00 100.00 100.00 100.00 87.50 83.33 100.00 88.89 72.73 87.50 100.00 100.00 100.00 100.00 100.00 75.00 77.78 75.00 100.00 88.89 60.00 100.00 100.00
60.95=92.00 100.00 88.89 90.48 2.86 47.83 92.00 87.50 37.04 92.86 70.97 87.50 80.00 52.38 64.52 54.05 75.76 65.52 34.38 84.21 0.00 93.33 80.77 15.38 26.09 48.28 57.14 47.37 50.00 44.44 25.81
62.96=100.00 95.24 78.26 76.00 3.45 45.10 88.00 76.19 43.48 89.47 77.42 77.78 70.37 52.38 83.33 65.62 76.47 70.00 32.43 72.73 5.88 91.67 77.78 30.77 37.04 45.45 57.89 52.63 45.45 66.67 66.67
62.21=88.89 95.24 80.95 90.00 6.45 48.98 87.50 66.67 45.83 88.24 72.22 75.00 76.92 56.52 79.17 72.41 83.87 67.74 36.11 65.00 6.67 85.71 84.62 15.38 40.62 55.00 50.00 55.00 26.67 50.00 75.00
63.26=91.67 100.00 81.82 86.96 0.00 52.27 88.00 65.22 26.32 78.95 75.00 70.00 67.86 68.42 76.92 83.33 86.21 62.50 40.62 72.73 0.00 96.15 75.00 13.33 44.44 47.83 55.56 68.75 35.29 75.00 75.00
60.56=96.00 95.24 85.00 82.61 0.00 45.65 84.00 68.42 31.58 76.19 69.70 78.57 69.57 59.09 76.92 70.00 80.65 62.86 25.00 68.18 0.00 75.86 64.52 7.14 40.62 45.45 55.00 66.67 50.00 63.64 83.33
57.83=95.83 95.45 81.82 73.08 2.78 53.85 86.36 47.37 16.67 76.47 52.38 67.65 56.41 45.45 74.19 73.33 65.71 75.00 30.00 76.92 7.14 78.26 73.33 30.77 50.00 70.59 53.85 25.00 40.00 57.14 60.00
59.72=95.83 100.00 76.00 74.07 2.70 52.38 90.91 56.25 7.14 87.50 51.22 69.70 52.38 47.37 88.46 76.92 70.59 65.62 43.48 47.62 0.00 78.57 63.64 41.67 38.71 65.00 66.67 66.67 36.36 83.33 54.55
63.38=95.65 100.00 85.71 74.07 0.00 47.73 71.43 81.25 50.00 80.00 60.53 75.86 54.29 40.00 77.42 77.42 70.59 65.79 48.00 68.75 0.00 92.00 71.43 41.67 40.62 68.42 62.50 69.23 52.63 66.67 75.00
61.25=95.83 100.00 90.00 80.00 2.63 57.14 73.08 75.00 14.29 80.95 56.10 67.74 51.35 47.83 80.65 77.42 69.70 63.89 54.17 52.94 0.00 92.59 77.78 54.55 38.46 60.87 42.11 83.33 36.84 50.00 71.43
61.95=91.67 95.45 85.00 79.17 0.00 51.11 86.36 76.92 46.15 59.26 58.97 73.33 56.41 47.37 85.19 76.67 68.75 58.97 43.48 52.63 0.00 86.96 81.48 53.85 44.44 73.68 45.00 80.00 37.50 55.56 69.23
85.40=77.78 100.00 100.00 75.00 57.14 88.89 100.00 100.00 100.00 66.67 100.00 87.50 100.00 80.00 66.67 100.00 60.00 85.71 87.50 100.00 100.00 80.00 100.00 60.00 85.71 75.00 100.00 75.00 55.56 83.33 100.00
89.04=87.50 100.00 100.00 75.00 100.00 100.00 100.00 75.00 100.00 100.00 100.00 85.71 100.00 100.00 80.00 84.62 66.67 100.00 70.00 100.00 100.00 83.33 100.00 60.00 75.00 75.00 100.00 100.00 62.50 80.00 100.00
89.50=87.50 100.00 100.00 100.00 66.67 100.00 90.91 66.67 83.33 100.00 100.00 100.00 100.00 62.50 100.00 100.00 72.73 100.00 77.78 100.00 100.00 66.67 100.00 100.00 100.00 75.00 83.33 100.00 55.56 85.71 100.00
89.41=87.50 100.00 100.00 100.00 80.00 88.89 100.00 100.00 100.00 100.00 100.00 87.50 100.00 83.33 83.33 100.00 72.73 87.50 77.78 100.00 75.00 80.00 100.00 66.67 88.89 75.00 100.00 100.00 62.50 100.00 75.00
91.23=77.78 100.00 100.00 100.00 100.00 88.89 100.00 100.00 100.00 83.33 100.00 100.00 100.00 100.00 100.00 100.00 80.00 100.00 77.78 100.00 100.00 83.33 100.00 57.14 85.71 75.00 100.00 100.00 50.00 85.71 83.33
89.43=77.78 100.00 100.00 100.00 80.00 77.78 90.91 80.00 83.33 71.43 100.00 77.78 100.00 100.00 66.67 100.00 87.50 100.00 100.00 100.00 80.00 100.00 100.00 83.33 61.54 100.00 100.00 87.50 66.67 100.00 100.00
86.27=100.00 100.00 100.00 100.00 100.00 77.78 100.00 80.00 100.00 100.00 87.50 100.00 100.00 83.33 75.00 90.91 100.00 87.50 75.00 66.67 100.00 100.00 80.00 75.00 70.00 0.00 100.00 87.50 71.43 100.00 66.67
89.27=87.50 100.00 100.00 100.00 80.00 80.00 100.00 50.00 100.00 100.00 100.00 100.00 100.00 100.00 83.33 85.71 100.00 100.00 100.00 72.73 100.00 100.00 87.50 71.43 100.00 0.00 100.00 85.71 83.33 100.00 100.00
86.57=85.71 100.00 100.00 100.00 75.00 70.00 100.00 44.44 100.00 83.33 100.00 77.78 100.00 100.00 62.50 85.71 100.00 100.00 100.00 66.67 80.00 100.00 100.00 85.71 100.00 0.00 83.33 100.00 83.33 100.00 100.00
90.09=87.50 100.00 100.00 100.00 66.67 87.50 90.00 40.00 100.00 100.00 100.00 100.00 100.00 100.00 87.50 80.00 100.00 100.00 100.00 88.89 100.00 100.00 100.00 75.00 87.50 50.00 83.33 88.89 80.00 100.00 100.00
61.26=84.62 100.00 69.23 76.92 0.00 44.74 77.27 71.43 18.75 93.33 55.00 60.53 48.48 39.13 83.33 70.97 71.88 60.53 52.63 60.00 0.00 80.00 73.08 41.18 40.00 61.90 57.14 76.92 50.00 100.00 80.00
60.85=100.00 95.65 90.00 76.92 0.00 50.00 77.78 71.43 15.38 93.75 54.05 80.77 51.28 59.09 83.33 92.00 69.70 62.50 39.29 62.50 0.00 75.00 67.74 54.55 45.45 60.87 35.00 71.43 21.05 57.14 72.73
62.08=92.00 100.00 73.08 76.00 0.00 45.45 82.61 72.22 36.36 80.00 56.76 71.88 57.14 68.42 80.00 66.67 76.67 60.00 50.00 70.00 9.09 87.50 75.86 28.57 50.00 52.00 56.25 69.23 38.10 62.50 80.00
61.92=100.00 95.65 95.00 74.07 0.00 53.66 82.61 72.22 36.84 84.21 54.29 71.88 58.62 52.38 80.77 79.31 61.76 61.54 36.84 52.94 0.00 82.76 79.17 50.00 37.14 51.85 44.44 90.00 43.75 71.43 64.29
61.73=92.00 100.00 69.23 73.08 0.00 53.19 80.00 80.00 12.50 88.24 55.00 78.57 47.50 55.56 71.88 91.67 64.71 55.81 42.86 58.82 0.00 80.00 85.19 46.15 46.15 54.17 66.67 78.57 47.62 75.00 63.64
88.19=77.78 100.00 100.00 100.00 75.00 100.00 100.00 80.00 71.43 83.33 87.50 100.00 100.00 100.00 100.00 90.91 80.00 100.00 70.00 100.00 100.00 80.00 100.00 66.67 100.00 75.00 85.71 75.00 50.00 85.71 100.00
90.07=77.78 100.00 83.33 75.00 100.00 100.00 100.00 80.00 83.33 100.00 100.00 100.00 87.50 100.00 100.00 100.00 80.00 100.00 100.00 100.00 80.00 100.00 100.00 60.00 80.00 75.00 85.71 100.00 44.44 100.00 100.00
89.17=87.50 100.00 83.33 75.00 100.00 88.89 100.00 100.00 100.00 100.00 85.71 100.00 87.50 71.43 100.00 90.91 80.00 87.50 85.71 100.00 100.00 100.00 80.00 66.67 85.71 75.00 100.00 100.00 50.00 83.33 100.00
93.46=87.50 100.00 100.00 100.00 100.00 100.00 100.00 100.00 100.00 83.33 100.00 87.50 100.00 83.33 100.00 84.62 80.00 100.00 87.50 80.00 100.00 100.00 100.00 100.00 77.78 100.00 85.71 100.00 60.00 100.00 100.00
89.75=100.00 100.00 100.00 100.00 80.00 85.71 100.00 100.00 75.00 71.43 87.50 87.50 100.00 100.00 70.00 90.91 70.00 100.00 85.71 88.89 100.00 83.33 100.00 100.00 80.00 75.00 100.00 88.89 62.50 100.00 100.00
85.10=87.50 100.00 100.00 75.00 100.00 88.89 100.00 57.14 100.00 80.00 100.00 100.00 88.89 83.33 50.00 87.50 77.78 87.50 85.71 88.89 66.67 100.00 100.00 83.33 100.00 75.00 85.71 85.71 57.14 75.00 71.43
87.56=85.71 100.00 100.00 100.00 100.00 72.73 100.00 57.14 66.67 100.00 100.00 87.50 87.50 100.00 50.00 100.00 72.73 100.00 85.71 100.00 100.00 83.33 77.78 100.00 88.89 75.00 83.33 83.33 57.14 100.00 100.00
88.75=100.00 100.00 100.00 100.00 80.00 88.89 100.00 42.86 66.67 100.00 100.00 100.00 100.00 100.00 85.71 70.00 100.00 100.00 85.71 80.00 80.00 100.00 100.00 85.71 100.00 20.00 85.71 100.00 80.00 100.00 100.00
92.71=87.50 83.33 100.00 100.00 80.00 88.89 100.00 50.00 100.00 100.00 100.00 100.00 100.00 100.00 85.71 88.89 88.89 85.71 100.00 100.00 100.00 100.00 87.50 85.71 81.82 100.00 100.00 100.00 80.00 100.00 100.00
86.80=85.71 100.00 100.00 100.00 100.00 100.00 90.00 75.00 80.00 80.00 100.00 87.50 70.00 100.00 71.43 80.00 72.73 100.00 100.00 70.00 75.00 100.00 87.50 80.00 100.00 40.00 83.33 100.00 62.50 100.00 100.00
60.39=91.67 95.45 90.00 75.00 2.86 47.62 81.82 80.00 30.77 86.67 52.27 77.78 61.11 54.55 74.19 82.76 70.00 62.50 39.13 45.00 14.29 81.48 76.67 27.27 43.33 50.00 50.00 69.23 37.50 54.55 66.67
61.94=95.83 100.00 73.08 80.00 2.63 48.89 81.82 68.42 12.50 83.33 60.00 69.70 51.22 52.94 82.14 80.77 65.71 57.89 54.55 47.62 28.57 76.67 76.00 41.67 57.14 83.33 53.33 84.62 34.62 71.43 43.75
62.00=88.46 100.00 90.00 76.00 2.63 54.76 72.00 70.00 25.00 86.67 66.67 70.59 54.05 44.00 81.48 74.19 71.88 58.97 50.00 72.73 0.00 85.71 74.07 50.00 39.29 61.90 52.94 75.00 29.63 83.33 60.00
62.37=95.65 95.24 80.95 83.33 0.00 53.49 80.00 55.00 26.32 88.24 60.61 78.57 53.85 45.16 85.19 77.78 68.57 55.81 50.00 62.50 0.00 86.21 78.57 50.00 43.48 60.87 47.37 85.71 35.00 75.00 75.00
61.69=91.67 100.00 81.82 71.43 0.00 47.73 76.00 57.14 41.67 69.57 55.00 84.62 57.89 44.44 73.53 84.62 65.62 57.50 38.10 61.11 0.00 86.21 75.00 44.44 41.94 73.68 61.54 90.91 37.50 83.33 58.33
80.89=100.00 100.00 100.00 100.00 100.00 88.89 100.00 66.67 62.50 60.00 100.00 87.50 62.50 100.00 63.64 72.73 72.73 100.00 100.00 100.00 40.00 66.67 100.00 57.14 87.50 75.00 100.00 85.71 50.00 83.33 25.00
90.18=87.50 100.00 85.71 100.00 100.00 88.89 100.00 66.67 62.50 100.00 100.00 100.00 87.50 100.00 83.33 100.00 80.00 100.00 100.00 100.00 75.00 83.33 100.00 57.14 100.00 100.00 85.71 100.00 66.67 85.71 100.00
86.19=100.00 100.00 85.71 75.00 60.00 100.00 100.00 80.00 83.33 80.00 87.50 100.00 87.50 62.50 80.00 69.23 85.71 83.33 75.00 100.00 100.00 66.67 100.00 71.43 83.33 100.00 100.00 88.89 100.00 100.00 66.67
87.89=100.00 100.00 100.00 100.00 80.00 88.89 90.91 80.00 62.50 71.43 100.00 100.00 87.50 100.00 100.00 77.78 87.50 75.00 100.00 100.00 100.00 66.67 100.00 62.50 100.00 50.00 100.00 85.71 83.33 75.00 100.00
87.50=100.00 100.00 100.00 75.00 100.00 87.50 100.00 44.44 83.33 100.00 100.00 100.00 66.67 83.33 87.50 88.89 88.89 100.00 85.71 100.00 80.00 80.00 100.00 83.33 80.00 42.86 100.00 100.00 75.00 100.00 80.00
60.70=88.00 95.45 85.71 83.33 0.00 56.76 91.30 66.67 30.00 65.38 68.75 74.19 68.97 52.17 76.92 67.74 81.25 57.14 35.48 94.44 10.00 80.00 83.33 10.00 40.74 52.17 50.00 46.67 42.86 42.86 83.33
64.80=92.00 100.00 86.36 86.96 0.00 54.55 91.30 65.00 36.36 72.73 67.57 71.43 69.57 60.00 85.19 66.67 75.76 54.55 39.39 83.33 15.38 91.30 82.76 26.67 43.75 50.00 57.89 83.33 46.15 75.00 77.78
61.68=92.31 90.91 81.82 80.00 3.57 55.81 91.30 63.16 44.44 80.95 70.27 70.00 66.67 54.55 74.19 74.19 78.79 67.74 36.00 68.00 0.00 85.19 69.70 15.38 46.15 57.89 54.55 64.71 23.08 60.00 90.91
62.44=88.89 91.30 81.82 86.36 0.00 50.00 95.00 70.00 28.57 76.19 72.22 82.14 73.08 61.90 82.76 60.61 72.73 56.76 37.04 78.95 7.14 80.77 77.42 33.33 33.33 50.00 55.56 75.00 33.33 66.67 76.92
62.37=100.00 95.24 79.17 86.96 4.55 52.27 88.00 81.25 31.82 76.19 69.44 80.77 68.97 73.68 81.48 65.62 78.12 53.49 36.67 88.89 0.00 86.21 70.27 14.29 40.00 57.14 47.62 52.94 30.77 57.14 84.62
89.41=77.78 100.00 100.00 100.00 80.00 100.00 100.00 66.67 71.43 83.33 100.00 87.50 77.78 100.00 100.00 87.50 87.50 100.00 100.00 88.89 100.00 100.00 83.33 80.00 100.00 42.86 85.71 100.00 71.43 100.00 100.00
87.60=87.50 100.00 100.00 75.00 100.00 100.00 100.00 80.00 66.67 100.00 100.00 87.50 62.50 100.00 80.00 100.00 88.89 77.78 100.00 87.50 100.00 80.00 83.33 83.33 80.00 100.00 85.71 100.00 60.00 100.00 50.00
85.40=100.00 100.00 85.71 100.00 100.00 77.78 100.00 75.00 71.43 100.00 87.50 85.71 66.67 80.00 85.71 88.89 88.89 100.00 100.00 88.89 75.00 71.43 60.00 71.43 87.50 50.00 100.00 100.00 75.00 100.00 75.00
90.62=87.50 100.00 87.50 100.00 100.00 100.00 100.00 80.00 83.33 100.00 100.00 100.00 70.00 100.00 100.00 100.00 100.00 100.00 100.00 100.00 60.00 100.00 87.50 83.33 100.00 60.00 83.33 100.00 60.00 100.00 66.67
86.64=100.00 100.00 85.71 100.00 100.00 87.50 100.00 44.44 83.33 83.33 87.50 77.78 77.78 100.00 100.00 100.00 85.71 100.00 100.00 100.00 80.00 83.33 100.00 62.50 100.00 42.86 85.71 100.00 75.00 83.33 60.00
88.60=87.50 100.00 100.00 75.00 80.00 100.00 100.00 80.00 100.00 83.33 87.50 100.00 100.00 83.33 83.33 75.00 87.50 100.00 70.00 88.89 100.00 100.00 100.00 100.00 88.89 75.00 100.00 85.71 50.00 85.71 80.00
90.16=77.78 100.00 100.00 75.00 100.00 100.00 100.00 66.67 100.00 100.00 100.00 100.00 88.89 100.00 87.50 100.00 80.00 100.00 100.00 87.50 100.00 100.00 77.78 50.00 88.89 75.00 100.00 100.00 40.00 100.00 100.00
90.80=100.00 100.00 100.00 60.00 100.00 88.89 90.91 100.00 83.33 100.00 85.71 87.50 100.00 83.33 100.00 100.00 80.00 100.00 77.78 100.00 100.00 100.00 100.00 60.00 90.00 75.00 85.71 100.00 66.67 100.00 100.00
88.05=87.50 100.00 100.00 100.00 100.00 100.00 90.91 80.00 83.33 80.00 87.50 87.50 100.00 83.33 100.00 100.00 88.89 87.50 87.50 100.00 100.00 80.00 100.00 50.00 70.00 50.00 100.00 80.00 55.56 100.00 100.00
90.69=85.71 100.00 100.00 100.00 100.00 100.00 100.00 80.00 75.00 83.33 77.78 100.00 100.00 80.00 100.00 100.00 80.00 100.00 100.00 100.00 100.00 83.33 100.00 80.00 63.64 60.00 100.00 100.00 62.50 100.00 100.00
62.66=100.00 95.65 81.82 73.08 2.94 53.49 87.50 70.00 12.50 83.33 58.97 67.65 61.11 52.17 88.46 74.19 71.88 54.76 41.67 58.82 0.00 85.19 73.33 45.45 50.00 48.15 50.00 92.31 34.78 83.33 90.00
61.67=95.83 100.00 73.91 80.00 0.00 53.33 86.96 66.67 22.22 88.24 55.00 68.75 47.37 50.00 81.25 87.50 70.00 55.81 54.55 71.43 0.00 80.00 69.23 46.15 46.43 54.17 43.75 86.67 40.00 66.67 70.00
61.13=88.89 100.00 69.23 76.92 2.70 48.84 81.82 71.43 33.33 72.73 60.53 78.57 58.33 52.94 82.76 76.67 66.67 59.46 48.15 58.82 0.00 77.42 78.57 28.57 46.43 61.90 52.94 80.00 35.29 75.00 70.00
60.68=92.00 95.45 77.27 71.43 0.00 50.00 84.00 60.00 18.75 80.00 61.76 71.88 56.76 56.52 71.88 88.46 77.42 58.97 47.83 66.67 0.00 86.21 72.00 41.67 44.83 61.90 44.44 70.00 47.37 55.56 70.00
62.42=88.46 95.45 80.95 79.17 0.00 48.00 86.96 76.47 16.67 83.33 55.88 80.00 52.78 57.14 88.46 84.62 70.59 57.14 52.38 62.50 0.00 81.48 76.67 23.08 39.29 63.64 47.37 87.50 36.00 71.43 91.67
85.67=87.50 100.00 100.00 75.00 80.00 100.00 100.00 66.67 83.33 100.00 100.00 100.00 80.00 100.00 66.67 100.00 87.50 87.50 85.71 72.73 80.00 100.00 100.00 80.00 88.89 0.00 100.00 87.50 66.67 100.00 80.00
90.73=87.50 100.00 100.00 100.00 80.00 87.50 100.00 66.67 100.00 100.00 100.00 87.50 87.50 83.33 77.78 100.00 100.00 77.78 100.00 87.50 100.00 100.00 100.00 80.00 100.00 66.67 85.71 100.00 57.14 100.00 100.00
86.08=100.00 100.00 100.00 60.00 80.00 88.89 90.91 66.67 83.33 100.00 100.00 100.00 72.73 83.33 77.78 100.00 80.00 100.00 80.00 75.00 100.00 100.00 100.00 85.71 100.00 16.67 85.71 100.00 66.67 100.00 75.00
86.30=87.50 83.33 100.00 100.00 100.00 72.73 100.00 50.00 100.00 100.00 100.00 87.50 100.00 83.33 75.00 100.00 87.50 87.50 100.00 72.73 75.00 83.33 85.71 80.00 90.00 20.00 100.00 87.50 66.67 100.00 100.00
89.19=87.50 100.00 100.00 50.00 80.00 88.89 100.00 57.14 71.43 100.00 100.00 87.50 100.00 100.00 77.78 100.00 88.89 100.00 100.00 100.00 100.00 100.00 87.50 85.71 87.50 60.00 100.00 100.00 80.00 100.00 75.00
84.29=100.00 100.00 85.71 100.00 80.00 100.00 90.91 57.14 100.00 83.33 100.00 100.00 71.43 100.00 60.00 77.78 75.00 100.00 100.00 88.89 80.00 66.67 100.00 75.00 88.89 40.00 66.67 87.50 71.43 100.00 66.67
90.70=100.00 100.00 85.71 100.00 100.00 100.00 90.91 66.67 62.50 83.33 100.00 83.33 77.78 100.00 100.00 100.00 80.00 70.00 87.50 100.00 100.00 60.00 100.00 100.00 88.89 100.00 100.00 100.00 75.00 100.00 100.00
83.24=87.50 100.00 85.71 100.00 75.00 88.89 100.00 75.00 83.33 100.00 100.00 100.00 83.33 83.33 85.71 88.89 87.50 77.78 100.00 100.00 80.00 71.43 66.67 57.14 100.00 33.33 83.33 85.71 85.71 75.00 40.00
87.69=100.00 100.00 83.33 100.00 100.00 87.50 100.00 80.00 62.50 83.33 87.50 100.00 75.00 100.00 100.00 88.89 70.00 87.50 87.50 100.00 50.00 80.00 100.00 71.43 100.00 75.00 85.71 83.33 80.00 100.00 100.00
86.36=100.00 100.00 100.00 100.00 80.00 100.00 100.00 80.00 55.56 83.33 87.50 100.00 83.33 57.14 100.00 100.00 87.50 75.00 100.00 100.00 80.00 60.00 83.33 71.43 88.89 60.00 100.00 100.00 75.00 85.71 83.33
61.81=88.46 100.00 81.82 74.07 2.50 48.78 79.17 78.57 17.65 88.24 56.10 63.16 55.88 54.55 88.89 88.46 71.88 62.16 47.83 69.23 0.00 84.62 82.14 36.36 45.16 56.52 53.33 75.00 33.33 75.00 57.14
62.59=92.00 100.00 81.82 82.61 0.00 47.73 83.33 72.22 35.71 93.75 56.10 70.59 51.28 66.67 72.41 85.19 69.70 65.79 42.86 66.67 0.00 77.78 71.43 37.50 40.62 70.00 41.18 73.33 30.77 83.33 77.78
63.23=88.00 100.00 72.00 75.00 2.70 48.89 80.77 86.67 20.00 68.42 53.85 78.57 50.00 48.00 83.33 88.00 70.59 60.00 52.17 76.92 11.11 88.46 75.86 46.15 48.00 59.09 64.29 76.92 36.36 83.33 66.67
62.34=91.30 100.00 70.83 76.92 0.00 45.45 76.92 81.25 23.81 87.50 56.76 74.07 55.26 52.38 76.67 85.71 64.86 55.00 40.00 76.92 0.00 80.77 75.86 40.00 36.36 65.00 53.33 88.89 36.84 88.89 75.00
60.77=91.30 95.45 75.00 79.17 0.00 50.00 83.33 56.25 12.50 83.33 55.00 76.67 56.82 61.11 82.76 77.78 63.89 59.46 52.63 47.06 0.00 80.00 74.07 45.45 43.75 59.09 56.25 73.33 36.36 83.33 72.73
62.51=96.00 100.00 81.82 83.33 0.00 57.14 95.65 73.68 28.00 76.19 61.54 72.41 56.67 64.71 78.12 71.43 72.73 63.64 41.38 75.00 0.00 85.71 75.00 20.00 44.44 46.15 50.00 53.85 54.55 80.00 78.57
64.79=95.45 95.65 79.17 85.71 3.12 48.98 100.00 66.67 42.11 77.27 71.88 83.33 63.64 65.38 68.75 70.97 82.76 57.58 41.67 64.00 0.00 100.00 89.29 23.08 50.00 61.11 66.67 70.59 35.29 75.00 73.33
63.54=95.83 95.45 72.00 86.96 6.06 52.50 88.46 70.00 36.84 77.27 68.75 82.14 67.86 66.67 74.19 66.67 75.76 70.97 38.10 77.27 8.33 82.14 74.19 21.43 44.83 48.00 45.83 76.92 33.33 75.00 90.00
64.27=96.00 95.45 78.26 83.33 6.45 53.33 91.67 80.00 27.27 77.27 63.89 85.19 65.52 70.83 75.00 75.86 82.76 67.74 42.31 72.73 11.11 85.19 74.19 26.67 42.86 60.00 58.82 58.33 45.45 57.14 81.82
62.28=100.00 100.00 75.00 76.92 0.00 52.38 95.24 57.14 33.33 71.43 66.67 84.00 67.86 54.17 78.12 65.71 83.87 74.19 45.83 69.57 0.00 76.67 77.78 12.50 46.43 59.09 58.82 53.85 35.71 66.67 91.67
60.95=95.83 95.45 72.00 76.00 2.70 50.00 79.17 61.90 22.73 88.24 61.29 68.75 56.25 50.00 78.57 84.00 69.70 56.41 45.83 62.50 0.00 80.00 72.00 30.00 56.00 63.64 52.94 73.33 29.17 75.00 80.00
62.92=95.83 95.45 72.00 75.00 0.00 48.98 78.26 61.11 27.78 100.00 56.41 82.14 63.16 60.00 85.19 76.67 69.70 58.97 45.83 60.00 0.00 81.48 70.37 54.55 55.17 70.00 53.33 76.92 38.10 71.43 66.67
59.86=88.46 100.00 65.38 76.92 0.00 45.00 80.77 66.67 41.67 71.43 60.00 82.14 55.00 50.00 66.67 88.00 65.71 58.97 40.91 62.50 0.00 80.00 79.17 25.00 40.62 70.00 52.94 78.57 33.33 57.14 72.73
61.57=92.00 100.00 73.91 76.92 0.00 51.22 86.36 64.71 31.25 80.00 47.37 79.31 56.10 66.67 74.29 77.78 62.16 58.54 45.45 53.33 10.00 84.62 76.92 21.43 47.83 59.09 52.94 85.71 26.09 83.33 83.33
61.69=100.00 100.00 73.08 71.43 0.00 48.65 86.96 72.22 23.08 68.18 57.89 70.00 52.38 47.62 72.73 92.00 72.73 58.97 50.00 71.43 11.11 85.19 77.78 40.00 45.83 60.00 56.25 80.00 34.62 75.00 57.14
86.50=100.00 100.00 85.71 75.00 100.00 88.89 100.00 60.00 100.00 83.33 100.00 85.71 75.00 100.00 88.89 80.00 72.73 70.00 100.00 87.50 80.00 66.67 100.00 75.00 100.00 66.67 100.00 83.33 57.14 100.00 100.00
88.17=100.00 100.00 71.43 100.00 100.00 100.00 90.00 66.67 80.00 83.33 87.50 100.00 87.50 100.00 100.00 60.00 77.78 87.50 85.71 100.00 100.00 80.00 100.00 66.67 100.00 60.00 100.00 100.00 83.33 85.71 80.00
90.01=100.00 100.00 87.50 100.00 80.00 100.00 100.00 57.14 50.00 100.00 100.00 100.00 100.00 100.00 80.00 80.00 88.89 87.50 100.00 100.00 100.00 83.33 87.50 100.00 100.00 75.00 100.00 100.00 83.33 83.33 66.67
88.88=87.50 100.00 85.71 100.00 100.00 100.00 100.00 50.00 71.43 83.33 100.00 87.50 100.00 100.00 88.89 80.00 70.00 87.50 100.00 100.00 100.00 80.00 100.00 62.50 87.50 100.00 100.00 100.00 83.33 100.00 50.00
89.88=100.00 100.00 85.71 100.00 80.00 100.00 100.00 66.67 83.33 100.00 87.50 87.50 100.00 83.33 88.89 100.00 80.00 100.00 87.50 100.00 100.00 66.67 75.00 71.43 100.00 100.00 100.00 100.00 85.71 100.00 57.14
57.41=95.24 100.00 88.89 66.67 2.94 57.89 86.96 66.67 30.43 68.18 67.57 58.54 67.86 62.50 60.00 64.52 71.88 62.86 40.91 47.83 6.67 76.92 70.83 10.00 46.67 55.56 65.00 53.33 38.10 45.45 42.86
60.33=95.45 100.00 85.00 58.62 0.00 60.98 84.00 52.00 33.33 53.57 62.16 62.16 74.19 87.50 69.70 84.00 68.57 62.16 52.63 36.84 23.08 88.89 70.00 0.00 50.00 60.00 66.67 46.15 31.25 71.43 80.00
59.82=88.46 100.00 88.89 64.29 0.00 61.54 87.50 61.11 22.22 66.67 63.41 58.54 63.89 85.71 69.23 79.17 68.57 70.00 44.00 45.83 16.67 73.08 72.00 7.69 50.00 65.22 78.95 62.50 29.17 54.55 55.56
60.27=88.00 94.74 80.95 71.43 0.00 58.54 86.96 68.42 26.32 66.67 63.41 58.97 62.16 59.09 81.48 79.17 72.73 62.86 40.91 45.83 8.33 76.92 73.08 14.29 54.17 68.18 86.67 75.00 47.06 46.15 50.00
59.51=84.62 100.00 81.82 61.29 0.00 58.54 84.00 60.00 27.27 75.00 63.16 63.16 66.67 57.14 74.19 77.78 73.33 60.61 45.00 52.63 0.00 77.78 69.57 11.11 38.10 71.43 72.22 66.67 33.33 58.33 80.00
86.84=75.00 100.00 100.00 66.67 100.00 100.00 100.00 80.00 83.33 83.33 63.64 85.71 100.00 100.00 77.78 90.00 88.89 85.71 85.71 100.00 75.00 100.00 100.00 80.00 66.67 60.00 100.00 88.89 55.56 100.00 100.00
89.70=77.78 100.00 100.00 66.67 100.00 100.00 100.00 80.00 100.00 83.33 77.78 87.50 100.00 100.00 100.00 76.92 77.78 100.00 100.00 100.00 100.00 100.00 100.00 60.00 100.00 42.86 100.00 100.00 50.00 100.00 100.00
91.01=75.00 100.00 100.00 100.00 100.00 100.00 90.00 66.67 80.00 83.33 87.50 85.71 100.00 100.00 80.00 100.00 80.00 100.00 87.50 100.00 100.00 83.33 83.33 75.00 88.89 100.00 100.00 100.00 75.00 100.00 100.00
90.46=77.78 100.00 100.00 100.00 100.00 100.00 100.00 100.00 71.43 80.00 87.50 100.00 100.00 100.00 100.00 100.00 87.50 100.00 87.50 88.89 100.00 100.00 100.00 50.00 83.33 75.00 100.00 77.78 62.50 75.00 100.00
89.74=100.00 100.00 100.00 75.00 100.00 100.00 100.00 100.00 100.00 80.00 77.78 85.71 85.71 100.00 72.73 90.00 72.73 87.50 87.50 100.00 100.00 100.00 100.00 66.67 88.89 75.00 100.00 70.00 66.67 100.00 100.00
60.21=84.62 95.45 68.00 76.19 3.23 50.00 80.00 66.67 33.33 81.82 60.00 68.75 61.29 63.64 74.07 70.37 82.76 65.62 38.46 75.00 0.00 73.33 72.41 20.00 29.03 57.89 63.16 47.06 46.15 75.00 83.33
64.06=92.00 100.00 70.83 79.17 0.00 58.97 80.77 52.94 37.50 84.21 67.57 74.07 66.67 72.73 80.00 68.75 81.25 62.16 40.74 66.67 12.50 82.76 77.42 21.43 50.00 77.78 54.55 66.67 47.06 80.00 78.57
63.15=88.89 100.00 77.27 86.96 0.00 53.33 92.00 76.92 35.00 78.26 69.44 73.33 72.00 66.67 74.19 65.71 77.42 53.85 38.46 80.95 0.00 88.46 80.00 30.77 36.00 81.25 58.82 66.67 31.25 57.14 66.67
64.85=95.65 100.00 77.27 86.36 3.12 51.16 83.33 66.67 26.32 77.27 60.98 81.48 65.52 72.00 67.65 67.65 78.12 63.33 39.29 88.24 9.09 92.31 79.31 27.78 40.74 72.22 70.59 61.11 54.55 66.67 84.62
63.10=92.31 95.45 70.83 86.96 0.00 52.38 90.48 71.43 35.00 70.83 69.44 81.48 66.67 66.67 69.70 77.42 76.47 55.56 37.93 94.12 0.00 78.57 75.00 23.53 37.04 72.22 61.11 54.55 42.86 85.71 64.29
84.03=83.33 71.43 100.00 100.00 80.00 80.00 100.00 60.00 100.00 100.00 85.71 100.00 88.89 100.00 50.00 90.00 72.73 83.33 100.00 70.00 66.67 100.00 80.00 85.71 100.00 0.00 100.00 100.00 57.14 100.00 100.00
88.40=77.78 100.00 100.00 75.00 100.00 87.50 100.00 66.67 80.00 80.00 100.00 100.00 100.00 71.43 70.00 90.00 100.00 87.50 85.71 88.89 80.00 100.00 83.33 83.33 100.00 50.00 100.00 100.00 83.33 100.00 100.00
90.15=87.50 100.00 100.00 75.00 100.00 88.89 100.00 57.14 83.33 100.00 83.33 77.78 100.00 100.00 87.50 88.89 87.50 100.00 100.00 80.00 100.00 100.00 87.50 83.33 88.89 66.67 100.00 100.00 71.43 100.00 100.00
85.46=100.00 100.00 100.00 100.00 100.00 88.89 100.00 60.00 100.00 100.00 100.00 87.50 85.71 83.33 62.50 66.67 88.89 100.00 85.71 72.73 80.00 100.00 71.43 75.00 100.00 33.33 100.00 87.50 60.00 80.00 80.00
88.35=87.50 83.33 100.00 75.00 100.00 88.89 100.00 42.86 100.00 100.00 100.00 87.50 100.00 80.00 75.00 87.50 100.00 100.00 100.00 100.00 80.00 100.00 75.00 85.71 88.89 75.00 100.00 100.00 60.00 66.67 100.00
61.76=92.31 87.50 88.89 80.00 3.12 52.63 95.24 57.14 37.50 80.95 64.10 65.62 73.91 63.64 77.78 63.64 76.47 61.29 33.33 69.57 7.69 81.48 76.00 26.67 36.36 70.59 55.56 64.71 35.29 57.14 78.57
64.42=92.00 100.00 73.08 82.61 0.00 52.27 95.45 71.43 34.62 85.71 67.57 71.43 70.00 57.14 84.62 75.00 75.00 60.71 34.48 72.73 6.67 84.00 80.65 29.41 33.33 92.86 55.00 71.43 42.86 70.00 75.00
60.14=87.50 95.45 81.82 83.33 0.00 52.38 88.00 65.00 28.00 78.26 73.53 72.41 63.64 68.18 80.65 75.86 76.47 64.29 36.67 77.78 0.00 88.89 74.19 20.00 34.62 55.00 50.00 27.27 33.33 62.50 69.23
63.41=88.46 100.00 78.26 80.00 0.00 64.71 87.50 66.67 34.62 83.33 63.89 59.38 62.07 68.18 78.57 63.64 86.67 62.96 41.38 65.38 6.67 79.31 70.97 29.41 41.38 81.25 64.71 52.94 31.25 87.50 84.62
63.97=96.00 95.24 73.08 86.96 0.00 54.76 81.48 68.18 29.17 88.89 72.73 72.41 68.75 56.52 86.96 71.88 89.29 64.29 39.29 80.00 12.50 80.00 75.00 28.57 37.04 68.42 55.00 58.82 40.00 75.00 76.92
57.49=91.67 95.65 69.57 70.37 0.00 60.00 91.30 63.64 31.82 66.67 69.70 59.46 67.57 59.09 69.70 70.37 80.00 63.89 39.13 50.00 0.00 75.00 75.00 6.25 55.00 41.18 63.16 81.82 29.41 28.57 57.14
59.46=92.00 95.65 76.19 61.29 3.57 60.53 91.67 61.90 23.81 63.64 68.57 62.16 63.89 65.22 67.74 74.07 75.00 67.65 37.50 45.45 8.33 79.31 75.00 6.67 50.00 71.43 81.25 72.73 41.18 33.33 66.67
59.06=91.67 100.00 81.82 64.29 0.00 71.43 92.00 70.00 28.57 63.64 60.98 51.16 61.11 56.00 76.67 72.00 72.73 62.86 40.00 52.63 0.00 74.07 72.00 11.11 39.13 53.33 80.00 80.00 47.37 60.00 44.44
58.44=91.30 100.00 75.00 68.97 0.00 69.44 78.57 71.43 31.25 62.50 66.67 52.17 62.16 68.42 79.31 74.07 74.19 66.67 28.57 55.56 0.00 71.88 76.00 10.00 50.00 62.50 66.67 73.33 38.89 46.15 40.00
59.83=85.19 100.00 88.89 61.29 3.85 61.54 80.00 73.68 31.25 65.00 64.10 57.14 62.50 64.00 68.75 80.00 76.67 57.89 39.13 55.00 0.00 80.00 64.29 11.11 60.00 62.50 88.24 77.78 45.00 45.45 44.44
83.74=77.78 100.00 100.00 75.00 60.00 87.50 100.00 60.00 71.43 100.00 100.00 87.50 100.00 75.00 83.33 100.00 87.50 66.67 70.00 80.00 100.00 83.33 100.00 50.00 66.67 100.00 100.00 100.00 42.86 71.43 100.00
81.38=70.00 100.00 83.33 75.00 80.00 80.00 100.00 100.00 57.14 66.67 75.00 100.00 100.00 60.00 83.33 90.91 77.78 100.00 100.00 100.00 80.00 50.00 100.00 33.33 77.78 100.00 100.00 100.00 40.00 62.50 80.00
88.22=77.78 100.00 100.00 100.00 66.67 87.50 100.00 100.00 100.00 83.33 100.00 75.00 85.71 80.00 85.71 90.91 75.00 87.50 100.00 100.00 80.00 66.67 100.00 66.67 88.89 75.00 100.00 100.00 62.50 100.00 100.00
89.17=87.50 100.00 83.33 100.00 80.00 100.00 88.89 100.00 100.00 83.33 87.50 100.00 88.89 71.43 100.00 83.33 72.73 100.00 77.78 100.00 100.00 60.00 100.00 100.00 81.82 75.00 100.00 100.00 57.14 85.71 100.00
89.69=87.50 100.00 100.00 75.00 100.00 100.00 100.00 100.00 71.43 100.00 87.50 100.00 85.71 100.00 100.00 100.00 70.00 100.00 87.50 100.00 80.00 71.43 100.00 100.00 72.73 75.00 85.71 100.00 30.77 100.00 100.00
61.00=92.00 88.00 80.00 82.61 0.00 56.76 90.91 66.67 35.00 84.21 63.16 64.71 62.50 64.00 75.86 68.75 81.48 70.37 30.30 60.71 0.00 73.91 78.57 12.50 45.45 46.43 57.89 50.00 46.67 71.43 90.00
62.56=95.83 91.30 79.17 84.00 0.00 53.49 95.83 57.89 33.33 80.00 70.27 70.97 64.71 61.54 82.76 70.59 83.33 68.75 30.77 76.19 0.00 84.00 74.19 22.22 36.36 61.11 57.89 68.75 40.00 71.43 72.73
64.02=92.31 100.00 75.00 75.00 0.00 57.89 84.62 65.00 36.84 90.00 62.50 67.74 67.86 75.00 84.62 63.33 75.00 59.46 38.46 76.19 0.00 88.46 73.53 25.00 43.48 72.22 55.56 58.82 50.00 87.50 83.33
62.03=92.31 90.91 79.17 79.17 0.00 56.10 91.67 55.56 34.78 85.00 66.67 73.33 67.86 68.00 75.86 66.67 88.89 64.52 34.62 73.91 0.00 84.62 74.07 23.53 26.09 65.00 66.67 50.00 33.33 77.78 76.92
61.05=82.76 95.24 82.61 86.96 0.00 55.26 86.96 57.69 17.39 77.27 69.44 75.86 66.67 75.00 75.86 74.19 80.00 65.62 30.77 72.73 0.00 71.43 69.70 20.00 47.62 68.75 55.00 43.75 27.78 87.50 72.73
57.52=92.31 88.00 89.47 65.52 3.57 53.66 92.00 63.16 26.09 73.68 65.79 46.81 66.67 53.85 65.52 84.00 88.46 57.58 34.78 50.00 0.00 86.96 78.26 8.33 37.50 53.57 76.47 50.00 45.45 50.00 35.71
60.16=100.00 100.00 78.26 64.29 0.00 60.00 82.14 66.67 42.86 77.78 63.16 62.86 69.44 62.50 67.65 84.00 78.12 65.52 33.33 60.00 8.33 72.41 66.67 0.00 63.16 65.22 61.90 80.00 28.57 54.55 45.45
58.96=95.83 95.45 100.00 69.23 0.00 62.50 88.46 75.00 27.59 65.22 59.09 56.10 71.88 68.18 70.00 67.86 73.53 48.39 38.10 64.71 0.00 68.97 73.91 5.56 47.83 65.22 86.67 60.00 35.29 57.14 30.00
58.57=95.83 100.00 81.82 64.29 0.00 59.52 82.14 66.67 33.33 68.18 58.54 54.76 63.64 52.63 73.33 76.19 71.88 64.71 34.78 62.50 0.00 86.96 75.00 8.33 50.00 53.57 73.68 73.33 40.00 45.45 44.44
59.19=95.45 91.67 75.00 70.37 0.00 63.89 88.00 59.09 26.09 66.67 59.52 58.54 64.71 57.89 65.71 87.50 79.31 57.58 40.00 60.00 9.09 66.67 77.27 5.88 46.43 71.43 88.24 85.71 33.33 38.46 45.45
59.47=95.65 91.67 78.26 70.83 0.00 54.29 76.00 60.00 15.79 82.35 59.46 46.81 53.85 46.67 76.67 89.29 70.00 56.82 43.48 64.71 0.00 68.97 82.61 33.33 59.09 68.42 41.18 75.00 29.17 83.33 70.00
60.98=88.00 95.45 75.00 63.33 0.00 66.67 87.50 64.29 15.79 70.00 54.05 50.00 50.00 76.47 75.86 78.12 70.97 56.82 38.10 56.25 0.00 88.46 84.00 41.18 44.00 61.90 61.54 75.00 36.36 87.50 77.78
61.49=95.65 91.30 78.26 74.07 0.00 56.76 73.08 70.59 15.00 84.21 57.58 58.97 50.00 52.63 85.19 82.76 82.14 57.14 40.00 58.82 0.00 80.00 83.33 30.77 50.00 61.90 60.00 85.71 43.75 66.67 80.00
61.47=91.67 95.45 85.71 71.43 0.00 64.71 77.78 75.00 17.65 93.33 57.50 58.14 51.22 54.17 83.33 85.19 62.86 62.16 36.36 61.54 0.00 84.00 82.14 28.57 40.74 72.22 66.67 71.43 40.91 80.00 53.85
61.14=95.83 95.45 72.00 72.00 0.00 57.58 86.96 70.00 11.76 77.78 62.86 54.76 52.63 56.00 76.67 84.62 80.00 52.17 47.06 71.43 0.00 82.14 74.07 50.00 37.50 66.67 56.25 75.00 34.78 87.50 53.85
82.31=66.67 100.00 100.00 75.00 100.00 87.50 100.00 100.00 66.67 71.43 100.00 75.00 83.33 66.67 83.33 100.00 80.00 100.00 75.00 87.50 66.67 50.00 100.00 60.00 81.82 50.00 100.00 100.00 50.00 100.00 75.00
87.68=85.71 100.00 100.00 75.00 100.00 100.00 100.00 75.00 57.14 100.00 100.00 75.00 85.71 100.00 85.71 90.00 77.78 87.50 100.00 100.00 80.00 100.00 100.00 66.67 72.73 100.00 100.00 100.00 41.67 62.50 100.00
89.06=77.78 100.00 100.00 100.00 100.00 100.00 100.00 80.00 57.14 62.50 87.50 85.71 87.50 100.00 100.00 100.00 80.00 100.00 70.00 100.00 100.00 80.00 100.00 80.00 75.00 100.00 100.00 100.00 54.55 100.00 83.33
87.67=58.33 100.00 100.00 100.00 100.00 100.00 100.00 100.00 80.00 71.43 100.00 100.00 100.00 100.00 88.89 90.91 75.00 100.00 100.00 100.00 66.67 75.00 80.00 50.00 100.00 60.00 85.71 100.00 50.00 85.71 100.00
85.76=77.78 100.00 83.33 100.00 80.00 87.50 100.00 100.00 80.00 71.43 70.00 85.71 83.33 66.67 87.50 90.91 60.00 100.00 100.00 80.00 100.00 66.67 100.00 75.00 77.78 75.00 100.00 100.00 60.00 100.00 100.00
58.96=88.00 91.67 70.83 72.00 0.00 65.71 95.83 58.33 42.11 68.18 65.79 48.98 66.67 70.00 67.74 73.91 82.76 57.14 26.92 64.29 0.00 87.50 76.19 16.67 41.38 55.56 81.25 60.00 35.29 63.64 33.33
59.11=88.46 95.65 75.00 69.23 0.00 66.67 92.00 71.43 30.00 66.67 61.90 56.10 62.16 60.00 73.33 80.00 70.59 68.97 39.13 55.00 0.00 74.07 70.83 14.29 42.86 60.00 73.33 56.25 23.53 75.00 60.00
58.94=88.46 100.00 85.71 71.43 0.00 60.53 84.62 71.43 31.82 70.59 68.57 56.10 64.71 68.18 64.52 72.41 75.76 67.74 27.78 47.62 0.00 76.67 80.95 5.00 36.36 57.14 81.25 76.92 25.00 60.00 50.00
59.36=87.50 95.65 75.00 65.52 0.00 64.10 87.50 57.14 32.00 57.14 63.89 60.00 70.97 78.95 78.57 73.08 78.12 72.41 23.81 62.50 0.00 80.77 69.23 7.69 50.00 60.00 71.43 75.00 42.11 50.00 50.00
58.02=91.67 95.65 85.71 73.08 0.00 68.57 84.62 72.22 23.81 78.95 67.57 57.89 63.89 50.00 68.75 80.77 80.65 61.29 27.27 44.44 0.00 78.57 78.26 11.76 33.33 62.50 75.00 68.75 23.53 53.85 36.36
82.21=100.00 83.33 100.00 75.00 100.00 58.33 90.91 37.50 83.33 100.00 100.00 70.00 87.50 83.33 70.00 100.00 88.89 87.50 100.00 88.89 0.00 83.33 100.00 80.00 75.00 66.67 83.33 88.89 66.67 100.00 100.00
85.60=77.78 100.00 100.00 75.00 100.00 100.00 100.00 42.86 83.33 83.33 100.00 87.50 100.00 80.00 83.33 66.67 87.50 77.78 100.00 80.00 80.00 80.00 100.00 83.33 88.89 50.00 100.00 71.43 75.00 100.00 100.00
81.73=77.78 83.33 100.00 100.00 100.00 85.71 100.00 42.86 83.33 80.00 100.00 70.00 87.50 100.00 55.56 87.50 100.00 87.50 100.00 63.64 60.00 100.00 71.43 83.33 66.67 25.00 75.00 87.50 60.00 100.00 100.00
85.18=85.71 100.00 100.00 75.00 100.00 88.89 100.00 50.00 44.44 71.43 100.00 100.00 88.89 100.00 70.00 100.00 88.89 100.00 100.00 77.78 57.14 100.00 80.00 85.71 100.00 16.67 100.00 100.00 60.00 100.00 100.00
86.33=87.50 100.00 87.50 100.00 80.00 61.54 100.00 57.14 80.00 83.33 100.00 87.50 100.00 83.33 50.00 100.00 100.00 100.00 100.00 88.89 100.00 100.00 85.71 83.33 80.00 40.00 100.00 100.00 57.14 83.33 100.00
60.86=95.83 100.00 72.00 76.92 0.00 61.76 83.33 68.42 25.00 88.24 60.00 49.02 51.35 54.55 78.79 84.00 67.65 57.50 40.91 66.67 0.00 78.57 86.36 38.46 44.44 61.90 54.55 81.82 37.04 71.43 50.00
61.13=100.00 88.00 75.00 70.83 2.56 53.66 84.00 66.67 7.14 76.19 66.67 60.53 45.00 51.72 83.33 75.00 71.88 62.86 45.45 73.33 0.00 82.76 73.91 35.71 55.00 72.22 61.54 66.67 37.50 83.33 66.67
60.65=91.67 100.00 85.71 76.92 0.00 58.82 76.92 63.16 19.05 71.43 58.33 54.76 54.05 54.17 81.25 77.42 71.88 58.54 42.11 84.62 0.00 80.00 73.33 16.67 40.74 92.86 56.25 72.73 39.13 50.00 77.78
60.92=92.00 95.45 85.71 72.41 0.00 65.52 80.77 47.06 10.53 81.25 61.11 56.82 54.05 57.14 66.67 71.88 70.97 63.16 45.45 58.82 7.14 82.61 74.07 53.85 42.31 72.22 60.00 71.43 50.00 71.43 66.67
61.30=95.83 100.00 85.71 71.43 0.00 63.33 83.33 58.82 13.33 78.95 59.46 51.22 50.00 56.52 75.76 88.00 65.62 64.86 47.06 52.38 0.00 89.66 79.17 38.46 48.00 68.42 47.37 66.67 40.00 70.00 90.91
85.93=77.78 100.00 100.00 60.00 100.00 70.00 100.00 100.00 100.00 71.43 87.50 75.00 87.50 66.67 88.89 100.00 77.78 100.00 87.50 100.00 33.33 100.00 100.00 100.00 85.71 60.00 100.00 88.89 62.50 83.33 100.00
87.26=77.78 100.00 100.00 100.00 100.00 87.50 100.00 80.00 71.43 100.00 87.50 70.00 100.00 100.00 100.00 100.00 77.78 100.00 100.00 100.00 100.00 83.33 100.00 50.00 77.78 50.00 85.71 100.00 45.45 85.71 75.00
86.56=85.71 100.00 83.33 75.00 100.00 87.50 100.00 80.00 80.00 83.33 100.00 66.67 85.71 100.00 85.71 100.00 80.00 87.50 87.50 100.00 100.00 83.33 100.00 57.14 87.50 60.00 80.00 87.50 60.00 100.00 100.00
87.79=77.78 100.00 83.33 100.00 100.00 87.50 100.00 100.00 57.14 80.00 100.00 75.00 85.71 57.14 100.00 100.00 80.00 87.50 87.50 88.89 100.00 83.33 100.00 100.00 80.00 75.00 100.00 100.00 55.56 80.00 100.00
90.18=87.50 100.00 100.00 75.00 100.00 80.00 100.00 100.00 100.00 83.33 87.50 87.50 100.00 100.00 83.33 90.00 87.50 87.50 100.00 100.00 80.00 83.33 100.00 80.00 80.00 100.00 85.71 87.50 50.00 100.00 100.00
80.50=87.50 83.33 87.50 60.00 100.00 77.78 100.00 60.00 50.00 100.00 100.00 70.00 71.43 60.00 71.43 87.50 100.00 87.50 71.43 80.00 60.00 100.00 100.00 83.33 100.00 0.00 100.00 100.00 66.67 100.00 80.00
82.59=75.00 100.00 100.00 75.00 100.00 80.00 100.00 50.00 71.43 62.50 100.00 87.50 88.89 83.33 75.00 100.00 85.71 85.71 100.00 72.73 100.00 83.33 100.00 83.33 100.00 25.00 100.00 80.00 60.00 85.71 50.00
83.23=100.00 100.00 100.00 100.00 100.00 77.78 90.00 50.00 57.14 66.67 100.00 77.78 100.00 62.50 66.67 81.82 80.00 100.00 100.00 80.00 100.00 100.00 100.00 85.71 85.71 0.00 75.00 100.00 60.00 100.00 83.33
84.37=75.00 83.33 100.00 100.00 100.00 87.50 100.00 57.14 57.14 100.00 100.00 87.50 100.00 100.00 83.33 70.00 100.00 100.00 77.78 87.50 50.00 83.33 83.33 66.67 83.33 66.67 100.00 100.00 44.44 71.43 100.00
82.80=85.71 100.00 87.50 100.00 80.00 88.89 100.00 57.14 50.00 100.00 87.50 70.00 100.00 83.33 60.00 100.00 80.00 100.00 85.71 88.89 80.00 80.00 66.67 71.43 87.50 50.00 83.33 83.33 60.00 100.00 100.00
64.09=92.31 95.45 85.71 77.27 0.00 65.62 88.46 68.18 23.08 70.83 72.22 52.38 64.52 60.00 76.67 72.41 82.76 58.82 38.46 78.95 0.00 85.19 80.00 20.00 36.00 68.42 69.23 60.00 53.85 100.00 90.00
62.31=88.46 95.24 73.91 83.33 0.00 55.00 86.96 61.90 36.00 85.71 69.70 64.71 69.23 66.67 76.92 71.88 86.21 58.82 33.33 68.00 0.00 85.19 73.33 28.57 52.38 66.67 57.89 62.50 38.46 54.55 80.00
64.42=100.00 91.30 78.26 79.17 3.70 56.76 87.50 70.00 34.78 81.82 68.57 65.62 65.62 68.00 74.19 74.19 80.65 64.52 33.33 84.21 6.25 88.46 82.14 22.22 47.62 61.90 61.11 56.25 53.85 80.00 75.00
64.06=92.00 100.00 78.26 84.00 0.00 57.50 95.45 75.00 26.32 80.95 68.42 62.50 63.33 69.57 82.76 70.59 78.79 64.52 37.04 70.83 6.25 95.45 79.31 31.82 46.43 80.00 55.56 58.82 38.46 66.67 69.23
62.94=88.46 100.00 81.82 79.17 0.00 57.14 80.00 64.00 36.00 80.00 62.50 64.52 64.52 69.23 84.00 73.33 82.76 65.62 34.62 78.95 0.00 82.14 77.78 20.00 47.83 45.45 66.67 52.63 46.15 75.00 90.91
81.50=70.00 100.00 100.00 100.00 100.00 75.00 100.00 57.14 80.00 83.33 100.00 54.55 66.67 80.00 100.00 77.78 63.64 87.50 85.71 100.00 100.00 75.00 83.33 50.00 85.71 42.86 100.00 100.00 50.00 83.33 75.00
87.15=85.71 100.00 83.33 100.00 100.00 100.00 100.00 80.00 66.67 71.43 87.50 85.71 100.00 80.00 87.50 100.00 80.00 100.00 70.00 88.89 100.00 75.00 100.00 57.14 77.78 75.00 100.00 100.00 50.00 100.00 100.00
88.71=100.00 100.00 100.00 60.00 100.00 100.00 100.00 100.00 80.00 100.00 100.00 85.71 85.71 55.56 77.78 100.00 80.00 100.00 100.00 100.00 100.00 100.00 100.00 50.00 81.82 60.00 100.00 100.00 50.00 83.33 100.00
84.20=77.78 100.00 100.00 60.00 80.00 100.00 100.00 100.00 50.00 75.00 77.78 75.00 87.50 80.00 75.00 100.00 77.78 100.00 87.50 100.00 100.00 75.00 100.00 50.00 77.78 100.00 100.00 100.00 37.50 66.67 100.00
87.95=63.64 100.00 100.00 100.00 100.00 77.78 100.00 100.00 40.00 71.43 77.78 77.78 100.00 100.00 83.33 100.00 87.50 87.50 100.00 100.00 100.00 100.00 100.00 66.67 87.50 75.00 100.00 100.00 55.56 100.00 75.00
81.43=100.00 100.00 75.00 100.00 100.00 87.50 90.00 66.67 50.00 100.00 100.00 87.50 54.55 50.00 85.71 88.89 87.50 87.50 100.00 100.00 42.86 40.00 100.00 60.00 77.78 75.00 85.71 85.71 71.43 100.00 75.00
86.55=87.50 100.00 100.00 100.00 75.00 100.00 90.91 66.67 44.44 83.33 77.78 100.00 77.78 100.00 88.89 88.89 87.50 85.71 100.00 88.89 80.00 80.00 100.00 71.43 87.50 100.00 100.00 87.50 66.67 100.00 66.67
86.85=77.78 100.00 100.00 100.00 100.00 77.78 100.00 75.00 71.43 100.00 100.00 85.71 100.00 75.00 83.33 72.73 80.00 87.50 85.71 100.00 50.00 83.33 100.00 80.00 100.00 100.00 85.71 85.71 75.00 85.71 75.00
85.43=100.00 100.00 85.71 100.00 80.00 100.00 100.00 66.67 57.14 83.33 100.00 77.78 83.33 66.67 88.89 100.00 80.00 100.00 100.00 100.00 80.00 80.00 62.50 71.43 100.00 60.00 75.00 100.00 75.00 100.00 75.00
88.99=100.00 100.00 83.33 100.00 100.00 80.00 100.00 100.00 62.50 83.33 70.00 100.00 85.71 66.67 100.00 100.00 80.00 87.50 100.00 100.00 100.00 50.00 100.00 71.43 100.00 75.00 100.00 100.00 83.33 100.00 80.00
86.63=77.78 100.00 100.00 100.00 100.00 88.89 100.00 100.00 80.00 71.43 100.00 85.71 100.00 57.14 83.33 90.00 80.00 100.00 87.50 100.00 100.00 50.00 100.00 50.00 87.50 60.00 100.00 100.00 36.36 100.00 100.00
87.84=77.78 100.00 100.00 100.00 100.00 88.89 100.00 100.00 66.67 80.00 87.50 75.00 100.00 71.43 100.00 100.00 77.78 100.00 100.00 88.89 100.00 100.00 100.00 40.00 63.64 100.00 83.33 88.89 50.00 83.33 100.00
81.53=75.00 100.00 66.67 50.00 75.00 87.50 100.00 66.67 80.00 100.00 100.00 85.71 87.50 80.00 85.71 100.00 72.73 77.78 100.00 70.00 100.00 80.00 100.00 75.00 85.71 75.00 66.67 100.00 33.33 71.43 80.00
87.81=70.00 100.00 100.00 100.00 75.00 70.00 100.00 100.00 62.50 100.00 100.00 85.71 88.89 83.33 100.00 100.00 77.78 100.00 100.00 100.00 100.00 100.00 100.00 60.00 83.33 75.00 85.71 100.00 41.67 83.33 80.00
89.91=66.67 100.00 100.00 100.00 100.00 100.00 100.00 80.00 71.43 100.00 87.50 87.50 100.00 83.33 100.00 91.67 87.50 100.00 87.50 100.00 66.67 100.00 100.00 66.67 75.00 100.00 100.00 100.00 50.00 85.71 100.00
57.20=81.48 84.62 80.00 72.00 0.00 61.54 86.96 54.17 44.44 73.68 64.10 54.76 65.62 59.09 63.64 77.78 77.42 61.29 25.00 55.00 0.00 80.00 75.00 10.00 31.82 50.00 76.47 72.73 34.62 60.00 40.00
62.83=88.00 95.45 78.26 63.33 0.00 64.10 88.46 72.73 30.77 65.22 62.50 57.89 58.54 70.83 80.00 90.91 78.12 61.11 36.00 55.56 0.00 87.50 80.95 15.38 50.00 75.00 82.35 77.78 34.62 75.00 71.43
58.52=86.36 91.67 78.26 66.67 0.00 60.53 88.00 58.33 38.89 71.43 60.00 55.26 69.70 68.18 67.86 76.00 76.67 61.76 36.00 57.14 0.00 78.57 82.61 7.14 57.14 55.56 81.25 50.00 47.06 41.67 44.44
59.46=95.45 91.67 85.00 62.07 0.00 57.14 84.62 66.67 38.46 75.00 60.53 60.53 63.64 80.95 75.00 72.41 67.57 58.06 33.33 60.00 0.00 85.19 75.00 6.25 50.00 65.22 75.00 61.54 36.84 50.00 50.00
61.11=100.00 100.00 85.71 70.37 0.00 61.11 85.19 63.64 31.58 73.68 62.50 54.55 67.65 73.68 69.70 80.77 86.21 62.16 31.82 61.11 0.00 81.48 73.91 6.67 50.00 58.62 82.35 86.67 27.78 50.00 55.56
58.87=78.57 95.45 100.00 69.23 0.00 64.86 79.17 65.00 36.36 73.68 60.53 53.66 62.16 58.33 80.77 81.82 83.33 47.06 30.43 55.00 0.00 91.67 66.67 11.11 38.10 53.33 72.22 64.29 45.00 57.14 50.00
59.42=81.48 100.00 88.89 76.00 0.00 60.00 84.62 61.90 33.33 72.73 71.43 59.46 61.54 66.67 74.07 90.00 74.19 59.38 35.71 45.83 0.00 71.43 76.92 6.25 52.17 58.33 78.57 73.33 33.33 44.44 50.00
57.56=91.67 86.96 81.82 64.29 0.00 62.16 91.30 65.22 26.92 56.52 67.57 51.11 65.71 60.00 67.65 83.33 78.12 66.67 29.17 54.55 0.00 80.77 62.96 0.00 44.44 68.18 70.00 72.73 33.33 58.33 42.86
57.77=87.50 95.45 100.00 73.08 0.00 65.71 84.00 50.00 29.63 68.18 64.86 61.54 66.67 57.14 72.41 80.77 64.71 66.67 29.63 47.83 0.00 82.14 68.00 5.26 50.00 62.50 65.00 60.00 25.00 57.14 50.00
61.71=95.65 88.00 94.74 68.00 0.00 60.53 95.65 51.85 30.00 72.73 70.59 56.10 62.16 73.91 70.00 83.33 73.53 68.75 32.00 63.16 0.00 75.00 64.00 5.88 54.17 68.18 83.33 66.67 45.00 60.00 80.00
85.94=77.78 100.00 100.00 100.00 60.00 100.00 100.00 80.00 57.14 71.43 85.71 66.67 83.33 100.00 75.00 90.00 70.00 100.00 87.50 100.00 100.00 100.00 100.00 42.86 66.67 100.00 100.00 100.00 50.00 100.00 100.00
88.50=87.50 100.00 100.00 100.00 57.14 88.89 100.00 100.00 71.43 83.33 87.50 100.00 100.00 100.00 100.00 91.67 70.00 100.00 100.00 100.00 80.00 80.00 100.00 57.14 88.89 50.00 100.00 100.00 50.00 100.00 100.00
84.51=75.00 100.00 83.33 100.00 100.00 85.71 100.00 80.00 71.43 80.00 87.50 87.50 83.33 100.00 87.50 88.89 88.89 100.00 100.00 100.00 60.00 42.86 100.00 37.50 66.67 100.00 100.00 87.50 42.86 83.33 100.00
86.25=87.50 100.00 100.00 75.00 80.00 87.50 100.00 80.00 80.00 83.33 75.00 87.50 100.00 80.00 100.00 91.67 77.78 100.00 100.00 100.00 66.67 100.00 100.00 50.00 80.00 75.00 83.33 100.00 50.00 100.00 83.33
86.79=70.00 100.00 100.00 100.00 100.00 100.00 100.00 80.00 83.33 83.33 87.50 75.00 83.33 100.00 85.71 100.00 77.78 100.00 85.71 100.00 75.00 80.00 100.00 50.00 70.00 75.00 100.00 88.89 40.00 100.00 100.00
57.67=78.57 95.45 72.73 68.97 0.00 63.64 86.36 52.94 18.75 82.35 62.86 48.00 54.05 58.33 75.00 79.31 82.14 64.71 42.11 39.13 0.00 75.00 85.71 31.25 40.00 41.94 61.54 77.78 35.29 66.67 47.06
62.44=95.45 95.24 75.00 80.00 0.00 63.33 84.00 60.00 17.65 80.00 62.86 48.98 47.62 68.00 79.31 76.67 64.71 63.16 36.84 50.00 0.00 81.48 79.17 41.67 50.00 72.22 75.00 81.82 36.36 100.00 69.23
61.25=92.00 95.45 78.26 75.00 0.00 70.00 86.96 70.59 11.76 80.00 56.10 54.55 45.45 46.43 89.66 86.96 76.67 54.76 38.10 78.57 0.00 76.67 78.57 46.15 55.00 65.00 46.67 72.73 42.11 71.43 57.14
61.77=92.00 95.45 81.82 74.07 0.00 67.74 84.00 61.11 25.00 85.00 55.00 51.06 46.34 61.54 78.12 76.67 78.57 62.16 39.13 62.50 0.00 82.14 86.36 30.00 52.00 72.22 53.85 84.62 32.00 75.00 69.23
61.27=88.46 95.65 75.00 74.07 0.00 65.62 65.52 68.42 23.08 89.47 54.05 50.00 55.26 60.00 81.48 77.42 74.19 57.89 34.62 71.43 0.00 75.86 72.00 33.33 51.85 70.59 75.00 71.43 47.62 60.00 80.00
60.77=92.00 90.91 85.00 80.00 0.00 70.00 72.00 68.75 16.67 77.78 52.38 51.06 50.00 59.26 88.89 70.00 82.14 58.33 36.36 62.50 0.00 78.12 83.33 30.00 52.00 52.17 41.67 81.25 37.50 100.00 63.64
61.08=91.67 95.24 70.83 73.08 0.00 68.75 87.50 68.42 22.73 80.95 55.26 48.98 54.29 52.38 84.00 75.76 68.75 56.10 40.00 55.00 0.00 84.00 83.33 50.00 53.85 68.42 58.33 64.71 33.33 75.00 72.73
63.57=95.83 100.00 69.23 71.43 0.00 64.52 74.07 72.22 16.67 75.00 58.82 51.11 56.76 52.00 83.87 82.14 88.89 57.14 38.89 76.92 0.00 92.59 86.36 40.00 44.00 72.22 64.29 72.22 38.46 75.00 100.00
62.17=100.00 95.45 81.82 74.07 0.00 64.71 72.41 73.68 20.83 73.91 63.64 53.33 45.95 60.87 85.71 75.00 75.86 58.54 43.75 68.75 0.00 71.43 83.33 36.36 41.67 76.47 60.00 66.67 42.31 85.71 75.00
58.82=92.31 100.00 66.67 68.97 0.00 70.00 83.33 70.00 25.00 75.00 67.74 56.10 46.34 40.74 85.71 76.67 73.33 53.85 38.89 58.82 0.00 78.57 85.19 22.22 45.83 68.42 46.67 78.57 26.09 63.64 58.82
79.23=77.78 83.33 100.00 75.00 75.00 54.55 100.00 50.00 57.14 66.67 100.00 77.78 54.55 100.00 57.14 100.00 100.00 85.71 63.64 88.89 25.00 100.00 80.00 83.33 100.00 40.00 100.00 85.71 75.00 100.00 100.00
83.85=77.78 100.00 100.00 100.00 100.00 72.73 90.91 57.14 100.00 100.00 100.00 87.50 87.50 83.33 75.00 85.71 100.00 100.00 77.78 80.00 75.00 100.00 80.00 83.33 85.71 25.00 75.00 66.67 50.00 83.33 100.00
89.61=100.00 100.00 100.00 100.00 100.00 88.89 100.00 80.00 100.00 71.43 100.00 100.00 100.00 83.33 71.43 88.89 88.89 77.78 85.71 100.00 66.67 100.00 85.71 83.33 100.00 75.00 100.00 87.50 60.00 83.33 100.00
88.72=77.78 100.00 87.50 100.00 100.00 80.00 100.00 66.67 100.00 71.43 100.00 100.00 100.00 83.33 85.71 80.00 100.00 100.00 100.00 88.89 66.67 100.00 100.00 83.33 88.89 40.00 100.00 100.00 50.00 100.00 100.00
89.40=70.00 100.00 100.00 100.00 100.00 85.71 100.00 57.14 100.00 100.00 100.00 100.00 100.00 100.00 66.67 88.89 100.00 87.50 87.50 88.89 80.00 100.00 100.00 83.33 100.00 50.00 100.00 100.00 60.00 85.71 80.00
59.97=80.77 100.00 88.89 73.91 0.00 64.86 88.00 68.18 32.14 52.00 69.44 52.17 70.59 56.00 70.00 86.96 80.65 63.89 36.00 57.89 0.00 84.00 78.26 7.14 36.36 68.18 82.35 92.31 27.78 33.33 57.14
60.98=92.00 88.00 94.44 72.00 0.00 64.86 95.83 73.68 34.78 60.87 74.29 58.97 65.71 66.67 80.00 82.61 73.33 60.61 41.67 61.11 0.00 83.33 72.73 13.33 54.55 55.17 65.00 66.67 40.91 57.14 40.00
58.71=92.31 91.67 89.47 65.38 0.00 66.67 88.00 61.90 30.43 62.50 63.16 63.16 59.46 54.55 82.14 73.91 66.67 63.33 39.13 47.62 0.00 88.00 75.00 7.69 56.25 55.56 75.00 80.00 33.33 46.15 41.67
58.07=96.00 81.48 94.44 70.37 0.00 64.10 90.91 57.89 29.63 63.64 62.16 61.54 69.44 65.00 75.86 72.00 70.59 61.29 30.43 57.89 0.00 75.86 75.00 11.11 57.14 62.50 61.90 75.00 25.00 45.45 36.36
59.87=85.19 91.67 88.89 70.37 0.00 70.59 88.00 76.19 25.93 65.00 73.53 58.54 55.88 64.00 72.73 75.00 71.88 58.82 42.11 57.14 6.25 84.62 73.91 6.67 56.52 61.54 70.59 84.62 33.33 50.00 36.36
83.25=85.71 100.00 100.00 100.00 100.00 100.00 100.00 66.67 55.56 100.00 77.78 87.50 100.00 100.00 87.50 66.67 50.00 100.00 70.00 88.89 60.00 100.00 80.00 33.33 77.78 60.00 100.00 100.00 50.00 83.33 100.00
86.06=63.64 100.00 100.00 100.00 100.00 100.00 100.00 100.00 62.50 80.00 100.00 87.50 100.00 66.67 87.50 100.00 66.67 100.00 100.00 100.00 100.00 75.00 100.00 66.67 71.43 60.00 85.71 100.00 44.44 75.00 75.00
91.09=87.50 100.00 100.00 75.00 80.00 100.00 83.33 100.00 83.33 100.00 87.50 75.00 87.50 100.00 100.00 90.91 88.89 100.00 100.00 88.89 100.00 100.00 100.00 75.00 87.50 100.00 100.00 100.00 50.00 83.33 100.00
83.59=63.64 100.00 100.00 66.67 80.00 87.50 100.00 100.00 62.50 80.00 75.00 75.00 85.71 83.33 100.00 90.91 77.78 100.00 100.00 100.00 66.67 100.00 100.00 50.00 66.67 100.00 85.71 87.50 40.00 100.00 66.67
88.14=75.00 100.00 100.00 75.00 100.00 88.89 100.00 66.67 71.43 83.33 87.50 100.00 87.50 83.33 100.00 75.00 80.00 100.00 100.00 100.00 80.00 100.00 100.00 66.67 85.71 100.00 100.00 100.00 57.14 85.71 83.33
58.63=88.00 87.50 75.00 83.33 0.00 64.71 76.92 64.71 22.73 93.33 51.16 53.19 62.50 44.12 70.59 72.41 81.48 66.67 22.22 42.86 0.00 89.47 83.33 25.00 43.48 43.33 58.33 81.82 46.67 77.78 45.00
60.90=95.83 95.24 73.91 76.92 0.00 63.64 76.92 64.71 12.50 76.19 65.71 54.55 52.63 48.00 89.29 83.33 73.33 61.54 35.29 68.75 0.00 83.33 78.57 30.77 45.83 65.00 44.44 73.33 34.78 72.73 90.91
61.71=92.00 95.24 78.26 76.00 0.00 60.61 80.77 64.71 11.11 78.95 62.86 53.49 51.35 56.52 83.87 76.67 82.76 58.97 35.00 84.62 0.00 80.00 81.48 41.67 45.83 56.52 64.29 78.95 40.00 63.64 76.92
63.15=95.65 100.00 78.26 76.00 0.00 60.00 74.07 76.92 13.64 83.33 57.89 58.14 52.63 50.00 88.89 84.62 75.86 60.00 40.00 76.92 0.00 70.00 84.62 46.67 47.83 72.22 47.37 77.78 31.82 85.71 90.91
61.07=95.45 95.45 70.83 66.67 0.00 73.91 75.00 73.33 17.65 93.75 58.33 56.82 51.22 53.85 80.00 83.33 76.92 60.00 40.00 53.33 0.00 82.61 74.07 44.44 52.38 66.67 61.54 73.68 29.63 63.64 68.75
57.87=88.89 95.65 83.33 67.86 0.00 71.43 84.62 62.50 34.78 66.67 60.98 55.81 62.86 60.87 71.43 76.92 75.86 66.67 25.00 44.00 0.00 76.00 94.74 7.69 42.86 45.45 70.59 81.25 33.33 62.50 23.53
61.24=96.00 90.91 100.00 65.52 0.00 67.57 95.83 76.47 34.78 56.52 63.16 55.81 58.33 72.73 75.86 80.77 72.73 61.76 36.36 54.55 0.00 91.30 79.17 6.67 52.17 65.22 80.00 81.25 36.84 40.00 50.00
60.72=96.00 88.00 84.21 69.23 0.00 69.70 95.24 72.73 40.00 65.22 64.10 54.76 60.53 68.18 74.19 79.17 70.59 62.16 34.62 58.82 0.00 84.62 69.57 12.50 46.67 65.22 65.00 93.75 25.00 50.00 62.50
60.85=95.83 95.65 94.44 72.00 0.00 69.44 91.67 56.00 43.48 65.00 62.50 52.38 63.64 60.00 73.33 78.26 77.42 61.76 33.33 60.00 0.00 82.14 77.27 5.56 60.00 65.22 73.68 87.50 33.33 40.00 55.56
59.60=84.62 95.45 80.95 65.52 0.00 79.31 91.67 75.00 52.63 68.18 64.10 56.10 55.56 65.38 78.12 73.08 68.75 62.86 36.36 57.89 0.00 76.00 78.26 0.00 57.14 51.72 75.00 91.67 22.22 38.46 45.45
77.97=70.00 100.00 100.00 100.00 100.00 100.00 83.33 66.67 45.45 100.00 77.78 100.00 70.00 33.33 83.33 85.71 83.33 77.78 87.50 100.00 66.67 75.00 66.67 33.33 100.00 50.00 83.33 77.78 50.00 100.00 50.00
82.43=100.00 100.00 85.71 100.00 100.00 87.50 90.91 80.00 44.44 83.33 100.00 100.00 60.00 75.00 80.00 70.00 77.78 87.50 100.00 100.00 75.00 57.14 100.00 71.43 71.43 60.00 85.71 100.00 62.50 100.00 50.00
85.77=100.00 100.00 85.71 75.00 80.00 87.50 90.00 44.44 60.00 71.43 100.00 100.00 77.78 100.00 83.33 90.00 80.00 100.00 100.00 87.50 100.00 80.00 75.00 85.71 83.33 100.00 100.00 100.00 55.56 100.00 66.67
80.01=87.50 100.00 75.00 66.67 66.67 88.89 100.00 40.00 50.00 83.33 100.00 87.50 66.67 66.67 100.00 100.00 80.00 100.00 100.00 100.00 66.67 33.33 75.00 50.00 100.00 75.00 100.00 100.00 75.00 71.43 75.00
90.55=100.00 100.00 85.71 100.00 100.00 100.00 100.00 80.00 66.67 100.00 100.00 87.50 75.00 80.00 88.89 90.00 85.71 100.00 100.00 88.89 100.00 71.43 80.00 66.67 100.00 100.00 100.00 100.00 75.00 85.71 100.00
61.83=85.19 95.45 80.95 86.36 0.00 88.00 77.78 66.67 30.43 65.00 64.86 57.89 64.29 57.69 77.42 58.33 84.00 50.00 27.27 71.43 0.00 100.00 90.91 15.38 37.50 30.77 68.75 100.00 41.18 83.33 60.00
66.83=85.71 91.30 78.26 83.33 0.00 70.00 90.91 73.91 33.33 80.00 72.22 52.38 64.29 70.37 85.19 69.70 78.79 66.67 36.36 94.44 0.00 88.89 85.71 35.29 44.00 72.22 73.33 100.00 46.67 75.00 73.33
64.76=92.31 95.24 81.82 67.86 0.00 67.74 83.33 65.38 40.00 75.00 76.67 54.76 67.86 67.86 82.76 71.88 80.00 61.76 42.31 73.68 5.00 84.00 82.14 23.53 52.17 72.22 57.89 83.33 46.15 77.78 75.00
63.24=92.31 100.00 82.61 86.96 0.00 73.33 88.00 69.23 27.27 81.82 68.57 53.66 58.06 64.29 80.77 70.97 81.25 53.85 33.33 80.95 5.26 84.62 83.33 21.43 47.06 66.67 53.33 77.78 26.67 77.78 69.23
63.58=88.46 95.24 79.17 80.77 0.00 68.75 77.78 65.22 27.27 85.00 69.44 56.41 65.62 70.37 75.86 84.62 92.59 57.14 29.17 83.33 0.00 84.00 84.62 25.00 50.00 70.59 57.89 82.35 38.89 53.85 71.43
81.41=63.64 83.33 100.00 100.00 100.00 88.89 83.33 57.14 41.67 100.00 87.50 85.71 87.50 83.33 80.00 100.00 100.00 87.50 58.33 63.64 75.00 100.00 71.43 100.00 85.71 50.00 100.00 100.00 50.00 100.00 40.00
85.00=87.50 100.00 87.50 100.00 100.00 80.00 100.00 44.44 100.00 83.33 100.00 100.00 88.89 100.00 57.14 87.50 87.50 87.50 87.50 80.00 100.00 100.00 83.33 83.33 100.00 0.00 85.71 100.00 57.14 100.00 66.67
85.50=87.50 83.33 100.00 75.00 80.00 88.89 100.00 28.57 62.50 100.00 87.50 85.71 87.50 80.00 71.43 85.71 100.00 100.00 100.00 100.00 66.67 100.00 77.78 66.67 85.71 100.00 100.00 100.00 50.00 100.00 100.00
83.87=85.71 100.00 70.00 66.67 75.00 72.73 100.00 75.00 100.00 83.33 83.33 87.50 100.00 66.67 71.43 100.00 88.89 77.78 100.00 88.89 66.67 100.00 87.50 60.00 100.00 50.00 85.71 100.00 57.14 100.00 100.00
81.63=70.00 83.33 100.00 66.67 100.00 80.00 90.00 42.86 80.00 60.00 100.00 87.50 75.00 100.00 83.33 70.00 88.89 100.00 71.43 88.89 60.00 80.00 87.50 80.00 70.00 100.00 80.00 100.00 75.00 100.00 60.00
85.31=60.00 100.00 100.00 100.00 80.00 100.00 100.00 100.00 57.14 71.43 77.78 83.33 85.71 100.00 100.00 76.92 87.50 85.71 85.71 77.78 100.00 60.00 85.71 100.00 70.00 50.00 100.00 100.00 50.00 100.00 100.00
86.98=87.50 100.00 100.00 75.00 80.00 100.00 90.91 80.00 57.14 50.00 100.00 77.78 85.71 83.33 100.00 100.00 72.73 100.00 100.00 100.00 100.00 100.00 100.00 60.00 100.00 75.00 100.00 100.00 50.00 71.43 100.00
58.71=88.89 100.00 75.00 76.00 11.11 51.28 85.71 50.00 27.27 65.22 66.67 84.00 70.83 33.33 68.00 52.50 68.75 71.88 39.13 86.67 15.38 75.86 82.61 38.89 33.33 53.85 45.00 50.00 26.32 66.67 60.00
56.49=82.14 100.00 73.91 68.97 7.14 46.81 72.73 42.31 40.00 66.67 56.76 71.88 65.52 30.77 68.42 60.71 75.00 70.00 55.00 75.00 18.18 84.62 76.00 26.67 41.18 52.00 36.36 66.67 22.73 57.14 40.00
58.74=100.00 100.00 70.37 71.43 5.26 48.84 94.74 50.00 50.00 85.00 60.53 81.48 58.06 40.00 72.00 71.43 62.86 72.73 36.36 58.82 15.38 75.00 76.92 35.71 30.56 46.67 60.00 76.92 22.22 44.44 47.06
58.57=88.46 95.45 69.23 83.33 0.00 42.86 90.48 61.11 14.29 71.43 61.11 85.19 55.00 26.32 87.50 76.00 62.86 75.00 47.83 57.89 0.00 85.19 72.41 50.00 40.74 56.00 42.86 66.67 31.58 77.78 41.18
61.17=92.00 100.00 76.00 78.26 2.56 47.92 100.00 66.67 38.46 80.00 51.28 75.86 60.00 31.58 75.00 75.86 70.59 67.65 56.52 73.33 0.00 84.62 75.00 50.00 36.67 62.50 50.00 85.71 33.33 54.55 44.44
58.75=83.33 100.00 81.82 77.78 3.45 61.11 100.00 53.33 25.00 100.00 70.27 75.86 81.48 37.93 50.00 82.61 63.89 75.00 21.74 59.09 46.15 91.67 69.23 0.00 33.33 42.86 73.33 61.54 26.67 41.67 31.25
54.72=83.33 100.00 72.00 68.18 0.00 57.14 90.91 43.33 26.67 63.16 70.59 91.67 64.71 35.00 50.00 72.00 68.42 66.67 23.08 42.86 30.43 80.95 76.00 7.14 36.36 61.54 63.16 69.23 10.53 46.15 25.00
56.28=100.00 100.00 93.75 69.23 0.00 51.06 95.24 56.00 30.00 50.00 71.43 74.19 65.62 23.81 50.00 93.33 67.57 70.97 34.62 42.11 8.33 80.77 67.86 5.56 32.35 57.14 70.59 72.73 22.22 42.86 45.45
58.61=95.45 100.00 90.00 53.12 3.23 51.11 89.47 62.50 33.33 45.83 68.57 82.14 68.97 68.42 63.16 76.00 71.43 67.65 36.00 58.82 11.11 80.00 67.86 7.14 41.67 55.17 63.64 75.00 28.57 60.00 41.67
58.57=88.46 100.00 100.00 61.76 0.00 45.28 95.24 53.85 35.00 72.22 69.70 63.89 77.78 44.44 66.67 70.00 71.43 73.33 45.00 58.82 11.11 94.44 59.26 5.56 46.15 53.57 63.64 50.00 27.78 40.00 71.43
88.04=100.00 100.00 100.00 100.00 100.00 100.00 100.00 66.67 71.43 100.00 100.00 100.00 75.00 100.00 88.89 80.00 100.00 70.00 71.43 100.00 100.00 83.33 85.71 85.71 83.33 75.00 100.00 77.78 62.50 85.71 66.67
89.88=100.00 100.00 85.71 100.00 80.00 100.00 100.00 80.00 100.00 100.00 77.78 100.00 87.50 100.00 87.50 88.89 71.43 100.00 100.00 100.00 100.00 100.00 85.71 75.00 100.00 66.67 100.00 100.00 50.00 83.33 66.67
90.01=100.00 100.00 70.00 100.00 100.00 88.89 100.00 66.67 100.00 100.00 100.00 87.50 85.71 83.33 100.00 80.00 100.00 87.50 100.00 100.00 80.00 75.00 100.00 83.33 100.00 75.00 83.33 88.89 75.00 100.00 80.00
95.86=100.00 83.33 100.00 100.00 100.00 100.00 100.00 50.00 80.00 100.00 100.00 100.00 100.00 100.00 100.00 100.00 100.00 100.00 100.00 100.00 100.00 100.00 100.00 83.33 100.00 100.00 100.00 100.00 75.00 100.00 100.00
91.79=100.00 100.00 87.50 75.00 80.00 100.00 100.00 66.67 71.43 83.33 100.00 100.00 100.00 100.00 100.00 100.00 100.00 100.00 100.00 100.00 100.00 100.00 85.71 85.71 100.00 100.00 100.00 100.00 66.67 83.33 60.00
80.84=77.78 100.00 100.00 100.00 100.00 88.89 100.00 60.00 80.00 60.00 87.50 87.50 75.00 100.00 80.00 75.00 88.89 85.71 66.67 70.00 100.00 100.00 100.00 62.50 75.00 0.00 71.43 85.71 85.71 100.00 42.86
87.04=75.00 100.00 100.00 100.00 80.00 85.71 100.00 57.14 83.33 100.00 100.00 77.78 100.00 100.00 70.00 100.00 100.00 100.00 100.00 55.56 100.00 100.00 100.00 100.00 90.00 0.00 100.00 100.00 66.67 100.00 57.14
89.85=87.50 100.00 100.00 75.00 80.00 87.50 100.00 80.00 100.00 100.00 100.00 87.50 100.00 100.00 85.71 90.91 100.00 100.00 100.00 72.73 100.00 100.00 100.00 75.00 90.91 12.50 100.00 100.00 80.00 100.00 80.00
89.36=87.50 100.00 100.00 100.00 100.00 88.89 100.00 57.14 71.43 100.00 100.00 100.00 100.00 100.00 77.78 77.78 100.00 100.00 100.00 66.67 100.00 100.00 100.00 83.33 88.89 25.00 100.00 100.00 60.00 85.71 100.00
88.46=87.50 100.00 100.00 100.00 100.00 88.89 100.00 50.00 60.00 100.00 100.00 87.50 83.33 100.00 75.00 57.14 88.89 100.00 75.00 100.00 80.00 80.00 100.00 85.71 100.00 60.00 100.00 100.00 83.33 100.00 100.00
85.87=70.00 100.00 100.00 75.00 100.00 100.00 90.00 100.00 100.00 80.00 77.78 87.50 100.00 83.33 75.00 90.00 72.73 87.50 87.50 100.00 100.00 100.00 100.00 66.67 85.71 42.86 100.00 88.89 50.00 80.00 71.43
89.11=87.50 100.00 100.00 100.00 100.00 87.50 100.00 66.67 100.00 100.00 77.78 87.50 100.00 71.43 87.50 76.92 72.73 87.50 100.00 100.00 100.00 80.00 100.00 75.00 88.89 60.00 100.00 100.00 55.56 100.00 100.00
90.72=100.00 100.00 100.00 75.00 80.00 100.00 100.00 100.00 100.00 83.33 100.00 100.00 88.89 66.67 100.00 75.00 80.00 100.00 100.00 100.00 100.00 100.00 100.00 80.00 88.89 75.00 100.00 77.78 75.00 83.33 83.33
91.30=77.78 100.00 100.00 75.00 100.00 100.00 100.00 100.00 100.00 83.33 87.50 100.00 87.50 71.43 85.71 100.00 88.89 100.00 85.71 100.00 100.00 100.00 100.00 100.00 90.00 60.00 100.00 87.50 50.00 100.00 100.00
91.02=75.00 100.00 100.00 50.00 100.00 100.00 100.00 100.00 100.00 100.00 100.00 100.00 87.50 83.33 100.00 88.89 72.73 87.50 100.00 100.00 100.00 100.00 100.00 75.00 77.78 75.00 100.00 88.89 60.00 100.00 100.00
60.95=92.00 100.00 88.89 90.48 2.86 47.83 92.00 87.50 37.04 92.86 70.97 87.50 80.00 52.38 64.52 54.05 75.76 65.52 34.38 84.21 0.00 93.33 80.77 15.38 26.09 48.28 57.14 47.37 50.00 44.44 25.81
62.96=100.00 95.24 78.26 76.00 3.45 45.10 88.00 76.19 43.48 89.47 77.42 77.78 70.37 52.38 83.33 65.62 76.47 70.00 32.43 72.73 5.88 91.67 77.78 30.77 37.04 45.45 57.89 52.63 45.45 66.67 66.67
62.21=88.89 95.24 80.95 90.00 6.45 48.98 87.50 66.67 45.83 88.24 72.22 75.00 76.92 56.52 79.17 72.41 83.87 67.74 36.11 65.00 6.67 85.71 84.62 15.38 40.62 55.00 50.00 55.00 26.67 50.00 75.00
63.26=91.67 100.00 81.82 86.96 0.00 52.27 88.00 65.22 26.32 78.95 75.00 70.00 67.86 68.42 76.92 83.33 86.21 62.50 40.62 72.73 0.00 96.15 75.00 13.33 44.44 47.83 55.56 68.75 35.29 75.00 75.00
60.56=96.00 95.24 85.00 82.61 0.00 45.65 84.00 68.42 31.58 76.19 69.70 78.57 69.57 59.09 76.92 70.00 80.65 62.86 25.00 68.18 0.00 75.86 64.52 7.14 40.62 45.45 55.00 66.67 50.00 63.64 83.33
57.83=95.83 95.45 81.82 73.08 2.78 53.85 86.36 47.37 16.67 76.47 52.38 67.65 56.41 45.45 74.19 73.33 65.71 75.00 30.00 76.92 7.14 78.26 73.33 30.77 50.00 70.59 53.85 25.00 40.00 57.14 60.00
59.72=95.83 100.00 76.00 74.07 2.70 52.38 90.91 56.25 7.14 87.50 51.22 69.70 52.38 47.37 88.46 76.92 70.59 65.62 43.48 47.62 0.00 78.57 63.64 41.67 38.71 65.00 66.67 66.67 36.36 83.33 54.55
63.38=95.65 100.00 85.71 74.07 0.00 47.73 71.43 81.25 50.00 80.00 60.53 75.86 54.29 40.00 77.42 77.42 70.59 65.79 48.00 68.75 0.00 92.00 71.43 41.67 40.62 68.42 62.50 69.23 52.63 66.67 75.00
61.25=95.83 100.00 90.00 80.00 2.63 57.14 73.08 75.00 14.29 80.95 56.10 67.74 51.35 47.83 80.65 77.42 69.70 63.89 54.17 52.94 0.00 92.59 77.78 54.55 38.46 60.87 42.11 83.33 36.84 50.00 71.43
61.95=91.67 95.45 85.00 79.17 0.00 51.11 86.36 76.92 46.15 59.26 58.97 73.33 56.41 47.37 85.19 76.67 68.75 58.97 43.48 52.63 0.00 86.96 81.48 53.85 44.44 73.68 45.00 80.00 37.50 55.56 69.23
85.40=77.78 100.00 100.00 75.00 57.14 88.89 100.00 100.00 100.00 66.67 100.00 87.50 100.00 80.00 66.67 100.00 60.00 85.71 87.50 100.00 100.00 80.00 100.00 60.00 85.71 75.00 100.00 75.00 55.56 83.33 100.00
89.04=87.50 100.00 100.00 75.00 100.00 100.00 100.00 75.00 100.00 100.00 100.00 85.71 100.00 100.00 80.00 84.62 66.67 100.00 70.00 100.00 100.00 83.33 100.00 60.00 75.00 75.00 100.00 100.00 62.50 80.00 100.00
89.50=87.50 100.00 100.00 100.00 66.67 100.00 90.91 66.67 83.33 100.00 100.00 100.00 100.00 62.50 100.00 100.00 72.73 100.00 77.78 100.00 100.00 66.67 100.00 100.00 100.00 75.00 83.33 100.00 55.56 85.71 100.00
89.41=87.50 100.00 100.00 100.00 80.00 88.89 100.00 100.00 100.00 100.00 100.00 87.50 100.00 83.33 83.33 100.00 72.73 87.50 77.78 100.00 75.00 80.00 100.00 66.67 88.89 75.00 100.00 100.00 62.50 100.00 75.00
91.23=77.78 100.00 100.00 100.00 100.00 88.89 100.00 100.00 100.00 83.33 100.00 100.00 100.00 100.00 100.00 100.00 80.00 100.00 77.78 100.00 100.00 83.33 100.00 57.14 85.71 75.00 100.00 100.00 50.00 85.71 83.33
89.43=77.78 100.00 100.00 100.00 80.00 77.78 90.91 80.00 83.33 71.43 100.00 77.78 100.00 100.00 66.67 100.00 87.50 100.00 100.00 100.00 80.00 100.00 100.00 83.33 61.54 100.00 100.00 87.50 66.67 100.00 100.00
86.27=100.00 100.00 100.00 100.00 100.00 77.78 100.00 80.00 100.00 100.00 87.50 100.00 100.00 83.33 75.00 90.91 100.00 87.50 75.00 66.67 100.00 100.00 80.00 75.00 70.00 0.00 100.00 87.50 71.43 100.00 66.67
89.27=87.50 100.00 100.00 100.00 80.00 80.00 100.00 50.00 100.00 100.00 100.00 100.00 100.00 100.00 83.33 85.71 100.00 100.00 100.00 72.73 100.00 100.00 87.50 71.43 100.00 0.00 100.00 85.71 83.33 100.00 100.00
86.57=85.71 100.00 100.00 100.00 75.00 70.00 100.00 44.44 100.00 83.33 100.00 77.78 100.00 100.00 62.50 85.71 100.00 100.00 100.00 66.67 80.00 100.00 100.00 85.71 100.00 0.00 83.33 100.00 83.33 100.00 100.00
90.09=87.50 100.00 100.00 100.00 66.67 87.50 90.00 40.00 100.00 100.00 100.00 100.00 100.00 100.00 87.50 80.00 100.00 100.00 100.00 88.89 100.00 100.00 100.00 75.00 87.50 50.00 83.33 88.89 80.00 100.00 100.00
61.26=84.62 100.00 69.23 76.92 0.00 44.74 77.27 71.43 18.75 93.33 55.00 60.53 48.48 39.13 83.33 70.97 71.88 60.53 52.63 60.00 0.00 80.00 73.08 41.18 40.00 61.90 57.14 76.92 50.00 100.00 80.00
60.85=100.00 95.65 90.00 76.92 0.00 50.00 77.78 71.43 15.38 93.75 54.05 80.77 51.28 59.09 83.33 92.00 69.70 62.50 39.29 62.50 0.00 75.00 67.74 54.55 45.45 60.87 35.00 71.43 21.05 57.14 72.73
62.08=92.00 100.00 73.08 76.00 0.00 45.45 82.61 72.22 36.36 80.00 56.76 71.88 57.14 68.42 80.00 66.67 76.67 60.00 50.00 70.00 9.09 87.50 75.86 28.57 50.00 52.00 56.25 69.23 38.10 62.50 80.00
61.92=100.00 95.65 95.00 74.07 0.00 53.66 82.61 72.22 36.84 84.21 54.29 71.88 58.62 52.38 80.77 79.31 61.76 61.54 36.84 52.94 0.00 82.76 79.17 50.00 37.14 51.85 44.44 90.00 43.75 71.43 64.29
61.73=92.00 100.00 69.23 73.08 0.00 53.19 80.00 80.00 12.50 88.24 55.00 78.57 47.50 55.56 71.88 91.67 64.71 55.81 42.86 58.82 0.00 80.00 85.19 46.15 46.15 54.17 66.67 78.57 47.62 75.00 63.64
88.19=77.78 100.00 100.00 100.00 75.00 100.00 100.00 80.00 71.43 83.33 87.50 100.00 100.00 100.00 100.00 90.91 80.00 100.00 70.00 100.00 100.00 80.00 100.00 66.67 100.00 75.00 85.71 75.00 50.00 85.71 100.00
90.07=77.78 100.00 83.33 75.00 100.00 100.00 100.00 80.00 83.33 100.00 100.00 100.00 87.50 100.00 100.00 100.00 80.00 100.00 100.00 100.00 80.00 100.00 100.00 60.00 80.00 75.00 85.71 100.00 44.44 100.00 100.00
89.17=87.50 100.00 83.33 75.00 100.00 88.89 100.00 100.00 100.00 100.00 85.71 100.00 87.50 71.43 100.00 90.91 80.00 87.50 85.71 100.00 100.00 100.00 80.00 66.67 85.71 75.00 100.00 100.00 50.00 83.33 100.00
93.46=87.50 100.00 100.00 100.00 100.00 100.00 100.00 100.00 100.00 83.33 100.00 87.50 100.00 83.33 100.00 84.62 80.00 100.00 87.50 80.00 100.00 100.00 100.00 100.00 77.78 100.00 85.71 100.00 60.00 100.00 100.00
89.75=100.00 100.00 100.00 100.00 80.00 85.71 100.00 100.00 75.00 71.43 87.50 87.50 100.00 100.00 70.00 90.91 70.00 100.00 85.71 88.89 100.00 83.33 100.00 100.00 80.00 75.00 100.00 88.89 62.50 100.00 100.00
85.10=87.50 100.00 100.00 75.00 100.00 88.89 100.00 57.14 100.00 80.00 100.00 100.00 88.89 83.33 50.00 87.50 77.78 87.50 85.71 88.89 66.67 100.00 100.00 83.33 100.00 75.00 85.71 85.71 57.14 75.00 71.43
