93.36533538146442
95.78981054787508
92.50128008192526
93.23825815761299
94.31597076758368
91.33512544802868
91.14567332309267
93.33845366103431
93.76600102406555
93.88248847926268
72.28482490947333
72.22079264679145
72.46380594128162
75.16993348360398
76.63035815219547
75.55413706970324
73.8852345963625
75.35621862727395
77.27238339898594
77.25346191451393
75.65541453396116
77.31064095589622
78.48972283096379
76.55538151444061
77.85069249597487
93.81196760229018
94.20762928827445
92.3668714797747
93.89645300935624
94.7542242703533
91.65130568356376
90.62339989759346
91.45207838756225
89.65903272354886
93.09465623981752
79.73457520099494
75.83637917732356
77.73053924157327
77.99726585235274
79.21652724342903
