87.03230461294979
90.09344598054275
89.08974538006798
87.52141227947679
87.0449890611181
92.90322580645162
92.5678443420379
90.94726062467998
93.40501792114695
91.88300051203278
86.23655913978493
92.74193548387096
86.8689196108551
86.85483870967742
91.00358422939067
88.2258064516129
94.93343573988736
95.59139784946237
92.68817204301074
99.19354838709677
87.2811059907834
0.05288207297726071
86.62058371735792
92.1146953405018
91.82795698924731
90.55299539170508
89.32004375552762
89.20477372090276
88.42794302471724
88.69012707722385
87.6984126984127
89.95100777358843
92.68561187916028
90.59366260979166
90.82006702974446
86.91756272401433
89.89247311827957
87.06989247311827
90.61827956989247
91.58602150537635
93.97849462365592
92.76497695852535
94.89247311827957
93.27956989247312
97.04301075268818
91.45370758273984
93.64439324116744
93.9336917562724
91.23597728436438
91.19815668202766
86.72043010752688
87.70609318996415
88.11827956989248
89.30107526881721
87.74193548387096
93.62007168458781
96.66666666666667
91.82027649769584
96.27496159754224
96.44393241167435
88.79416282642087
92.05418237676304
89.12686775590002
94.16759763533958
93.83512544802868
92.63952892985151
93.84408602150538
91.1699948796723
93.89400921658986
95.16129032258064
93.04740957966763
90.37960247637668
92.32078853046595
92.45519713261649
92.08397337429595
95.29185867895546
93.08755760368662
94.81182795698925
91.63978494623655
90.05376344086021
90.64516129032258
90.3763440860215
89.00537634408602
90.86021505376344
90.88709677419355
95.00256016385048
91.83272820369595
92.48719918074757
93.21777684680912
94.46748591909882
96.73835125448028
93.5663082437276
97.11981566820276
93.38709677419355
93.67895545314902
94.6236559139785
88.17204301075269
94.38172043010752
92.1505376344086
95.43010752688171
95.93701996927803
92.06058278638922
88.78485313969183
94.66333845366104
93.13492063492063
89.69278033794164
87.83922171018946
87.88914490527394
90.79877112135178
92.98515104966718
92.75985663082437
95.8794162826421
93.23011218172508
92.60752688172043
93.93881208397337
94.06810035842294
96.41577060931898
93.19892473118279
92.1505376344086
93.67895545314902
89.61725550435229
91.98796722990271
92.91346646185356
92.72017409114183
92.61450914676722
92.1300563236047
92.20046082949308
89.40860215053765
89.6774193548387
91.29032258064517
91.89196108550946
92.03405017921148
93.0798771121352
89.10138248847927
92.39107666527022
93.14132104454684
95.96774193548387
94.6774193548387
92.09677419354837
95.80645161290323
90.57987711213518
91.16359447004608
92.03405017921148
92.80081925243216
89.34203789042498
91.56158357771261
93.34869431643625
92.81711120420796
94.26267281105991
94.49436763952892
92.8763440860215
87.63440860215053
90.48387096774194
90.29569892473118
89.26523297491039
92.72913466461853
91.33384536610343
90.0678443420379
91.92366773011933
91.32453567937439
91.28264208909373
93.65672857608341
94.24591537494764
94.5467346273798
93.92822231531909
96.25448028673834
92.1898710608388
91.59498207885306
93.77368151561699
91.50374714890843
93.81720430107526
93.17204301075267
92.27598566308244
92.168458781362
86.61290322580645
93.64439324116745
89.15898617511522
90.01280081925243
93.21544942512685
94.9535679374389
96.90476190476191
94.7721454173067
95.47107014848952
93.97849462365592
94.7542242703533
93.15668202764978
94.28536517246194
91.43590280687056
88.6930363543267
92.1846343620537
91.85483870967742
91.4247311827957
93.17204301075269
90.67204301075267
88.87096774193549
94.96415770609319
93.28981054787508
95.05376344086021
96.82027649769586
95.02304147465438
91.83691756272403
90.57091653865848
91.7956058278639
89.94367639528932
90.42370711725552
87.93010752688171
92.25806451612901
89.27035330261138
92.93010752688173
90.59139784946235
95.56451612903226
94.3010752688172
95.43010752688171
95.51075268817203
92.95698924731182
89.94623655913979
86.30824372759857
87.5268817204301
93.9605734767025
86.28648233486943
94.22171018945214
92.32718894009219
89.83347297863426
91.79467485919098
91.7741935483871
93.49078341013825
92.70865335381465
95.02932551319648
93.52278545826934
93.32693292370713
89.40476190476191
89.98207885304659
93.33333333333333
92.47311827956989
86.98924731182795
92.3719918074757
94.0937019969278
93.24849881301495
95.11474188893543
92.39340408695249
90.11776753712238
94.84126984126986
93.96057347670249
91.79944607363961
93.47751710654937
92.65232974910394
96.41577060931898
94.24731182795698
93.91705069124424
97.58064516129032
92.99923195084486
92.24735837639065
90.73849089978123
90.92771028254899
92.89554531490016
87.93010752688171
91.98028673835125
85.80645161290323
89.86559139784947
90.55555555555556
91.8556533072662
92.66478145510402
91.8215565796211
95.4415118931248
93.57398873527906
92.68270260205743
91.79711865195738
95.14197272261788
93.82313922636503
95.05236698785086
94.58781362007169
95.93701996927804
94.0552995391705
88.26164874551971
93.81720430107526
91.77163338453661
90.71172555043525
90.70532514080904
94.71163245356792
88.23174137690266
94.13978494623655
96.66666666666667
94.73118279569891
92.41167434715821
95.74500768049155
92.00716845878136
93.45878136200717
91.55913978494623
91.93548387096773
91.18279569892472
95.66820276497694
96.7741935483871
97.31182795698926
95.10752688172043
95.59139784946237
92.63440860215053
95.21505376344085
89.59293394777266
96.04454685099846
95.0268817204301
94.72350230414747
93.41397849462366
95.36866359447005
96.12903225806451
93.92473118279571
94.32411674347159
93.81720430107528
94.51612903225805
94.00537634408602
91.45161290322581
90.83961737187545
92.36687147977472
92.36559139784946
92.43727598566309
91.76523297491039
97.38351254480285
96.3594470046083
95.9242191500256
95.9062980030722
97.20430107526882
92.0583717357911
91.8983614951357
90.35586277521762
91.83819764464927
93.33333333333334
93.44086021505376
92.25806451612904
91.96236559139784
91.34408602150538
90.61443932411673
92.57808499743984
91.98284690220174
90.67332309267795
88.57526881720432
91.40681003584228
91.53353814644137
90.96366894753993
94.76318484383
93.83722012754272
95.09856630824373
92.23118279569891
90.7258064516129
90.86021505376344
91.02150537634408
90.80645161290323
95.21505376344085
93.81720430107526
96.55913978494624
95.93701996927804
95.58371735791091
93.96697388632872
92.26551226551229
93.53686635944702
91.2647209421403
94.67194991388538
92.84818228366615
90.78818135269748
90.06272401433691
93.20532514080902
93.60471070148489
94.78878648233486
95.47491039426522
95.80901177675372
94.30433365917237
95.82693292370712
95.32258064516128
90.69892473118279
94.13978494623655
95.3225806451613
87.01612903225806
95.58755760368663
95.3763440860215
98.18996415770609
96.20583717357911
93.68279569892472
94.72350230414747
92.81490015360984
92.72401433691758
93.43445980542755
94.27419354838712
95.34178187403994
96.0010240655402
92.83922171018945
95.3503933342643
94.39324116743471
91.15591397849462
93.26164874551972
90.07808499743984
90.88162733324023
91.89964157706092
92.41935483870968
91.07526881720429
95.32258064516128
92.23118279569893
90.30465949820788
92.76497695852535
92.77009728622633
94.00397989107665
92.68537913699205
95.70020481310804
96.7741935483871
97.1774193548387
98.2258064516129
96.58218125960062
96.45161290322581
92.39491691104594
94.13850486431133
92.73041474654379
92.8942652329749
92.68817204301074
97.44623655913979
96.20583717357911
95.59139784946237
94.69534050179212
95.3763440860215
93.88993622864592
92.39573150863474
92.91602662570405
94.59933435739887
94.0551831680864
94.32411674347159
97.11981566820276
94.46236559139784
94.74910394265233
97.46543778801843
92.11981566820276
94.62365591397848
93.76344086021506
95.29569892473118
95.10752688172042
94.98685006749523
93.6503281664572
92.72401433691756
93.01429753042657
95.24798678024484
93.97337429595494
94.43164362519201
93.94998370804822
93.52150537634408
96.35002094679514
90.68309826374343
94.22171018945212
94.58397337429597
94.58781362007169
95.03584229390681
91.64327607875995
92.59856630824373
94.15130568356375
91.61930363543267
93.44726062467998
95.16060104769782
93.753083833729
92.0646557743332
91.57450076804918
92.19790066564259
92.02252944188429
93.76600102406555
92.20988688730623
91.11879160266255
90.76164874551971
96.15684494716753
93.90681003584228
94.00281618023556
96.33500907694456
95.13696876600103
96.66666666666666
95.91013824884793
93.01075268817205
96.93548387096774
98.38709677419355
94.80542754736304
96.15335381464413
95.29697900665643
92.689452124936
95.96774193548387
92.31822836661547
94.0463389656938
91.68458781362007
96.62698412698414
93.20532514080902
90.10752688172042
94.13978494623655
88.54838709677418
93.27956989247312
90.752688172043
94.21658986175115
94.51612903225806
97.04301075268818
95.12544802867383
96.7741935483871
90.40322580645162
93.18821859144442
92.35535074244751
93.81464413722479
91.89068100358422
94.77854582693293
91.52818507657219
94.45782711911744
93.67348601219568
93.10931899641577
91.26344086021503
90.76932923707119
92.89298515104967
92.59204952753338
91.5258576548899
91.8457617651166
93.65335381464415
95.60931899641577
93.23988735279057
94.72222222222221
95.75268817204302
97.58064516129032
91.7921146953405
97.90322580645162
95.25089605734767
94.0167807103291
93.99641577060932
93.69687660010241
95.37331843783457
94.61981566820276
94.7068612391193
94.24323884001303
91.74859190988224
93.47658613787647
96.28136200716845
92.47439836149515
96.51294046455338
94.73118279569893
94.47644649257553
94.5532514080901
94.03225806451613
91.52969790066564
93.74295954941117
92.15565796210957
92.53968253968254
93.79928315412187
93.68279569892472
93.62519201228878
93.72759856630825
90.66308243727597
95.23297491039426
93.43701996927803
97.01228878648233
97.8763440860215
97.04301075268816
94.75003491132523
94.7103523716427
93.05811571940605
93.65207373271889
93.12724014336919
92.7406554019457
92.95687287622772
91.97260624679978
91.85355862775218
91.23399897593447
91.40937019969276
92.78289810547874
92.55888376856119
92.55213424568262
93.68023553507426
93.89366010333751
95.78946143462272
94.06414374156309
92.76881720430107
94.69662058371736
94.89247311827957
92.40399385560674
94.6505376344086
93.54838709677418
91.85483870967742
96.7741935483871
96.12135176651306
96.66666666666666
95.69892473118279
95.86021505376344
94.48110133594004
94.70302099334359
94.41500256016384
95.35970302099334
93.83256528417819
91.44009216589862
93.94265232974912
94.42780337941629
93.58422939068099
92.35407066052228
92.84131638970348
92.20174091141834
91.9162826420891
90.51331285202251
93.70967741935483
92.98387096774192
94.18202764976958
93.46390168970814
93.17204301075267
94.51612903225805
95.93701996927803
95.752688172043
97.63440860215053
95.32258064516128
96.31336405529954
92.03020993343574
93.4600614439324
95.3494623655914
94.76050830889541
90.09856630824373
98.02867383512545
94.51612903225806
94.94623655913978
97.36559139784947
94.40860215053763
94.88223246287762
93.21265651910814
94.61725550435229
94.40953311921055
95.79109062980031
94.26267281105991
94.28827444956477
94.5915374947633
93.0299539170507
94.23963133640554
91.41577060931898
88.17204301075269
89.9910394265233
92.66129032258063
90.82949308755761
92.81327095843224
95.75780849974399
95.07924870828096
94.81019876181165
94.58769724898757
90.61827956989247
89.16666666666666
92.76881720430107
92.84946236559139
87.33870967741936
92.18637992831542
93.65847414234513
93.01959689056461
94.94623655913979
92.36559139784947
93.49555462458689
95.37762416794675
94.01561699948797
94.73374295954942
95.93283061024995
94.32411674347159
95.87813620071684
96.39784946236558
96.39784946236558
93.17204301075269
94.0668202764977
93.82872503840245
93.93613554903877
92.76113671274962
95.67204301075269
92.80465949820788
94.56221198156682
92.99539170506914
93.58422939068099
90.11776753712238
97.04301075268818
96.69354838709677
95.50691244239631
96.7741935483871
95.87813620071684
94.6505376344086
95.05376344086021
94.67741935483869
94.51612903225805
93.70967741935483
93.49462365591397
93.17204301075267
94.24731182795698
94.67741935483869
95.43010752688171
95.48387096774194
93.14132104454683
94.56093189964157
96.95340501792116
96.66666666666666
94.79251035702649
96.11867523157846
94.29723502304148
93.6968766001024
94.79902713773681
94.13210445468512
93.05427547363031
94.51857282502444
95.50179211469535
94.66845878136202
93.74005027230834
94.86559139784947
95.69601545407997
94.98044965786902
94.18458781362007
90.90501792114694
93.17204301075267
94.89247311827957
93.70967741935482
91.82795698924731
97.04301075268816
95.99462365591397
94.247311827957
96.01254480286738
95.48387096774194
96.93548387096774
95.69892473118279
97.04301075268818
97.31182795698925
96.02150537634408
95.32258064516128
96.26344086021506
94.08602150537634
96.82795698924731
94.59677419354838
95.10613042871107
95.86358981520273
95.50051203277009
93.18740399385561
94.58013312852023
95.32607177768467
93.83128520225297
94.9205185495508
94.58141321044546
94.90143369175628
96.39784946236558
93.81720430107526
92.25806451612901
93.6021505376344
92.76497695852534
94.6774193548387
94.51612903225806
96.72043010752688
95.59139784946237
95.23809523809524
94.70290462225947
93.0568356374808
91.01382488479264
94.3556533072662
92.53444584089746
91.3820229949262
91.71018945212494
94.40860215053763
93.87608806963645
90.5541591025462
96.54377880184332
95.58883768561189
95.5568356374808
94.80030721966205
93.7442396313364
