93.07=100.00 100.00 100.00 100.00 100.00 100.00 100.00 80.00 50.00 100.00 100.00 100.00 100.00 100.00 100.00 100.00 88.89 100.00 63.64 80.00 100.00 100.00 100.00 100.00 77.78 100.00 100.00 70.00 100.00 75.00 100.00
93.07=100.00 100.00 100.00 100.00 100.00 100.00 100.00 80.00 50.00 100.00 100.00 100.00 100.00 100.00 100.00 100.00 88.89 100.00 63.64 80.00 100.00 100.00 100.00 100.00 77.78 100.00 100.00 70.00 100.00 75.00 100.00
85.66=100.00 100.00 87.50 0.00 100.00 100.00 100.00 57.14 71.43 83.33 100.00 75.00 83.33 62.50 100.00 100.00 100.00 100.00 70.00 77.78 100.00 100.00 87.50 100.00 77.78 33.33 100.00 88.89 100.00 100.00 100.00
84.88=100.00 100.00 100.00 0.00 75.00 100.00 90.91 44.44 66.67 100.00 100.00 100.00 85.71 62.50 100.00 85.71 88.89 87.50 60.00 80.00 80.00 100.00 100.00 100.00 80.00 100.00 100.00 100.00 75.00 85.71 83.33
87.66=100.00 100.00 100.00 0.00 100.00 100.00 100.00 57.14 100.00 100.00 100.00 100.00 100.00 62.50 100.00 100.00 100.00 100.00 70.00 72.73 100.00 100.00 87.50 87.50 100.00 0.00 100.00 80.00 100.00 100.00 100.00
87.51=100.00 100.00 100.00 0.00 100.00 100.00 100.00 60.00 100.00 100.00 100.00 87.50 100.00 62.50 100.00 88.89 88.89 100.00 58.33 80.00 80.00 100.00 88.89 71.43 100.00 100.00 100.00 75.00 71.43 100.00 100.00
90.61=77.78 83.33 87.50 100.00 100.00 100.00 88.89 80.00 80.00 83.33 100.00 77.78 100.00 100.00 100.00 90.00 100.00 100.00 100.00 72.73 100.00 80.00 100.00 100.00 85.71 100.00 100.00 63.64 75.00 100.00 83.33
88.11=70.00 100.00 100.00 100.00 66.67 100.00 100.00 66.67 80.00 100.00 100.00 77.78 85.71 83.33 77.78 100.00 100.00 100.00 85.71 88.89 100.00 100.00 100.00 83.33 83.33 66.67 100.00 85.71 75.00 83.33 71.43
93.81=70.00 100.00 100.00 100.00 100.00 100.00 100.00 75.00 100.00 100.00 100.00 77.78 87.50 83.33 100.00 100.00 100.00 100.00 100.00 72.73 100.00 100.00 100.00 100.00 100.00 100.00 100.00 100.00 66.67 75.00 100.00
90.44=63.64 100.00 100.00 100.00 80.00 100.00 100.00 80.00 100.00 83.33 100.00 100.00 100.00 100.00 100.00 90.91 100.00 100.00 77.78 80.00 100.00 80.00 100.00 66.67 71.43 100.00 75.00 100.00 75.00 80.00 100.00
93.54=77.78 100.00 100.00 100.00 100.00 100.00 100.00 80.00 100.00 100.00 100.00 77.78 100.00 100.00 88.89 100.00 100.00 100.00 87.50 88.89 100.00 100.00 100.00 100.00 66.67 100.00 100.00 85.71 75.00 100.00 71.43
91.43=100.00 100.00 100.00 100.00 100.00 100.00 100.00 100.00 100.00 100.00 100.00 66.67 83.33 100.00 100.00 100.00 100.00 100.00 100.00 40.00 100.00 100.00 100.00 100.00 66.67 0.00 100.00 77.78 100.00 100.00 100.00
86.96=100.00 100.00 100.00 100.00 100.00 100.00 75.00 100.00 100.00 100.00 100.00 66.67 100.00 80.00 100.00 83.33 75.00 100.00 66.67 66.67 100.00 80.00 85.71 66.67 50.00 0.00 100.00 100.00 100.00 100.00 100.00
93.55=100.00 100.00 100.00 100.00 100.00 100.00 100.00 100.00 100.00 100.00 100.00 50.00 100.00 100.00 100.00 100.00 100.00 100.00 66.67 50.00 100.00 100.00 100.00 100.00 33.33 100.00 100.00 100.00 100.00 100.00 100.00
90.95=100.00 100.00 100.00 100.00 100.00 100.00 100.00 100.00 100.00 100.00 100.00 50.00 100.00 75.00 100.00 100.00 100.00 100.00 66.67 50.00 100.00 100.00 100.00 100.00 100.00 0.00 100.00 77.78 100.00 100.00 100.00
89.48=100.00 100.00 100.00 100.00 100.00 100.00 100.00 100.00 100.00 100.00 100.00 66.67 100.00 57.14 100.00 83.33 100.00 100.00 66.67 66.67 100.00 100.00 100.00 100.00 33.33 0.00 100.00 100.00 100.00 100.00 100.00
94.38=100.00 100.00 100.00 100.00 80.00 100.00 100.00 100.00 100.00 100.00 100.00 100.00 100.00 80.00 100.00 100.00 100.00 100.00 100.00 66.67 100.00 80.00 85.71 100.00 50.00 100.00 100.00 100.00 83.33 100.00 100.00
92.01=75.00 100.00 100.00 100.00 100.00 100.00 100.00 75.00 100.00 100.00 100.00 100.00 100.00 100.00 100.00 100.00 100.00 100.00 66.67 66.67 100.00 100.00 85.71 100.00 0.00 100.00 100.00 100.00 83.33 100.00 100.00
92.97=75.00 100.00 100.00 100.00 100.00 100.00 100.00 50.00 100.00 100.00 100.00 100.00 100.00 80.00 88.89 100.00 100.00 100.00 100.00 100.00 100.00 100.00 100.00 75.00 50.00 100.00 100.00 100.00 83.33 80.00 100.00
89.48=75.00 100.00 100.00 75.00 100.00 100.00 100.00 75.00 100.00 100.00 100.00 100.00 100.00 100.00 88.89 100.00 75.00 100.00 50.00 100.00 75.00 100.00 100.00 80.00 0.00 100.00 100.00 100.00 80.00 100.00 100.00
94.78=75.00 100.00 100.00 100.00 100.00 100.00 100.00 50.00 100.00 80.00 100.00 100.00 100.00 75.00 100.00 100.00 100.00 100.00 100.00 100.00 100.00 75.00 100.00 100.00 100.00 100.00 100.00 100.00 83.33 100.00 100.00
86.65=100.00 100.00 100.00 100.00 100.00 100.00 100.00 60.00 100.00 66.67 100.00 66.67 100.00 100.00 88.89 100.00 100.00 66.67 50.00 66.67 100.00 57.14 100.00 80.00 0.00 100.00 100.00 83.33 100.00 100.00 100.00
85.91=100.00 100.00 100.00 100.00 100.00 100.00 100.00 100.00 100.00 100.00 100.00 50.00 100.00 100.00 80.00 83.33 100.00 100.00 50.00 50.00 100.00 80.00 100.00 100.00 0.00 0.00 100.00 70.00 100.00 100.00 100.00
89.23=100.00 100.00 100.00 100.00 100.00 75.00 100.00 75.00 100.00 100.00 100.00 66.67 100.00 100.00 77.78 100.00 75.00 100.00 50.00 100.00 100.00 66.67 100.00 80.00 0.00 100.00 100.00 100.00 100.00 100.00 100.00
88.88=100.00 100.00 100.00 100.00 100.00 100.00 100.00 100.00 100.00 100.00 100.00 50.00 100.00 100.00 88.89 100.00 75.00 100.00 50.00 66.67 100.00 57.14 100.00 80.00 0.00 100.00 100.00 87.50 100.00 100.00 100.00
86.47=100.00 100.00 100.00 100.00 100.00 75.00 75.00 66.67 100.00 75.00 100.00 50.00 100.00 100.00 88.89 100.00 100.00 100.00 50.00 66.67 100.00 66.67 100.00 66.67 0.00 100.00 100.00 100.00 100.00 100.00 100.00
89.96=75.00 100.00 100.00 100.00 100.00 88.89 100.00 50.00 100.00 100.00 100.00 87.50 100.00 83.33 100.00 90.00 100.00 100.00 75.00 88.89 100.00 100.00 100.00 100.00 75.00 25.00 100.00 70.00 80.00 100.00 100.00
91.75=70.00 100.00 100.00 100.00 100.00 100.00 100.00 80.00 71.43 83.33 100.00 100.00 100.00 100.00 88.89 100.00 100.00 100.00 100.00 80.00 100.00 100.00 100.00 100.00 77.78 50.00 100.00 85.71 57.14 100.00 100.00
93.48=70.00 100.00 100.00 100.00 100.00 100.00 100.00 100.00 100.00 83.33 100.00 87.50 100.00 83.33 100.00 100.00 100.00 100.00 100.00 88.89 100.00 100.00 100.00 100.00 100.00 50.00 100.00 77.78 57.14 100.00 100.00
89.18=63.64 100.00 100.00 100.00 100.00 88.89 100.00 75.00 100.00 100.00 100.00 100.00 100.00 83.33 100.00 100.00 100.00 100.00 87.50 72.73 100.00 100.00 88.89 80.00 71.43 33.33 100.00 87.50 66.67 85.71 80.00
91.58=63.64 100.00 100.00 100.00 100.00 100.00 100.00 80.00 100.00 100.00 100.00 87.50 100.00 100.00 100.00 100.00 100.00 100.00 77.78 88.89 80.00 83.33 100.00 100.00 100.00 50.00 100.00 77.78 50.00 100.00 100.00
91.56=87.50 100.00 100.00 75.00 100.00 100.00 100.00 50.00 100.00 100.00 77.78 85.71 85.71 100.00 100.00 100.00 100.00 100.00 63.64 80.00 100.00 100.00 100.00 75.00 85.71 100.00 100.00 88.89 83.33 100.00 100.00
95.24=100.00 100.00 100.00 100.00 100.00 100.00 100.00 66.67 100.00 100.00 100.00 87.50 100.00 100.00 100.00 100.00 100.00 100.00 70.00 88.89 100.00 100.00 100.00 100.00 100.00 100.00 100.00 72.73 66.67 100.00 100.00
91.37=100.00 100.00 100.00 100.00 100.00 100.00 100.00 57.14 100.00 100.00 100.00 87.50 100.00 100.00 100.00 100.00 88.89 100.00 66.67 66.67 100.00 100.00 100.00 85.71 87.50 50.00 100.00 80.00 62.50 100.00 100.00
91.25=100.00 100.00 100.00 100.00 100.00 100.00 100.00 66.67 100.00 100.00 100.00 100.00 100.00 100.00 87.50 100.00 100.00 100.00 70.00 80.00 100.00 100.00 100.00 83.33 85.71 33.33 100.00 61.54 75.00 85.71 100.00
94.96=100.00 100.00 100.00 100.00 100.00 100.00 100.00 50.00 100.00 100.00 100.00 100.00 100.00 100.00 100.00 100.00 100.00 100.00 70.00 88.89 100.00 83.33 100.00 85.71 100.00 100.00 100.00 80.00 85.71 100.00 100.00
89.17=100.00 100.00 100.00 100.00 100.00 100.00 100.00 100.00 100.00 80.00 100.00 66.67 100.00 100.00 100.00 100.00 100.00 100.00 50.00 66.67 100.00 100.00 100.00 100.00 0.00 50.00 100.00 87.50 80.00 83.33 100.00
90.46=100.00 100.00 100.00 100.00 100.00 100.00 100.00 100.00 100.00 100.00 100.00 100.00 100.00 100.00 100.00 100.00 100.00 66.67 50.00 50.00 100.00 66.67 100.00 100.00 0.00 100.00 100.00 87.50 83.33 100.00 100.00
90.36=100.00 100.00 100.00 100.00 100.00 100.00 100.00 60.00 100.00 100.00 100.00 66.67 100.00 100.00 100.00 100.00 100.00 100.00 50.00 66.67 100.00 80.00 100.00 100.00 0.00 100.00 100.00 77.78 100.00 100.00 100.00
88.06=100.00 100.00 100.00 100.00 100.00 100.00 100.00 75.00 100.00 100.00 100.00 66.67 100.00 100.00 100.00 83.33 75.00 100.00 33.33 66.67 100.00 80.00 100.00 100.00 0.00 50.00 100.00 100.00 100.00 100.00 100.00
89.33=100.00 100.00 100.00 75.00 100.00 100.00 100.00 60.00 100.00 100.00 100.00 66.67 100.00 100.00 100.00 100.00 100.00 100.00 50.00 66.67 100.00 80.00 100.00 100.00 0.00 100.00 100.00 87.50 100.00 83.33 100.00
92.47=75.00 100.00 100.00 100.00 100.00 100.00 100.00 75.00 100.00 100.00 100.00 100.00 100.00 100.00 100.00 100.00 100.00 100.00 66.67 66.67 100.00 100.00 100.00 100.00 0.00 100.00 100.00 100.00 83.33 100.00 100.00
90.22=75.00 100.00 100.00 100.00 100.00 100.00 100.00 75.00 100.00 100.00 100.00 66.67 100.00 100.00 100.00 100.00 100.00 66.67 66.67 100.00 100.00 100.00 100.00 100.00 0.00 100.00 100.00 100.00 66.67 80.00 100.00
92.50=75.00 100.00 100.00 100.00 100.00 100.00 100.00 60.00 100.00 100.00 100.00 100.00 100.00 100.00 100.00 100.00 100.00 100.00 66.67 100.00 100.00 80.00 85.71 100.00 0.00 100.00 100.00 100.00 100.00 100.00 100.00
91.07=75.00 100.00 100.00 100.00 100.00 100.00 100.00 60.00 100.00 100.00 100.00 100.00 100.00 100.00 100.00 83.33 100.00 100.00 66.67 66.67 100.00 100.00 100.00 100.00 0.00 100.00 100.00 100.00 71.43 100.00 100.00
92.90=75.00 100.00 100.00 100.00 100.00 100.00 100.00 75.00 100.00 100.00 100.00 100.00 100.00 80.00 100.00 100.00 100.00 100.00 66.67 100.00 100.00 100.00 100.00 100.00 0.00 100.00 100.00 100.00 83.33 100.00 100.00
92.70=100.00 100.00 100.00 100.00 100.00 100.00 100.00 57.14 100.00 100.00 100.00 87.50 100.00 100.00 100.00 87.50 100.00 87.50 66.67 80.00 100.00 100.00 80.00 100.00 85.71 100.00 100.00 66.67 75.00 100.00 100.00
92.88=100.00 100.00 87.50 100.00 100.00 100.00 100.00 50.00 83.33 100.00 87.50 87.50 100.00 100.00 100.00 100.00 80.00 100.00 70.00 80.00 100.00 100.00 100.00 100.00 100.00 100.00 100.00 70.00 83.33 100.00 100.00
93.94=100.00 100.00 100.00 100.00 100.00 100.00 100.00 80.00 100.00 100.00 100.00 87.50 100.00 100.00 100.00 100.00 100.00 100.00 77.78 88.89 100.00 83.33 85.71 100.00 88.89 100.00 100.00 70.00 75.00 75.00 100.00
93.76=100.00 100.00 100.00 100.00 100.00 100.00 100.00 57.14 100.00 100.00 100.00 87.50 100.00 100.00 80.00 100.00 100.00 87.50 70.00 88.89 100.00 100.00 88.89 100.00 100.00 100.00 100.00 80.00 66.67 100.00 100.00
90.96=100.00 100.00 100.00 100.00 100.00 100.00 100.00 57.14 100.00 100.00 100.00 85.71 85.71 100.00 80.00 100.00 100.00 100.00 77.78 80.00 100.00 100.00 87.50 85.71 100.00 33.33 100.00 63.64 83.33 100.00 100.00
88.69=100.00 100.00 100.00 100.00 100.00 100.00 100.00 75.00 100.00 100.00 100.00 50.00 100.00 100.00 100.00 100.00 100.00 100.00 50.00 50.00 100.00 66.67 100.00 80.00 0.00 100.00 100.00 77.78 100.00 100.00 100.00
88.46=100.00 100.00 100.00 100.00 100.00 100.00 100.00 75.00 100.00 100.00 100.00 50.00 100.00 100.00 100.00 100.00 100.00 100.00 50.00 66.67 100.00 57.14 83.33 80.00 0.00 100.00 100.00 100.00 80.00 100.00 100.00
90.62=100.00 100.00 100.00 100.00 100.00 100.00 100.00 75.00 100.00 100.00 100.00 66.67 100.00 100.00 100.00 100.00 100.00 100.00 50.00 66.67 100.00 80.00 100.00 100.00 0.00 100.00 100.00 87.50 83.33 100.00 100.00
87.39=100.00 100.00 100.00 100.00 100.00 100.00 100.00 100.00 100.00 100.00 100.00 66.67 100.00 100.00 100.00 100.00 100.00 66.67 40.00 50.00 100.00 66.67 100.00 100.00 0.00 33.33 100.00 85.71 100.00 100.00 100.00
86.74=75.00 100.00 100.00 100.00 100.00 100.00 100.00 75.00 100.00 100.00 100.00 40.00 100.00 100.00 100.00 100.00 100.00 66.67 50.00 66.67 100.00 80.00 85.71 100.00 0.00 50.00 100.00 100.00 100.00 100.00 100.00
91.79=75.00 100.00 100.00 100.00 100.00 100.00 100.00 75.00 100.00 100.00 100.00 100.00 100.00 100.00 88.89 100.00 100.00 100.00 66.67 100.00 100.00 100.00 100.00 100.00 0.00 100.00 100.00 100.00 80.00 80.00 80.00
96.85=75.00 100.00 100.00 100.00 100.00 100.00 100.00 75.00 100.00 100.00 100.00 100.00 100.00 80.00 88.89 100.00 100.00 100.00 100.00 100.00 100.00 100.00 100.00 100.00 100.00 100.00 100.00 100.00 83.33 100.00 100.00
92.90=75.00 100.00 100.00 100.00 80.00 100.00 100.00 75.00 100.00 100.00 100.00 100.00 100.00 100.00 100.00 100.00 100.00 100.00 66.67 100.00 100.00 100.00 100.00 100.00 0.00 100.00 100.00 100.00 83.33 100.00 100.00
92.42=75.00 100.00 100.00 100.00 80.00 100.00 100.00 60.00 100.00 100.00 100.00 100.00 100.00 100.00 100.00 100.00 100.00 100.00 66.67 100.00 100.00 100.00 100.00 100.00 0.00 100.00 100.00 100.00 83.33 100.00 100.00
95.11=75.00 100.00 100.00 100.00 100.00 100.00 100.00 60.00 100.00 100.00 100.00 100.00 100.00 100.00 100.00 100.00 100.00 100.00 100.00 100.00 100.00 100.00 100.00 100.00 50.00 100.00 100.00 100.00 83.33 80.00 100.00
93.68=87.50 100.00 100.00 100.00 100.00 100.00 100.00 57.14 100.00 100.00 100.00 87.50 100.00 100.00 100.00 100.00 88.89 100.00 70.00 88.89 100.00 100.00 88.89 100.00 87.50 100.00 100.00 72.73 75.00 100.00 100.00
91.55=100.00 100.00 100.00 100.00 100.00 100.00 100.00 66.67 100.00 100.00 100.00 100.00 100.00 100.00 100.00 100.00 100.00 100.00 70.00 61.54 100.00 100.00 100.00 100.00 87.50 0.00 100.00 66.67 85.71 100.00 100.00
93.32=100.00 83.33 100.00 100.00 80.00 100.00 100.00 50.00 100.00 100.00 100.00 85.71 100.00 100.00 100.00 100.00 100.00 100.00 77.78 80.00 100.00 100.00 88.89 100.00 72.73 100.00 100.00 88.89 85.71 100.00 100.00
92.17=100.00 100.00 100.00 100.00 80.00 100.00 100.00 57.14 100.00 100.00 100.00 87.50 100.00 100.00 100.00 100.00 100.00 100.00 70.00 77.78 100.00 100.00 100.00 85.71 100.00 33.33 100.00 80.00 85.71 100.00 100.00
94.27=100.00 100.00 100.00 100.00 100.00 100.00 100.00 57.14 100.00 100.00 87.50 100.00 100.00 100.00 80.00 100.00 100.00 100.00 70.00 88.89 100.00 100.00 100.00 100.00 87.50 100.00 100.00 88.89 62.50 100.00 100.00
90.08=100.00 100.00 100.00 100.00 100.00 100.00 66.67 60.00 100.00 100.00 100.00 100.00 100.00 100.00 100.00 85.71 66.67 66.67 66.67 50.00 100.00 80.00 100.00 100.00 50.00 100.00 100.00 100.00 100.00 100.00 100.00
91.80=100.00 100.00 100.00 100.00 100.00 100.00 100.00 100.00 100.00 100.00 100.00 66.67 100.00 100.00 100.00 100.00 75.00 100.00 66.67 66.67 100.00 100.00 100.00 100.00 50.00 50.00 100.00 87.50 83.33 100.00 100.00
94.14=100.00 100.00 100.00 100.00 100.00 100.00 100.00 100.00 100.00 100.00 100.00 100.00 100.00 100.00 100.00 100.00 75.00 100.00 66.67 66.67 100.00 80.00 100.00 100.00 50.00 100.00 100.00 100.00 100.00 80.00 100.00
90.11=100.00 100.00 100.00 100.00 100.00 100.00 75.00 100.00 100.00 100.00 100.00 66.67 100.00 80.00 100.00 100.00 75.00 100.00 66.67 50.00 100.00 80.00 100.00 100.00 100.00 0.00 100.00 100.00 100.00 100.00 100.00
94.89=100.00 100.00 100.00 100.00 100.00 100.00 100.00 100.00 100.00 100.00 100.00 66.67 100.00 100.00 100.00 100.00 75.00 100.00 66.67 66.67 100.00 66.67 100.00 100.00 100.00 100.00 100.00 100.00 100.00 100.00 100.00
89.11=70.00 100.00 100.00 100.00 100.00 100.00 100.00 80.00 80.00 100.00 100.00 87.50 100.00 80.00 100.00 100.00 100.00 85.71 87.50 88.89 100.00 80.00 85.71 50.00 100.00 50.00 100.00 80.00 57.14 100.00 100.00
93.52=70.00 100.00 100.00 75.00 100.00 100.00 100.00 100.00 100.00 100.00 100.00 100.00 100.00 100.00 88.89 100.00 100.00 100.00 100.00 100.00 100.00 100.00 100.00 100.00 100.00 50.00 100.00 87.50 44.44 100.00 83.33
89.83=70.00 100.00 87.50 100.00 100.00 100.00 100.00 66.67 100.00 100.00 100.00 70.00 100.00 100.00 100.00 100.00 100.00 100.00 87.50 80.00 100.00 71.43 100.00 100.00 83.33 50.00 100.00 77.78 57.14 100.00 83.33
93.13=70.00 100.00 100.00 100.00 100.00 100.00 100.00 80.00 100.00 100.00 100.00 100.00 100.00 100.00 88.89 100.00 100.00 100.00 77.78 80.00 100.00 83.33 100.00 83.33 100.00 100.00 100.00 100.00 57.14 83.33 83.33
90.86=70.00 100.00 100.00 100.00 100.00 100.00 100.00 80.00 100.00 83.33 100.00 100.00 100.00 100.00 100.00 100.00 100.00 100.00 77.78 72.73 100.00 71.43 100.00 83.33 100.00 50.00 100.00 87.50 57.14 100.00 83.33
92.15=100.00 100.00 83.33 100.00 100.00 100.00 100.00 100.00 100.00 100.00 100.00 50.00 100.00 100.00 100.00 100.00 60.00 100.00 66.67 66.67 100.00 80.00 100.00 100.00 50.00 100.00 100.00 100.00 100.00 100.00 100.00
92.37=100.00 100.00 100.00 100.00 80.00 100.00 100.00 100.00 100.00 100.00 100.00 100.00 100.00 100.00 100.00 100.00 66.67 100.00 66.67 50.00 100.00 100.00 100.00 100.00 50.00 50.00 100.00 100.00 100.00 100.00 100.00
96.28=100.00 100.00 100.00 100.00 100.00 100.00 100.00 100.00 100.00 100.00 100.00 66.67 100.00 100.00 100.00 100.00 100.00 100.00 100.00 66.67 100.00 80.00 100.00 100.00 100.00 100.00 100.00 100.00 100.00 71.43 100.00
93.82=100.00 100.00 100.00 100.00 100.00 100.00 100.00 75.00 100.00 100.00 100.00 100.00 100.00 100.00 100.00 100.00 100.00 66.67 66.67 66.67 100.00 100.00 100.00 100.00 33.33 100.00 100.00 100.00 100.00 100.00 100.00
93.71=100.00 100.00 100.00 100.00 100.00 100.00 100.00 100.00 100.00 100.00 100.00 100.00 100.00 100.00 100.00 100.00 75.00 66.67 66.67 66.67 100.00 80.00 100.00 100.00 50.00 100.00 100.00 100.00 100.00 100.00 100.00
88.71=100.00 100.00 100.00 100.00 100.00 100.00 100.00 75.00 100.00 100.00 100.00 66.67 100.00 100.00 100.00 83.33 75.00 100.00 50.00 66.67 100.00 100.00 100.00 100.00 0.00 33.33 100.00 100.00 100.00 100.00 100.00
89.89=100.00 100.00 100.00 75.00 100.00 100.00 100.00 66.67 100.00 100.00 100.00 100.00 100.00 100.00 100.00 100.00 100.00 100.00 40.00 66.67 75.00 80.00 100.00 100.00 0.00 100.00 100.00 100.00 83.33 100.00 100.00
88.87=100.00 100.00 100.00 100.00 100.00 100.00 100.00 75.00 100.00 80.00 100.00 66.67 100.00 100.00 100.00 100.00 100.00 100.00 50.00 66.67 100.00 66.67 100.00 100.00 0.00 50.00 100.00 100.00 100.00 100.00 100.00
87.96=100.00 100.00 100.00 100.00 80.00 75.00 100.00 75.00 100.00 100.00 100.00 50.00 100.00 100.00 100.00 100.00 100.00 100.00 50.00 66.67 100.00 80.00 100.00 100.00 0.00 50.00 100.00 100.00 100.00 100.00 100.00
88.06=100.00 100.00 100.00 100.00 100.00 100.00 100.00 66.67 100.00 100.00 100.00 66.67 100.00 100.00 100.00 100.00 100.00 66.67 50.00 66.67 100.00 80.00 83.33 100.00 0.00 50.00 100.00 100.00 100.00 100.00 100.00
93.61=100.00 100.00 100.00 100.00 100.00 88.89 100.00 57.14 100.00 100.00 100.00 85.71 100.00 100.00 100.00 100.00 72.73 100.00 63.64 88.89 100.00 100.00 100.00 100.00 100.00 100.00 100.00 70.00 75.00 100.00 100.00
94.86=100.00 100.00 100.00 100.00 100.00 100.00 100.00 57.14 100.00 100.00 100.00 87.50 85.71 100.00 100.00 100.00 88.89 100.00 77.78 80.00 100.00 100.00 100.00 100.00 88.89 100.00 100.00 88.89 85.71 100.00 100.00
94.39=100.00 100.00 100.00 100.00 100.00 100.00 100.00 50.00 100.00 100.00 100.00 100.00 100.00 100.00 100.00 100.00 100.00 100.00 77.78 80.00 80.00 100.00 100.00 100.00 88.89 100.00 100.00 63.64 85.71 100.00 100.00
92.35=87.50 100.00 100.00 100.00 100.00 100.00 100.00 50.00 100.00 100.00 100.00 85.71 100.00 83.33 100.00 100.00 100.00 100.00 66.67 80.00 100.00 83.33 100.00 100.00 87.50 66.67 100.00 88.89 83.33 100.00 100.00
93.63=87.50 100.00 100.00 100.00 100.00 100.00 100.00 44.44 100.00 100.00 100.00 100.00 100.00 100.00 100.00 87.50 88.89 100.00 63.64 88.89 100.00 100.00 100.00 100.00 85.71 100.00 100.00 72.73 83.33 100.00 100.00
92.90=75.00 100.00 100.00 100.00 100.00 100.00 100.00 100.00 100.00 100.00 100.00 100.00 100.00 100.00 100.00 71.43 100.00 100.00 66.67 66.67 100.00 100.00 100.00 100.00 0.00 100.00 100.00 100.00 100.00 100.00 100.00
94.62=75.00 100.00 100.00 100.00 100.00 100.00 100.00 75.00 100.00 100.00 100.00 100.00 100.00 100.00 100.00 100.00 100.00 100.00 100.00 100.00 100.00 100.00 100.00 100.00 50.00 66.67 100.00 100.00 66.67 100.00 100.00
90.38=75.00 100.00 100.00 100.00 100.00 100.00 100.00 75.00 100.00 100.00 100.00 100.00 100.00 100.00 100.00 83.33 100.00 100.00 66.67 100.00 100.00 100.00 100.00 66.67 0.00 100.00 100.00 100.00 80.00 75.00 80.00
90.91=75.00 100.00 100.00 100.00 80.00 100.00 100.00 75.00 100.00 100.00 100.00 100.00 100.00 100.00 100.00 100.00 75.00 100.00 66.67 100.00 100.00 100.00 100.00 100.00 0.00 66.67 100.00 100.00 80.00 100.00 100.00
92.20=75.00 100.00 100.00 100.00 100.00 100.00 100.00 66.67 100.00 100.00 100.00 100.00 100.00 100.00 100.00 100.00 100.00 100.00 66.67 66.67 100.00 100.00 100.00 100.00 0.00 100.00 100.00 100.00 83.33 100.00 100.00
94.06=100.00 100.00 100.00 100.00 100.00 100.00 100.00 75.00 100.00 100.00 100.00 66.67 100.00 100.00 100.00 85.71 75.00 100.00 66.67 66.67 100.00 100.00 100.00 100.00 100.00 100.00 100.00 100.00 100.00 80.00 100.00
95.29=100.00 100.00 85.71 100.00 100.00 100.00 100.00 100.00 100.00 100.00 100.00 100.00 100.00 100.00 100.00 100.00 75.00 100.00 66.67 66.67 100.00 80.00 100.00 100.00 100.00 100.00 100.00 100.00 100.00 100.00 80.00
94.78=100.00 100.00 100.00 100.00 100.00 100.00 100.00 100.00 100.00 100.00 100.00 50.00 100.00 100.00 100.00 100.00 75.00 100.00 66.67 66.67 100.00 80.00 100.00 100.00 100.00 100.00 100.00 100.00 100.00 100.00 100.00
95.29=100.00 100.00 100.00 100.00 100.00 100.00 100.00 100.00 100.00 100.00 100.00 66.67 100.00 100.00 100.00 85.71 75.00 100.00 66.67 100.00 100.00 80.00 100.00 80.00 100.00 100.00 100.00 100.00 100.00 100.00 100.00
95.75=100.00 100.00 100.00 100.00 100.00 100.00 100.00 100.00 100.00 100.00 100.00 100.00 100.00 100.00 100.00 100.00 75.00 100.00 66.67 66.67 100.00 80.00 100.00 100.00 100.00 100.00 100.00 100.00 100.00 80.00 100.00
94.29=87.50 100.00 100.00 100.00 100.00 100.00 100.00 57.14 100.00 100.00 100.00 87.50 100.00 100.00 100.00 87.50 100.00 100.00 70.00 80.00 100.00 100.00 100.00 100.00 87.50 100.00 100.00 80.00 85.71 100.00 100.00
94.46=100.00 100.00 100.00 100.00 100.00 100.00 100.00 57.14 100.00 100.00 87.50 85.71 100.00 100.00 100.00 87.50 100.00 100.00 70.00 88.89 100.00 100.00 100.00 85.71 100.00 100.00 100.00 80.00 85.71 100.00 100.00
93.87=100.00 100.00 100.00 100.00 66.67 100.00 100.00 50.00 100.00 100.00 100.00 87.50 100.00 100.00 100.00 100.00 100.00 100.00 60.00 80.00 100.00 100.00 100.00 100.00 100.00 100.00 100.00 80.00 85.71 100.00 100.00
93.81=100.00 100.00 100.00 75.00 100.00 87.50 100.00 57.14 100.00 100.00 100.00 87.50 100.00 100.00 100.00 100.00 100.00 100.00 70.00 100.00 100.00 83.33 100.00 100.00 100.00 100.00 100.00 72.73 75.00 100.00 100.00
93.81=100.00 100.00 100.00 100.00 100.00 100.00 100.00 57.14 100.00 100.00 100.00 87.50 100.00 83.33 100.00 100.00 88.89 100.00 70.00 88.89 100.00 100.00 100.00 100.00 100.00 66.67 100.00 80.00 85.71 100.00 100.00
91.79=70.00 100.00 100.00 75.00 100.00 100.00 100.00 80.00 100.00 100.00 100.00 100.00 100.00 80.00 100.00 90.00 100.00 100.00 75.00 100.00 100.00 100.00 80.00 100.00 100.00 60.00 100.00 88.89 66.67 100.00 80.00
92.86=66.67 100.00 100.00 100.00 100.00 100.00 90.91 80.00 100.00 100.00 100.00 100.00 100.00 100.00 100.00 100.00 88.89 100.00 77.78 100.00 100.00 83.33 100.00 71.43 100.00 75.00 100.00 87.50 57.14 100.00 100.00
93.00=70.00 100.00 100.00 100.00 100.00 100.00 100.00 80.00 100.00 100.00 100.00 100.00 100.00 100.00 100.00 100.00 100.00 87.50 100.00 80.00 100.00 71.43 100.00 100.00 100.00 40.00 100.00 87.50 66.67 100.00 100.00
90.35=77.78 100.00 100.00 100.00 100.00 88.89 100.00 80.00 100.00 100.00 100.00 85.71 100.00 100.00 70.00 100.00 100.00 100.00 100.00 100.00 80.00 71.43 87.50 66.67 100.00 75.00 100.00 88.89 60.00 85.71 83.33
91.81=70.00 100.00 100.00 100.00 100.00 100.00 100.00 66.67 100.00 100.00 100.00 100.00 100.00 100.00 100.00 100.00 100.00 100.00 77.78 80.00 100.00 83.33 100.00 100.00 100.00 50.00 100.00 77.78 57.14 100.00 83.33
94.87=100.00 100.00 100.00 100.00 100.00 100.00 100.00 50.00 100.00 100.00 100.00 87.50 100.00 100.00 88.89 100.00 100.00 100.00 70.00 88.89 100.00 100.00 100.00 100.00 100.00 100.00 100.00 88.89 66.67 100.00 100.00
96.12=100.00 100.00 100.00 100.00 100.00 100.00 100.00 57.14 100.00 100.00 100.00 100.00 100.00 100.00 100.00 100.00 100.00 100.00 70.00 72.73 100.00 100.00 100.00 100.00 100.00 100.00 100.00 80.00 100.00 100.00 100.00
92.86=100.00 100.00 100.00 100.00 100.00 100.00 100.00 57.14 100.00 100.00 100.00 87.50 83.33 100.00 100.00 100.00 100.00 100.00 63.64 88.89 80.00 100.00 100.00 100.00 85.71 100.00 100.00 80.00 85.71 100.00 66.67
94.54=100.00 100.00 100.00 100.00 100.00 100.00 100.00 50.00 100.00 100.00 100.00 100.00 100.00 100.00 100.00 77.78 100.00 100.00 70.00 72.73 100.00 100.00 100.00 85.71 100.00 100.00 100.00 88.89 85.71 100.00 100.00
93.94=100.00 100.00 87.50 100.00 100.00 100.00 100.00 57.14 100.00 100.00 100.00 87.50 100.00 100.00 100.00 100.00 100.00 100.00 63.64 88.89 100.00 83.33 100.00 100.00 100.00 100.00 100.00 72.73 85.71 85.71 100.00
93.71=100.00 100.00 100.00 100.00 100.00 100.00 75.00 100.00 100.00 100.00 100.00 100.00 100.00 100.00 100.00 100.00 100.00 100.00 50.00 66.67 100.00 80.00 100.00 100.00 33.33 100.00 100.00 100.00 100.00 100.00 100.00
94.10=100.00 100.00 100.00 100.00 100.00 100.00 100.00 100.00 100.00 100.00 100.00 66.67 100.00 100.00 88.89 85.71 75.00 100.00 66.67 66.67 100.00 80.00 100.00 100.00 100.00 100.00 100.00 87.50 100.00 100.00 100.00
96.40=100.00 100.00 100.00 100.00 100.00 100.00 100.00 75.00 100.00 100.00 100.00 100.00 100.00 100.00 100.00 100.00 100.00 100.00 66.67 66.67 100.00 80.00 100.00 100.00 100.00 100.00 100.00 100.00 100.00 100.00 100.00
95.97=100.00 100.00 100.00 100.00 100.00 100.00 100.00 100.00 100.00 100.00 100.00 66.67 100.00 100.00 100.00 100.00 75.00 100.00 66.67 66.67 100.00 100.00 100.00 100.00 100.00 100.00 100.00 100.00 100.00 100.00 100.00
92.41=100.00 100.00 100.00 100.00 100.00 100.00 100.00 100.00 100.00 100.00 100.00 100.00 100.00 100.00 88.89 85.71 100.00 66.67 66.67 40.00 100.00 66.67 100.00 100.00 50.00 100.00 100.00 100.00 100.00 100.00 100.00
93.91=70.00 100.00 100.00 100.00 100.00 100.00 100.00 80.00 100.00 100.00 87.50 77.78 85.71 100.00 100.00 100.00 100.00 100.00 87.50 80.00 100.00 100.00 100.00 100.00 85.71 100.00 100.00 100.00 71.43 85.71 100.00
93.04=70.00 100.00 100.00 100.00 80.00 100.00 100.00 66.67 100.00 100.00 87.50 87.50 100.00 83.33 100.00 100.00 100.00 100.00 87.50 100.00 100.00 80.00 100.00 100.00 100.00 100.00 100.00 100.00 66.67 75.00 100.00
94.94=70.00 100.00 100.00 100.00 100.00 100.00 100.00 80.00 100.00 100.00 87.50 100.00 100.00 100.00 100.00 100.00 87.50 100.00 87.50 88.89 100.00 100.00 100.00 100.00 83.33 100.00 100.00 100.00 75.00 100.00 83.33
94.74=70.00 100.00 100.00 100.00 100.00 100.00 100.00 80.00 100.00 100.00 100.00 83.33 88.89 100.00 100.00 100.00 88.89 100.00 87.50 80.00 100.00 100.00 100.00 100.00 100.00 100.00 100.00 100.00 83.33 75.00 100.00
93.58=70.00 100.00 100.00 100.00 100.00 100.00 100.00 75.00 100.00 100.00 100.00 100.00 80.00 83.33 88.89 100.00 100.00 100.00 87.50 88.89 100.00 83.33 85.71 83.33 100.00 100.00 100.00 100.00 75.00 100.00 100.00
89.43=100.00 100.00 100.00 100.00 100.00 100.00 100.00 100.00 100.00 100.00 100.00 50.00 100.00 100.00 88.89 100.00 100.00 100.00 50.00 66.67 100.00 66.67 100.00 100.00 0.00 50.00 100.00 100.00 100.00 100.00 100.00
91.02=100.00 100.00 100.00 100.00 100.00 100.00 100.00 75.00 100.00 100.00 100.00 100.00 100.00 100.00 100.00 100.00 100.00 100.00 50.00 66.67 100.00 80.00 100.00 100.00 0.00 50.00 100.00 100.00 100.00 100.00 100.00
87.52=100.00 100.00 100.00 100.00 100.00 100.00 75.00 75.00 100.00 75.00 100.00 100.00 100.00 100.00 100.00 71.43 100.00 100.00 50.00 66.67 100.00 100.00 100.00 100.00 0.00 0.00 100.00 100.00 100.00 100.00 100.00
89.41=100.00 100.00 100.00 100.00 100.00 100.00 100.00 75.00 100.00 100.00 100.00 50.00 100.00 100.00 100.00 100.00 100.00 100.00 50.00 50.00 100.00 66.67 100.00 80.00 0.00 100.00 100.00 100.00 100.00 100.00 100.00
89.52=100.00 100.00 100.00 100.00 100.00 100.00 100.00 75.00 100.00 100.00 100.00 66.67 100.00 100.00 100.00 100.00 100.00 100.00 50.00 66.67 100.00 66.67 100.00 100.00 0.00 50.00 100.00 100.00 100.00 100.00 100.00
92.43=70.00 100.00 100.00 100.00 100.00 100.00 100.00 100.00 100.00 100.00 100.00 100.00 100.00 71.43 88.89 100.00 100.00 100.00 75.00 100.00 100.00 80.00 100.00 100.00 100.00 50.00 100.00 80.00 66.67 100.00 83.33
91.30=70.00 100.00 100.00 100.00 100.00 100.00 100.00 57.14 100.00 100.00 100.00 100.00 100.00 66.67 100.00 100.00 100.00 100.00 87.50 66.67 100.00 66.67 100.00 100.00 100.00 60.00 100.00 88.89 66.67 100.00 100.00
91.71=70.00 100.00 100.00 75.00 100.00 100.00 100.00 66.67 80.00 100.00 100.00 87.50 100.00 100.00 100.00 100.00 100.00 87.50 100.00 100.00 100.00 83.33 100.00 100.00 87.50 50.00 100.00 88.89 66.67 100.00 100.00
92.66=77.78 100.00 100.00 100.00 100.00 100.00 100.00 80.00 100.00 83.33 100.00 100.00 100.00 100.00 100.00 100.00 100.00 100.00 87.50 88.89 100.00 83.33 88.89 100.00 100.00 60.00 100.00 72.73 66.67 100.00 83.33
88.49=70.00 83.33 100.00 75.00 100.00 100.00 100.00 66.67 100.00 100.00 100.00 100.00 100.00 83.33 100.00 88.89 100.00 100.00 100.00 88.89 100.00 75.00 87.50 71.43 85.71 50.00 100.00 87.50 66.67 83.33 80.00
93.55=75.00 100.00 100.00 100.00 100.00 100.00 100.00 75.00 100.00 100.00 100.00 100.00 100.00 100.00 100.00 100.00 100.00 100.00 66.67 100.00 100.00 100.00 100.00 100.00 0.00 100.00 100.00 100.00 83.33 100.00 100.00
97.47=75.00 100.00 100.00 100.00 100.00 100.00 100.00 75.00 100.00 100.00 100.00 100.00 100.00 100.00 100.00 100.00 100.00 100.00 100.00 100.00 100.00 100.00 100.00 100.00 100.00 100.00 100.00 100.00 71.43 100.00 100.00
92.44=75.00 100.00 100.00 100.00 100.00 100.00 100.00 75.00 100.00 100.00 100.00 100.00 85.71 100.00 100.00 100.00 100.00 100.00 66.67 100.00 100.00 100.00 100.00 100.00 0.00 100.00 100.00 100.00 80.00 83.33 100.00
89.57=75.00 100.00 100.00 100.00 100.00 100.00 100.00 75.00 100.00 100.00 100.00 66.67 100.00 80.00 100.00 100.00 100.00 100.00 66.67 66.67 100.00 100.00 100.00 100.00 0.00 66.67 100.00 100.00 80.00 100.00 100.00
91.88=75.00 100.00 100.00 100.00 100.00 100.00 100.00 60.00 100.00 100.00 100.00 100.00 100.00 100.00 100.00 100.00 100.00 100.00 66.67 66.67 100.00 80.00 100.00 100.00 0.00 100.00 100.00 100.00 100.00 100.00 100.00
90.22=62.50 83.33 100.00 100.00 100.00 100.00 100.00 80.00 100.00 100.00 100.00 87.50 87.50 100.00 80.00 100.00 88.89 87.50 87.50 80.00 100.00 83.33 100.00 100.00 100.00 50.00 100.00 88.89 66.67 100.00 83.33
92.16=70.00 100.00 100.00 100.00 100.00 100.00 100.00 100.00 80.00 100.00 100.00 100.00 100.00 100.00 100.00 90.00 100.00 100.00 87.50 72.73 100.00 83.33 100.00 100.00 100.00 60.00 100.00 80.00 50.00 100.00 83.33
92.47=70.00 100.00 100.00 100.00 100.00 100.00 100.00 80.00 100.00 100.00 100.00 77.78 100.00 100.00 100.00 100.00 100.00 100.00 100.00 72.73 100.00 100.00 77.78 100.00 100.00 50.00 100.00 75.00 80.00 100.00 83.33
91.42=70.00 100.00 100.00 100.00 100.00 100.00 100.00 80.00 100.00 100.00 87.50 100.00 87.50 100.00 100.00 100.00 80.00 100.00 77.78 88.89 100.00 83.33 100.00 100.00 83.33 60.00 100.00 85.71 50.00 100.00 100.00
91.21=70.00 100.00 100.00 75.00 100.00 100.00 100.00 80.00 100.00 100.00 100.00 87.50 100.00 100.00 100.00 100.00 100.00 100.00 77.78 100.00 100.00 100.00 87.50 71.43 100.00 60.00 100.00 77.78 57.14 100.00 83.33
92.32=70.00 100.00 100.00 75.00 100.00 100.00 100.00 60.00 100.00 100.00 100.00 100.00 100.00 80.00 88.89 100.00 100.00 100.00 87.50 80.00 100.00 83.33 100.00 100.00 100.00 100.00 100.00 80.00 71.43 85.71 100.00
92.48=70.00 100.00 100.00 100.00 80.00 100.00 100.00 80.00 100.00 100.00 100.00 87.50 100.00 100.00 88.89 90.91 100.00 100.00 87.50 100.00 100.00 71.43 100.00 100.00 100.00 75.00 100.00 100.00 66.67 85.71 83.33
93.87=70.00 100.00 100.00 100.00 100.00 100.00 100.00 80.00 60.00 100.00 100.00 100.00 87.50 100.00 100.00 90.00 100.00 100.00 85.71 100.00 100.00 100.00 72.73 100.00 100.00 100.00 100.00 88.89 75.00 100.00 100.00
94.21=70.00 100.00 100.00 100.00 80.00 100.00 100.00 66.67 100.00 100.00 100.00 87.50 100.00 100.00 100.00 90.00 85.71 100.00 85.71 100.00 80.00 100.00 100.00 100.00 100.00 100.00 100.00 100.00 75.00 100.00 100.00
94.34=70.00 100.00 100.00 100.00 80.00 100.00 100.00 80.00 100.00 100.00 100.00 100.00 88.89 100.00 100.00 100.00 100.00 100.00 87.50 100.00 100.00 83.33 87.50 83.33 100.00 100.00 100.00 88.89 75.00 100.00 100.00
89.52=100.00 100.00 100.00 100.00 100.00 100.00 100.00 75.00 100.00 100.00 100.00 66.67 100.00 100.00 100.00 100.00 100.00 100.00 50.00 66.67 100.00 66.67 100.00 100.00 0.00 50.00 100.00 100.00 100.00 100.00 100.00
88.71=100.00 100.00 100.00 100.00 100.00 100.00 100.00 60.00 100.00 100.00 100.00 66.67 100.00 100.00 100.00 80.00 100.00 100.00 66.67 66.67 100.00 80.00 100.00 100.00 0.00 50.00 100.00 100.00 80.00 100.00 100.00
92.50=100.00 100.00 100.00 100.00 100.00 100.00 100.00 100.00 100.00 100.00 100.00 33.33 100.00 100.00 100.00 83.33 100.00 100.00 66.67 66.67 100.00 80.00 100.00 100.00 100.00 50.00 100.00 87.50 100.00 100.00 100.00
89.30=100.00 100.00 100.00 100.00 100.00 100.00 100.00 60.00 100.00 75.00 100.00 100.00 100.00 100.00 100.00 100.00 100.00 100.00 50.00 66.67 100.00 66.67 100.00 100.00 0.00 50.00 100.00 100.00 100.00 100.00 100.00
88.67=100.00 100.00 100.00 100.00 100.00 100.00 100.00 75.00 100.00 80.00 100.00 66.67 100.00 100.00 88.89 100.00 75.00 66.67 50.00 66.67 100.00 80.00 100.00 100.00 0.00 100.00 100.00 100.00 100.00 100.00 100.00
90.27=70.00 100.00 100.00 100.00 80.00 100.00 100.00 57.14 100.00 100.00 100.00 100.00 100.00 100.00 100.00 100.00 100.00 100.00 100.00 80.00 100.00 66.67 100.00 83.33 83.33 50.00 100.00 87.50 57.14 100.00 83.33
91.86=70.00 100.00 100.00 100.00 100.00 100.00 100.00 66.67 100.00 100.00 100.00 100.00 100.00 100.00 80.00 72.73 100.00 87.50 100.00 88.89 100.00 71.43 100.00 100.00 100.00 75.00 100.00 88.89 66.67 100.00 80.00
91.56=70.00 100.00 100.00 100.00 100.00 100.00 100.00 66.67 100.00 100.00 100.00 85.71 100.00 100.00 77.78 100.00 88.89 100.00 77.78 88.89 100.00 71.43 100.00 100.00 100.00 66.67 100.00 77.78 66.67 100.00 100.00
93.10=70.00 100.00 100.00 100.00 100.00 100.00 100.00 80.00 100.00 100.00 100.00 100.00 100.00 100.00 100.00 100.00 100.00 87.50 87.50 88.89 100.00 83.33 100.00 83.33 100.00 50.00 100.00 88.89 66.67 100.00 100.00
92.80=70.00 100.00 100.00 100.00 100.00 100.00 100.00 80.00 100.00 100.00 100.00 100.00 100.00 100.00 100.00 100.00 100.00 100.00 77.78 80.00 100.00 83.33 100.00 100.00 100.00 50.00 100.00 85.71 50.00 100.00 100.00
93.51=70.00 100.00 100.00 100.00 100.00 100.00 100.00 80.00 100.00 100.00 100.00 87.50 88.89 100.00 100.00 100.00 87.50 100.00 87.50 88.89 100.00 57.14 80.00 100.00 85.71 100.00 100.00 100.00 85.71 100.00 100.00
94.83=77.78 100.00 100.00 100.00 100.00 100.00 100.00 80.00 100.00 100.00 100.00 87.50 87.50 100.00 100.00 90.91 100.00 100.00 87.50 100.00 100.00 100.00 100.00 100.00 100.00 100.00 100.00 100.00 71.43 85.71 71.43
94.70=70.00 100.00 100.00 75.00 100.00 100.00 100.00 80.00 100.00 100.00 100.00 87.50 87.50 100.00 100.00 100.00 100.00 100.00 85.71 100.00 100.00 83.33 100.00 100.00 100.00 100.00 100.00 100.00 66.67 100.00 100.00
92.93=70.00 100.00 100.00 100.00 100.00 88.89 90.91 80.00 100.00 100.00 100.00 100.00 87.50 100.00 100.00 90.91 80.00 100.00 100.00 66.67 100.00 80.00 100.00 100.00 100.00 100.00 100.00 87.50 75.00 83.33 100.00
94.46=70.00 100.00 100.00 100.00 100.00 100.00 90.91 57.14 100.00 100.00 100.00 77.78 100.00 83.33 100.00 100.00 100.00 100.00 100.00 100.00 100.00 80.00 100.00 100.00 100.00 100.00 100.00 100.00 83.33 85.71 100.00
93.34=100.00 100.00 100.00 75.00 100.00 100.00 100.00 50.00 100.00 100.00 100.00 100.00 100.00 100.00 100.00 87.50 100.00 100.00 75.00 72.73 100.00 100.00 100.00 100.00 100.00 100.00 100.00 72.73 85.71 75.00 100.00
94.97=100.00 100.00 100.00 100.00 100.00 100.00 100.00 66.67 100.00 100.00 100.00 87.50 100.00 100.00 100.00 100.00 100.00 100.00 70.00 80.00 100.00 100.00 87.50 100.00 100.00 100.00 100.00 66.67 85.71 100.00 100.00
94.02=100.00 100.00 87.50 100.00 100.00 100.00 100.00 57.14 100.00 100.00 100.00 100.00 100.00 100.00 88.89 100.00 87.50 100.00 63.64 100.00 100.00 100.00 100.00 100.00 70.00 100.00 100.00 80.00 80.00 100.00 100.00
94.98=100.00 100.00 100.00 100.00 100.00 100.00 100.00 57.14 100.00 100.00 100.00 87.50 100.00 100.00 100.00 100.00 100.00 100.00 70.00 80.00 100.00 100.00 100.00 85.71 100.00 100.00 100.00 88.89 75.00 100.00 100.00
94.65=100.00 100.00 100.00 75.00 100.00 100.00 100.00 66.67 100.00 100.00 100.00 87.50 100.00 100.00 100.00 100.00 100.00 100.00 70.00 80.00 100.00 100.00 100.00 100.00 100.00 100.00 100.00 80.00 75.00 100.00 100.00
88.06=100.00 100.00 100.00 100.00 100.00 100.00 100.00 75.00 100.00 100.00 100.00 66.67 100.00 100.00 100.00 100.00 75.00 100.00 50.00 66.67 100.00 66.67 100.00 100.00 0.00 50.00 100.00 100.00 80.00 100.00 100.00
86.96=100.00 100.00 100.00 100.00 100.00 100.00 100.00 66.67 100.00 100.00 100.00 100.00 100.00 100.00 100.00 83.33 100.00 100.00 50.00 66.67 75.00 66.67 100.00 100.00 0.00 0.00 100.00 87.50 100.00 100.00 100.00
90.05=100.00 100.00 100.00 100.00 100.00 100.00 100.00 75.00 100.00 100.00 100.00 50.00 100.00 100.00 100.00 100.00 100.00 100.00 50.00 100.00 100.00 66.67 100.00 100.00 0.00 66.67 100.00 100.00 100.00 83.33 100.00
90.48=100.00 100.00 100.00 100.00 100.00 100.00 100.00 75.00 100.00 100.00 100.00 100.00 100.00 100.00 100.00 100.00 100.00 100.00 50.00 66.67 100.00 80.00 100.00 100.00 0.00 50.00 100.00 100.00 100.00 83.33 100.00
88.98=100.00 100.00 100.00 100.00 100.00 100.00 100.00 75.00 100.00 100.00 100.00 66.67 100.00 100.00 100.00 100.00 100.00 100.00 50.00 50.00 100.00 66.67 100.00 100.00 0.00 50.00 100.00 100.00 100.00 100.00 100.00
92.63=70.00 100.00 100.00 100.00 100.00 100.00 100.00 66.67 100.00 100.00 100.00 100.00 72.73 100.00 100.00 100.00 100.00 87.50 87.50 88.89 100.00 80.00 100.00 100.00 100.00 100.00 100.00 80.00 66.67 71.43 100.00
94.33=70.00 100.00 100.00 100.00 100.00 100.00 100.00 80.00 100.00 100.00 87.50 87.50 100.00 100.00 100.00 100.00 100.00 100.00 87.50 80.00 100.00 100.00 88.89 71.43 100.00 100.00 100.00 100.00 71.43 100.00 100.00
93.13=70.00 100.00 87.50 100.00 100.00 100.00 100.00 80.00 100.00 100.00 100.00 63.64 100.00 83.33 100.00 100.00 100.00 100.00 87.50 80.00 100.00 75.00 100.00 100.00 100.00 100.00 100.00 100.00 60.00 100.00 100.00
93.60=70.00 100.00 100.00 75.00 80.00 100.00 100.00 80.00 100.00 100.00 100.00 77.78 87.50 100.00 100.00 100.00 100.00 100.00 87.50 88.89 100.00 100.00 100.00 100.00 100.00 100.00 100.00 100.00 75.00 100.00 80.00
94.16=70.00 100.00 100.00 100.00 100.00 100.00 100.00 75.00 100.00 100.00 87.50 100.00 88.89 100.00 100.00 88.89 100.00 100.00 87.50 88.89 80.00 100.00 100.00 100.00 100.00 100.00 100.00 100.00 66.67 85.71 100.00
91.87=75.00 100.00 100.00 100.00 100.00 100.00 100.00 60.00 100.00 100.00 100.00 100.00 100.00 100.00 100.00 100.00 75.00 100.00 66.67 100.00 100.00 100.00 100.00 100.00 0.00 100.00 100.00 100.00 71.43 100.00 100.00
91.83=75.00 100.00 100.00 100.00 100.00 100.00 100.00 75.00 100.00 100.00 100.00 100.00 100.00 80.00 100.00 100.00 100.00 100.00 66.67 66.67 100.00 100.00 100.00 100.00 0.00 100.00 100.00 100.00 83.33 100.00 100.00
97.85=75.00 100.00 100.00 100.00 100.00 100.00 100.00 75.00 100.00 100.00 100.00 100.00 100.00 100.00 100.00 100.00 100.00 100.00 100.00 100.00 100.00 100.00 100.00 100.00 100.00 100.00 100.00 100.00 83.33 100.00 100.00
90.48=75.00 100.00 100.00 100.00 100.00 100.00 100.00 75.00 100.00 100.00 100.00 100.00 100.00 100.00 100.00 100.00 75.00 100.00 66.67 66.67 100.00 100.00 100.00 100.00 0.00 66.67 100.00 100.00 100.00 100.00 80.00
97.85=75.00 100.00 100.00 100.00 100.00 100.00 100.00 75.00 100.00 100.00 100.00 100.00 100.00 100.00 100.00 100.00 100.00 100.00 100.00 100.00 100.00 100.00 100.00 100.00 100.00 100.00 100.00 100.00 83.33 100.00 100.00
95.44=100.00 100.00 100.00 100.00 100.00 100.00 100.00 57.14 100.00 100.00 100.00 100.00 100.00 100.00 100.00 100.00 100.00 100.00 70.00 80.00 100.00 100.00 100.00 85.71 100.00 100.00 100.00 80.00 85.71 100.00 100.00
93.75=100.00 100.00 100.00 75.00 100.00 100.00 100.00 50.00 100.00 100.00 100.00 87.50 100.00 100.00 100.00 100.00 100.00 100.00 70.00 88.89 100.00 100.00 100.00 85.71 100.00 100.00 100.00 77.78 85.71 85.71 100.00
93.61=100.00 100.00 100.00 100.00 100.00 100.00 100.00 50.00 100.00 100.00 100.00 100.00 100.00 83.33 100.00 100.00 100.00 87.50 58.33 88.89 100.00 100.00 88.89 100.00 100.00 100.00 100.00 70.00 75.00 100.00 100.00
93.30=100.00 100.00 100.00 100.00 100.00 100.00 100.00 57.14 100.00 100.00 100.00 87.50 100.00 100.00 87.50 100.00 88.89 100.00 70.00 80.00 100.00 100.00 88.89 100.00 85.71 100.00 100.00 80.00 83.33 100.00 83.33
91.09=100.00 100.00 100.00 75.00 100.00 100.00 100.00 57.14 100.00 100.00 100.00 85.71 85.71 100.00 100.00 100.00 100.00 100.00 87.50 72.73 100.00 83.33 87.50 85.71 87.50 66.67 100.00 63.64 85.71 100.00 100.00
88.60=100.00 100.00 100.00 100.00 100.00 75.00 100.00 75.00 100.00 100.00 100.00 50.00 100.00 100.00 100.00 100.00 100.00 100.00 50.00 66.67 100.00 80.00 100.00 100.00 0.00 50.00 100.00 100.00 100.00 100.00 100.00
88.60=100.00 100.00 100.00 100.00 100.00 100.00 75.00 100.00 100.00 100.00 100.00 100.00 100.00 100.00 100.00 100.00 75.00 100.00 50.00 50.00 66.67 80.00 100.00 100.00 0.00 50.00 100.00 100.00 100.00 100.00 100.00
90.48=100.00 100.00 100.00 100.00 100.00 100.00 100.00 75.00 100.00 100.00 100.00 100.00 100.00 100.00 100.00 83.33 100.00 100.00 50.00 66.67 100.00 80.00 100.00 100.00 0.00 50.00 100.00 100.00 100.00 100.00 100.00
90.75=100.00 100.00 100.00 100.00 100.00 100.00 100.00 75.00 100.00 100.00 100.00 50.00 100.00 80.00 100.00 100.00 100.00 100.00 50.00 100.00 100.00 75.00 100.00 100.00 0.00 100.00 100.00 100.00 100.00 83.33 100.00
91.83=100.00 100.00 100.00 100.00 100.00 100.00 100.00 75.00 100.00 100.00 100.00 100.00 100.00 100.00 100.00 100.00 75.00 100.00 50.00 100.00 100.00 80.00 100.00 100.00 0.00 66.67 100.00 100.00 100.00 100.00 100.00
91.73=75.00 100.00 100.00 100.00 100.00 100.00 100.00 75.00 100.00 100.00 100.00 100.00 100.00 100.00 88.89 100.00 100.00 100.00 66.67 66.67 100.00 100.00 100.00 100.00 0.00 100.00 100.00 100.00 71.43 100.00 100.00
93.09=75.00 100.00 100.00 100.00 100.00 100.00 100.00 75.00 100.00 100.00 100.00 100.00 100.00 100.00 100.00 100.00 100.00 100.00 66.67 100.00 100.00 100.00 100.00 100.00 0.00 100.00 100.00 85.71 83.33 100.00 100.00
89.68=75.00 100.00 100.00 100.00 100.00 75.00 100.00 75.00 100.00 100.00 75.00 100.00 100.00 80.00 100.00 83.33 100.00 100.00 66.67 66.67 100.00 100.00 100.00 100.00 0.00 100.00 100.00 100.00 100.00 83.33 100.00
91.45=75.00 100.00 100.00 100.00 100.00 100.00 100.00 75.00 100.00 100.00 100.00 100.00 100.00 80.00 100.00 100.00 75.00 100.00 66.67 100.00 100.00 100.00 100.00 100.00 0.00 100.00 100.00 100.00 83.33 100.00 80.00
89.84=75.00 100.00 100.00 100.00 100.00 100.00 75.00 75.00 100.00 100.00 100.00 100.00 100.00 100.00 80.00 100.00 100.00 100.00 66.67 66.67 100.00 100.00 100.00 100.00 0.00 66.67 100.00 100.00 80.00 100.00 100.00
92.66=70.00 83.33 100.00 100.00 100.00 100.00 100.00 60.00 100.00 100.00 100.00 100.00 100.00 100.00 100.00 100.00 100.00 100.00 87.50 100.00 100.00 100.00 100.00 100.00 100.00 60.00 100.00 88.89 57.14 85.71 80.00
91.92=70.00 100.00 100.00 100.00 100.00 100.00 100.00 66.67 100.00 100.00 100.00 100.00 100.00 100.00 100.00 100.00 100.00 100.00 100.00 80.00 100.00 71.43 100.00 100.00 85.71 60.00 83.33 88.89 60.00 100.00 83.33
92.05=70.00 83.33 100.00 100.00 100.00 100.00 100.00 75.00 100.00 100.00 100.00 100.00 100.00 100.00 100.00 100.00 88.89 100.00 77.78 100.00 100.00 71.43 100.00 71.43 100.00 60.00 100.00 88.89 66.67 100.00 100.00
92.21=63.64 100.00 100.00 100.00 100.00 100.00 100.00 66.67 80.00 100.00 100.00 100.00 100.00 100.00 100.00 100.00 100.00 100.00 87.50 72.73 100.00 83.33 100.00 100.00 100.00 60.00 100.00 87.50 57.14 100.00 100.00
92.19=70.00 100.00 100.00 100.00 100.00 100.00 100.00 80.00 100.00 100.00 100.00 100.00 100.00 100.00 100.00 100.00 100.00 87.50 87.50 100.00 100.00 71.43 100.00 83.33 83.33 60.00 100.00 77.78 57.14 100.00 100.00
87.98=100.00 100.00 100.00 100.00 100.00 100.00 100.00 66.67 100.00 100.00 100.00 50.00 100.00 100.00 100.00 100.00 100.00 100.00 50.00 50.00 100.00 100.00 85.71 75.00 0.00 50.00 100.00 100.00 100.00 100.00 100.00
89.52=100.00 100.00 100.00 100.00 100.00 100.00 100.00 75.00 100.00 100.00 100.00 66.67 100.00 100.00 100.00 100.00 100.00 100.00 50.00 66.67 100.00 66.67 100.00 100.00 0.00 50.00 100.00 100.00 100.00 100.00 100.00
89.52=100.00 100.00 100.00 100.00 100.00 100.00 100.00 75.00 100.00 100.00 100.00 66.67 100.00 100.00 100.00 100.00 100.00 100.00 40.00 66.67 100.00 80.00 100.00 100.00 0.00 66.67 100.00 100.00 80.00 100.00 100.00
90.62=100.00 100.00 100.00 100.00 100.00 100.00 100.00 75.00 100.00 100.00 100.00 100.00 100.00 100.00 100.00 100.00 100.00 100.00 50.00 66.67 100.00 80.00 100.00 100.00 0.00 50.00 100.00 87.50 100.00 100.00 100.00
90.37=100.00 100.00 100.00 100.00 100.00 100.00 100.00 75.00 100.00 100.00 100.00 100.00 100.00 100.00 100.00 71.43 75.00 100.00 50.00 100.00 100.00 80.00 83.33 100.00 0.00 66.67 100.00 100.00 100.00 100.00 100.00
93.55=100.00 100.00 100.00 100.00 100.00 100.00 100.00 100.00 100.00 100.00 100.00 66.67 100.00 100.00 100.00 100.00 66.67 100.00 66.67 50.00 100.00 66.67 100.00 100.00 100.00 100.00 100.00 100.00 83.33 100.00 100.00
94.30=100.00 100.00 100.00 100.00 100.00 100.00 100.00 100.00 100.00 100.00 100.00 66.67 100.00 100.00 100.00 100.00 60.00 100.00 66.67 50.00 100.00 80.00 100.00 100.00 100.00 100.00 100.00 100.00 100.00 100.00 100.00
95.59=100.00 100.00 100.00 100.00 100.00 100.00 100.00 100.00 100.00 100.00 100.00 100.00 100.00 100.00 100.00 100.00 100.00 100.00 66.67 66.67 100.00 80.00 100.00 100.00 50.00 100.00 100.00 100.00 100.00 100.00 100.00
91.72=100.00 100.00 100.00 100.00 100.00 100.00 100.00 100.00 75.00 80.00 100.00 100.00 100.00 100.00 100.00 100.00 75.00 100.00 50.00 50.00 100.00 100.00 100.00 100.00 33.33 100.00 100.00 100.00 80.00 100.00 100.00
93.98=100.00 100.00 100.00 100.00 100.00 100.00 100.00 75.00 100.00 100.00 100.00 100.00 100.00 100.00 100.00 100.00 75.00 66.67 50.00 66.67 100.00 80.00 100.00 100.00 100.00 100.00 100.00 100.00 100.00 100.00 100.00
89.54=100.00 100.00 100.00 100.00 100.00 100.00 100.00 75.00 100.00 100.00 100.00 33.33 100.00 100.00 100.00 83.33 100.00 100.00 50.00 66.67 100.00 80.00 100.00 100.00 0.00 100.00 100.00 87.50 100.00 100.00 100.00
88.54=100.00 100.00 100.00 100.00 100.00 75.00 100.00 75.00 100.00 100.00 100.00 66.67 100.00 100.00 75.00 100.00 100.00 100.00 66.67 33.33 100.00 80.00 85.71 100.00 0.00 100.00 100.00 87.50 100.00 100.00 100.00
89.32=100.00 100.00 100.00 100.00 100.00 100.00 100.00 75.00 100.00 100.00 100.00 40.00 100.00 100.00 100.00 80.00 100.00 100.00 50.00 100.00 100.00 57.14 100.00 100.00 0.00 66.67 100.00 100.00 100.00 100.00 100.00
89.38=100.00 100.00 100.00 100.00 100.00 100.00 100.00 100.00 100.00 100.00 100.00 66.67 83.33 100.00 100.00 100.00 100.00 100.00 50.00 66.67 100.00 66.67 100.00 100.00 0.00 50.00 100.00 87.50 100.00 100.00 100.00
89.37=100.00 100.00 100.00 100.00 100.00 100.00 100.00 75.00 100.00 100.00 100.00 50.00 100.00 80.00 88.89 100.00 100.00 100.00 50.00 100.00 100.00 60.00 100.00 100.00 0.00 66.67 100.00 100.00 100.00 100.00 100.00
94.13=70.00 100.00 100.00 100.00 100.00 100.00 100.00 66.67 100.00 100.00 100.00 75.00 100.00 100.00 100.00 100.00 100.00 100.00 87.50 80.00 100.00 83.33 100.00 100.00 100.00 100.00 100.00 88.89 66.67 100.00 100.00
93.21=70.00 100.00 100.00 100.00 100.00 100.00 100.00 80.00 75.00 83.33 100.00 100.00 88.89 100.00 100.00 90.91 100.00 100.00 87.50 88.89 100.00 83.33 100.00 100.00 83.33 100.00 83.33 100.00 75.00 100.00 100.00
94.02=70.00 100.00 100.00 100.00 100.00 100.00 100.00 80.00 100.00 100.00 100.00 100.00 100.00 100.00 100.00 100.00 100.00 100.00 87.50 88.89 100.00 83.33 100.00 71.43 83.33 75.00 100.00 100.00 75.00 100.00 100.00
93.07=70.00 100.00 100.00 100.00 100.00 100.00 100.00 50.00 100.00 83.33 100.00 100.00 100.00 100.00 100.00 100.00 100.00 100.00 85.71 88.89 80.00 66.67 100.00 100.00 100.00 100.00 100.00 100.00 75.00 85.71 100.00
94.75=70.00 100.00 100.00 100.00 100.00 100.00 100.00 60.00 100.00 100.00 100.00 100.00 100.00 100.00 100.00 90.91 100.00 100.00 85.71 88.89 100.00 83.33 100.00 100.00 100.00 100.00 100.00 100.00 75.00 100.00 83.33
93.03=70.00 100.00 100.00 100.00 100.00 100.00 100.00 57.14 100.00 100.00 100.00 77.78 100.00 100.00 100.00 90.00 100.00 100.00 87.50 88.89 100.00 83.33 100.00 83.33 83.33 100.00 100.00 100.00 62.50 100.00 100.00
94.18=70.00 100.00 100.00 100.00 100.00 100.00 83.33 80.00 100.00 100.00 100.00 77.78 100.00 100.00 100.00 100.00 100.00 100.00 70.00 80.00 100.00 83.33 100.00 100.00 100.00 100.00 100.00 100.00 75.00 100.00 100.00
94.22=70.00 100.00 100.00 100.00 100.00 100.00 100.00 100.00 100.00 100.00 100.00 100.00 100.00 83.33 100.00 100.00 100.00 100.00 87.50 72.73 100.00 80.00 88.89 80.00 100.00 100.00 100.00 100.00 75.00 100.00 83.33
94.06=70.00 100.00 100.00 100.00 100.00 100.00 100.00 80.00 100.00 100.00 100.00 87.50 100.00 100.00 80.00 90.91 100.00 100.00 85.71 88.89 100.00 83.33 100.00 100.00 85.71 100.00 100.00 88.89 75.00 100.00 100.00
92.71=70.00 100.00 100.00 100.00 100.00 100.00 100.00 57.14 100.00 100.00 100.00 87.50 100.00 100.00 100.00 87.50 87.50 100.00 85.71 88.89 100.00 100.00 88.89 100.00 62.50 100.00 100.00 100.00 75.00 100.00 83.33
90.27=100.00 100.00 100.00 100.00 100.00 100.00 100.00 75.00 100.00 100.00 100.00 100.00 100.00 100.00 100.00 100.00 100.00 100.00 40.00 66.67 100.00 66.67 100.00 100.00 0.00 50.00 100.00 100.00 100.00 100.00 100.00
86.83=100.00 100.00 100.00 100.00 100.00 100.00 100.00 75.00 100.00 100.00 100.00 66.67 100.00 100.00 100.00 83.33 100.00 100.00 50.00 50.00 100.00 66.67 100.00 100.00 0.00 0.00 100.00 100.00 100.00 100.00 100.00
88.60=100.00 100.00 100.00 100.00 100.00 100.00 100.00 75.00 100.00 100.00 100.00 50.00 100.00 80.00 100.00 100.00 100.00 100.00 50.00 66.67 100.00 75.00 100.00 100.00 0.00 50.00 100.00 100.00 100.00 100.00 100.00
87.63=100.00 100.00 100.00 75.00 100.00 100.00 100.00 75.00 100.00 100.00 100.00 50.00 100.00 100.00 100.00 83.33 100.00 100.00 50.00 66.67 100.00 66.67 100.00 100.00 0.00 50.00 100.00 100.00 100.00 100.00 100.00
89.30=100.00 100.00 100.00 100.00 100.00 100.00 100.00 75.00 100.00 100.00 100.00 66.67 100.00 100.00 100.00 100.00 100.00 100.00 50.00 66.67 100.00 80.00 100.00 100.00 0.00 50.00 100.00 100.00 100.00 100.00 80.00
94.37=100.00 100.00 100.00 100.00 100.00 100.00 100.00 57.14 100.00 100.00 100.00 87.50 100.00 100.00 100.00 100.00 100.00 100.00 70.00 80.00 100.00 100.00 100.00 100.00 87.50 100.00 100.00 80.00 80.00 83.33 100.00
92.18=100.00 100.00 100.00 100.00 100.00 100.00 100.00 57.14 100.00 100.00 100.00 87.50 85.71 71.43 100.00 100.00 100.00 100.00 63.64 72.73 100.00 100.00 100.00 100.00 66.67 100.00 100.00 77.78 75.00 100.00 100.00
93.69=100.00 100.00 100.00 100.00 100.00 100.00 100.00 57.14 100.00 100.00 100.00 87.50 100.00 100.00 100.00 100.00 100.00 87.50 70.00 88.89 100.00 83.33 87.50 100.00 87.50 100.00 100.00 80.00 75.00 100.00 100.00
93.35=100.00 83.33 100.00 100.00 80.00 100.00 100.00 57.14 100.00 100.00 100.00 100.00 100.00 100.00 100.00 100.00 100.00 100.00 70.00 88.89 66.67 100.00 100.00 100.00 100.00 100.00 100.00 72.73 75.00 100.00 100.00
92.92=100.00 100.00 100.00 100.00 75.00 88.89 100.00 57.14 100.00 83.33 100.00 87.50 100.00 100.00 100.00 100.00 100.00 85.71 70.00 88.89 100.00 100.00 100.00 100.00 100.00 100.00 85.71 72.73 85.71 100.00 100.00
93.98=100.00 100.00 100.00 100.00 100.00 100.00 100.00 57.14 100.00 100.00 100.00 100.00 100.00 100.00 100.00 100.00 88.89 100.00 63.64 80.00 100.00 83.33 80.00 85.71 100.00 100.00 100.00 88.89 85.71 100.00 100.00
93.52=100.00 100.00 100.00 100.00 100.00 100.00 100.00 60.00 100.00 100.00 100.00 100.00 100.00 71.43 100.00 100.00 87.50 100.00 70.00 80.00 100.00 100.00 100.00 100.00 77.78 100.00 100.00 66.67 85.71 100.00 100.00
95.50=100.00 100.00 100.00 100.00 100.00 100.00 100.00 57.14 100.00 100.00 100.00 100.00 100.00 100.00 100.00 100.00 100.00 100.00 70.00 80.00 100.00 100.00 100.00 100.00 87.50 100.00 100.00 80.00 85.71 100.00 100.00
93.94=100.00 100.00 100.00 100.00 100.00 100.00 100.00 42.86 100.00 100.00 87.50 100.00 100.00 83.33 100.00 75.00 100.00 100.00 77.78 80.00 100.00 100.00 100.00 100.00 100.00 100.00 100.00 80.00 85.71 100.00 100.00
94.14=100.00 100.00 100.00 75.00 100.00 100.00 100.00 50.00 100.00 100.00 100.00 100.00 100.00 100.00 100.00 100.00 100.00 100.00 63.64 88.89 100.00 100.00 100.00 100.00 75.00 100.00 100.00 80.00 85.71 100.00 100.00
94.57=75.00 100.00 100.00 100.00 100.00 100.00 100.00 60.00 100.00 100.00 100.00 66.67 100.00 100.00 100.00 100.00 100.00 100.00 100.00 100.00 100.00 100.00 100.00 100.00 50.00 100.00 100.00 100.00 80.00 100.00 100.00
90.17=75.00 100.00 100.00 100.00 100.00 100.00 100.00 75.00 100.00 100.00 100.00 100.00 100.00 100.00 85.71 71.43 100.00 50.00 66.67 100.00 100.00 100.00 100.00 100.00 0.00 100.00 100.00 100.00 71.43 100.00 100.00
92.63=75.00 100.00 100.00 100.00 100.00 100.00 100.00 75.00 100.00 100.00 100.00 100.00 100.00 100.00 100.00 100.00 75.00 100.00 66.67 100.00 100.00 100.00 100.00 100.00 0.00 100.00 100.00 100.00 80.00 100.00 100.00
91.67=75.00 100.00 100.00 100.00 100.00 100.00 75.00 75.00 100.00 100.00 100.00 100.00 100.00 100.00 100.00 100.00 100.00 100.00 66.67 66.67 100.00 100.00 100.00 100.00 0.00 100.00 100.00 100.00 83.33 100.00 100.00
97.12=75.00 100.00 100.00 100.00 100.00 100.00 100.00 100.00 100.00 100.00 100.00 100.00 100.00 100.00 100.00 100.00 100.00 100.00 100.00 100.00 100.00 100.00 100.00 100.00 100.00 66.67 100.00 85.71 83.33 100.00 100.00
93.47=70.00 100.00 100.00 100.00 100.00 100.00 83.33 75.00 100.00 100.00 100.00 87.50 100.00 100.00 100.00 100.00 100.00 100.00 77.78 80.00 100.00 80.00 88.89 80.00 100.00 100.00 100.00 100.00 75.00 100.00 100.00
94.60=63.64 100.00 100.00 100.00 100.00 100.00 100.00 80.00 100.00 100.00 100.00 100.00 88.89 100.00 100.00 100.00 100.00 100.00 87.50 88.89 100.00 100.00 100.00 83.33 100.00 100.00 100.00 88.89 71.43 100.00 80.00
92.59=66.67 100.00 87.50 100.00 100.00 100.00 100.00 80.00 100.00 83.33 100.00 70.00 85.71 100.00 100.00 100.00 100.00 100.00 77.78 72.73 100.00 100.00 100.00 100.00 85.71 100.00 100.00 85.71 75.00 100.00 100.00
90.60=63.64 100.00 100.00 75.00 100.00 88.89 90.91 80.00 100.00 83.33 100.00 100.00 87.50 100.00 100.00 90.00 88.89 100.00 87.50 88.89 100.00 100.00 100.00 100.00 75.00 100.00 100.00 100.00 62.50 71.43 75.00
95.34=70.00 100.00 100.00 100.00 100.00 100.00 100.00 80.00 100.00 100.00 100.00 100.00 100.00 100.00 100.00 100.00 100.00 100.00 87.50 88.89 100.00 100.00 100.00 100.00 83.33 100.00 100.00 100.00 60.00 85.71 100.00
87.63=100.00 100.00 100.00 100.00 100.00 75.00 100.00 75.00 100.00 100.00 100.00 50.00 100.00 100.00 100.00 100.00 100.00 100.00 50.00 50.00 100.00 66.67 100.00 100.00 0.00 50.00 100.00 100.00 100.00 100.00 100.00
89.41=100.00 100.00 100.00 100.00 100.00 100.00 100.00 75.00 100.00 100.00 100.00 66.67 100.00 100.00 100.00 100.00 100.00 100.00 50.00 66.67 100.00 80.00 83.33 100.00 0.00 50.00 100.00 100.00 100.00 100.00 100.00
87.80=100.00 100.00 100.00 100.00 100.00 100.00 100.00 75.00 100.00 100.00 100.00 50.00 100.00 100.00 100.00 100.00 100.00 100.00 50.00 50.00 100.00 66.67 100.00 100.00 0.00 50.00 100.00 100.00 80.00 100.00 100.00
86.74=100.00 100.00 100.00 100.00 100.00 66.67 75.00 75.00 100.00 100.00 100.00 50.00 100.00 100.00 88.89 100.00 100.00 100.00 50.00 66.67 100.00 66.67 100.00 100.00 0.00 50.00 100.00 100.00 100.00 100.00 100.00
87.20=100.00 100.00 100.00 100.00 100.00 100.00 100.00 75.00 100.00 80.00 100.00 66.67 100.00 100.00 100.00 100.00 75.00 100.00 50.00 66.67 100.00 60.00 100.00 100.00 0.00 50.00 100.00 100.00 80.00 100.00 100.00
95.44=100.00 100.00 100.00 100.00 100.00 100.00 100.00 57.14 100.00 100.00 100.00 87.50 100.00 100.00 100.00 100.00 100.00 100.00 70.00 88.89 100.00 100.00 100.00 100.00 100.00 100.00 100.00 80.00 75.00 100.00 100.00
94.03=100.00 100.00 100.00 100.00 100.00 100.00 100.00 57.14 100.00 100.00 100.00 87.50 100.00 100.00 100.00 100.00 80.00 100.00 70.00 80.00 100.00 100.00 100.00 100.00 87.50 100.00 100.00 77.78 75.00 100.00 100.00
94.22=100.00 100.00 100.00 100.00 100.00 100.00 100.00 57.14 100.00 100.00 100.00 87.50 100.00 100.00 100.00 100.00 100.00 100.00 70.00 80.00 100.00 100.00 100.00 100.00 70.00 100.00 100.00 72.73 83.33 100.00 100.00
93.96=100.00 100.00 100.00 75.00 100.00 100.00 100.00 57.14 100.00 100.00 100.00 100.00 100.00 100.00 100.00 100.00 100.00 100.00 70.00 88.89 66.67 100.00 100.00 100.00 100.00 100.00 100.00 80.00 75.00 100.00 100.00
96.20=100.00 100.00 100.00 100.00 100.00 100.00 100.00 57.14 100.00 100.00 100.00 100.00 100.00 100.00 100.00 100.00 100.00 100.00 77.78 88.89 100.00 100.00 100.00 100.00 100.00 100.00 100.00 72.73 85.71 100.00 100.00
94.15=70.00 100.00 100.00 100.00 100.00 100.00 90.00 80.00 80.00 100.00 100.00 87.50 100.00 80.00 100.00 100.00 100.00 100.00 87.50 88.89 100.00 100.00 100.00 100.00 100.00 100.00 100.00 100.00 71.43 100.00 83.33
95.31=70.00 100.00 100.00 100.00 100.00 100.00 90.91 66.67 100.00 100.00 100.00 87.50 100.00 100.00 100.00 90.00 100.00 100.00 85.71 100.00 100.00 100.00 100.00 100.00 100.00 100.00 100.00 88.89 75.00 100.00 100.00
93.80=66.67 100.00 100.00 100.00 100.00 100.00 100.00 60.00 100.00 100.00 100.00 100.00 88.89 100.00 100.00 100.00 100.00 100.00 87.50 100.00 100.00 83.33 100.00 100.00 85.71 100.00 100.00 100.00 66.67 85.71 83.33
93.37=70.00 100.00 100.00 100.00 100.00 100.00 100.00 80.00 100.00 100.00 100.00 87.50 100.00 100.00 88.89 100.00 100.00 100.00 87.50 80.00 100.00 71.43 100.00 83.33 100.00 100.00 100.00 100.00 62.50 100.00 83.33
95.79=70.00 100.00 100.00 100.00 100.00 88.89 100.00 80.00 100.00 100.00 100.00 87.50 100.00 100.00 100.00 100.00 100.00 100.00 87.50 100.00 100.00 100.00 100.00 100.00 100.00 100.00 100.00 88.89 66.67 100.00 100.00
91.37=100.00 100.00 100.00 75.00 100.00 100.00 100.00 100.00 100.00 100.00 100.00 100.00 100.00 100.00 100.00 85.71 75.00 100.00 66.67 50.00 100.00 80.00 100.00 100.00 100.00 0.00 100.00 100.00 100.00 100.00 100.00
96.51=100.00 100.00 100.00 75.00 100.00 100.00 100.00 100.00 100.00 100.00 100.00 100.00 100.00 100.00 100.00 100.00 75.00 100.00 66.67 100.00 100.00 75.00 100.00 100.00 100.00 100.00 100.00 100.00 100.00 100.00 100.00
95.32=100.00 100.00 100.00 100.00 100.00 100.00 100.00 100.00 100.00 100.00 100.00 66.67 100.00 80.00 100.00 100.00 75.00 100.00 66.67 66.67 100.00 100.00 100.00 100.00 100.00 100.00 100.00 100.00 100.00 100.00 100.00
96.77=100.00 100.00 100.00 100.00 100.00 100.00 100.00 100.00 100.00 100.00 100.00 66.67 100.00 100.00 100.00 100.00 100.00 100.00 66.67 66.67 100.00 100.00 100.00 100.00 100.00 100.00 100.00 100.00 100.00 100.00 100.00
95.45=100.00 100.00 100.00 100.00 100.00 100.00 100.00 100.00 100.00 100.00 100.00 100.00 85.71 100.00 100.00 100.00 100.00 100.00 50.00 40.00 100.00 100.00 100.00 100.00 100.00 100.00 100.00 100.00 83.33 100.00 100.00
91.86=70.00 100.00 100.00 75.00 100.00 100.00 100.00 66.67 80.00 100.00 100.00 100.00 100.00 100.00 100.00 100.00 100.00 100.00 100.00 80.00 80.00 100.00 100.00 100.00 100.00 50.00 100.00 88.89 57.14 100.00 100.00
92.26=70.00 100.00 100.00 100.00 100.00 100.00 100.00 66.67 100.00 100.00 100.00 100.00 100.00 100.00 100.00 100.00 100.00 100.00 77.78 100.00 100.00 83.33 100.00 100.00 66.67 60.00 100.00 88.89 66.67 100.00 80.00
91.26=70.00 100.00 100.00 66.67 100.00 100.00 100.00 66.67 80.00 83.33 100.00 77.78 100.00 100.00 100.00 100.00 88.89 100.00 87.50 100.00 100.00 83.33 100.00 83.33 100.00 75.00 100.00 100.00 66.67 100.00 100.00
92.40=70.00 100.00 100.00 100.00 100.00 100.00 100.00 100.00 80.00 100.00 100.00 100.00 100.00 100.00 88.89 100.00 100.00 100.00 70.00 88.89 100.00 83.33 100.00 83.33 83.33 50.00 100.00 100.00 66.67 100.00 100.00
93.06=70.00 100.00 100.00 100.00 100.00 100.00 100.00 80.00 100.00 100.00 100.00 100.00 100.00 100.00 100.00 100.00 100.00 100.00 87.50 100.00 100.00 83.33 100.00 83.33 83.33 60.00 100.00 87.50 50.00 100.00 100.00
94.16=75.00 100.00 100.00 100.00 100.00 100.00 100.00 75.00 100.00 100.00 100.00 100.00 100.00 100.00 100.00 100.00 100.00 100.00 100.00 66.67 100.00 100.00 85.71 100.00 50.00 100.00 100.00 100.00 66.67 100.00 100.00
91.40=75.00 100.00 100.00 100.00 100.00 100.00 75.00 75.00 100.00 100.00 75.00 100.00 100.00 100.00 100.00 83.33 100.00 100.00 66.67 100.00 100.00 100.00 100.00 100.00 0.00 100.00 100.00 100.00 83.33 100.00 100.00
92.90=75.00 100.00 100.00 100.00 100.00 100.00 100.00 75.00 100.00 100.00 100.00 100.00 100.00 100.00 100.00 100.00 100.00 100.00 66.67 100.00 100.00 100.00 100.00 100.00 0.00 100.00 80.00 100.00 83.33 100.00 100.00
92.63=75.00 100.00 100.00 100.00 100.00 100.00 100.00 75.00 100.00 100.00 100.00 100.00 100.00 100.00 100.00 83.33 100.00 100.00 66.67 100.00 100.00 100.00 100.00 100.00 0.00 100.00 100.00 100.00 71.43 100.00 100.00
91.28=75.00 100.00 100.00 100.00 100.00 100.00 100.00 50.00 100.00 100.00 100.00 66.67 100.00 100.00 100.00 100.00 100.00 100.00 66.67 100.00 100.00 100.00 100.00 100.00 0.00 100.00 100.00 100.00 71.43 100.00 100.00
89.05=100.00 100.00 100.00 100.00 100.00 100.00 100.00 100.00 100.00 100.00 100.00 66.67 100.00 100.00 88.89 100.00 100.00 100.00 50.00 50.00 75.00 80.00 100.00 100.00 0.00 50.00 100.00 100.00 100.00 100.00 100.00
86.77=100.00 100.00 100.00 60.00 100.00 100.00 75.00 66.67 100.00 100.00 100.00 66.67 100.00 100.00 100.00 100.00 100.00 100.00 50.00 66.67 75.00 80.00 100.00 100.00 0.00 50.00 100.00 100.00 100.00 100.00 100.00
90.67=100.00 100.00 100.00 100.00 100.00 100.00 100.00 100.00 100.00 100.00 100.00 100.00 100.00 100.00 100.00 100.00 100.00 100.00 40.00 66.67 100.00 66.67 100.00 100.00 0.00 50.00 100.00 87.50 100.00 100.00 100.00
90.48=100.00 100.00 100.00 100.00 100.00 100.00 100.00 75.00 100.00 100.00 100.00 50.00 80.00 100.00 100.00 100.00 100.00 100.00 50.00 100.00 100.00 66.67 100.00 100.00 0.00 100.00 100.00 100.00 83.33 100.00 100.00
87.45=100.00 100.00 100.00 100.00 100.00 100.00 100.00 50.00 100.00 100.00 100.00 50.00 100.00 80.00 100.00 100.00 60.00 100.00 50.00 100.00 100.00 66.67 100.00 100.00 0.00 66.67 100.00 87.50 100.00 100.00 100.00
92.42=75.00 100.00 100.00 100.00 100.00 100.00 100.00 60.00 100.00 100.00 100.00 100.00 100.00 100.00 100.00 100.00 100.00 100.00 66.67 100.00 100.00 80.00 100.00 100.00 0.00 100.00 100.00 100.00 83.33 100.00 100.00
93.55=75.00 100.00 100.00 100.00 100.00 100.00 100.00 75.00 100.00 100.00 100.00 100.00 100.00 100.00 100.00 100.00 100.00 100.00 66.67 100.00 100.00 100.00 100.00 100.00 0.00 100.00 100.00 100.00 83.33 100.00 100.00
96.12=75.00 100.00 100.00 100.00 100.00 100.00 75.00 75.00 100.00 100.00 100.00 100.00 100.00 100.00 100.00 83.33 100.00 100.00 100.00 100.00 100.00 100.00 100.00 100.00 100.00 100.00 100.00 100.00 71.43 100.00 100.00
93.01=75.00 100.00 100.00 100.00 100.00 100.00 100.00 75.00 100.00 100.00 100.00 100.00 100.00 100.00 100.00 100.00 75.00 100.00 100.00 100.00 100.00 100.00 100.00 100.00 0.00 100.00 75.00 100.00 83.33 100.00 100.00
91.87=75.00 100.00 100.00 100.00 100.00 100.00 100.00 60.00 100.00 100.00 75.00 100.00 100.00 100.00 100.00 100.00 100.00 100.00 66.67 100.00 100.00 100.00 100.00 100.00 0.00 100.00 100.00 100.00 71.43 100.00 100.00
91.96=100.00 100.00 100.00 100.00 100.00 100.00 100.00 100.00 100.00 100.00 100.00 66.67 100.00 100.00 100.00 100.00 75.00 100.00 100.00 66.67 100.00 80.00 100.00 100.00 50.00 50.00 100.00 100.00 62.50 100.00 100.00
92.07=75.00 100.00 100.00 100.00 100.00 100.00 100.00 100.00 100.00 100.00 100.00 66.67 100.00 100.00 87.50 100.00 100.00 100.00 66.67 50.00 100.00 75.00 100.00 100.00 50.00 100.00 100.00 100.00 83.33 100.00 100.00
95.32=100.00 100.00 100.00 100.00 100.00 100.00 100.00 100.00 100.00 100.00 100.00 66.67 100.00 100.00 100.00 100.00 75.00 100.00 66.67 66.67 100.00 100.00 100.00 100.00 100.00 100.00 100.00 100.00 100.00 100.00 80.00
91.88=100.00 100.00 100.00 100.00 100.00 100.00 100.00 75.00 100.00 100.00 100.00 50.00 100.00 100.00 100.00 100.00 60.00 100.00 66.67 66.67 100.00 80.00 100.00 100.00 50.00 100.00 100.00 100.00 100.00 100.00 100.00
90.51=100.00 100.00 100.00 100.00 80.00 100.00 100.00 100.00 100.00 100.00 100.00 66.67 100.00 100.00 100.00 100.00 75.00 100.00 50.00 66.67 100.00 80.00 100.00 100.00 0.00 100.00 100.00 87.50 100.00 100.00 100.00
