93.36533538146442
95.43138760880696
93.48694316436253
95.78818135269748
95.79609458641717
91.33512544802868
91.32488479262672
93.14516129032258
94.20762928827443
94.95135688684076
72.28482490947333
75.29344736167229
78.2379707510017
75.82490309416256
77.30915583608493
77.78329061040877
77.64041308279509
76.24475322320788
77.67432552398728
80.22062671454313
77.01592246437612
78.12834110700949
79.32325877859455
79.73215634741153
78.76355146362876
93.10222036028487
88.66477608413093
92.83410138248848
95.83926825862311
95.29406972955358
92.44774938323326
90.52099334357399
92.78755294884326
90.35953294017813
92.67746590327235
80.38055846988745
79.60259802863521
79.3128702267658
80.65608904281349
80.32548103903036
77.1496181054345
77.38553781740657
78.04720959520806
77.66345766356375
78.63718162614295
94.430596285435
90.32839919936696
88.25012800819252
88.82569939021553
90.10203953752342
79.9503136399174
80.44598248901086
80.61387097201363
79.55911359021955
80.5799568561828
76.472214010324
79.54702446822415
78.44974119079086
77.70326586450284
77.47234294816732
88.08802308802309
88.38407112600663
88.67383512544804
90.32909742587161
90.55555555555556
78.54939597691819
78.42257428533053
77.916276840259
79.01656571879722
77.57508463580265
88.60535074244753
90.49286576800807
89.5303605313093
89.02166829586183
89.20058883768563
79.17795441147477
78.61792645997785
78.37467775837135
78.65022589115563
77.51849551889464
80.32998010169145
79.04809433829315
80.30812340684757
79.33639880187187
80.07166339938618
89.07450076804916
87.51920122887864
90.89687194525904
92.10270911883815
88.45319554996975
77.1042135097145
78.55090560540295
78.81908278322453
78.34710558796962
80.26833853348622
78.7329420921351
79.14486541503614
78.86284307304852
78.57965467361133
78.89177514021074
90.38961038961038
90.70229949262206
90.6784434203789
90.11846576362706
89.28012847367688
90.37314388120839
87.2793604245217
92.45071684587813
91.38760880696366
87.39887352790579
86.98750174556626
91.19955313503701
90.40916073174138
89.46748591909882
88.98873527905786
79.874648428295
78.98417347191116
79.816140133687
79.38552111186786
79.64192941576954
88.01725156563866
89.05140110785271
88.42538286086672
85.62167223457546
86.7037890424987
79.99274668904322
81.37647328943301
80.78424306984785
79.15459101702055
80.23377917232466
90.46688078946143
90.87429595494112
89.63354745612811
90.54496578690126
90.89506819345529
79.88035176293987
79.80505690296621
81.88595813026406
79.35562444398954
79.4492572843128
88.07603686635947
91.05094726062468
91.59641275865185
90.97350230414747
88.8104547781967
86.85218007798652
86.36328725038405
90.71428571428572
88.73132244099986
88.16674812642553
81.1061324362265
80.79867378287695
79.48193734838594
79.26211983484961
80.40145270334114
89.0470729986859
89.24044593399431
91.0157450076805
88.27956989247313
91.21700879765395
86.85611879160267
89.6057347670251
88.08243727598567
89.33962832444806
87.60496671786994
87.5814597588791
88.86676047966371
89.2124005027231
91.66108085462923
88.83675464320626
80.36142469576133
80.33884069205064
80.81713791567589
79.61860683762966
80.30947595796988
89.13594470046083
86.72636503281664
87.24004490133521
88.43061955965183
90.96902201740913
78.66364799548352
78.893859296945
79.57569517349607
77.33847485047175
78.76075558621952
90.06732514797032
89.83516483516486
91.39620236394428
90.55252990736862
88.06533072662104
80.64832466567866
80.41042446898635
81.44875374763103
80.51119705853272
79.6729212081667
79.18940259276027
78.60044895733417
79.66089660982887
78.87480576815149
79.56825201826867
89.77450706577841
87.26923614020387
90.48274148369026
89.0056672717963
89.83504398826979
81.84486231502895
80.39079034155166
81.11240775550695
80.00200532297855
80.25841295964557
79.02309432550632
79.216926527602
78.61579612928277
78.88644579659005
80.07364202075716
81.9780657334717
81.34706804730675
80.99099480381474
80.2978385439816
80.27599387963784
87.8341013824885
87.83749404717146
88.55478750640042
90.07296466973885
87.93138760880699
87.84114183307733
89.6788500346375
90.60483870967742
89.18074756784435
86.94572452636969
80.07705286763289
81.0833782847552
82.07611866208374
79.65377377241653
80.3450054347784
87.27086533538149
87.92359074617141
88.51894521249362
88.63496718335426
89.98801377833635
87.93397462752301
88.407112600661
87.77905785970303
86.7448680351906
86.96958059861286
77.5235812723601
78.30920514862576
78.4691050701041
78.61559656321684
79.85543242962186
89.74014336917563
89.55162221291255
93.75448028673836
88.18740399385561
89.33425893103313
79.93493730333682
80.75595220992544
80.26718509072319
79.94757889698062
80.15676983292717
87.81955499697435
88.26630358888423
87.47823860727085
87.96722990271377
89.54894567797794
86.08934971838198
90.15966112740306
83.35509472606248
86.41321044546851
88.40746171391332
80.45788639039593
79.42364371422721
78.16061100801271
81.08660886300058
79.18632807796646
89.1138879042105
88.02227342549924
90.54019457245265
89.20844388586323
91.39883414076964
79.57178923618989
79.95570302898493
78.7534308628027
78.5781065823298
79.25585657432552
81.06058760555653
80.35125520330432
80.59434722016967
80.79462114182816
79.80653960137681
80.02333560660773
78.92900770594908
79.65102850491267
78.4730579410808
80.79879640936964
80.6573112008497
79.93038030586476
79.85655720846862
79.96101289008831
79.57803406654021
79.75685060158541
79.18237086998893
79.43656951709377
79.67995203810048
79.41288740176009
79.81236960355703
80.14420923833616
78.98851053779775
79.63759276759204
80.8261226149262
86.12866524156847
90.36354326676907
89.56093189964159
89.60829493087557
88.65881877978653
80.49963594733545
79.26599076173834
79.53152999629762
79.81271561222022
79.46907740408973
88.97913466461853
88.56723921240052
88.60424521714843
94.66432313206505
87.09357398873529
80.87053567660573
80.7188811835048
80.58196227252472
81.71457855210963
80.1774091974662
88.17312457729913
89.38300051203277
85.43266769073222
90.46226017288636
91.04070660522272
88.19252432155659
88.41013824884793
86.08422939068099
89.21530977982592
88.7031606386445
80.46756714714456
79.99932114860793
81.37337883267476
80.94854241721715
80.51684960181849
80.72212034922707
79.61912008784994
80.39331959302726
79.21265949750406
78.86582126388751
87.4971444326283
86.82923707117256
88.93962668156216
88.25478285155705
89.20076339431178
89.46472881956753
89.376449504533
88.27425262909134
89.86751152073734
89.8614020388214
88.10245310245311
86.60906298003071
91.93164362519201
87.00286272866919
87.44833123865384
81.6554870877434
81.62883537981087
81.34027430042322
81.34391367937873
80.63321873987645
80.93689131613618
81.28263759933992
79.2034664176279
79.05982655460276
80.61918490986353
87.94537004214423
88.33077316948285
82.69457245263696
87.31182795698925
87.30926779313876
87.34464460270914
89.14059954382535
89.61329888749243
89.37101429036913
92.12877624167947
87.71367521367522
90.32834101382488
89.83004003165294
90.88709677419355
89.8572708653354
79.56729757634648
80.4682703717285
81.32144731572707
80.21255503823384
80.85763171400944
87.38607270865336
89.72862263184845
89.48806569774312
89.12186379928318
90.21249359959039
80.17108644295789
80.85217489512506
80.62642408471108
80.15993714515973
80.09107387164369
91.34693711306615
90.2753160817677
88.23206205559148
90.08675016739534
90.94167481264256
79.60154001902434
79.72150323548937
81.23542110275119
77.9921254726828
80.37473763437495
88.36230973327748
87.75631178856986
89.75887911371782
89.90655401945725
86.97993762509891
79.06382227302534
79.64653765840623
80.087654649652
79.51266647834989
79.89514671094447
79.99463014528064
80.13060352824625
81.56375172399378
80.08304123582145
80.64896292036423
86.79979518689196
89.42763329860105
88.807661872178
88.21812596006144
91.51561699948797
89.59374854536145
90.4424428617977
89.08078480659125
87.25631894986735
86.28776241679468
88.53174603174604
89.90655401945726
89.46067373486729
84.19028999674163
88.77102288392611
90.99159800772705
87.85970302099335
87.53281664571988
91.34472606246801
89.82059001508718
90.29451731064634
88.65205582947519
89.30619559651818
89.71326164874553
85.78827982053787
89.05145929339477
87.7073732718894
90.83682446585674
90.56864730251829
91.24453055904668
88.18053809989296
89.04715356328259
89.23020527859236
90.43220220639576
87.83282130056325
78.70581550504457
80.09234609644305
79.95132988798267
79.08003870928798
78.7011833700221
88.28166457198715
87.3676860773635
87.90532048596565
87.42063492063492
92.65174789368338
89.99743983614952
89.42780337941629
89.61587695458664
88.6709258483452
83.07859703020996
81.17520266412868
81.3210839880752
81.26519830317689
81.81231199801316
80.8226570909707
79.14785501098797
79.52540667728911
80.90026328970372
80.06988595839658
79.95264209463988
90.14045989852441
89.16527021365731
88.13748079877114
90.42260159195642
89.71442535958666
89.80030721966207
86.29625750593493
88.50439882697947
87.64162360936554
88.66045245077503
90.57874762808349
91.38749243587954
89.84062980030723
88.87434250337475
91.89516129032258
88.51382488479261
91.14823348694317
88.48704163220292
89.9194533065501
88.87992831541219
79.54361589532355
80.48709939787457
79.94517640659491
79.99156331943371
78.6283569980183
89.01571546732838
88.87638347315767
88.9961651251974
89.66461853558627
88.2741004515198
89.43245822278081
87.62544802867384
90.1715309779826
88.1087371409952
88.70793185309314
88.1515616999488
88.73015873015872
90.7174859190988
88.17460317460319
89.9321556579621
89.52764976958528
90.56917097239678
90.76449983708048
90.67652329749104
89.96607782898107
80.49999044546131
80.83692990256046
80.33217353979904
79.66958143660456
80.52950862640955
80.81451922026787
80.46718679172187
79.93489720094652
80.24680894345875
81.07883428261316
86.86461388074292
86.72124470511568
90.68612391193037
88.74295954941118
88.51079923660569
90.96390168970814
91.3723984217343
90.19309385533295
89.322487548294
90.73988735279057
88.57363962202672
88.9068100358423
88.89144905273939
89.91423451100871
90.79493087557604
89.15596052692825
89.67218265605364
88.13236047107016
90.29825908858167
87.53793697342086
80.07754744987645
80.92970576393964
81.4855783963236
80.15900437638741
81.2236449688284
80.15493148811984
80.09875930462503
79.19947079682692
80.49637686692081
79.58740691583364
87.63650328166459
88.22278080342598
87.2854117208956
87.94116277987247
89.25161755806916
88.33868640320253
88.06661080854629
90.21229666390957
90.15616999487969
88.43958013312853
89.61597542242706
89.83073378234668
90.06528417818741
89.56221198156682
89.66170925848347
80.50441189702603
80.91155405970565
80.36895247076457
80.62552710156659
80.51703835259435
79.7435328631359
80.77957649117425
79.69131733842022
79.5371232649268
80.64130077728635
90.43906810035843
87.59088581669228
90.06272401433691
90.02412462089882
87.46404133500909
80.99215422538691
79.68120964721473
79.06156840244348
79.4763146708494
80.4538291680488
89.43757855048177
88.96650840199227
87.85458269329236
88.93962668156216
88.15377275054696
90.70020481310804
86.08632407019505
89.45340501792116
92.60880696364568
88.6404366243076
80.75450567341287
81.62759500840103
81.60575047423623
80.61450652652906
81.00794815375522
93.14597588791136
89.10603733184378
88.17797793604247
88.19205883722013
89.0186426476749
79.81266979295702
81.04679707238283
81.60673832841722
81.39577913751975
80.37714734297019
89.85116138341945
90.05201787459853
90.84229390681003
90.06400409626218
90.12643270707787
88.8551412744961
89.5271842852488
87.22559698366152
90.47700507377927
86.47465437788019
79.2074252472682
80.02781395680131
80.11347079818536
80.70716484870177
80.43445076413049
89.19354838709675
86.43813176071241
87.92058300122817
90.51971326164875
88.68535586277524
88.88277940697297
88.9755853465531
90.85637480798772
90.4173067076293
89.24859190988224
79.57250238291837
80.12715724388285
80.93960072513033
79.262265930321
78.91567359810202
81.16558441532334
80.4980599141421
80.36172579283814
80.75022358315674
80.0384098378095
81.23518352628724
81.1964584239522
80.32063216896765
81.31362839068326
81.41723818649113
79.70596586449483
80.61415800364891
80.39422930296944
80.4511472873169
81.10531123013024
88.85642135642138
89.48622166364102
88.05637015314433
89.65647255969836
87.52467066983198
87.94034818228369
88.19124423963135
87.45657568238212
89.31003584229393
89.39068100358422
85.4423264907136
88.58376390634456
87.74519387422613
89.74607829446539
87.64546385514129
80.85397386159994
80.07042545815297
81.33093678367551
80.686179064376
81.12152579972529
80.90093058152674
79.59805818189274
81.72318531313525
80.07675839825588
80.5006169907746
78.07518032531114
80.8130838039976
80.05664146596375
78.910593679537
78.94665074006113
80.04823120078723
79.95191108007273
80.95714981250931
80.20007963718794
79.33702362989072
90.30163385002095
88.71561234464461
88.74761439277569
89.19564306661083
89.1481636642927
87.71202811525391
86.53435274403016
88.34438858632406
86.2066517711679
88.52360005585813
80.66086827343172
80.1335363665947
81.3395673886579
80.85260994332205
79.8683591209584
79.68205393281887
78.29314532222203
80.55475123971931
79.85003039838799
79.88227810899136
89.14874551971327
90.02944188428059
91.68458781362007
90.87941628264208
89.28418355837711
91.87421449518223
90.04957408183216
90.77538053344506
90.79493087557604
89.45340501792116
88.56956663408275
89.31515616999486
88.3751105525299
88.55432202206396
89.83312386538194
