57.63=100.00 100.00 79.17 85.71 12.00 51.35 84.00 61.11 25.00 83.33 60.61 73.33 69.23 27.78 46.88 78.26 71.88 83.33 36.17 48.15 8.33 84.62 82.61 20.00 44.83 71.43 60.00 33.33 33.33 33.33 37.50
53.85=80.77 95.00 65.38 68.00 17.65 45.83 78.57 52.63 15.38 62.50 70.00 73.33 78.57 25.00 63.16 64.00 60.00 70.00 27.08 66.67 0.00 88.00 76.00 22.58 48.39 60.00 66.67 38.46 23.08 66.67 0.00
56.95=87.50 91.30 85.71 82.61 20.00 50.00 100.00 37.50 44.44 63.64 60.98 72.73 90.48 33.33 50.00 65.62 72.41 76.67 33.96 47.06 0.00 84.62 73.91 25.00 45.16 56.25 75.00 28.57 33.33 44.44 33.33
56.68=91.30 100.00 86.36 78.26 30.77 51.16 75.86 50.00 21.43 75.00 52.38 67.65 90.91 33.33 54.17 54.55 74.07 84.00 32.76 50.00 0.00 84.62 83.33 23.53 41.94 56.25 72.73 20.00 16.67 41.67 62.50
58.91=95.65 95.45 82.61 83.33 23.53 50.00 84.62 50.00 16.67 76.19 57.50 60.53 70.83 57.14 54.55 70.37 74.19 86.96 31.48 64.00 0.00 85.71 85.71 21.43 51.85 57.14 75.00 15.38 40.00 35.71 72.73
60.01=92.31 95.45 86.36 83.33 20.00 55.56 76.92 59.09 45.45 94.12 68.57 62.86 80.95 50.00 47.83 61.11 71.88 88.00 35.71 48.48 0.00 82.14 80.00 18.18 51.72 56.25 72.73 11.11 25.00 53.33 85.71
56.61=92.00 95.65 94.74 78.26 15.00 47.50 87.50 55.56 37.50 75.00 70.59 59.46 86.96 45.45 38.46 66.67 66.67 90.91 32.69 53.57 0.00 80.00 79.17 15.38 52.00 62.50 54.55 11.11 20.00 40.00 50.00
57.60=95.65 95.00 81.82 81.82 22.22 52.38 76.92 42.11 15.38 71.43 63.16 73.33 89.47 63.64 50.00 57.50 70.59 84.00 31.37 51.72 0.00 79.31 76.00 18.18 55.56 61.11 66.67 41.67 14.29 33.33 70.00
60.21=91.30 100.00 85.00 80.95 19.05 53.49 74.07 47.83 30.00 94.12 52.27 65.71 78.26 70.00 52.17 66.67 71.88 87.50 30.61 65.38 0.00 83.87 84.21 18.42 50.00 52.63 77.78 33.33 27.27 42.86 80.00
57.65=91.67 100.00 85.71 86.36 12.50 53.19 77.78 55.56 14.29 71.43 58.14 69.70 80.00 55.56 50.00 57.14 70.97 76.67 27.08 51.61 0.00 79.31 83.33 24.14 57.14 56.25 72.73 30.00 30.00 31.25 77.78
58.36=84.62 95.24 75.00 85.71 15.00 47.92 91.30 47.62 27.27 80.00 65.79 74.19 77.78 54.55 48.15 67.65 74.19 87.50 31.91 59.26 0.00 83.33 70.83 23.53 45.45 55.56 66.67 12.50 33.33 38.46 88.89
58.21=95.83 91.30 81.82 95.00 25.00 51.06 83.33 52.38 23.08 80.00 53.66 65.71 86.36 66.67 39.13 55.56 66.67 95.24 33.33 54.84 5.26 74.19 85.71 18.75 52.00 62.50 64.29 15.38 28.57 37.50 64.29
59.53=88.00 95.45 90.00 86.96 21.74 52.17 84.62 52.38 10.00 75.00 60.53 70.97 84.00 57.14 48.15 63.89 70.59 95.65 35.56 45.45 0.00 83.33 80.95 21.43 46.88 71.43 60.00 22.22 33.33 37.50 100.00
59.38=85.19 100.00 85.00 90.48 14.29 48.89 78.57 54.55 6.67 78.95 61.54 72.41 81.82 72.73 52.38 61.54 75.00 95.45 28.26 64.00 0.00 75.76 90.91 23.33 43.33 62.50 66.67 25.00 28.57 35.29 81.82
60.44=91.67 100.00 85.71 86.36 22.22 46.81 87.50 53.85 33.33 80.00 64.86 74.19 86.96 66.67 52.17 61.54 79.31 91.30 29.55 60.00 0.00 82.14 86.36 20.59 48.57 42.86 69.23 30.00 23.08 36.84 80.00
60.32=95.83 95.24 90.00 86.36 13.33 53.19 80.77 52.00 20.00 71.43 58.33 71.88 91.30 70.00 60.00 65.71 72.73 91.67 31.25 61.54 0.00 80.65 78.26 26.92 48.48 62.50 81.82 36.36 21.43 19.05 81.82
58.32=95.65 95.45 90.00 90.91 17.39 53.19 78.26 55.00 7.14 73.68 54.76 74.19 82.61 66.67 42.86 61.76 72.73 95.65 33.33 53.85 0.00 86.67 82.61 23.08 43.33 50.00 75.00 20.00 26.67 28.57 76.92
58.95=85.71 91.30 85.71 86.36 18.18 50.00 84.62 60.00 16.67 80.00 60.00 75.00 77.78 60.00 50.00 70.97 71.88 95.00 25.58 75.00 0.00 80.65 90.91 25.00 47.22 58.82 60.00 28.57 16.67 25.00 75.00
60.39=91.30 91.30 85.71 95.24 17.39 48.98 91.30 56.52 23.53 63.64 63.16 74.19 82.14 66.67 52.00 71.43 75.00 100.00 27.50 65.38 0.00 75.76 80.00 21.88 54.55 66.67 66.67 30.00 15.38 30.00 88.89
59.61=85.19 90.91 90.00 86.96 23.53 50.00 95.65 65.00 10.00 72.73 61.54 69.70 78.57 58.33 46.15 73.33 71.43 95.24 27.78 57.69 0.00 83.33 81.82 23.33 53.57 58.82 66.67 18.18 30.77 31.58 90.00
60.69=81.48 100.00 89.47 86.36 26.32 54.35 90.91 59.09 14.29 75.00 57.14 81.48 84.62 72.73 56.00 63.89 68.57 95.65 25.00 72.73 0.00 83.87 82.61 22.58 46.43 60.00 69.23 25.00 18.75 27.78 90.00
58.59=95.65 95.45 85.71 86.36 6.25 53.49 79.17 48.00 14.29 75.00 57.50 73.33 83.33 41.18 52.17 58.82 75.00 100.00 25.00 61.54 0.00 83.33 81.82 25.81 42.86 55.56 75.00 33.33 25.00 26.32 100.00
59.70=91.30 100.00 85.71 95.24 23.53 53.19 80.00 52.63 11.76 76.19 57.50 68.75 84.62 54.55 54.55 67.65 70.59 95.83 32.56 59.26 0.00 89.29 81.82 23.33 50.00 62.50 66.67 10.00 30.77 30.00 90.91
59.82=95.83 95.45 89.47 95.00 19.05 49.02 84.62 54.55 11.11 68.18 58.33 76.67 84.62 63.64 52.00 70.97 72.73 90.48 26.83 59.26 0.00 86.67 80.00 29.17 45.71 56.25 64.29 33.33 23.08 29.17 88.89
60.77=85.19 95.45 85.71 90.48 25.00 56.82 84.62 58.33 17.65 69.57 63.16 79.31 82.14 54.55 50.00 70.97 71.88 95.83 30.95 76.19 0.00 86.21 78.26 24.14 48.57 55.56 75.00 25.00 22.22 25.00 100.00
60.17=88.46 95.45 90.00 90.48 16.67 50.00 91.30 54.17 11.11 61.54 57.50 71.88 84.00 58.33 52.17 70.97 70.97 95.24 28.95 75.00 0.00 85.71 83.33 30.77 46.67 52.63 66.67 30.00 26.67 28.57 100.00
58.30=88.00 100.00 80.95 86.36 23.53 54.35 90.48 60.00 6.67 70.00 55.81 74.19 70.97 50.00 50.00 66.67 68.75 88.46 27.50 68.00 0.00 80.00 81.82 24.14 47.22 55.56 69.23 20.00 20.00 28.57 100.00
60.49=91.67 95.45 90.00 90.00 15.79 48.00 80.00 65.22 15.79 60.00 58.33 76.67 92.31 60.00 52.38 68.75 79.31 95.45 31.71 66.67 0.00 82.76 82.61 25.00 47.22 71.43 66.67 30.77 16.67 28.57 90.00
60.02=100.00 100.00 85.71 90.48 18.18 52.08 86.96 53.85 16.67 72.73 53.49 74.19 85.19 58.33 45.83 72.41 77.42 95.45 25.58 84.21 0.00 85.19 80.95 25.81 50.00 52.63 64.29 25.00 15.38 23.81 88.89
59.35=92.00 95.45 90.00 81.82 19.05 47.06 83.33 52.17 11.76 73.68 63.16 73.33 80.77 54.55 47.83 63.64 75.00 95.65 23.68 68.18 0.00 86.21 82.61 25.93 47.37 58.82 61.54 25.00 28.57 31.58 100.00
59.63=88.46 95.45 85.71 90.91 19.05 48.98 75.00 59.09 5.56 72.73 62.16 65.71 85.19 66.67 46.43 60.61 67.57 90.91 30.00 84.21 0.00 84.62 86.36 26.92 54.84 62.50 69.23 20.00 25.00 28.57 90.00
59.65=95.65 95.45 94.74 83.33 23.81 51.06 84.00 60.87 5.56 83.33 57.14 75.00 84.62 46.15 44.00 67.74 72.73 95.45 28.57 80.00 0.00 86.21 82.61 29.17 53.12 56.25 50.00 18.18 28.57 25.00 90.91
58.66=100.00 95.45 90.00 90.48 20.00 49.02 84.62 61.90 6.25 72.73 58.54 76.67 77.78 46.15 50.00 65.62 71.88 91.67 26.83 76.19 0.00 81.48 78.26 25.00 55.56 58.82 50.00 27.27 23.08 22.73 84.62
60.00=95.83 90.91 90.00 90.48 23.53 50.00 86.96 52.38 5.88 72.73 55.81 68.75 87.50 61.54 52.17 66.67 75.00 90.91 31.58 69.57 0.00 79.31 86.96 23.33 58.06 55.56 60.00 25.00 25.00 28.57 100.00
58.34=96.00 95.45 81.82 89.47 17.65 48.08 83.33 52.17 5.56 73.68 60.53 71.88 82.61 53.85 50.00 64.71 64.86 95.83 32.43 69.57 0.00 82.14 80.00 22.22 54.55 58.82 66.67 11.11 25.00 28.57 90.00
59.98=96.00 95.45 85.00 90.91 22.22 50.00 80.00 52.63 5.26 76.19 60.53 71.88 84.62 50.00 52.17 64.71 72.73 95.45 31.58 65.22 0.00 83.33 81.82 24.14 56.25 58.82 64.29 30.77 27.27 30.00 100.00
59.35=96.00 90.91 90.00 95.24 21.05 51.06 84.00 50.00 5.56 76.19 54.05 70.97 81.48 53.85 56.52 65.71 70.59 95.83 24.32 76.19 0.00 80.00 79.17 25.00 56.25 58.82 81.82 25.00 18.18 26.09 80.00
59.70=88.00 91.30 85.71 86.36 21.05 51.11 90.48 56.52 11.76 78.95 56.82 70.97 84.00 40.00 50.00 64.71 74.19 95.65 28.95 69.57 0.00 89.29 86.96 22.22 50.00 58.82 81.82 16.67 25.00 23.81 100.00
58.62=92.31 95.45 90.00 90.91 16.67 53.19 80.77 54.55 5.88 76.19 60.00 73.33 83.33 57.14 45.83 66.67 75.00 95.24 25.71 64.00 0.00 83.33 85.00 25.00 45.71 52.94 69.23 18.18 21.43 28.57 85.71
58.03=96.00 90.91 90.00 90.48 16.67 53.19 87.50 61.11 5.26 68.18 63.16 71.88 84.00 40.00 50.00 68.75 70.59 95.24 30.77 66.67 0.00 85.19 83.33 26.67 51.52 58.82 53.33 18.18 27.27 25.00 69.23
59.14=95.65 90.91 85.71 90.91 21.05 52.17 81.48 61.90 5.00 66.67 58.54 71.88 77.78 46.67 52.17 63.64 76.67 86.96 27.03 71.43 0.00 88.89 83.33 25.00 48.48 66.67 66.67 16.67 27.27 26.09 100.00
59.30=95.65 95.45 90.00 85.71 27.78 51.06 80.77 57.14 0.00 76.19 60.53 71.88 84.00 50.00 44.00 64.71 70.59 95.45 27.78 65.38 0.00 96.15 90.91 25.81 50.00 55.56 64.29 16.67 27.27 28.57 88.89
59.74=96.00 95.24 90.00 86.96 22.22 51.06 87.50 60.87 5.56 72.73 57.14 71.88 84.62 46.67 50.00 64.71 71.88 95.45 30.56 69.57 0.00 86.21 80.95 25.93 54.55 64.71 57.14 18.18 25.00 28.57 100.00
56.80=95.83 95.24 94.44 90.00 21.05 50.00 75.86 56.00 5.88 68.18 60.00 74.19 80.00 46.67 48.00 60.00 77.42 90.00 20.00 59.26 0.00 80.65 81.82 25.93 50.00 62.50 64.29 18.18 20.00 22.73 66.67
59.96=88.00 91.30 85.00 86.96 19.05 54.35 81.48 59.09 5.26 72.73 60.53 74.19 88.46 58.33 44.00 68.75 75.76 95.83 31.43 80.00 0.00 89.66 82.61 25.93 48.48 62.50 56.25 18.18 27.27 27.27 100.00
58.43=95.83 95.24 81.82 86.36 22.22 50.00 84.00 54.55 5.26 72.73 62.16 74.19 84.62 53.85 46.15 64.71 67.65 95.45 27.78 61.54 0.00 83.33 83.33 30.77 53.33 62.50 57.14 18.18 18.18 28.57 90.00
59.07=92.31 95.45 90.00 86.96 22.22 51.02 83.33 54.17 5.26 72.73 61.11 71.88 84.00 50.00 54.55 59.38 75.00 95.83 27.78 76.19 0.00 80.65 81.82 23.33 50.00 56.25 66.67 23.08 23.08 27.27 90.00
58.93=92.00 95.45 90.00 90.00 13.64 54.35 87.50 52.38 5.26 78.95 61.54 63.89 81.48 46.67 52.17 69.70 75.00 95.24 31.43 69.57 0.00 82.76 80.00 28.57 45.16 62.50 66.67 25.00 21.43 28.57 80.00
58.80=92.00 95.24 85.71 83.33 18.18 53.19 88.00 60.87 5.56 69.57 63.89 69.70 84.62 50.00 52.00 68.75 75.00 91.30 28.57 64.00 0.00 88.89 86.36 25.81 50.00 50.00 69.23 25.00 15.38 23.81 88.89
59.23=92.00 100.00 90.00 90.91 20.00 52.08 84.00 59.09 5.56 66.67 58.97 76.67 88.46 50.00 52.17 68.75 69.70 95.45 32.43 66.67 0.00 81.25 81.82 22.22 44.12 66.67 56.25 18.18 28.57 28.57 88.89
58.60=87.50 95.45 69.23 72.00 12.50 50.00 84.00 86.67 62.50 76.47 60.00 70.97 66.67 50.00 56.52 75.00 65.62 100.00 47.06 64.71 38.89 76.47 78.57 11.76 35.71 73.68 55.56 27.78 5.00 36.84 23.53
54.36=78.57 95.65 53.85 60.71 5.00 56.10 78.26 61.90 50.00 70.59 60.47 76.67 66.67 50.00 23.53 65.62 63.16 84.62 45.45 54.55 7.14 70.97 87.50 22.22 46.15 48.28 60.00 50.00 0.00 46.15 45.45
57.07=85.71 95.45 59.26 72.00 5.56 52.50 88.00 70.00 55.56 75.00 62.50 77.42 60.00 57.89 28.57 62.86 57.50 76.92 43.24 68.42 6.25 78.12 88.46 27.78 52.00 45.45 71.43 45.45 0.00 45.45 54.55
57.16=91.67 95.45 73.91 64.52 7.69 50.00 87.50 71.43 33.33 82.35 57.78 67.65 59.26 65.22 23.53 55.81 52.50 80.00 54.29 75.00 0.00 86.21 91.67 27.78 57.89 51.85 50.00 36.36 5.88 53.85 61.54
59.27=91.67 95.65 60.00 63.33 6.67 55.26 90.91 85.71 66.67 76.47 50.00 75.00 77.42 62.50 25.00 61.76 61.11 80.00 32.35 76.92 0.00 78.79 91.67 27.78 66.67 41.67 50.00 55.56 0.00 66.67 64.29
62.45=95.83 100.00 69.23 58.06 18.75 53.33 78.57 89.47 57.14 76.47 56.52 88.89 72.41 73.91 15.00 68.75 68.57 91.67 51.52 92.31 0.00 85.71 85.71 24.00 54.17 64.00 66.67 36.36 0.00 64.29 78.57
62.71=92.00 100.00 68.00 69.23 16.67 55.26 91.30 84.21 64.29 87.50 52.08 79.31 80.77 75.00 15.79 57.89 64.71 91.30 46.88 75.00 0.00 80.65 85.19 33.33 76.19 50.00 64.71 50.00 0.00 53.33 83.33
59.86=100.00 91.30 81.82 76.92 12.50 50.00 91.67 89.47 33.33 76.47 63.41 79.31 64.71 59.26 11.76 63.33 68.57 95.00 59.38 84.62 0.00 80.00 84.00 21.05 60.87 48.28 47.06 35.71 0.00 52.63 73.33
58.54=92.00 95.65 62.96 69.23 18.18 54.76 95.45 75.00 46.15 69.57 56.82 76.67 61.11 72.73 12.50 75.00 63.89 84.62 41.18 81.25 0.00 78.12 84.00 23.53 57.89 41.18 62.50 30.77 0.00 57.14 75.00
59.25=95.83 95.65 72.73 73.08 8.33 55.81 90.91 90.48 40.00 68.42 55.56 75.86 68.97 70.83 10.53 62.16 62.86 86.96 45.95 71.43 0.00 89.66 82.61 21.05 57.14 48.39 66.67 35.71 0.00 50.00 83.33
60.07=92.31 91.67 69.23 65.52 30.77 58.33 95.24 80.00 40.00 87.50 51.06 85.19 63.64 72.73 7.14 62.16 72.73 100.00 47.06 78.57 0.00 76.47 89.29 26.09 66.67 50.00 57.14 31.25 0.00 37.50 76.92
60.95=100.00 95.65 68.00 63.33 16.67 57.50 91.30 70.83 50.00 87.50 54.76 82.14 64.71 76.92 7.14 65.62 67.65 87.50 41.67 78.57 4.55 88.89 88.46 28.57 63.64 56.00 66.67 31.25 0.00 57.14 76.92
60.56=100.00 95.45 64.00 62.07 25.00 58.33 87.50 80.00 42.86 78.95 60.98 80.00 70.97 70.83 0.00 62.86 63.16 86.96 42.42 68.75 5.00 92.86 85.71 27.78 76.19 51.72 66.67 33.33 0.00 60.00 76.92
61.84=95.83 95.65 72.00 59.38 30.77 57.50 100.00 85.71 60.00 87.50 57.78 82.14 64.71 72.00 11.11 73.33 69.70 87.50 39.39 84.62 0.00 85.19 88.00 26.32 72.73 48.28 58.82 26.67 0.00 41.18 83.33
59.07=96.00 95.65 75.00 62.50 10.00 58.54 87.50 85.00 40.00 86.67 56.82 79.31 56.25 76.19 0.00 62.86 62.16 90.48 36.11 73.33 5.00 92.86 86.21 25.00 66.67 56.00 66.67 27.78 0.00 52.94 61.54
60.25=91.67 95.65 65.38 72.41 22.22 54.55 88.00 88.24 40.00 92.86 59.52 76.67 58.06 66.67 5.88 68.75 66.67 91.67 38.71 85.71 0.00 86.67 89.29 33.33 64.00 51.72 66.67 35.71 0.00 44.44 66.67
58.88=100.00 91.67 72.00 60.61 20.00 61.54 95.24 90.00 27.27 88.24 52.17 85.19 54.05 80.95 0.00 62.86 61.54 92.00 47.06 84.62 0.00 92.31 83.87 25.00 62.50 53.85 60.00 15.38 0.00 43.75 61.54
60.05=100.00 95.65 75.00 66.67 20.00 57.89 84.62 83.33 37.50 88.24 58.54 81.48 65.52 76.19 11.11 64.71 62.16 95.65 46.43 73.33 0.00 85.71 79.31 27.78 66.67 48.39 73.33 25.00 0.00 40.00 71.43
61.43=100.00 95.65 72.00 64.52 15.38 60.53 95.24 90.91 42.86 83.33 55.81 85.71 62.50 85.71 0.00 63.64 64.86 79.17 45.45 85.71 5.26 85.19 85.19 19.05 72.73 60.00 61.11 35.29 0.00 60.00 71.43
61.14=100.00 95.65 69.23 62.50 20.00 56.10 91.67 90.00 45.45 93.33 60.47 88.46 66.67 75.00 0.00 56.10 65.71 91.30 38.24 92.31 0.00 92.86 85.71 27.78 72.73 51.72 62.50 29.41 0.00 42.86 71.43
61.51=100.00 95.65 72.00 68.97 16.67 54.76 91.30 84.21 53.33 77.78 50.00 85.19 66.67 78.26 0.00 66.67 62.86 95.83 44.12 80.00 0.00 92.59 83.87 27.78 75.00 62.50 73.33 33.33 0.00 50.00 64.29
61.82=100.00 95.65 66.67 62.50 30.00 57.50 88.00 94.44 43.75 85.71 60.98 80.77 65.71 85.00 0.00 71.88 64.86 92.00 41.67 85.71 0.00 92.00 85.71 23.53 63.64 56.00 63.16 37.50 0.00 45.00 76.92
60.68=100.00 91.67 64.00 63.33 18.18 55.81 100.00 90.48 41.67 83.33 55.81 84.62 71.88 77.27 0.00 63.16 60.53 88.46 47.22 85.71 0.00 96.30 82.14 29.41 66.67 60.00 62.50 21.43 0.00 52.94 66.67
61.48=100.00 95.45 66.67 64.52 25.00 53.49 84.00 85.00 44.44 75.00 56.82 79.31 65.52 85.71 0.00 64.86 68.57 95.45 40.00 92.31 0.00 96.30 85.19 31.25 75.00 62.50 64.29 31.25 0.00 41.18 76.92
60.11=92.00 95.65 66.67 61.29 12.50 60.00 95.45 88.89 30.77 78.95 58.14 79.31 65.71 81.82 0.00 69.70 70.97 95.83 42.86 78.57 0.00 92.86 86.67 23.81 65.00 51.72 57.89 35.29 0.00 50.00 75.00
60.69=100.00 95.65 69.23 67.86 20.00 56.10 81.48 94.44 61.54 78.95 60.00 84.62 62.50 78.26 0.00 64.71 65.71 88.46 41.18 92.31 0.00 92.31 84.62 25.00 62.50 53.57 64.71 33.33 0.00 40.00 62.50
62.34=100.00 95.65 65.38 63.33 25.00 56.82 86.96 75.00 47.37 88.24 62.50 85.19 70.59 81.82 0.00 66.67 67.65 92.00 48.57 92.31 0.00 96.15 85.71 29.41 60.00 62.50 68.75 31.25 0.00 44.44 83.33
60.02=95.83 95.45 66.67 62.50 0.00 58.54 77.78 94.74 33.33 93.33 54.35 84.00 56.76 85.71 0.00 63.64 69.70 91.67 41.67 92.31 0.00 92.59 86.21 21.05 77.78 48.39 61.11 28.57 0.00 50.00 76.92
60.03=96.00 95.65 68.00 67.86 18.18 58.54 95.45 89.47 50.00 88.24 59.52 82.14 62.50 72.73 0.00 63.16 62.16 92.00 46.88 70.59 0.00 88.46 84.00 27.78 68.18 57.69 63.16 29.41 0.00 47.06 56.25
61.34=96.00 95.45 65.38 67.86 30.00 53.33 84.62 90.48 38.46 80.00 56.82 81.48 64.71 85.00 0.00 72.73 59.46 92.00 39.39 85.71 0.00 96.15 77.42 25.00 81.25 62.50 63.16 33.33 0.00 47.06 76.92
60.49=95.83 95.65 66.67 66.67 20.00 58.54 87.50 88.89 33.33 78.95 50.00 88.46 57.50 76.19 0.00 66.67 64.71 95.24 38.46 81.82 4.55 96.15 77.78 33.33 70.83 60.87 68.75 33.33 0.00 35.29 83.33
61.12=100.00 95.65 60.00 66.67 10.00 58.97 80.77 85.71 50.00 88.89 60.00 84.62 65.71 81.82 5.56 68.57 66.67 95.45 43.75 85.71 0.00 92.86 86.67 23.08 80.00 53.57 56.25 31.25 0.00 45.00 71.43
61.68=100.00 95.65 62.07 68.97 20.00 58.14 91.67 86.96 33.33 84.21 60.98 79.31 65.62 81.82 0.00 66.67 67.74 90.91 41.67 86.67 0.00 92.86 86.21 26.67 78.95 65.22 66.67 31.25 0.00 45.00 76.92
60.34=92.31 95.65 66.67 66.67 18.18 56.41 81.48 90.48 35.00 76.47 56.41 84.00 66.67 84.21 0.00 61.54 67.65 95.45 41.18 64.71 0.00 92.00 85.71 29.41 75.00 55.17 73.33 33.33 0.00 42.11 83.33
60.53=100.00 95.65 65.38 63.33 18.18 53.66 91.30 88.89 27.27 88.89 53.19 88.46 59.46 84.21 0.00 72.73 68.75 91.67 42.86 83.33 0.00 89.66 86.21 28.57 77.78 48.39 56.25 33.33 0.00 42.11 76.92
62.58=100.00 95.65 69.23 64.52 18.18 61.54 87.50 91.30 41.67 93.75 62.50 88.46 58.33 81.82 0.00 64.71 68.57 95.24 44.12 92.31 0.00 96.15 86.67 33.33 77.27 60.00 61.11 35.71 0.00 38.89 71.43
61.20=100.00 95.65 70.83 64.52 18.18 56.10 95.45 86.36 21.43 87.50 59.52 77.78 58.97 80.95 0.00 75.00 64.86 95.83 44.12 92.31 0.00 92.86 83.33 26.67 80.95 60.00 62.50 31.25 0.00 42.86 71.43
60.97=92.31 100.00 69.57 61.29 22.22 62.16 91.30 73.91 40.00 88.89 59.52 84.62 60.00 85.71 0.00 60.00 65.71 95.45 38.24 92.31 0.00 89.29 92.59 27.78 73.68 60.87 55.56 30.77 0.00 45.00 71.43
61.49=96.00 95.65 65.38 66.67 27.27 63.16 90.91 83.33 30.77 75.00 59.52 79.31 59.46 90.00 0.00 75.76 69.70 95.65 48.39 81.25 0.00 89.66 88.46 33.33 75.00 60.00 63.16 28.57 0.00 42.11 72.73
60.74=100.00 100.00 66.67 66.67 23.08 55.81 88.00 90.48 20.00 93.33 60.98 79.31 58.33 82.61 0.00 63.16 62.16 95.24 43.75 75.00 0.00 84.62 88.89 25.00 72.22 62.50 64.71 35.71 0.00 53.33 71.43
59.91=88.89 95.65 64.29 71.43 22.22 60.00 90.48 85.71 27.27 84.21 58.33 78.57 59.46 85.00 0.00 63.16 65.71 91.67 44.12 68.75 0.00 92.86 85.71 26.32 83.33 62.50 62.50 25.00 0.00 47.37 66.67
61.47=96.00 95.65 69.23 66.67 11.11 60.00 95.65 85.71 30.77 88.89 58.14 82.14 62.16 85.71 0.00 68.57 72.73 95.65 47.06 81.25 0.00 96.15 86.67 31.25 78.95 68.18 64.71 26.67 0.00 44.44 55.56
61.55=96.00 95.65 64.29 63.33 25.00 57.14 95.45 90.91 36.36 83.33 55.81 82.14 56.25 85.71 0.00 60.00 65.71 95.24 45.45 85.71 0.00 96.30 85.71 26.67 82.35 65.22 66.67 35.71 0.00 47.37 62.50
60.67=100.00 95.65 72.00 71.43 27.27 58.54 91.30 94.74 35.71 81.25 57.14 76.67 56.25 77.27 0.00 63.89 64.86 92.00 45.45 76.92 0.00 92.86 85.71 29.41 70.00 55.56 58.82 31.25 0.00 47.37 71.43
61.44=100.00 95.65 64.29 65.52 16.67 60.00 95.65 90.48 35.29 83.33 57.14 79.31 61.76 78.26 0.00 65.71 67.65 90.91 48.39 85.71 0.00 96.15 89.29 29.41 75.00 68.18 57.89 33.33 0.00 42.11 71.43
61.06=96.00 95.65 68.00 66.67 18.18 58.54 91.30 94.74 50.00 83.33 62.16 82.14 58.82 81.82 0.00 57.89 65.71 92.00 45.45 76.47 0.00 92.59 84.00 26.67 71.43 68.18 63.16 27.78 0.00 47.37 66.67
61.48=100.00 95.65 69.23 62.50 25.00 58.54 91.30 88.89 43.75 73.33 54.55 84.62 60.61 81.82 0.00 70.59 67.74 95.83 44.12 78.57 0.00 96.30 89.29 27.78 75.00 60.87 62.50 33.33 0.00 42.86 71.43
60.66=100.00 95.45 64.29 63.33 18.18 60.00 87.50 86.36 30.77 84.21 55.56 73.33 57.14 84.21 0.00 68.57 68.57 95.00 44.12 70.59 0.00 96.30 85.71 33.33 72.73 70.00 62.50 31.25 0.00 50.00 71.43
61.76=96.00 95.65 64.29 62.50 18.18 58.97 95.65 86.36 41.67 87.50 56.82 84.62 61.11 77.27 0.00 65.71 70.59 95.24 40.62 84.62 0.00 96.30 83.33 31.25 94.44 55.56 66.67 33.33 0.00 38.89 71.43
61.63=96.00 95.65 68.00 63.33 20.00 53.85 95.45 89.47 44.44 84.21 54.55 88.00 62.16 85.71 0.00 70.97 68.57 91.67 45.45 91.67 0.00 92.86 89.29 25.00 75.00 60.00 64.29 35.71 0.00 35.00 64.29
94.41=100.00 100.00 100.00 100.00 100.00 66.67 100.00 100.00 100.00 100.00 100.00 66.67 100.00 80.00 100.00 100.00 100.00 66.67 100.00 100.00 100.00 66.67 100.00 80.00 100.00 100.00 100.00 100.00 100.00 100.00 100.00
98.89=100.00 100.00 100.00 100.00 100.00 100.00 100.00 100.00 100.00 100.00 100.00 100.00 100.00 100.00 100.00 85.71 100.00 100.00 100.00 100.00 100.00 100.00 100.00 80.00 100.00 100.00 100.00 100.00 100.00 100.00 100.00
99.35=100.00 100.00 100.00 100.00 100.00 100.00 100.00 100.00 100.00 100.00 100.00 100.00 100.00 100.00 100.00 100.00 100.00 100.00 100.00 100.00 100.00 100.00 100.00 80.00 100.00 100.00 100.00 100.00 100.00 100.00 100.00
95.66=100.00 100.00 100.00 75.00 100.00 100.00 75.00 100.00 100.00 100.00 100.00 100.00 100.00 80.00 88.89 100.00 100.00 100.00 100.00 100.00 100.00 100.00 100.00 80.00 66.67 100.00 100.00 100.00 100.00 100.00 100.00
96.80=100.00 100.00 100.00 100.00 100.00 100.00 100.00 100.00 100.00 100.00 100.00 100.00 100.00 100.00 100.00 100.00 100.00 66.67 100.00 100.00 100.00 100.00 100.00 66.67 100.00 100.00 100.00 87.50 80.00 100.00 100.00
97.82=100.00 100.00 100.00 100.00 100.00 100.00 100.00 100.00 100.00 100.00 100.00 100.00 100.00 100.00 100.00 85.71 100.00 100.00 100.00 100.00 100.00 100.00 100.00 80.00 66.67 100.00 100.00 100.00 100.00 100.00 100.00
99.35=100.00 100.00 100.00 100.00 100.00 100.00 100.00 100.00 100.00 100.00 100.00 100.00 100.00 100.00 100.00 100.00 100.00 100.00 100.00 100.00 100.00 100.00 100.00 80.00 100.00 100.00 100.00 100.00 100.00 100.00 100.00
97.90=75.00 100.00 100.00 100.00 100.00 100.00 100.00 100.00 100.00 100.00 100.00 100.00 100.00 100.00 100.00 100.00 100.00 100.00 100.00 100.00 100.00 100.00 100.00 80.00 100.00 100.00 100.00 100.00 80.00 100.00 100.00
95.32=75.00 100.00 100.00 100.00 100.00 100.00 100.00 100.00 100.00 100.00 100.00 100.00 100.00 100.00 100.00 75.00 100.00 100.00 100.00 50.00 100.00 100.00 100.00 75.00 100.00 100.00 100.00 100.00 80.00 100.00 100.00
