61.48=100.00 100.00 100.00 80.95 8.00 53.66 95.00 42.31 35.71 100.00 57.50 66.67 74.07 30.30 56.00 74.07 77.42 84.00 36.54 73.91 16.67 87.50 79.17 21.21 48.15 58.82 69.23 22.73 33.33 61.54 61.54
55.68=92.00 100.00 85.71 66.67 9.52 46.00 90.48 48.15 28.57 70.59 56.10 73.33 60.00 20.00 42.11 75.00 66.67 87.50 35.71 60.00 0.00 88.00 80.95 20.59 44.12 45.83 62.50 20.00 16.67 33.33 100.00
56.17=95.65 100.00 79.17 68.97 3.70 40.98 84.00 50.00 53.85 82.35 66.67 74.19 71.43 13.33 40.00 67.86 71.88 66.67 35.71 57.69 0.00 92.00 90.91 20.69 44.12 62.50 53.33 25.00 0.00 28.57 100.00
54.92=85.19 95.24 73.91 76.92 5.00 42.37 84.00 47.37 25.00 83.33 60.98 65.62 61.54 34.78 61.90 73.08 62.16 70.97 34.09 51.72 0.00 89.29 75.00 25.00 44.12 47.37 60.00 33.33 0.00 66.67 66.67
55.32=88.46 100.00 72.00 74.07 3.23 43.86 68.97 31.25 30.00 83.33 61.54 74.19 62.07 41.18 54.55 68.97 67.65 70.97 33.33 41.67 0.00 75.76 77.27 23.33 50.00 75.00 57.14 10.00 0.00 75.00 100.00
61.44=95.65 100.00 76.19 82.61 9.68 53.33 80.00 77.78 53.33 82.35 59.46 82.14 65.52 58.62 26.32 76.00 85.71 85.71 40.00 80.95 19.05 86.21 77.42 30.00 54.17 75.00 61.54 27.27 0.00 40.00 62.50
57.93=100.00 100.00 72.00 72.00 5.71 46.81 88.00 76.47 33.33 77.78 64.10 73.33 76.92 40.91 23.08 61.76 71.88 70.00 61.54 76.47 0.00 80.00 80.00 13.64 53.57 54.17 52.38 53.85 11.11 58.33 46.67
56.40=91.67 100.00 70.83 68.97 0.00 42.59 84.00 59.09 37.50 92.86 60.00 88.89 54.29 47.37 27.27 63.64 69.70 67.74 48.15 63.16 0.00 74.19 75.86 16.67 44.00 61.90 52.63 66.67 18.18 46.67 53.85
58.13=100.00 100.00 66.67 67.86 0.00 48.00 76.00 73.68 47.06 77.78 62.16 82.76 54.84 69.57 26.32 73.08 73.53 55.00 57.69 57.69 0.00 67.65 82.61 14.29 54.17 54.55 69.23 60.00 0.00 50.00 80.00
58.30=100.00 100.00 66.67 65.62 0.00 45.28 86.96 66.67 41.67 65.22 61.54 85.19 60.00 73.68 44.44 92.00 69.44 53.85 50.00 50.00 0.00 83.87 78.12 16.67 60.00 65.00 56.25 66.67 0.00 35.71 66.67
91.90=100.00 100.00 100.00 100.00 100.00 100.00 100.00 75.00 100.00 75.00 100.00 100.00 85.71 100.00 100.00 100.00 75.00 100.00 66.67 100.00 100.00 50.00 100.00 80.00 66.67 100.00 100.00 100.00 75.00 100.00 100.00
97.47=100.00 100.00 100.00 100.00 100.00 100.00 100.00 75.00 100.00 100.00 100.00 100.00 100.00 100.00 100.00 100.00 100.00 100.00 100.00 100.00 100.00 100.00 100.00 80.00 100.00 66.67 100.00 100.00 100.00 100.00 100.00
95.88=75.00 100.00 100.00 100.00 100.00 100.00 100.00 75.00 100.00 100.00 100.00 100.00 100.00 100.00 88.89 100.00 100.00 100.00 100.00 100.00 100.00 100.00 100.00 66.67 66.67 100.00 100.00 100.00 100.00 100.00 100.00
97.19=100.00 100.00 100.00 100.00 100.00 100.00 100.00 75.00 100.00 100.00 100.00 100.00 100.00 100.00 77.78 100.00 100.00 100.00 100.00 100.00 100.00 100.00 100.00 80.00 100.00 100.00 100.00 100.00 80.00 100.00 100.00
94.81=100.00 100.00 100.00 100.00 100.00 100.00 100.00 75.00 80.00 100.00 100.00 66.67 100.00 100.00 87.50 100.00 100.00 100.00 100.00 100.00 100.00 100.00 100.00 80.00 50.00 100.00 100.00 100.00 100.00 100.00 100.00
94.52=100.00 100.00 100.00 100.00 100.00 100.00 100.00 100.00 100.00 100.00 100.00 66.67 100.00 100.00 100.00 100.00 100.00 100.00 100.00 66.67 100.00 100.00 100.00 100.00 66.67 66.67 100.00 100.00 83.33 100.00 80.00
97.36=100.00 100.00 100.00 100.00 100.00 100.00 100.00 75.00 100.00 100.00 100.00 100.00 100.00 100.00 88.89 100.00 100.00 100.00 100.00 100.00 100.00 100.00 100.00 100.00 66.67 100.00 100.00 87.50 100.00 100.00 100.00
95.13=100.00 100.00 100.00 75.00 100.00 100.00 100.00 100.00 80.00 100.00 75.00 66.67 100.00 100.00 100.00 85.71 100.00 100.00 100.00 100.00 100.00 100.00 100.00 100.00 66.67 100.00 100.00 100.00 100.00 100.00 100.00
96.40=100.00 100.00 100.00 100.00 100.00 100.00 100.00 75.00 100.00 100.00 100.00 100.00 100.00 80.00 100.00 100.00 100.00 100.00 100.00 66.67 100.00 100.00 100.00 100.00 100.00 100.00 66.67 100.00 100.00 100.00 100.00
98.28=100.00 100.00 100.00 100.00 100.00 100.00 100.00 100.00 80.00 100.00 100.00 66.67 100.00 100.00 100.00 100.00 100.00 100.00 100.00 100.00 100.00 100.00 100.00 100.00 100.00 100.00 100.00 100.00 100.00 100.00 100.00
62.02=100.00 100.00 78.26 86.36 14.71 50.00 91.30 56.00 34.48 84.62 80.77 80.77 70.00 35.00 11.76 80.00 75.00 88.89 58.33 66.67 10.00 69.70 84.00 12.50 41.18 89.47 83.33 25.00 56.25 50.00 58.33
56.39=95.65 95.24 80.95 79.17 9.09 35.59 86.96 56.00 50.00 82.35 78.12 84.62 60.61 33.33 14.29 84.62 64.71 69.23 34.48 45.83 0.00 63.89 66.67 16.13 40.00 87.50 83.33 25.00 42.86 37.50 44.44
57.87=92.00 100.00 95.00 76.92 8.57 41.82 78.57 56.52 36.00 83.33 74.19 73.33 60.61 35.71 0.00 80.77 78.57 73.33 54.17 56.00 11.11 56.76 65.52 26.32 42.86 84.21 71.43 44.44 45.45 37.50 52.94
57.87=88.46 84.62 100.00 66.67 5.88 48.00 83.33 70.00 44.44 88.24 58.97 61.29 55.26 50.00 0.00 74.19 74.19 64.71 50.00 62.50 4.76 72.73 74.07 25.93 37.50 83.33 65.22 16.67 61.54 71.43 50.00
60.86=100.00 100.00 85.00 78.26 8.82 47.06 75.00 58.62 50.00 72.73 73.53 70.59 59.52 33.33 0.00 75.86 68.57 75.86 53.85 66.67 4.17 73.53 79.17 19.23 45.00 80.95 80.95 25.00 56.25 83.33 85.71
95.19=100.00 100.00 100.00 100.00 100.00 100.00 100.00 75.00 100.00 100.00 100.00 66.67 100.00 100.00 87.50 100.00 75.00 100.00 66.67 100.00 100.00 80.00 100.00 100.00 100.00 100.00 100.00 100.00 100.00 100.00 100.00
91.64=100.00 100.00 100.00 100.00 100.00 100.00 100.00 100.00 100.00 100.00 100.00 66.67 100.00 80.00 87.50 100.00 60.00 100.00 66.67 50.00 100.00 100.00 100.00 80.00 50.00 100.00 100.00 100.00 100.00 100.00 100.00
97.31=100.00 100.00 100.00 100.00 100.00 100.00 100.00 75.00 100.00 100.00 100.00 100.00 100.00 100.00 100.00 100.00 75.00 100.00 100.00 66.67 100.00 100.00 100.00 100.00 100.00 100.00 100.00 100.00 100.00 100.00 100.00
96.40=100.00 100.00 100.00 100.00 100.00 100.00 100.00 100.00 100.00 80.00 100.00 66.67 100.00 100.00 100.00 100.00 75.00 100.00 100.00 66.67 100.00 100.00 100.00 100.00 100.00 100.00 100.00 100.00 100.00 100.00 100.00
92.85=75.00 100.00 100.00 100.00 100.00 100.00 100.00 66.67 100.00 80.00 100.00 100.00 100.00 80.00 100.00 100.00 60.00 100.00 66.67 100.00 100.00 100.00 100.00 100.00 50.00 100.00 100.00 100.00 100.00 100.00 100.00
55.78=88.00 100.00 69.23 79.17 0.00 39.29 70.83 50.00 25.00 73.68 58.54 62.86 67.74 70.59 56.25 83.33 64.71 60.53 40.00 55.56 0.00 77.78 72.00 19.44 64.71 50.00 56.25 18.18 0.00 55.56 100.00
57.52=95.83 100.00 72.00 83.33 0.00 45.45 76.00 40.00 40.00 88.24 61.11 67.74 64.71 63.16 50.00 78.57 70.59 51.22 42.11 65.22 0.00 88.89 72.00 20.59 52.17 60.00 55.56 33.33 0.00 45.45 100.00
54.88=91.30 95.45 80.95 79.17 0.00 43.64 80.77 44.44 26.32 75.00 64.86 64.71 54.55 55.56 50.00 77.78 60.00 51.16 33.33 60.87 0.00 84.00 73.91 22.58 46.15 62.50 55.56 25.00 0.00 66.67 75.00
57.48=92.00 100.00 78.26 79.17 0.00 47.83 76.92 50.00 45.45 78.95 51.11 60.53 71.43 53.33 40.91 80.77 73.33 50.00 39.47 72.73 0.00 86.21 80.95 22.58 50.00 58.82 55.56 22.22 0.00 85.71 77.78
56.88=88.46 95.45 81.82 76.92 0.00 50.00 78.57 42.86 58.33 69.57 55.81 64.71 67.86 81.25 41.18 77.78 63.89 54.05 41.18 68.18 0.00 82.76 82.61 20.59 56.00 55.00 56.25 9.09 0.00 55.56 87.50
86.56=75.00 100.00 100.00 100.00 100.00 50.00 100.00 100.00 100.00 80.00 66.67 66.67 100.00 100.00 100.00 100.00 75.00 100.00 66.67 40.00 100.00 80.00 100.00 50.00 33.33 100.00 100.00 100.00 100.00 100.00 100.00
91.85=100.00 100.00 100.00 50.00 100.00 75.00 100.00 100.00 100.00 100.00 100.00 100.00 100.00 100.00 100.00 100.00 60.00 100.00 50.00 66.67 100.00 80.00 100.00 80.00 100.00 100.00 100.00 85.71 100.00 100.00 100.00
91.72=100.00 100.00 100.00 60.00 100.00 66.67 100.00 100.00 100.00 100.00 100.00 100.00 100.00 100.00 100.00 100.00 75.00 100.00 66.67 66.67 100.00 100.00 100.00 100.00 25.00 100.00 100.00 100.00 100.00 83.33 100.00
92.50=75.00 100.00 100.00 60.00 100.00 100.00 100.00 100.00 100.00 80.00 100.00 100.00 100.00 100.00 100.00 85.71 75.00 100.00 66.67 66.67 75.00 100.00 100.00 100.00 100.00 100.00 100.00 100.00 83.33 100.00 100.00
92.37=100.00 100.00 100.00 60.00 100.00 100.00 100.00 100.00 100.00 100.00 100.00 66.67 100.00 100.00 80.00 100.00 60.00 100.00 66.67 100.00 100.00 80.00 100.00 100.00 50.00 100.00 100.00 100.00 100.00 100.00 100.00
91.96=100.00 100.00 100.00 100.00 100.00 50.00 100.00 75.00 80.00 100.00 100.00 100.00 100.00 100.00 85.71 100.00 100.00 100.00 66.67 66.67 66.67 100.00 100.00 60.00 100.00 100.00 100.00 100.00 100.00 100.00 100.00
95.43=100.00 100.00 100.00 100.00 100.00 75.00 100.00 100.00 100.00 100.00 100.00 100.00 100.00 100.00 100.00 100.00 100.00 100.00 100.00 100.00 50.00 100.00 100.00 66.67 66.67 100.00 100.00 100.00 100.00 100.00 100.00
94.78=75.00 100.00 100.00 100.00 100.00 60.00 100.00 100.00 100.00 100.00 100.00 100.00 100.00 100.00 100.00 100.00 75.00 100.00 100.00 100.00 100.00 80.00 85.71 75.00 100.00 100.00 100.00 87.50 100.00 100.00 100.00
93.84=100.00 100.00 100.00 100.00 80.00 75.00 100.00 60.00 100.00 100.00 60.00 100.00 100.00 80.00 87.50 100.00 100.00 100.00 100.00 66.67 100.00 100.00 100.00 100.00 100.00 100.00 100.00 100.00 100.00 100.00 100.00
97.31=100.00 100.00 100.00 100.00 100.00 100.00 100.00 100.00 100.00 100.00 100.00 66.67 100.00 100.00 100.00 100.00 100.00 100.00 100.00 100.00 100.00 100.00 100.00 100.00 66.67 100.00 100.00 100.00 83.33 100.00 100.00
85.87=100.00 100.00 100.00 60.00 100.00 37.50 100.00 100.00 75.00 100.00 100.00 100.00 100.00 75.00 85.71 100.00 75.00 100.00 100.00 66.67 0.00 57.14 80.00 100.00 50.00 100.00 100.00 100.00 100.00 100.00 100.00
84.61=100.00 100.00 100.00 75.00 100.00 42.86 100.00 60.00 75.00 100.00 100.00 100.00 83.33 100.00 100.00 100.00 60.00 66.67 100.00 66.67 0.00 80.00 100.00 80.00 66.67 100.00 100.00 100.00 66.67 100.00 100.00
89.82=75.00 100.00 100.00 100.00 100.00 42.86 100.00 60.00 100.00 100.00 100.00 100.00 100.00 100.00 100.00 100.00 100.00 100.00 100.00 100.00 0.00 100.00 100.00 66.67 40.00 100.00 100.00 100.00 100.00 100.00 100.00
87.31=100.00 100.00 100.00 100.00 100.00 37.50 100.00 75.00 100.00 80.00 100.00 100.00 100.00 100.00 100.00 100.00 60.00 100.00 100.00 66.67 0.00 75.00 100.00 100.00 50.00 100.00 100.00 87.50 100.00 75.00 100.00
85.17=100.00 100.00 100.00 50.00 100.00 42.86 100.00 50.00 100.00 100.00 100.00 100.00 85.71 75.00 83.33 100.00 60.00 100.00 100.00 66.67 0.00 100.00 100.00 80.00 66.67 100.00 100.00 100.00 80.00 100.00 100.00
58.66=95.65 100.00 73.08 73.08 11.43 42.31 77.78 66.67 40.00 93.33 65.00 60.53 59.46 61.11 14.29 83.33 70.59 80.65 39.13 62.96 0.00 66.67 77.78 31.82 47.83 66.67 80.00 27.27 0.00 50.00 100.00
59.20=100.00 95.24 66.67 62.50 9.09 43.64 80.77 69.57 52.38 89.47 67.57 67.65 65.71 90.00 0.00 81.48 68.57 66.67 40.00 48.00 5.00 69.44 80.00 21.74 50.00 76.47 75.00 36.36 28.57 40.00 87.50
63.84=95.83 95.45 90.00 74.07 3.45 44.44 82.14 70.83 52.17 100.00 72.73 69.70 58.82 83.33 0.00 82.14 75.76 58.54 58.33 84.21 4.76 85.19 82.61 26.67 40.74 75.00 64.00 28.57 77.78 66.67 75.00
61.85=91.67 95.45 73.91 76.92 4.00 38.71 87.50 84.21 35.00 85.00 64.10 67.74 54.76 84.21 0.00 86.96 62.50 64.10 45.00 69.23 0.00 73.33 95.00 22.22 52.17 85.00 69.57 20.00 60.00 83.33 85.71
62.67=91.67 95.45 70.37 83.33 7.14 45.28 78.57 73.91 27.27 76.19 70.27 63.64 65.71 85.71 0.00 78.26 73.33 71.88 45.83 87.50 5.26 75.00 90.48 19.35 54.17 57.14 75.00 33.33 66.67 100.00 75.00
57.66=92.31 100.00 68.00 66.67 5.56 38.60 80.77 71.43 33.33 87.50 57.14 77.42 61.11 54.55 50.00 88.00 76.67 63.64 44.00 46.43 0.00 85.19 82.14 17.65 68.75 75.00 47.62 58.33 0.00 31.25 58.33
59.57=95.45 100.00 68.18 58.06 5.41 41.82 84.00 86.67 43.75 85.71 61.54 77.42 60.00 54.55 26.32 72.00 77.42 64.71 58.33 56.52 0.00 66.67 84.00 15.38 85.71 73.68 47.83 50.00 0.00 45.45 100.00
56.01=92.00 95.65 65.38 57.58 0.00 48.89 91.67 75.00 46.67 68.75 63.16 77.42 65.52 59.09 35.29 73.33 70.59 53.66 50.00 63.16 0.00 63.89 85.19 26.32 65.00 63.64 64.29 25.00 0.00 35.71 54.55
58.74=100.00 100.00 76.19 59.38 0.00 48.94 84.00 80.00 50.00 75.00 59.52 88.89 56.25 65.22 37.50 71.88 66.67 56.41 48.00 76.47 0.00 74.19 79.31 18.18 58.33 60.87 63.16 58.33 0.00 41.67 66.67
59.28=84.62 100.00 68.00 75.00 2.94 46.94 82.61 81.25 61.54 73.68 55.81 79.31 60.61 58.33 61.54 70.97 69.44 56.76 64.00 60.00 0.00 83.33 85.71 13.64 55.00 59.09 58.82 46.15 0.00 50.00 72.73
57.05=88.46 100.00 85.71 86.96 0.00 35.94 76.92 56.25 38.46 80.95 55.00 51.06 62.96 78.95 31.58 81.82 66.67 60.61 43.75 56.52 0.00 73.53 80.95 25.00 52.17 45.00 53.33 14.29 0.00 100.00 85.71
54.31=88.00 100.00 67.86 76.00 0.00 46.15 80.77 57.14 26.32 72.73 61.54 57.50 68.00 61.11 30.00 73.08 63.16 54.55 34.78 63.64 0.00 81.48 76.19 23.33 63.16 50.00 53.85 20.00 0.00 66.67 66.67
56.98=96.00 95.45 77.27 71.43 0.00 46.30 82.61 56.25 40.00 75.00 57.50 67.65 72.41 76.19 26.67 85.19 64.71 52.27 51.28 78.95 0.00 79.31 72.73 22.22 62.50 52.38 60.00 20.00 0.00 61.54 62.50
54.47=82.61 100.00 72.00 70.37 0.00 42.11 82.14 66.67 36.36 71.43 55.00 73.33 65.62 52.00 31.58 82.14 75.00 53.49 42.86 68.18 0.00 85.71 77.27 20.69 52.94 47.83 72.73 0.00 0.00 38.46 70.00
54.90=91.30 100.00 63.33 79.17 0.00 43.86 75.00 35.29 28.57 85.00 60.00 66.67 71.88 57.14 23.53 81.48 69.70 62.86 38.71 78.95 0.00 77.42 74.07 26.92 54.55 50.00 47.37 10.00 0.00 71.43 77.78
78.94=100.00 100.00 100.00 75.00 100.00 37.50 100.00 75.00 75.00 100.00 100.00 66.67 100.00 80.00 71.43 100.00 60.00 40.00 66.67 66.67 0.00 66.67 100.00 100.00 50.00 66.67 100.00 100.00 100.00 50.00 100.00
86.22=100.00 100.00 100.00 75.00 100.00 33.33 100.00 100.00 100.00 100.00 100.00 50.00 100.00 100.00 77.78 100.00 60.00 66.67 100.00 100.00 0.00 80.00 100.00 80.00 50.00 100.00 100.00 100.00 100.00 100.00 100.00
86.13=60.00 100.00 100.00 75.00 100.00 50.00 100.00 75.00 100.00 80.00 100.00 100.00 83.33 100.00 100.00 100.00 50.00 66.67 100.00 66.67 33.33 100.00 100.00 80.00 50.00 100.00 100.00 100.00 100.00 100.00 100.00
90.02=75.00 100.00 100.00 75.00 100.00 66.67 100.00 75.00 100.00 100.00 100.00 66.67 100.00 100.00 100.00 100.00 60.00 100.00 100.00 100.00 66.67 100.00 85.71 80.00 40.00 100.00 100.00 100.00 100.00 100.00 100.00
84.07=100.00 100.00 100.00 60.00 100.00 25.00 100.00 75.00 100.00 100.00 100.00 50.00 100.00 100.00 77.78 83.33 75.00 66.67 100.00 100.00 0.00 100.00 83.33 60.00 50.00 100.00 100.00 100.00 100.00 100.00 100.00
57.40=91.67 95.65 66.67 75.00 3.70 42.11 100.00 75.00 47.06 75.00 63.41 55.26 55.88 66.67 23.08 92.00 66.67 65.62 41.38 45.83 0.00 73.33 77.78 19.35 52.63 71.43 92.86 14.29 0.00 50.00 80.00
62.60=95.83 100.00 66.67 80.77 3.85 55.00 91.30 85.00 43.48 80.00 73.53 62.86 64.10 78.26 19.05 88.46 68.75 64.86 41.38 60.00 0.00 71.88 86.36 33.33 53.57 83.33 66.67 44.44 33.33 66.67 77.78
61.94=92.00 95.45 72.00 74.07 5.88 46.94 83.33 66.67 36.00 72.73 68.57 71.88 58.97 85.00 5.88 80.77 72.73 71.88 43.48 47.83 0.00 75.86 86.36 24.00 61.54 83.33 77.78 28.57 88.89 66.67 75.00
61.61=88.00 95.65 69.23 75.00 3.70 50.00 84.00 70.00 52.94 68.18 68.57 63.64 64.71 70.37 20.00 76.92 73.33 62.86 55.00 68.42 5.26 69.70 88.00 19.23 64.00 75.00 62.50 40.00 85.71 50.00 70.00
59.89=92.00 95.45 69.23 73.08 3.57 56.41 84.00 81.82 40.00 85.71 59.52 68.75 56.41 70.00 17.65 84.62 71.88 72.73 52.38 68.42 0.00 68.57 81.82 16.00 54.55 70.83 76.19 33.33 66.67 25.00 60.00
59.63=95.83 95.65 69.23 67.86 2.94 44.23 84.00 88.89 70.00 81.25 53.66 80.00 55.56 76.19 25.00 83.33 75.86 59.46 42.86 40.00 0.00 66.67 92.59 22.22 56.00 77.78 50.00 46.15 0.00 45.45 100.00
59.42=92.31 100.00 72.73 73.08 0.00 47.92 78.57 92.31 41.18 66.67 60.53 78.57 64.52 60.00 35.71 68.97 65.79 53.85 60.00 68.42 0.00 75.76 88.46 15.00 45.83 62.50 66.67 50.00 0.00 66.67 90.00
58.15=95.65 100.00 69.57 61.29 0.00 46.00 91.30 88.24 66.67 73.68 56.10 80.00 74.07 62.50 25.00 71.43 72.73 51.11 56.52 48.00 0.00 68.57 92.00 21.05 52.38 51.85 44.44 30.00 0.00 66.67 85.71
57.80=96.00 95.45 76.19 66.67 0.00 46.00 74.07 81.25 38.46 82.35 50.00 77.78 61.76 68.18 36.36 77.78 63.16 55.26 58.33 66.67 0.00 71.88 80.77 21.05 73.68 58.33 52.38 58.33 0.00 43.75 60.00
58.65=92.00 95.65 69.23 74.07 0.00 53.33 87.50 84.62 33.33 80.00 58.54 80.65 56.25 60.00 35.71 70.00 78.12 53.66 62.50 60.00 0.00 75.00 85.71 16.67 61.90 65.00 66.67 45.45 0.00 50.00 66.67
87.48=100.00 100.00 100.00 100.00 100.00 42.86 100.00 100.00 80.00 100.00 75.00 100.00 100.00 100.00 62.50 100.00 75.00 100.00 100.00 50.00 0.00 66.67 100.00 60.00 100.00 100.00 100.00 100.00 100.00 100.00 100.00
91.34=100.00 100.00 100.00 100.00 100.00 60.00 100.00 100.00 100.00 100.00 100.00 66.67 100.00 80.00 100.00 100.00 75.00 66.67 50.00 100.00 100.00 100.00 100.00 66.67 100.00 66.67 100.00 100.00 100.00 100.00 100.00
87.99=100.00 100.00 100.00 75.00 100.00 50.00 100.00 100.00 100.00 100.00 100.00 66.67 100.00 100.00 83.33 100.00 75.00 100.00 100.00 100.00 50.00 100.00 100.00 44.44 100.00 100.00 100.00 100.00 0.00 83.33 100.00
91.97=100.00 100.00 100.00 75.00 100.00 75.00 100.00 100.00 100.00 100.00 100.00 66.67 100.00 100.00 100.00 85.71 75.00 100.00 100.00 100.00 66.67 66.67 83.33 57.14 100.00 100.00 100.00 100.00 100.00 100.00 100.00
88.78=100.00 100.00 100.00 75.00 100.00 60.00 100.00 100.00 80.00 100.00 75.00 66.67 100.00 100.00 100.00 100.00 75.00 66.67 100.00 100.00 100.00 100.00 100.00 57.14 100.00 66.67 100.00 100.00 50.00 100.00 80.00
86.68=100.00 100.00 100.00 100.00 80.00 50.00 100.00 100.00 100.00 100.00 100.00 66.67 100.00 100.00 100.00 100.00 50.00 100.00 66.67 100.00 0.00 66.67 100.00 57.14 50.00 100.00 100.00 100.00 100.00 100.00 100.00
88.71=100.00 100.00 100.00 75.00 100.00 60.00 100.00 100.00 100.00 100.00 100.00 50.00 100.00 100.00 100.00 100.00 75.00 50.00 66.67 100.00 100.00 100.00 100.00 40.00 33.33 100.00 100.00 100.00 100.00 100.00 100.00
83.03=100.00 100.00 100.00 100.00 100.00 42.86 100.00 100.00 100.00 100.00 100.00 100.00 100.00 100.00 100.00 100.00 75.00 100.00 40.00 100.00 0.00 80.00 100.00 44.44 25.00 66.67 100.00 100.00 0.00 100.00 100.00
86.76=100.00 100.00 100.00 100.00 100.00 42.86 100.00 100.00 100.00 100.00 75.00 66.67 100.00 100.00 100.00 100.00 75.00 100.00 66.67 100.00 0.00 80.00 100.00 50.00 33.33 100.00 100.00 100.00 100.00 100.00 100.00
86.29=100.00 100.00 100.00 60.00 100.00 33.33 100.00 100.00 100.00 100.00 100.00 66.67 83.33 100.00 87.50 100.00 75.00 66.67 100.00 100.00 0.00 100.00 85.71 50.00 66.67 100.00 100.00 100.00 100.00 100.00 100.00
89.38=100.00 100.00 100.00 100.00 100.00 100.00 100.00 100.00 100.00 100.00 100.00 33.33 100.00 100.00 83.33 100.00 75.00 100.00 50.00 100.00 75.00 66.67 100.00 37.50 50.00 100.00 100.00 100.00 100.00 100.00 100.00
86.01=60.00 100.00 100.00 100.00 100.00 42.86 100.00 100.00 100.00 100.00 100.00 66.67 100.00 100.00 100.00 100.00 60.00 100.00 66.67 100.00 100.00 80.00 100.00 40.00 100.00 66.67 100.00 83.33 0.00 100.00 100.00
86.28=100.00 100.00 100.00 100.00 100.00 33.33 100.00 100.00 80.00 80.00 100.00 100.00 100.00 100.00 71.43 100.00 100.00 100.00 66.67 66.67 66.67 80.00 100.00 50.00 100.00 100.00 100.00 100.00 0.00 80.00 100.00
92.90=100.00 100.00 100.00 100.00 100.00 75.00 100.00 100.00 100.00 80.00 100.00 66.67 100.00 100.00 100.00 100.00 100.00 100.00 66.67 50.00 100.00 100.00 100.00 75.00 100.00 66.67 100.00 100.00 100.00 100.00 100.00
85.64=100.00 100.00 100.00 100.00 100.00 37.50 100.00 100.00 80.00 100.00 100.00 66.67 100.00 100.00 85.71 100.00 100.00 66.67 100.00 66.67 0.00 100.00 100.00 60.00 66.67 66.67 100.00 83.33 100.00 100.00 75.00
86.01=100.00 100.00 100.00 100.00 100.00 50.00 100.00 60.00 100.00 100.00 100.00 66.67 85.71 100.00 88.89 100.00 60.00 66.67 66.67 66.67 50.00 100.00 100.00 80.00 50.00 100.00 100.00 100.00 75.00 100.00 100.00
77.15=75.00 100.00 100.00 75.00 100.00 20.00 100.00 75.00 80.00 80.00 100.00 66.67 100.00 100.00 66.67 100.00 60.00 66.67 100.00 100.00 0.00 60.00 100.00 66.67 66.67 66.67 100.00 100.00 0.00 66.67 100.00
86.04=100.00 100.00 100.00 100.00 80.00 40.00 100.00 100.00 80.00 100.00 100.00 100.00 100.00 80.00 57.14 100.00 50.00 100.00 66.67 100.00 33.33 80.00 100.00 100.00 66.67 100.00 66.67 100.00 66.67 100.00 100.00
85.27=100.00 100.00 100.00 75.00 100.00 50.00 100.00 75.00 80.00 100.00 100.00 100.00 85.71 100.00 77.78 60.00 60.00 100.00 100.00 66.67 0.00 100.00 83.33 80.00 50.00 100.00 100.00 100.00 100.00 100.00 100.00
87.62=100.00 100.00 100.00 100.00 100.00 60.00 100.00 75.00 100.00 80.00 100.00 50.00 83.33 100.00 75.00 100.00 42.86 100.00 100.00 100.00 33.33 100.00 100.00 50.00 100.00 66.67 100.00 100.00 100.00 100.00 100.00
55.79=100.00 100.00 73.08 73.08 0.00 40.00 84.00 58.82 33.33 88.89 60.00 50.00 60.61 70.00 11.76 83.33 70.97 60.00 35.48 76.47 0.00 70.00 75.00 15.62 72.22 43.48 64.29 0.00 0.00 71.43 87.50
59.07=100.00 90.91 67.86 74.07 0.00 47.06 95.65 59.09 40.00 84.21 63.16 63.89 68.97 57.14 31.58 79.31 80.00 53.85 40.00 62.50 0.00 82.14 75.00 24.24 71.43 71.43 52.94 40.00 0.00 83.33 71.43
56.48=95.45 100.00 76.00 74.07 0.00 46.15 95.65 45.00 45.45 80.00 54.55 54.76 70.00 78.95 36.84 77.78 69.70 57.14 30.00 68.42 0.00 77.42 77.27 22.86 56.00 47.62 64.29 7.69 0.00 75.00 66.67
57.01=91.67 95.45 69.23 76.92 0.00 49.02 83.33 42.86 27.27 76.19 53.66 60.00 70.00 64.00 45.45 75.86 73.53 52.38 40.74 83.33 0.00 68.57 71.43 24.14 55.56 66.67 55.56 11.11 0.00 83.33 100.00
58.22=96.00 95.45 78.26 86.96 0.00 44.00 84.62 50.00 36.36 85.00 54.55 53.66 58.33 72.22 23.81 90.00 65.79 54.76 38.71 68.18 0.00 81.48 91.30 27.59 60.00 61.11 80.00 11.11 0.00 55.56 100.00
62.26=95.65 100.00 78.26 86.96 8.11 43.14 87.50 73.68 36.84 85.00 58.54 63.89 56.82 80.00 20.00 91.30 74.19 64.71 47.37 68.75 0.00 75.00 92.00 21.88 50.00 83.33 59.26 25.00 100.00 25.00 77.78
61.30=92.00 100.00 75.00 74.07 10.00 52.17 81.48 77.27 42.11 84.21 64.10 65.62 60.00 76.92 5.56 91.67 77.42 69.44 55.56 60.00 0.00 79.31 90.48 26.92 50.00 75.00 75.00 37.50 33.33 18.18 100.00
61.02=95.45 95.45 64.29 70.37 0.00 44.64 91.67 78.26 34.78 89.47 65.71 65.71 57.50 82.61 5.56 91.30 66.67 62.16 45.00 66.67 0.00 82.76 87.50 24.00 68.42 73.91 63.64 16.67 61.54 50.00 90.00
61.98=95.83 95.65 80.95 83.33 3.45 48.00 92.00 77.78 43.75 88.89 60.98 62.86 63.16 73.08 5.56 78.57 80.00 70.97 54.17 66.67 0.00 76.67 86.96 22.22 68.00 69.23 63.64 12.50 70.00 60.00 66.67
59.58=92.00 90.91 85.00 70.00 0.00 51.16 88.46 78.26 50.00 80.00 61.54 61.11 56.41 76.19 4.35 87.50 79.31 61.54 50.00 55.00 0.00 82.76 86.96 13.79 55.56 65.22 61.90 28.57 62.50 33.33 77.78
85.35=100.00 100.00 83.33 75.00 100.00 75.00 100.00 100.00 100.00 100.00 100.00 100.00 100.00 75.00 87.50 100.00 60.00 100.00 50.00 66.67 100.00 100.00 100.00 60.00 50.00 100.00 80.00 83.33 0.00 100.00 100.00
83.08=100.00 100.00 100.00 100.00 100.00 40.00 100.00 100.00 100.00 66.67 75.00 66.67 100.00 100.00 88.89 100.00 25.00 100.00 66.67 66.67 0.00 100.00 100.00 50.00 50.00 100.00 80.00 100.00 100.00 100.00 100.00
83.76=100.00 100.00 75.00 100.00 100.00 75.00 100.00 100.00 100.00 100.00 100.00 66.67 100.00 100.00 100.00 100.00 50.00 66.67 66.67 66.67 100.00 100.00 100.00 50.00 33.33 66.67 80.00 100.00 0.00 100.00 100.00
84.43=75.00 100.00 100.00 60.00 100.00 50.00 100.00 100.00 100.00 100.00 100.00 100.00 100.00 100.00 88.89 100.00 75.00 50.00 66.67 100.00 0.00 60.00 100.00 66.67 50.00 100.00 100.00 100.00 100.00 100.00 75.00
81.72=100.00 100.00 100.00 75.00 100.00 50.00 100.00 100.00 66.67 75.00 100.00 50.00 100.00 100.00 87.50 100.00 75.00 66.67 66.67 66.67 0.00 100.00 100.00 37.50 50.00 66.67 100.00 100.00 100.00 100.00 100.00
56.15=92.00 95.65 75.00 69.23 2.56 53.33 91.67 75.00 25.00 68.42 50.00 70.59 64.86 59.09 14.29 66.67 76.67 57.89 62.50 68.18 0.00 67.57 79.31 19.05 75.00 59.09 55.56 33.33 0.00 41.67 71.43
57.04=100.00 95.45 66.67 68.97 3.45 48.89 71.43 73.33 43.75 62.50 58.14 70.59 63.64 76.19 31.58 77.78 78.12 54.29 51.85 62.50 0.00 66.67 88.46 30.00 77.78 64.71 62.50 0.00 0.00 38.89 80.00
59.82=100.00 100.00 77.27 62.07 0.00 55.81 90.91 80.00 50.00 71.43 53.33 88.46 55.88 63.64 14.29 73.33 58.14 58.97 68.18 72.73 0.00 75.76 82.14 12.50 73.33 68.18 64.71 50.00 0.00 66.67 66.67
58.51=100.00 100.00 75.00 68.97 0.00 50.00 90.91 78.57 50.00 77.78 56.82 79.31 63.64 61.90 12.50 76.92 66.67 62.16 50.00 42.86 0.00 67.57 88.89 22.73 68.18 68.42 66.67 35.71 0.00 53.85 77.78
60.02=100.00 95.45 76.19 74.07 0.00 48.84 80.00 87.50 53.33 87.50 57.14 79.31 67.74 73.91 22.22 70.97 66.67 57.50 63.64 65.22 0.00 70.59 84.62 9.09 75.00 60.87 61.11 55.56 0.00 46.67 70.00
59.20=95.83 100.00 70.83 76.00 5.56 44.00 90.91 91.67 33.33 78.95 53.66 63.16 57.14 69.23 15.79 86.96 69.70 64.71 54.17 65.22 0.00 75.86 88.00 15.38 73.33 66.67 50.00 16.67 0.00 62.50 100.00
59.39=88.00 95.65 72.73 70.37 2.56 45.28 79.17 76.47 46.67 77.78 63.16 71.88 71.43 76.00 33.33 72.41 67.65 63.89 50.00 63.16 0.00 78.12 83.33 15.00 69.57 57.14 68.75 44.44 0.00 57.14 80.00
58.23=92.00 95.65 76.19 67.86 2.78 53.49 86.96 83.33 43.75 68.18 53.49 75.00 67.86 68.18 17.65 72.41 68.57 52.38 58.33 76.47 0.00 81.25 89.29 15.79 59.09 70.00 62.50 9.09 0.00 50.00 87.50
57.94=100.00 100.00 72.00 55.56 3.85 48.94 81.48 81.25 42.86 77.78 55.00 74.19 57.14 64.00 12.50 83.33 71.88 54.55 68.42 57.14 0.00 83.87 76.92 19.23 65.00 63.64 62.50 36.36 0.00 60.00 66.67
59.98=100.00 95.24 73.91 66.67 0.00 51.22 88.00 83.33 40.00 80.00 56.82 68.57 60.61 85.71 31.58 70.00 68.57 55.00 57.14 73.68 0.00 73.53 83.33 13.64 61.90 63.64 58.82 33.33 0.00 77.78 87.50
90.48=100.00 100.00 100.00 100.00 100.00 75.00 100.00 100.00 100.00 100.00 100.00 100.00 85.71 100.00 100.00 85.71 75.00 100.00 66.67 66.67 50.00 100.00 100.00 50.00 50.00 100.00 100.00 100.00 100.00 100.00 100.00
