76.36895334129778
78.59019542221759
80.89932261130409
80.21337455236659
79.51147109169449
76.56584765473609
78.13559356482325
77.18485704266408
77.04075394495077
78.12162546444992
98.70967741935483
98.27956989247312
95.87813620071684
97.81874039938556
98.11827956989247
94.16282642089092
97.31182795698925
95.66820276497694
98.17204301075269
98.01075268817205
97.74193548387096
98.43189964157706
97.31182795698925
96.49385560675883
99.35483870967742
77.60979988120344
76.69117682848709
77.40330149491021
76.94728605967981
76.25678024571405
79.37533841171133
79.57283643220948
77.15563610446523
80.84778592680995
79.94255775920448
95.23809523809524
97.63440860215053
95.53763440860214
97.74193548387096
96.26344086021506
96.55145929339477
95.82949308755761
96.55913978494623
95.01536098310291
96.12135176651306
79.45588480459364
78.30758884087102
78.42739473503143
78.39653558590344
78.65817345526246
90.16129032258064
88.44086021505376
93.27956989247312
92.84562211981567
89.02457757296466
94.34203789042498
93.97849462365592
98.54838709677419
97.92626728110599
99.46236559139786
77.9194787232563
78.97187534799869
80.03290735623152
78.05784166443352
78.5753836637612
89.51612903225805
95.80645161290323
91.36712749615975
96.39784946236558
98.11827956989247
77.88050257618718
76.59323708108437
78.01232316910729
76.27433477528933
77.27889389919318
97.92626728110599
91.93548387096774
91.93548387096774
97.01228878648233
91.66666666666666
95.88709677419355
93.77880184331796
92.09677419354838
91.53225806451613
91.96236559139784
78.71778122001203
78.72692263153316
79.03173649299563
78.8885375422853
79.42180437731854
89.53917050691244
97.73425499231952
91.34408602150539
96.7741935483871
96.93548387096774
91.50537634408602
93.97849462365592
94.3189964157706
93.54838709677418
93.49078341013825
78.08186151346614
79.03977258585292
79.2791603331886
77.96278842940481
79.15091908070134
77.41099685385394
77.10370285336167
77.21049233756686
75.39988680551058
77.52725045191305
78.14613724752444
79.21609575471037
79.0702471174863
79.7087522914922
79.658151937383
92.70609318996415
90.86021505376344
94.08602150537634
94.6236559139785
98.11827956989247
78.9865676217854
80.36864072644738
78.63537475152084
78.84879614824311
79.28424410080866
90.80645161290323
96.53225806451613
96.82795698924731
98.02867383512545
96.30824372759857
77.91958327973191
78.58721291560173
79.3422142640934
79.23237226847249
79.74692490508198
93.59447004608295
94.66973886328726
97.31182795698926
95.06912442396315
95.12288786482335
79.49901805877774
78.0395056790812
78.69074992581061
78.68843114517982
77.95099309958124
79.65176246634528
80.11375579113825
80.11214438151228
79.526307976813
79.54742604966101
94.40860215053763
95.55555555555556
95.16129032258064
96.1021505376344
96.36712749615975
77.73189683033077
76.46894299490279
77.24699515079575
76.07127584305896
76.26852049498652
80.34179978365363
81.1535850895484
80.13741140480401
79.66958985477764
80.06513368484592
79.31351920793004
78.45522538510023
78.95455167534462
78.19077038172563
78.22044330385184
96.66666666666666
96.34024577572964
95.41218637992831
96.82795698924731
94.21658986175115
80.04522442798489
79.92362790271737
80.55352864741775
80.48708245865272
79.40619641718406
91.52073732718894
94.51612903225806
94.40860215053763
95.86021505376344
96.7741935483871
80.0186103459777
78.69652132388003
79.09918154675297
79.94467310283974
79.79100043193205
91.72043010752687
92.76881720430107
96.50537634408602
90.26881720430107
93.33333333333333
93.24884792626729
90.86021505376344
97.16589861751153
94.7273425499232
96.01382488479263
76.50636591467529
76.56996399745333
76.75940521620011
76.42751242904382
76.79079027576226
98.08755760368663
90.51075268817203
89.13978494623655
97.06989247311827
96.90860215053763
94.08602150537635
91.20583717357911
94.73118279569891
95.16129032258064
94.54301075268816
95.96774193548387
95.05376344086021
90.80645161290323
95.48387096774194
86.77419354838709
80.1323454766841
80.94716356285629
78.16661917180757
79.47783595509324
80.29238558796341
79.69522182163186
80.446801731574
81.04699834109901
80.77364985652913
79.90450442490886
94.3778801843318
94.47772657450076
94.97311827956989
93.252688172043
88.27956989247313
80.03033877806891
79.26679400904654
80.02764811827274
78.7812753383087
79.89568088505608
78.86813678472942
79.29025460940771
79.53039713899135
78.24348082247936
79.97090915542296
95.39170506912441
93.97849462365592
97.00460829493088
95.6605222734255
89.19354838709677
79.4644976441897
79.81940170895355
80.3758341468253
81.21721878006639
79.96574795132813
94.78494623655915
95.02304147465438
95.45698924731182
95.21505376344085
90.91397849462365
77.95642373363667
78.23028269481223
80.09724077691766
77.33992290302692
79.71150194602316
79.70779883852934
79.25819400585344
79.02260531103556
79.64988061776096
79.26590882700678
90.86021505376344
91.20583717357911
95.93701996927803
97.58064516129032
96.98924731182795
76.72928784250477
77.09318221151673
77.11548125836964
77.78207356659297
75.97078643465964
94.94623655913978
95.59139784946237
94.0552995391705
97.8494623655914
95.09984639016896
92.66129032258064
95.21505376344085
96.66666666666666
96.93548387096774
94.6505376344086
91.60522273425501
97.8494623655914
94.21658986175116
95.86021505376345
94.78494623655914
96.02150537634408
91.04454685099846
92.90322580645162
92.66129032258064
91.45161290322581
98.01075268817205
97.4731182795699
94.96927803379415
95.9062980030722
96.04454685099846
96.53225806451613
91.5284178187404
97.04301075268816
92.1505376344086
99.19354838709677
75.84176220645459
77.08840759508048
76.00403613778929
77.5568419550537
76.80898647513084
97.8494623655914
95.69892473118279
97.20430107526882
96.12903225806451
94.11290322580645
77.57236894318518
77.70865624619225
77.29173387897072
77.94327746902549
76.99600372394491
92.79569892473118
90.21505376344085
96.14695340501792
92.90322580645162
94.58781362007169
77.52786294749525
76.85757768493352
78.17600928977456
78.26854663556306
77.99742447228233
80.09908461962245
78.99384413849093
77.60438805783274
79.63102803954214
79.14968959660898
95.0
96.18279569892472
96.39784946236558
90.6989247311828
93.70967741935483
91.90476190476191
93.27956989247312
94.6774193548387
97.46543778801843
97.09677419354838
79.80260266816948
78.09344624794096
78.47837371025643
78.33861892373105
78.41159350738133
77.55793433995692
77.67957067137424
78.21260916095187
77.49442946325223
76.02952568919412
79.07404422492208
77.51889402388049
78.65944270722825
78.0261813322804
79.50631356058311
95.88709677419355
90.26881720430107
91.82795698924733
95.10752688172042
95.3763440860215
93.17204301075267
93.17204301075267
93.54838709677419
91.41577060931898
91.39784946236558
79.44097349465092
79.80191913075102
79.37035243767926
79.19358811025721
80.34472841392973
79.51726512465396
78.25797113433039
79.26005046518128
79.76005807189973
78.93346138963162
77.37008258997115
77.40160571711023
77.58648851970402
78.79421690700993
78.86575447391577
95.3225806451613
94.13978494623655
95.64516129032258
93.49462365591397
94.12698412698413
78.9665601905143
79.46639183895098
80.16750280148143
79.33209764983584
80.08529146510615
93.24884792626729
94.18970814132105
94.3010752688172
95.50691244239631
96.66666666666666
76.3014149262486
77.89068132095177
77.66392651684879
78.3132319165106
76.69662695458779
97.25806451612904
96.7357910906298
96.3978494623656
96.66666666666666
95.29569892473118
78.32763725225794
80.27818755967182
78.84550781083871
79.37730753620505
79.0893857945082
95.93701996927804
95.3225806451613
97.58064516129032
96.39784946236558
97.62672811059909
96.39784946236558
95.93701996927804
94.35483870967742
93.70967741935483
97.47311827956989
78.81923895204946
79.04053559920035
78.23127853393196
78.19314209541025
78.01227679040639
78.72780905017119
79.42462533201953
78.89053784207287
79.58456020917019
78.7861556311533
79.12469806709306
80.47103542595761
79.2844099926583
78.85344079825657
78.43491068515539
76.66527743931904
77.30552253827706
77.0826601757012
76.35173795525533
77.5199226191245
78.97950728926331
78.61938645307917
78.81631184238837
79.11091314716116
80.53837888471854
77.41308478534908
77.15231377415994
77.77486149405873
78.28322183786224
77.99167870919385
78.38781128326553
77.5092327844817
79.72717955446008
79.08456761746768
79.1769520976141
93.17204301075269
88.48694316436251
97.38863287250383
96.23655913978494
96.23655913978494
79.8127838182948
77.86419398480346
78.77418918595583
79.30215180221776
78.75877075330854
80.15613262032281
79.3115049933659
80.06130881487537
79.45996119993767
79.71271751414893
87.1505376344086
95.59139784946235
93.42293906810036
94.86175115207374
96.02662570404506
95.16129032258064
94.31643625192012
94.03225806451613
95.86021505376344
96.72043010752688
77.03297444672809
76.56189477899055
78.68013495327112
78.36019227178748
77.92819512141432
78.29607549005777
78.75398096246857
77.57834304970552
76.96065846012347
78.2790940994845
76.97861438707486
77.0964215525849
75.9207049208205
77.64171358066395
77.17784712235782
79.51195738973766
79.56465753655398
80.39081851349883
79.2851657400912
79.45638070763249
94.24731182795698
93.6021505376344
94.30107526881721
93.7557603686636
96.55913978494624
79.7877314893417
80.64847540651864
79.68473983298462
80.82327406895527
81.32794357375063
78.76861039197108
78.407517882809
78.30790738550569
78.7652742153927
77.68515163163681
80.0287609703007
80.83709411348534
80.2660060388279
80.17697875633178
79.9176874499289
77.506770873919
77.39093312834135
78.09056728218151
77.59125855224566
78.52596219602063
92.5268817204301
95.86021505376345
95.13440860215053
94.7043010752688
91.04838709677419
95.86021505376344
90.48387096774194
95.05376344086021
91.82795698924731
92.71121351766514
79.44386670505386
79.34211703160243
77.34829039354355
78.18263221671029
79.50037050186737
77.61668746241268
78.37887708674532
77.16208051935713
77.76382890616098
78.06938507200431
78.53763026510136
77.9242274684236
77.06024473942625
76.69435508376961
77.5731200617971
78.66430006387398
78.71011583882822
78.4631412305161
79.46694492996502
77.59196851197483
95.32258064516128
91.02150537634408
90.34946236559139
83.44086021505376
87.76881720430107
90.36866359447005
88.97849462365592
88.70583717357911
89.69278033794164
89.93855606758832
78.96332395690337
78.70896171387982
79.40787103270759
78.09931195167977
78.48388592581989
76.98228535919522
77.82211054530171
77.58479131267237
77.40245504884527
76.89712797217268
77.38059016228182
77.41305278734504
76.92442765196564
77.55016427216287
77.45292595774848
89.6774193548387
89.6774193548387
89.35483870967742
91.72043010752687
94.83870967741936
94.42652329749104
92.63440860215053
90.18433179723503
96.4247311827957
93.06451612903226
79.1829770773041
79.72825342599153
80.20009725855792
79.43646440919161
80.12994719855226
88.51766513056836
90.53763440860216
93.01075268817203
89.40860215053763
91.18279569892474
78.2321763577958
79.21668296703203
78.39686485086712
79.12186294515054
78.48791993746657
80.78667195147271
81.2367350428198
78.70034259088446
80.09006790949256
80.40397327843716
89.247311827957
91.34408602150538
89.56989247311827
89.46236559139784
90.75268817204302
78.56100416842854
78.65561010557971
78.14697016769239
78.49560162129575
79.51098078033235
89.40860215053763
90.96774193548387
89.19354838709677
91.12903225806451
94.24731182795698
78.41347231310691
78.31948610781146
78.8040084334297
77.31710304984806
77.7991142746854
78.69110120770755
78.37528511920816
78.51401497863623
78.38640750262365
78.07669334051006
92.44239631336406
95.02304147465438
92.6036866359447
94.56989247311827
96.82795698924731
80.44879681897407
80.14513367735933
79.31940361681743
79.03926825545476
80.66812023549994
77.57146878756704
77.12636899858984
77.97947294014536
77.15230255772298
78.527647168607
90.56067588325654
94.21658986175116
90.36866359447005
87.57296466973885
95.64516129032258
94.35483870967742
91.12519201228878
92.25806451612904
98.11827956989247
96.39784946236558
94.67741935483869
95.79749103942652
92.4910394265233
94.08602150537634
93.44086021505376
91.74347158218126
97.47311827956989
91.09831029185868
97.47311827956989
94.40092165898618
78.54435671528341
78.82142651405675
78.6042934294068
78.337147009897
78.08809847031928
79.15184387525099
80.99333478465653
81.783970395683
81.35444551761904
80.94038692778048
79.59053881167424
77.6604353263561
78.74203180746342
80.04784135328616
78.17302189901395
92.79569892473118
91.98924731182795
96.93548387096774
97.47311827956989
97.47311827956989
95.93701996927804
97.58064516129032
91.85483870967742
95.1305683563748
95.96774193548386
92.25806451612904
91.82027649769586
93.2795698924731
95.82949308755761
96.23655913978494
89.24731182795698
94.7542242703533
92.09677419354838
96.34408602150538
95.59139784946235
78.82251845004356
79.08941411871848
78.34087878415987
77.32737125075609
78.59425601841282
77.25805615770088
78.72302955858453
77.98829188975866
78.39755351626185
77.97144623654629
89.67741935483869
94.73118279569891
94.59293394777265
95.69892473118279
94.56989247311827
91.23655913978494
89.46236559139786
95.86021505376344
93.11827956989247
94.89247311827957
80.05096091497428
79.31644605247331
79.82413925012301
81.18085989815451
79.66218327439394
78.68637778252715
77.99004944894814
77.90482696538412
77.21327424720185
78.50100489706948
79.41294954971875
79.4394586474626
78.0907088879055
78.92999713325709
79.34670449024665
