59.799618502525206
55.680951331690494
57.5787205707587
57.73953236031219
60.1337733438074
53.585643320823536
55.76971342864979
55.980569262350244
58.87097968289503
59.75286827345436
87.22990271377368
90.09472606246801
93.06963645673322
92.25399152818508
91.14695340501794
80.66461316461317
87.79185867895548
88.75064004096261
88.6968766001024
85.00512032770096
80.41672485220872
87.72389796583346
83.48647768002607
90.3853046594982
88.85944700460828
59.96752150102764
61.142975021264974
60.51467153649371
62.889014480982965
62.776644103697166
57.14350977308796
58.81426401018316
60.96234042491195
61.55492795063163
58.46854095268385
87.27179630405438
87.47882941431327
89.40045617464972
88.49555462458689
89.44409533119212
83.60180142438209
81.63210445468512
82.61730205278593
86.44486338034726
87.89170506912441
61.74872565120765
59.96510509951303
