84.31=100.00 100.00 80.00 100.00 100.00 100.00 100.00 50.00 75.00 75.00 100.00 100.00 75.00 100.00 100.00 83.33 100.00 80.00 0.00 100.00 100.00 100.00 100.00 100.00 28.57 50.00 100.00 100.00 66.67 100.00 50.00
87.23=100.00 100.00 100.00 50.00 50.00 100.00 100.00 50.00 75.00 100.00 100.00 100.00 100.00 100.00 100.00 85.71 100.00 100.00 100.00 100.00 100.00 100.00 100.00 60.00 83.33 0.00 75.00 100.00 75.00 100.00 100.00
89.17=100.00 100.00 100.00 100.00 100.00 100.00 100.00 66.67 66.67 75.00 100.00 100.00 100.00 100.00 60.00 62.50 100.00 100.00 100.00 100.00 100.00 100.00 100.00 66.67 100.00 16.67 100.00 100.00 50.00 100.00 100.00
89.43=100.00 100.00 100.00 0.00 100.00 100.00 100.00 100.00 100.00 100.00 100.00 100.00 100.00 100.00 100.00 85.71 100.00 100.00 100.00 100.00 50.00 100.00 100.00 100.00 80.00 50.00 80.00 100.00 60.00 100.00 66.67
93.06=100.00 100.00 100.00 100.00 100.00 100.00 100.00 66.67 60.00 100.00 100.00 100.00 100.00 100.00 100.00 83.33 100.00 100.00 100.00 100.00 100.00 100.00 100.00 75.00 100.00 50.00 100.00 100.00 75.00 100.00 75.00
90.90=100.00 100.00 100.00 100.00 100.00 100.00 100.00 100.00 50.00 100.00 100.00 100.00 100.00 75.00 100.00 83.33 100.00 100.00 100.00 100.00 100.00 100.00 50.00 66.67 100.00 100.00 75.00 100.00 42.86 100.00 75.00
91.77=100.00 100.00 80.00 100.00 50.00 100.00 100.00 100.00 75.00 100.00 100.00 100.00 100.00 60.00 100.00 100.00 100.00 100.00 80.00 100.00 100.00 100.00 75.00 100.00 100.00 100.00 100.00 100.00 75.00 100.00 50.00
93.92=100.00 100.00 100.00 100.00 100.00 100.00 100.00 50.00 100.00 100.00 100.00 100.00 100.00 100.00 100.00 71.43 80.00 100.00 100.00 100.00 100.00 100.00 100.00 100.00 75.00 100.00 100.00 100.00 75.00 100.00 60.00
90.75=100.00 100.00 100.00 100.00 100.00 100.00 100.00 100.00 100.00 100.00 100.00 100.00 100.00 60.00 75.00 71.43 80.00 100.00 100.00 100.00 50.00 66.67 100.00 100.00 100.00 50.00 100.00 100.00 100.00 100.00 60.00
93.81=100.00 100.00 100.00 100.00 100.00 100.00 100.00 66.67 100.00 100.00 100.00 100.00 100.00 75.00 80.00 71.43 80.00 100.00 100.00 100.00 100.00 100.00 100.00 100.00 100.00 100.00 100.00 75.00 100.00 100.00 60.00
59.96=76.92 100.00 83.33 91.67 4.76 58.33 100.00 50.00 58.33 91.67 77.78 78.95 82.35 50.00 62.50 78.57 83.33 65.00 33.33 76.92 10.00 86.67 81.82 0.00 35.29 52.94 73.33 35.71 18.18 44.44 16.67
60.51=91.67 100.00 71.43 88.89 4.00 62.50 91.67 50.00 66.67 69.23 73.68 76.47 82.35 41.67 57.14 76.92 86.67 72.22 42.86 70.00 22.22 78.95 76.92 0.00 36.36 56.25 75.00 70.00 16.67 30.00 37.50
58.84=100.00 100.00 81.82 90.00 0.00 53.85 78.57 55.56 50.00 61.54 70.00 87.50 84.21 33.33 37.50 66.67 88.24 62.50 50.00 77.78 8.33 70.59 83.33 0.00 37.50 56.25 81.82 33.33 16.67 50.00 57.14
59.70=100.00 100.00 76.92 83.33 0.00 52.00 91.67 50.00 33.33 69.23 62.50 93.75 73.68 44.44 69.23 56.25 84.21 73.68 53.33 75.00 0.00 76.47 90.91 0.00 42.86 60.00 78.57 77.78 18.18 33.33 30.00
62.57=100.00 100.00 83.33 91.67 0.00 53.57 84.62 55.56 50.00 75.00 70.00 78.95 76.19 41.67 80.00 73.33 71.43 70.00 47.37 100.00 0.00 76.47 90.00 0.00 42.11 56.25 83.33 69.23 22.22 37.50 60.00
94.14=100.00 100.00 100.00 100.00 100.00 100.00 100.00 100.00 75.00 100.00 100.00 100.00 80.00 100.00 100.00 83.33 75.00 100.00 100.00 100.00 100.00 100.00 100.00 100.00 83.33 100.00 100.00 80.00 75.00 66.67 100.00
92.71=100.00 100.00 100.00 100.00 100.00 80.00 100.00 50.00 100.00 100.00 100.00 100.00 100.00 100.00 75.00 100.00 100.00 100.00 100.00 100.00 100.00 100.00 75.00 100.00 85.71 33.33 100.00 100.00 100.00 100.00 75.00
92.53=100.00 100.00 100.00 100.00 100.00 66.67 100.00 100.00 100.00 100.00 100.00 100.00 100.00 100.00 66.67 100.00 100.00 100.00 75.00 100.00 100.00 100.00 80.00 100.00 80.00 50.00 100.00 100.00 75.00 100.00 75.00
94.32=80.00 100.00 100.00 100.00 100.00 83.33 100.00 100.00 100.00 100.00 100.00 100.00 100.00 100.00 75.00 100.00 100.00 100.00 100.00 100.00 100.00 100.00 100.00 100.00 85.71 50.00 100.00 100.00 100.00 50.00 100.00
93.06=80.00 100.00 100.00 100.00 100.00 83.33 85.71 100.00 100.00 100.00 100.00 100.00 100.00 100.00 50.00 85.71 100.00 100.00 100.00 100.00 66.67 100.00 100.00 100.00 83.33 50.00 100.00 100.00 100.00 100.00 100.00
89.45=100.00 100.00 100.00 100.00 100.00 100.00 100.00 66.67 75.00 66.67 100.00 100.00 100.00 75.00 75.00 71.43 100.00 100.00 80.00 100.00 100.00 100.00 75.00 100.00 80.00 33.33 100.00 100.00 75.00 100.00 100.00
91.13=100.00 100.00 100.00 100.00 100.00 100.00 100.00 66.67 50.00 100.00 100.00 100.00 100.00 100.00 50.00 83.33 100.00 100.00 100.00 100.00 100.00 100.00 100.00 100.00 100.00 50.00 100.00 100.00 50.00 100.00 75.00
87.42=100.00 100.00 100.00 0.00 100.00 100.00 100.00 40.00 100.00 100.00 100.00 100.00 100.00 100.00 100.00 83.33 66.67 100.00 100.00 100.00 100.00 60.00 100.00 100.00 100.00 25.00 100.00 100.00 60.00 100.00 75.00
93.98=100.00 100.00 100.00 100.00 100.00 100.00 100.00 100.00 100.00 100.00 100.00 100.00 100.00 100.00 100.00 83.33 100.00 100.00 100.00 100.00 100.00 75.00 80.00 100.00 100.00 50.00 100.00 100.00 75.00 100.00 50.00
91.02=100.00 100.00 100.00 100.00 100.00 100.00 100.00 100.00 100.00 75.00 80.00 100.00 100.00 75.00 100.00 83.33 100.00 100.00 100.00 100.00 100.00 75.00 100.00 66.67 100.00 50.00 100.00 100.00 66.67 100.00 50.00
86.72=66.67 100.00 100.00 100.00 100.00 100.00 100.00 40.00 75.00 66.67 100.00 100.00 100.00 100.00 80.00 100.00 80.00 80.00 100.00 100.00 100.00 100.00 100.00 66.67 83.33 50.00 100.00 100.00 33.33 100.00 66.67
93.71=100.00 100.00 100.00 50.00 100.00 100.00 100.00 50.00 100.00 100.00 100.00 100.00 100.00 100.00 100.00 100.00 100.00 100.00 100.00 100.00 100.00 100.00 100.00 100.00 83.33 100.00 80.00 100.00 75.00 100.00 66.67
94.35=80.00 100.00 100.00 100.00 100.00 100.00 100.00 50.00 100.00 100.00 80.00 100.00 100.00 100.00 80.00 100.00 100.00 100.00 100.00 100.00 100.00 100.00 100.00 100.00 100.00 100.00 100.00 100.00 60.00 100.00 75.00
91.77=80.00 100.00 100.00 100.00 100.00 100.00 100.00 66.67 100.00 100.00 100.00 100.00 100.00 100.00 100.00 100.00 100.00 80.00 100.00 100.00 100.00 100.00 100.00 75.00 60.00 33.33 100.00 100.00 75.00 100.00 75.00
89.30=80.00 100.00 100.00 100.00 100.00 100.00 100.00 50.00 75.00 100.00 100.00 100.00 100.00 100.00 80.00 100.00 100.00 100.00 100.00 100.00 100.00 66.67 100.00 50.00 75.00 50.00 100.00 100.00 66.67 100.00 75.00
85.59=100.00 100.00 75.00 100.00 66.67 100.00 100.00 66.67 100.00 100.00 80.00 100.00 80.00 75.00 100.00 80.00 75.00 100.00 80.00 100.00 100.00 100.00 100.00 75.00 66.67 0.00 100.00 100.00 66.67 100.00 66.67
89.19=80.00 100.00 100.00 100.00 100.00 100.00 100.00 66.67 100.00 100.00 80.00 100.00 75.00 100.00 60.00 71.43 80.00 100.00 100.00 100.00 66.67 100.00 100.00 50.00 100.00 100.00 100.00 100.00 60.00 75.00 100.00
87.47=80.00 100.00 100.00 100.00 100.00 100.00 100.00 66.67 75.00 75.00 100.00 100.00 80.00 100.00 66.67 71.43 80.00 100.00 100.00 100.00 100.00 100.00 100.00 100.00 75.00 25.00 100.00 100.00 50.00 100.00 66.67
91.18=100.00 100.00 100.00 50.00 100.00 100.00 100.00 66.67 100.00 100.00 100.00 100.00 80.00 100.00 100.00 71.43 66.67 100.00 100.00 100.00 100.00 100.00 100.00 100.00 100.00 50.00 100.00 100.00 75.00 100.00 66.67
92.90=100.00 100.00 100.00 100.00 100.00 100.00 100.00 100.00 100.00 100.00 100.00 100.00 100.00 100.00 100.00 75.00 80.00 100.00 100.00 83.33 100.00 100.00 100.00 100.00 66.67 0.00 100.00 100.00 100.00 100.00 75.00
89.45=75.00 100.00 100.00 100.00 66.67 100.00 100.00 100.00 100.00 100.00 80.00 100.00 100.00 75.00 100.00 71.43 75.00 100.00 75.00 80.00 100.00 100.00 100.00 100.00 100.00 0.00 75.00 100.00 100.00 100.00 100.00
91.72=100.00 75.00 100.00 100.00 100.00 83.33 100.00 50.00 66.67 100.00 100.00 100.00 100.00 100.00 100.00 83.33 80.00 100.00 100.00 100.00 100.00 100.00 100.00 80.00 100.00 50.00 100.00 100.00 75.00 100.00 100.00
92.58=100.00 100.00 100.00 100.00 66.67 83.33 100.00 100.00 100.00 100.00 100.00 100.00 100.00 75.00 100.00 100.00 80.00 100.00 100.00 100.00 100.00 100.00 100.00 100.00 100.00 25.00 100.00 80.00 60.00 100.00 100.00
93.59=100.00 100.00 100.00 100.00 100.00 100.00 100.00 100.00 100.00 75.00 100.00 100.00 80.00 100.00 100.00 71.43 100.00 100.00 66.67 100.00 100.00 100.00 100.00 100.00 100.00 33.33 100.00 100.00 75.00 100.00 100.00
94.49=100.00 100.00 100.00 100.00 100.00 83.33 100.00 100.00 100.00 100.00 100.00 80.00 100.00 100.00 100.00 85.71 100.00 100.00 75.00 100.00 100.00 100.00 100.00 80.00 100.00 50.00 100.00 100.00 100.00 75.00 100.00
61.43=92.86 100.00 88.89 100.00 5.26 43.48 91.67 60.00 83.33 100.00 62.50 72.22 100.00 40.00 68.75 66.67 63.64 75.00 36.36 76.92 30.77 100.00 85.71 18.18 42.11 31.58 33.33 47.62 33.33 33.33 20.83
63.49=87.50 92.31 78.57 78.57 0.00 45.83 85.71 70.00 60.00 90.91 57.14 82.35 100.00 53.85 75.00 68.42 80.00 68.42 35.00 88.89 10.00 92.31 86.67 42.86 32.00 28.57 54.55 58.33 44.44 50.00 70.00
62.55=100.00 100.00 91.67 83.33 0.00 52.00 86.67 58.33 42.86 100.00 63.64 85.71 75.00 54.55 81.25 83.33 65.00 57.89 42.86 78.57 20.00 88.24 80.00 30.00 34.78 28.57 57.14 60.00 33.33 60.00 44.44
61.79=76.47 92.31 83.33 100.00 0.00 47.83 92.31 58.33 40.00 100.00 66.67 85.71 75.00 33.33 70.00 75.00 72.22 68.42 40.00 100.00 0.00 88.24 87.50 9.09 33.33 40.00 53.33 50.00 57.14 60.00 60.00
61.60=80.00 100.00 76.92 92.31 0.00 40.91 90.91 50.00 57.14 100.00 68.18 80.00 66.67 60.00 73.33 68.42 77.78 55.56 33.33 91.67 11.11 88.24 75.00 10.00 44.44 38.46 54.55 62.50 30.00 57.14 75.00
