93.36533538146442
95.14464925755249
93.64695340501792
94.96927803379417
95.50819252432157
91.33512544802868
91.32488479262672
93.33845366103431
93.84280593958013
94.64402085369828
72.28482490947333
74.03323416591535
76.83772362341759
76.36451330056958
77.84707384297484
77.70857104035656
77.01989760460299
76.03041007073944
77.54501771429034
78.8308098862441
76.58458919287872
78.56275487106561
79.14456108690823
79.81630949725276
79.27664586782734
93.6235628171112
92.88402457757299
92.92242703533027
95.06132756132757
95.99462365591397
94.23451100870454
95.0857654889913
95.06016385048642
93.9746543778802
93.85048643113159
79.85343727186248
77.7750612833734
77.7349988941378
80.0989342353358
79.99752816738992
76.86966273446923
76.96466750475335
77.33508974097113
77.60283832824054
77.58442252916899
94.430596285435
93.74633431085046
94.11976911976912
95.4851510496672
96.38202299492622
79.99727909048269
79.89238612906856
79.60745488678364
79.28165037915409
80.1267834290571
76.82576072246962
78.22443973432183
77.5220157838452
77.32104849722583
77.31649588285804
93.53686635944702
92.70434762370249
92.68817204301075
93.17413769026673
89.74427901847257
79.32094778724219
78.7858623773729
77.6287317885267
77.92792465888807
77.7431257220746
88.20753619140716
95.53076851463946
90.53379416282641
92.96850998463903
93.36021505376345
79.45292285598259
78.05686922365892
76.47688576117059
78.32861700388369
76.4885492262935
80.32736808959125
79.29982206325765
79.1561980348464
77.65981872366399
79.58833190162656
89.92528976399944
93.02192431224688
95.54356933389191
94.07915561141367
93.7834566866825
75.90705774148446
77.04139323571512
77.84405890648539
77.75818186493443
77.777910475214
75.91735828856733
79.2988906386559
78.02486207147795
78.51047745493435
79.51079036226172
95.78853046594982
91.186170460364
95.39938556067588
89.5361448587255
94.16364101847972
94.73453070227262
90.31608176769468
95.63969184936926
92.32718894009219
87.41615463389657
91.70890937019969
91.16883116883118
92.08222780803426
92.91905227389097
93.21812596006144
79.38903472107663
78.13279212255175
79.44819237388911
78.46304190045802
78.95524531598883
90.57347670250896
90.11328725038403
93.516268677559
88.34578503933342
89.50780849974399
79.09502409805604
80.27856523474645
79.83701306032292
79.00720873173586
78.98425465488779
94.10743378485314
94.52991452991452
89.8524414653447
89.88351254480285
89.55444934572068
79.54399692357983
79.18292596729678
80.29957253979116
76.47745877312937
77.953884304667
89.33051715309782
91.50153609831031
91.85163850486431
90.42626728110599
90.25985663082437
89.65658893078249
91.25320020481311
93.8453661034306
86.80464854563526
88.42788483917515
80.12141173955314
80.17407968773131
79.96632524389352
79.2273880166423
81.09317017264468
89.20481847901203
89.61213517665132
89.92895545314902
87.66522903619678
92.70161290322581
86.88300051203277
89.66845878136202
88.66935036289877
89.49116743471583
88.94905273937532
88.970348647768
89.71673487802522
90.4191507417314
94.57966764418377
89.83056370153145
80.10381326337239
79.99314588836818
79.50259703950897
79.5549542272249
79.92541783100256
89.61085509472606
90.31699483312384
88.96815550041357
88.25716845878136
91.19604831179784
77.39429414931885
77.53651558556629
78.75127899520751
76.3153752055831
77.71059613493296
89.80589303169948
89.36482871966744
90.81888541565961
93.70153144346693
88.5940045617465
80.52709588920415
80.460127361559
81.58143161155206
79.83173780153723
79.68622422657448
78.2365534369652
78.69356777460379
76.56853389185278
78.32672047946329
78.73675781013021
90.78149001536097
86.67271796304054
89.74462365591397
88.05904668807895
90.35089304539021
81.47663665129053
80.01674275985921
80.62832208538008
79.44568730418705
80.53380984730691
78.44982114190589
78.54036791905396
78.92935678881692
77.83703452502628
80.06868792447347
80.73573671623436
81.24327056641974
80.26814068133847
79.52589541644991
79.86311667913581
88.3941372247824
91.97304487627068
88.81016385048642
93.4536610343062
92.99667178699437
93.28713401294047
91.52329749103943
89.49628776241678
89.46748591909883
86.56135083554439
80.02009207685595
80.55329601700569
82.25429144277534
78.51810267329971
79.0267657358222
90.57091653865847
90.0008145975888
93.95347484057162
87.60450123353348
88.56840292324162
88.47879718847462
89.89870344709055
92.3622166364102
87.5089605734767
89.26890313987089
77.62005339726358
77.9776069065859
77.59136092779451
77.3006008219674
78.88087067469957
90.14016897081413
89.36187916026626
93.30325140809012
89.4948194331496
90.6810035842294
79.44716400559331
80.83169958942555
80.232611337167
79.45171235128261
80.24371366384267
89.85390057970703
87.27424009682075
87.43471582181259
88.20951449983708
90.84054834054834
87.90849673202617
89.85407066052228
85.07040450588839
87.29134664618536
87.71749755620722
79.66074025366662
78.94479549048401
77.93579447411399
80.94451770442984
78.74854893056285
89.69691151142763
90.24222641158126
91.23719918074757
90.12754270818787
91.04041120170152
78.48795349534844
79.85484189485614
78.32531064961685
77.98731069310507
78.74205355312381
80.23731064474899
79.55263159981389
80.14469129708603
80.66020659346347
78.43514434986305
79.79585979195016
77.99720586642164
78.12389406038758
77.57063859618982
80.15983669792732
80.48708073786773
80.43525666828185
80.28213807094139
78.91926256371798
80.01609696948498
79.50615910064307
79.57514077172836
79.31042708748521
79.32030135524045
79.01171468305941
79.19150098005493
79.16240911231712
79.12438192451742
78.76976367767763
80.47272173198327
89.15468044500304
91.69034818228369
90.98106642461482
88.83128520225294
91.45323762259247
78.9636511032809
79.09298050856772
79.28730588595343
79.20632375278022
79.50961614624138
89.11098310291858
88.97494530559047
88.83768561187918
94.56093189964157
91.20839733742962
79.7197502103002
81.00536798967265
80.44944345512592
81.1742290455093
80.46110882797781
89.11433390560526
90.30977982590885
87.03405017921148
89.89739493060176
90.68449471675278
89.75486431131593
87.818589801512
88.40117767537123
88.93881208397339
88.3269150204634
80.26177330981498
78.99233129316652
80.22735756795882
80.50216030824
80.03114182754283
79.95910150349802
78.65743359865729
79.79222406656734
78.73877023283046
77.00514024179216
89.47772657450076
87.92754736303124
90.2699272054111
88.59912488944747
89.06507471023599
89.17572570798379
90.0782355953134
87.98495411398638
89.80557814523661
89.23451100870456
88.15365637946286
87.78720383559094
92.64848950332822
87.63568868407579
92.77987245729183
81.52308687849309
82.45309373499857
81.3400524715147
81.46093271423535
80.25731547832844
80.63930881815973
80.42239808827227
79.0005591359954
79.27130743830759
80.18647393002055
88.98223640159124
88.74807987711215
85.11392729134664
87.92626728110599
92.36239119303637
93.0845319554997
87.46031746031747
87.61264720942141
89.76015919564307
92.35919098822328
87.14669738863286
88.78485313969185
89.73595401014757
95.19201228878647
89.8572708653354
79.56400465108767
80.93561056426897
80.48532142001201
81.57629529940267
81.43402154200287
88.1541218637993
89.86559139784947
90.09216589861752
88.95289298515108
89.46364567332311
79.97666209124313
79.85593803906694
79.74814441205295
78.52504181454225
78.63198421523079
91.581541218638
90.9741423451101
89.04102012261406
90.76257971419261
91.42665130568356
79.07886958412776
79.25870981915678
80.68731537733476
77.08721194560691
80.39438925543816
88.79404645533678
89.3241167434716
89.93157380254155
91.17649375713893
88.55443839314806
78.63523395774078
80.5717520475014
79.30373527229429
79.30018375902277
79.28258286275107
80.64913613388487
80.30907494009159
81.00906817705243
79.45561530237634
79.32850632191864
88.27922077922078
88.3491598007727
89.97300190848578
85.81029185867894
92.10445468509985
90.35539729088117
91.6393194619001
88.66615463389658
87.44879672299028
85.53123399897594
91.73963133640554
90.15296979006656
90.82949308755761
84.18576942770493
88.36907715939975
90.99735837639065
87.80968135806845
90.51587301587303
91.34472606246801
91.5962621607783
91.42217101894522
88.63787646045711
89.19866871479775
90.09088581669228
86.96876600102406
88.10528023526128
87.66483516483515
92.80529953917052
90.35394265232975
90.23617511520739
87.65856007791493
90.22017409114184
89.72222222222221
91.69574153445122
90.76244543986479
79.26536588734585
80.60961958776932
79.99617796015048
77.66883340610887
78.30714621726156
88.48647768002606
88.7648373132244
89.21494276332987
88.66883116883119
91.09179351114834
89.72488085391312
89.04598985244148
90.22263578715192
88.77845273006564
85.85317460317461
81.45245137637927
80.84901389919011
80.39927481444911
82.1824287423263
80.98203183278113
78.64428720912534
79.14162145087505
79.70749737512261
79.6009927580386
79.8155313444481
90.47456128101288
89.04878275846018
88.01715309779826
89.36507936507937
87.86608552737587
90.27905785970303
87.81571475119863
89.65897901381773
88.20404505888376
88.31483033095937
90.67140296979007
90.14325280454312
88.0430456640134
89.45584881068753
90.51075268817205
87.00303280948441
94.30097680097681
88.69175627240145
90.51587301587304
88.85831752055661
78.71942268816281
80.11097142615864
79.81440871661486
80.33432465475191
79.11565259077773
88.11818110205205
88.8746916166271
90.18817204301075
89.95135688684076
89.25080296048039
90.26579155611414
88.43515803193223
90.22155264090749
87.13587487781037
87.64674393706653
87.2452636968766
89.13978494623655
93.09395801331284
88.70455709165388
90.84440227703985
90.00448028673834
90.00768049155147
88.97465437788019
90.30096985030572
89.83166922683053
80.16918818362039
80.12637798766109
80.22837690199287
79.99089780719196
81.92098181057132
79.73895535970503
79.7293832249239
79.69138032058558
79.14022430953976
80.6923861791134
88.17413769026673
87.50593492528975
90.30721966205837
88.34869431643627
91.25715682167296
90.95779220779221
90.07540846250522
90.56515616999488
89.73118279569891
91.11209578951514
88.58324023646603
87.13837685611878
89.48121770702417
89.93331936880324
89.99980148462122
90.07936507936509
89.94099986035471
89.79388890679215
91.96455873875227
88.06207233626589
80.11808654351022
80.88379585469572
81.65909076982443
80.50972877899443
80.7910500124594
79.32865238981078
79.02676313141626
79.22246353743434
79.46952964439288
79.0597980843922
87.45822278080341
89.36042452171486
87.99539170506914
89.02457757296466
90.15058418284224
87.4686961783736
88.10260370032665
90.27876245618182
88.76728110599079
87.81286365963786
88.65736861704605
90.67780337941628
89.53213005632361
89.82364409783766
89.85855094726062
80.48481829717879
80.71632863287941
80.66776306520326
80.86274665228282
80.14816556482113
79.51583805612793
80.76717540361162
79.51023630245643
79.84302683937352
80.0818566558318
89.95519713261649
87.14797747055813
90.426267281106
90.16862170087975
88.46646185355864
79.60107051390371
79.88045818253687
79.1167958146918
79.78939258856943
79.71300928175866
89.78320067029745
87.991452991453
88.90296979006655
90.55252990736862
88.3696411115766
89.7094214029698
84.91120886282177
89.73630312339989
85.77444956477215
89.0078201368524
80.01496068049164
81.60365727946964
81.73219244435954
80.66538601865294
81.44691552646752
92.24991854024113
89.31899641577061
87.81955499697435
87.03998510450124
87.5491085974957
79.93554605431329
80.15608552900203
81.09243628805126
81.61265068142035
80.02905832274426
89.76510496671787
90.2229088116185
91.88457152166829
90.00128008192526
89.15017619951206
88.49671833542801
89.28571428571428
88.0166876134618
89.59421402969791
87.54352278545828
78.73962590371907
79.60267596710673
80.04892374416994
79.84575734758282
79.44920967168513
89.88351254480285
85.94530021949376
87.81305611950772
90.81541218637993
88.21393660103338
89.2487664665084
89.58042405623051
90.42562724014337
89.79902713773681
87.65809011776754
79.25973965267625
80.65141338411988
80.76956635044942
79.66847209298162
79.20628147156822
80.64845584464929
80.12195432151975
80.17644130588057
80.2525890253594
80.31420722355871
81.09425669074673
81.13046905892185
80.53361636646899
80.42329029377233
81.70587095147917
80.30440602873524
80.5373489094414
79.97425669512725
80.2468275093471
80.3473714445927
91.79548945677979
89.6718335428013
87.96676441837732
90.26625704045058
87.2925103570265
86.59626216077831
88.97849462365592
85.94735909252039
89.76446492575526
89.56849602010892
87.18835823674534
91.92477773122934
88.91518875389843
91.33337988176699
88.07557138202301
81.7020763955207
80.06753627273865
79.6236988353924
79.90791593990416
81.43303329782457
80.05547579795767
78.67915409120896
80.68857155435656
80.9292350520743
79.96870492520463
78.3789840424707
80.67901414087329
80.47305519290269
79.0112814862651
79.27925044656044
79.86428754854263
79.97379755983265
81.62937959749728
80.18683932942845
79.10646226157661
90.20050737792674
89.12395847879719
89.96369222175673
87.60962156123449
88.32355816226786
88.97849462365592
85.18130614904808
88.32006702974446
86.36794209374855
87.78755294884327
80.0063580744712
81.01759599995627
80.95310056929789
80.81133186855538
81.1548570880176
79.05078630936502
78.44470424020467
79.86027546368773
79.44888205959369
79.28011838379355
87.65488991295443
86.94828469022016
90.25089605734767
89.72862263184845
87.77752713236585
91.01015919564306
90.57027649769586
91.09220080994275
90.11997858772052
90.13021924312248
91.05944234976494
90.72718500137854
89.17399804496578
88.55432202206396
89.50827845989137
