76.32616487455198
77.94674859190988
81.06398082204535
79.32272029046224
85.01885211562633
76.33978029139321
73.13177861564958
76.44102313457152
75.34981147884373
74.91632919052275
80.29185867895545
74.79262672811059
79.715821812596
76.42857142857143
82.1889400921659
81.95852534562212
87.68817204301074
85.14592933947773
84.69278033794163
85.32258064516128
83.99385560675883
86.55913978494623
83.62519201228878
82.79185867895546
83.54838709677419
73.48195289846143
80.2662570404506
82.32858539310153
83.45354466322209
75.10056251991735
73.71177209886888
81.92035563003306
83.49078341013825
85.8718611137966
81.37783363589814
77.04773720902753
77.06605222734255
84.89247311827957
82.6036866359447
87.95698924731182
84.89247311827957
89.247311827957
88.17204301075267
89.53917050691244
87.20430107526882
74.65437788018431
88.44086021505376
85.36523064748872
87.37957383118675
82.12330680072618
78.81336405529954
84.56989247311827
86.29032258064517
86.58218125960062
79.59293394777265
81.71274961597543
90.80645161290323
88.7173579109063
90.69892473118279
88.42293906810036
82.39975973846941
86.83947772657451
87.32381417865288
83.87864823348694
85.67262486617327
82.72971652003909
75.07296466973885
78.84408602150539
84.35483870967742
81.07526881720429
74.21786994367639
82.80035376809569
86.4979285947028
86.158357771261
85.35033067291133
83.59447004608295
76.88172043010752
82.28494623655914
83.9247311827957
83.252688172043
86.30272952853598
88.78264208909371
88.2258064516129
89.9615975422427
87.36559139784947
84.63757841036943
82.10061443932412
84.42908346134152
88.01959689056464
88.91532302822627
88.14516129032258
91.1021505376344
88.01075268817203
93.24884792626727
90.80645161290323
83.42805939580134
84.13594470046083
87.57296466973885
89.34715821812597
85.64516129032256
87.71568932859256
87.93010752688174
88.05380998929387
88.98093841642229
89.17040844460199
78.47556565298501
83.15540194572452
86.69354838709677
88.42631382953964
86.57159149094633
87.32020667504538
89.25336312433087
87.80072078459176
87.94024971444328
88.42037890424986
82.31182795698925
84.80798771121353
87.79569892473118
83.76344086021506
79.51612903225806
75.44744681841455
84.78993228993231
85.43732253409675
86.60824838244193
87.24132498326045
85.64132104454684
91.90476190476191
87.95698924731184
87.8225806451613
89.30107526881721
79.14717003426681
81.71880091234931
86.41449052739377
85.02432155657962
85.643532095145
87.58064516129032
91.45673323092677
86.18279569892472
87.46159754224269
84.46236559139784
82.04638551412745
84.40326698391215
85.03153656379465
87.28098961969933
86.5329562910208
73.42057116951926
85.98787413303542
81.66410650281618
80.2813226200323
89.54301075268818
80.43010752688173
91.12903225806451
88.89784946236558
85.64132104454684
90.86021505376344
78.68440971526526
88.26630358888424
83.99631730276893
86.61953637760091
87.62288786482335
78.94954507857736
85.7750314201927
87.7688172043011
86.69087185216216
83.24465856723921
87.93010752688173
90.33398501140438
88.39698831634317
88.64311315924218
88.9925755248336
85.3763440860215
88.01075268817203
88.18740399385563
91.34408602150538
90.43010752688171
72.75938573387936
88.50218777638132
84.3402923241633
85.3324721873109
83.59644835451289
87.21198156682027
88.24884792626727
87.95314900153609
90.48387096774194
90.91013824884793
87.56963645673325
87.44879672299028
87.61520737327189
88.42121140508239
90.5370704564253
86.82411674347159
89.0552995391705
88.57142857142856
90.0
88.41013824884793
86.40552995391705
87.90322580645163
88.11059907834102
88.70199692780338
88.58422939068102
75.12265512265512
86.22969324582228
88.2330214588279
84.436763952893
86.54761904761905
86.87299259879906
90.05376344086022
87.71121351766514
89.78494623655914
84.64669738863286
83.78904249871991
83.03379416282641
85.61443932411673
83.44086021505376
84.00153609831028
88.72783130847647
90.1305683563748
86.2826420890937
86.7741935483871
90.3225806451613
83.65577923302878
87.03917050691244
83.26723455755713
86.70506912442397
89.76807242936275
76.75080296048039
87.00809942745427
84.9661360145231
87.26062467997954
83.45156635479216
89.1090629800307
90.69892473118279
91.59498207885305
88.54838709677419
87.84946236559139
83.48867503990843
86.15684494716751
88.75913513010288
87.37443560024205
88.96268605946025
89.84115347018574
88.78904249871992
90.47840152678863
88.49974398361495
87.38828375925151
90.48643113159241
93.08243727598567
90.10752688172042
88.73655913978493
87.15053763440861
81.1089411326603
86.86205371689242
86.8281986830374
85.98647768002606
86.00579527998883
86.76651305683563
90.75268817204302
93.52150537634408
90.26881720430107
92.90322580645162
86.86233705518418
91.1610343061956
88.75694198274844
86.83226271935949
89.89898989898991
83.75005818554206
88.94102313457151
84.39186261766906
82.5276963180189
88.19252432155658
83.50486431131591
85.93701996927804
80.68100358422939
84.76958525345621
84.6236559139785
79.59770516222129
89.09952055113345
85.37682747360167
87.9270997819385
88.58120374249405
86.45545314900153
88.73655913978493
91.79723502304148
87.76881720430107
92.90322580645162
87.49615975422425
90.61443932411674
93.46774193548387
92.00716845878136
91.29032258064517
86.42089093701998
91.98028673835125
87.5089605734767
92.92114695340503
87.33870967741936
86.14823348694318
86.76651305683563
84.04249871991806
79.90015360983104
85.50691244239631
88.46390168970815
88.2258064516129
90.62724014336918
90.94086021505377
91.36200716845877
87.51024065540194
86.7741935483871
88.72759856630825
86.85099846390169
88.18996415770609
81.05336477604948
89.49764393312779
84.2249685798073
83.6618668070281
86.3389656938044
84.54301075268818
89.58781362007169
88.7557603686636
89.11290322580643
91.05734767025089
82.40655401945725
87.3945677977936
88.82849229623423
90.3584229390681
86.70122887864825
87.72692361402038
92.58064516129032
90.96006144393242
91.0752688172043
93.89400921658986
83.8773681515617
90.74617139133268
88.57782898105478
90.30163385002095
89.99419934903806
75.80432862690927
86.9905273937532
89.1983196015454
83.26036866359449
90.13010287203836
89.9021229666391
92.65360983102919
89.48156682027648
93.70967741935483
92.01228878648233
88.252688172043
90.27905785970303
90.86021505376344
87.81362007168458
90.8794162826421
88.70071684587813
91.55145929339477
88.98442954894567
89.75317693059627
88.50951915468046
83.59924126053158
90.09135130102871
88.28981054787508
89.30363543266769
90.25147791276824
85.7620754394948
88.79800307219664
89.46690406367826
90.3977563654983
90.8704557091654
89.25499231950843
91.44393241167434
87.52688172043011
95.16129032258064
90.36866359447005
87.31182795698925
83.03379416282641
88.17972350230414
87.1236559139785
86.37096774193549
78.32768331655986
87.5904203323558
88.2078853046595
90.00128008192524
89.31457431457432
87.27691663175534
89.63040543685706
91.86123911930365
88.75192012288787
91.11355490387749
83.68745054228926
90.22145417306704
87.74065540194574
90.59733277475213
89.60398920076338
93.44086021505376
91.38504864311317
91.09831029185867
94.48540706605223
93.36917562724014
76.19324281915334
89.57582739840804
87.31787925336315
88.48576155027769
90.2048131080389
89.0015360983103
87.784178187404
89.37275985663082
91.2826420890937
91.52329749103943
85.01978308429922
86.80747567844342
88.18612391193035
84.64147859309149
90.19201228878647
89.42652329749104
87.86482334869432
91.26344086021506
92.5179211469534
89.90143369175627
89.29115922749197
91.91837732160315
90.5701019410697
89.97265279523343
90.11706931061771
89.91551459293395
92.27598566308244
92.60752688172043
88.43701996927804
88.54454685099846
83.64055299539172
84.27035330261137
88.44086021505376
86.93548387096774
82.47311827956987
90.42456278699164
90.95703579574547
89.04249871991807
91.19943676395289
91.44474700926315
88.89037721380676
90.73082831147347
91.8377321603128
89.87862495927011
91.31208397337429
76.49927472508118
88.95033282130056
90.37890424987198
90.57173113624727
87.51338267467298
86.4746543778802
85.93657238818527
90.94993715961458
88.49417607482123
88.76053158311223
87.96748591909882
86.92489410231346
87.13203463203463
88.66836568449473
89.92191500256017
88.71223758320532
88.89144905273938
86.88160405902343
87.40911418330774
86.95596518177163
88.59633198342875
88.3392682586231
89.2921146953405
89.96892892054181
92.4641577060932
88.54070660522272
92.8904249871992
87.06989247311827
89.80286738351255
91.26344086021506
89.80798771121353
91.0099846390169
91.56635479216125
90.17409114183309
88.2739840804357
81.09051342922311
91.16173253270027
88.06661080854629
89.49927312830539
92.26830517153097
91.93548387096776
94.78494623655914
92.22734254992321
93.70199692780338
90.99078341013825
91.20071684587813
91.57706093189965
92.1146953405018
91.20071684587813
90.90501792114695
85.63631708793
87.7840797195636
90.75524833589348
90.15454079970212
90.90967276451148
88.30550546539325
92.04675253062351
90.56963645673325
90.89826839826841
92.52897639994414
86.62663501373179
89.51868919610855
90.14336917562724
89.72852416400805
88.99245915374948
78.72512849620028
89.24184238700367
89.1866824931341
88.9498673369641
89.27000418935901
88.27956989247312
92.55376344086021
86.41577060931898
88.06451612903226
91.0931899641577
81.36790161684972
89.7281750507557
90.81878694781922
87.62754270818787
88.82616487455196
90.6690021837287
90.4083461341526
91.74137690266723
91.61208862821766
89.6236559139785
82.0688188560197
88.21382022994926
89.43385467579017
91.06246799795186
90.59907834101384
84.68253968253968
88.18740399385561
90.84322487548295
90.4237071172555
89.15165479681609
89.6774193548387
93.06451612903226
90.66820276497698
88.49078341013825
90.07680491551459
85.87941628264208
90.64132104454684
85.5837173579109
85.42626728110599
84.5353302611367
85.99892938602616
89.51182330214587
88.87934645999161
91.84192151934087
90.72452636968767
83.85620915032679
