62.68=95.65 100.00 94.44 90.00 18.75 58.33 90.00 45.83 17.65 82.35 69.70 70.00 76.67 45.95 68.97 77.27 71.43 84.00 31.03 50.00 41.18 87.50 80.77 32.00 33.33 66.67 66.67 17.65 50.00 62.50 66.67
54.52=80.77 100.00 69.23 77.27 35.71 46.00 70.37 63.64 20.00 68.42 69.70 56.41 69.23 33.33 42.86 64.52 64.86 82.14 31.11 60.87 0.00 77.78 78.26 25.81 42.86 50.00 56.25 18.18 20.00 54.55 60.00
55.63=88.00 95.45 70.83 67.86 35.71 41.67 75.00 50.00 25.00 71.43 68.57 65.71 72.00 46.15 61.90 56.41 72.73 75.86 29.17 48.48 0.00 76.67 76.92 24.00 48.00 66.67 60.00 9.09 22.22 42.86 80.00
57.08=80.77 95.24 77.27 76.00 45.45 43.10 80.77 61.11 22.22 93.75 56.82 65.62 77.27 47.06 68.97 60.53 57.89 58.82 31.48 48.48 0.00 92.59 79.17 25.93 50.00 69.23 45.45 12.50 16.67 62.50 66.67
56.45=82.14 95.45 79.17 82.61 30.77 47.17 72.41 50.00 0.00 71.43 61.54 69.70 66.67 53.33 53.33 56.41 75.00 73.33 33.33 44.44 0.00 82.76 82.61 20.00 51.85 53.33 64.29 8.33 25.00 63.64 100.00
61.82=100.00 91.67 75.00 69.23 10.71 61.54 95.45 80.95 31.58 65.22 62.16 85.19 64.52 62.07 45.45 69.23 80.00 100.00 39.47 60.00 66.67 78.12 88.46 23.33 47.83 82.35 66.67 30.00 0.00 38.10 45.45
53.92=95.83 81.48 69.23 57.14 5.26 52.17 75.00 59.09 26.67 70.00 73.53 72.73 70.37 36.00 35.71 62.86 67.57 65.38 53.57 72.22 7.14 85.71 68.57 12.50 42.31 59.09 47.62 42.86 0.00 50.00 53.85
57.54=88.46 91.67 68.00 62.50 0.00 41.07 87.50 60.71 23.08 76.47 62.16 77.42 64.52 75.00 35.71 52.50 65.71 84.00 42.86 77.78 10.00 67.74 75.00 25.00 46.15 54.17 55.56 54.55 20.00 58.33 80.00
58.40=100.00 95.65 70.83 57.14 14.29 38.10 79.17 70.00 40.00 84.21 57.50 82.76 62.96 75.00 30.00 58.82 65.79 60.00 50.00 57.69 0.00 75.00 76.67 20.00 53.57 56.52 66.67 66.67 14.29 58.33 72.73
56.40=95.83 95.65 76.19 63.64 4.55 40.00 80.00 71.43 9.09 76.19 58.54 82.14 56.41 84.21 33.33 64.86 62.16 67.86 46.67 58.33 0.00 83.87 75.76 11.11 58.33 66.67 61.54 37.50 14.29 45.45 66.67
92.94=100.00 100.00 100.00 100.00 100.00 100.00 100.00 100.00 100.00 75.00 100.00 66.67 100.00 100.00 100.00 100.00 75.00 100.00 100.00 100.00 75.00 42.86 100.00 80.00 66.67 100.00 100.00 100.00 100.00 100.00 100.00
97.82=100.00 100.00 100.00 100.00 100.00 100.00 100.00 100.00 100.00 80.00 100.00 100.00 100.00 100.00 100.00 85.71 100.00 100.00 100.00 100.00 100.00 100.00 100.00 66.67 100.00 100.00 100.00 100.00 100.00 100.00 100.00
94.80=75.00 100.00 100.00 100.00 100.00 100.00 100.00 75.00 100.00 100.00 100.00 100.00 100.00 100.00 88.89 100.00 100.00 100.00 100.00 100.00 100.00 100.00 100.00 66.67 66.67 66.67 100.00 100.00 100.00 100.00 100.00
97.74=100.00 100.00 100.00 75.00 100.00 100.00 100.00 75.00 100.00 100.00 100.00 100.00 100.00 100.00 80.00 100.00 100.00 100.00 100.00 100.00 100.00 100.00 100.00 100.00 100.00 100.00 100.00 100.00 100.00 100.00 100.00
95.62=100.00 100.00 100.00 100.00 100.00 100.00 100.00 100.00 100.00 100.00 100.00 66.67 100.00 100.00 87.50 100.00 100.00 100.00 100.00 100.00 100.00 100.00 100.00 80.00 50.00 100.00 100.00 100.00 80.00 100.00 100.00
84.45=100.00 100.00 100.00 100.00 100.00 37.50 100.00 100.00 0.00 100.00 100.00 100.00 100.00 100.00 87.50 62.50 100.00 100.00 100.00 50.00 0.00 57.14 83.33 60.00 100.00 100.00 100.00 100.00 100.00 80.00 100.00
90.41=100.00 100.00 100.00 100.00 100.00 42.86 100.00 100.00 100.00 100.00 100.00 66.67 100.00 100.00 100.00 100.00 100.00 100.00 66.67 66.67 0.00 80.00 100.00 80.00 100.00 100.00 100.00 100.00 100.00 100.00 100.00
88.38=100.00 100.00 100.00 100.00 100.00 50.00 100.00 100.00 100.00 100.00 75.00 50.00 80.00 100.00 100.00 100.00 100.00 100.00 100.00 66.67 0.00 100.00 100.00 80.00 66.67 100.00 100.00 100.00 71.43 100.00 100.00
87.10=100.00 100.00 100.00 75.00 100.00 50.00 100.00 100.00 100.00 100.00 100.00 66.67 100.00 75.00 100.00 100.00 75.00 50.00 66.67 100.00 0.00 75.00 100.00 100.00 66.67 100.00 100.00 100.00 100.00 100.00 100.00
88.60=100.00 100.00 100.00 100.00 100.00 50.00 100.00 100.00 100.00 100.00 100.00 66.67 100.00 100.00 100.00 100.00 100.00 100.00 33.33 100.00 0.00 80.00 100.00 100.00 66.67 66.67 100.00 100.00 100.00 83.33 100.00
83.01=100.00 100.00 100.00 100.00 100.00 42.86 100.00 75.00 100.00 100.00 100.00 100.00 100.00 66.67 100.00 75.00 60.00 100.00 66.67 50.00 0.00 57.14 100.00 80.00 0.00 100.00 100.00 100.00 100.00 100.00 100.00
84.78=100.00 100.00 100.00 75.00 100.00 50.00 100.00 100.00 100.00 80.00 75.00 66.67 80.00 100.00 100.00 60.00 100.00 50.00 100.00 100.00 0.00 100.00 100.00 100.00 25.00 66.67 100.00 100.00 100.00 100.00 100.00
86.72=100.00 100.00 100.00 100.00 100.00 50.00 100.00 100.00 100.00 100.00 75.00 100.00 100.00 100.00 100.00 100.00 50.00 66.67 100.00 33.33 0.00 100.00 100.00 80.00 33.33 100.00 100.00 100.00 100.00 100.00 100.00
82.06=75.00 100.00 100.00 75.00 100.00 50.00 100.00 100.00 100.00 100.00 75.00 66.67 100.00 100.00 88.89 100.00 60.00 66.67 50.00 40.00 0.00 80.00 100.00 66.67 50.00 100.00 100.00 100.00 100.00 100.00 100.00
90.86=100.00 100.00 100.00 100.00 100.00 50.00 100.00 100.00 100.00 100.00 100.00 100.00 100.00 100.00 100.00 100.00 50.00 100.00 50.00 100.00 0.00 66.67 100.00 100.00 100.00 100.00 100.00 100.00 100.00 100.00 100.00
60.70=100.00 100.00 100.00 94.44 29.17 36.67 77.27 87.50 0.00 80.00 78.12 79.17 64.71 57.69 26.19 62.86 70.59 88.00 25.00 52.63 0.00 68.97 95.65 20.69 56.52 100.00 94.12 13.04 0.00 22.73 100.00
62.72=88.46 100.00 85.00 68.97 23.08 40.68 77.78 73.91 50.00 85.00 61.90 75.00 69.70 87.50 48.00 66.67 71.88 79.31 31.71 50.00 0.00 63.33 79.31 21.05 59.26 66.67 78.95 25.00 100.00 27.27 88.89
62.02=95.65 100.00 100.00 74.07 26.32 37.70 81.48 77.27 50.00 77.27 65.71 74.19 62.86 82.35 36.00 69.70 68.57 82.76 33.33 60.00 0.00 78.57 77.78 22.22 54.84 75.00 71.43 37.50 0.00 50.00 100.00
63.05=92.00 100.00 100.00 72.41 35.29 44.44 88.00 75.00 38.89 94.12 64.86 61.11 64.52 78.95 27.59 75.86 63.89 79.31 20.00 50.00 0.00 75.00 88.00 30.00 53.33 72.22 83.33 14.29 100.00 22.22 90.00
59.15=88.46 100.00 100.00 75.00 40.00 35.94 87.50 66.67 44.44 80.00 64.86 68.75 61.11 71.43 25.93 91.67 64.71 77.78 26.19 53.85 0.00 83.33 84.00 23.08 51.61 71.43 68.18 25.00 0.00 25.00 77.78
58.26=96.00 95.24 94.44 86.96 35.71 34.33 76.92 56.25 33.33 72.73 53.33 51.16 63.33 58.62 40.74 64.71 63.16 86.96 28.30 65.22 0.00 82.14 85.71 29.17 54.17 62.50 47.37 0.00 0.00 100.00 87.50
59.35=92.00 100.00 81.82 86.36 42.86 39.68 63.33 62.50 25.00 88.89 57.50 58.97 70.97 68.00 50.00 74.19 70.97 77.78 29.09 51.72 0.00 70.97 86.36 25.00 55.17 71.43 66.67 10.00 0.00 62.50 100.00
62.60=92.31 95.24 94.74 90.00 26.67 40.35 81.82 65.00 60.00 85.00 58.54 58.97 81.48 76.19 50.00 67.65 70.97 88.89 31.25 67.86 0.00 76.47 82.61 28.00 51.61 55.56 60.00 0.00 28.57 75.00 100.00
60.94=100.00 100.00 85.71 83.33 38.46 42.37 81.48 61.11 50.00 82.35 58.54 61.11 75.00 75.00 50.00 65.71 62.16 88.46 32.00 80.95 0.00 73.53 89.47 24.14 50.00 58.82 64.29 0.00 0.00 75.00 80.00
60.59=91.67 95.45 94.74 86.36 33.33 37.93 75.00 59.09 40.00 78.95 52.38 62.16 90.00 70.83 51.43 62.16 71.88 75.86 27.45 70.83 0.00 76.67 83.33 26.92 45.71 62.50 61.54 0.00 40.00 66.67 87.50
82.39=100.00 100.00 100.00 100.00 100.00 37.50 100.00 75.00 100.00 100.00 75.00 40.00 100.00 100.00 100.00 100.00 60.00 100.00 50.00 66.67 0.00 66.67 100.00 50.00 33.33 100.00 100.00 100.00 100.00 100.00 100.00
85.04=100.00 100.00 100.00 100.00 75.00 42.86 100.00 100.00 100.00 80.00 100.00 100.00 100.00 100.00 77.78 100.00 60.00 100.00 66.67 66.67 0.00 60.00 100.00 57.14 50.00 100.00 100.00 100.00 100.00 100.00 100.00
87.46=100.00 100.00 100.00 100.00 100.00 50.00 100.00 100.00 100.00 80.00 100.00 66.67 100.00 100.00 88.89 85.71 60.00 100.00 66.67 100.00 0.00 100.00 100.00 80.00 33.33 100.00 100.00 100.00 100.00 100.00 100.00
82.19=100.00 100.00 100.00 100.00 100.00 42.86 100.00 100.00 100.00 100.00 75.00 66.67 100.00 100.00 100.00 100.00 75.00 100.00 66.67 66.67 0.00 100.00 100.00 50.00 25.00 100.00 80.00 100.00 0.00 100.00 100.00
84.34=100.00 100.00 100.00 60.00 100.00 42.86 75.00 100.00 100.00 100.00 75.00 50.00 100.00 100.00 100.00 100.00 75.00 100.00 66.67 66.67 0.00 100.00 83.33 100.00 20.00 100.00 100.00 100.00 100.00 100.00 100.00
90.95=100.00 100.00 100.00 100.00 100.00 42.86 100.00 100.00 100.00 100.00 100.00 66.67 100.00 100.00 77.78 100.00 75.00 100.00 100.00 100.00 0.00 57.14 100.00 100.00 100.00 100.00 100.00 100.00 100.00 100.00 100.00
87.89=100.00 100.00 100.00 100.00 100.00 42.86 100.00 75.00 100.00 80.00 100.00 50.00 100.00 100.00 100.00 100.00 100.00 100.00 50.00 100.00 0.00 80.00 100.00 100.00 100.00 66.67 100.00 100.00 100.00 100.00 80.00
84.23=100.00 100.00 100.00 100.00 100.00 42.86 100.00 100.00 100.00 100.00 100.00 66.67 100.00 100.00 75.00 100.00 100.00 66.67 100.00 66.67 0.00 100.00 100.00 100.00 0.00 50.00 80.00 100.00 80.00 83.33 100.00
91.47=100.00 100.00 100.00 100.00 100.00 60.00 100.00 100.00 100.00 100.00 100.00 66.67 71.43 100.00 87.50 100.00 100.00 100.00 100.00 100.00 0.00 100.00 100.00 100.00 100.00 66.67 100.00 100.00 100.00 83.33 100.00
90.35=100.00 100.00 100.00 100.00 100.00 50.00 100.00 100.00 80.00 100.00 100.00 66.67 100.00 100.00 87.50 100.00 100.00 100.00 100.00 66.67 0.00 100.00 100.00 100.00 100.00 50.00 100.00 100.00 100.00 100.00 100.00
