59.799618502525206
51.993434001326925
54.48620176216259
57.90394351033984
60.55386412736943
53.585643320823536
53.324572360552644
53.6391012384078
56.361145565467986
58.237721642756945
87.22990271377368
89.64029697900666
91.41425778522553
91.02511287995158
90.44290834613415
79.51031047805242
84.27198249778894
85.61256843514907
83.63927291346646
84.10138248847927
78.01018873599519
83.8246520504585
83.74121398314946
86.65386584741422
85.58069170972396
63.48238997597496
60.55563383563305
60.703730580224175
61.899077306511735
63.1059432261329
59.57178001855464
60.57513725040985
60.99677873473526
60.343125061673625
60.833858957556096
85.67553414327607
83.95865335381465
86.85437322534096
84.78110599078343
85.2761485826002
84.7730763859796
81.83819764464927
83.90552995391707
78.34548963581221
82.79697900665641
60.34482240333192
59.70770270126973
61.486799318338875
61.08070909489303
60.405863157009804
83.3240236466043
87.28331704138155
85.02024856863565
84.65733191539644
86.48303309593632
80.92631382953964
82.33486943164364
86.41419512387255
82.2516641065028
88.05654023395958
60.59582254270915
59.954610669805916
63.02421761887454
59.86507270372853
61.459923630807005
81.21479774705581
83.03041940138715
81.62989340408694
83.29109062980031
82.668854443048
61.96951934295652
63.789910491128225
64.6688231581071
62.04706647315076
61.37553183372066
80.13487408648699
83.1426011264721
84.12442396313365
86.30998929386027
84.05145929339477
79.92959549411162
84.35320951449985
80.8794162826421
82.14925755248336
83.80417073965462
59.80025938290194
59.46104518502465
61.329685309353266
60.8202223352154
59.9233152770254
82.79057859703022
80.98566308243727
83.97535260438487
85.39268974752845
85.57091653865848
84.65251594283852
81.12135176651306
79.79204487269003
82.8172275752921
85.67204301075269
61.212671301742915
61.223837107506945
63.548456634240715
63.122960524037396
62.16504844447977
65.83250461546079
62.54206702574067
63.37001708715863
62.31023087655552
63.4127812044662
62.01901754239576
60.17733150575418
59.30185067349589
62.39638226806756
61.234050283088585
81.43339635275119
82.49871991807476
84.30875576036867
80.66907107229689
80.02914648075937
59.65243807520456
58.32113532950215
60.47712084956724
60.911388940440276
62.01228718534181
82.1676441837732
82.71377368151562
85.37092835479932
83.28598820534306
85.93521174166337
64.48197764417353
63.32085223515997
62.652300981604206
64.39326827419218
64.20689315633417
79.60375645859516
79.99342055793669
81.54577501351696
82.33329394619717
77.56400409626217
63.66686701071986
64.43785437937942
64.39696203096307
62.432768981208504
63.25869706777533
60.001523244508455
61.825791368920896
58.73064288438144
60.33887886997117
59.338442816540685
75.57254573383605
83.19979303850273
82.50465484336453
85.58982236401592
82.83759251501186
61.2799942517981
64.44031003533797
63.30212738725864
65.42433295858379
61.57376722240063
59.9971298534073
60.65279672500511
61.280643021952066
59.018292830705875
60.05268103833073
62.166206663558306
62.696597164991964
60.14759205598714
64.10021981442961
60.94922717996554
75.61781408555602
82.76093977706883
81.99574618929458
77.54992319508449
87.02753339850112
58.425865130350914
60.57478221713478
59.92422718870057
59.19473839003992
60.77351871795968
79.08462505236697
77.126216077829
78.33707511126866
80.76155027767933
81.81341060373319
63.7164454772549
62.14429063974059
59.160677832067066
62.45644995340214
62.825746878702084
79.80637641927964
75.53018665921893
77.24898757156822
82.20569752827818
78.52185448959644
78.8655520107133
79.0399385560676
83.55536936182098
78.62920233887975
77.85458269329237
65.36091202562073
65.01063838160171
64.3902351096142
63.526306664571024
64.27184881276779
80.73860727086533
76.9814683524361
80.91106921752083
82.40112038499134
80.2483358934972
76.95596518177165
79.39166568198829
80.70474328538845
83.05171530977982
79.37403993855607
78.92089093701996
81.59102546199321
82.01252152865057
73.78648233486943
79.7059302704464
61.289842860445304
60.71381601597206
61.691737767242486
59.76637269575688
60.654173205242266
