58.71=88.89 100.00 75.00 76.00 11.11 51.28 85.71 50.00 27.27 65.22 66.67 84.00 70.83 33.33 68.00 52.50 68.75 71.88 39.13 86.67 15.38 75.86 82.61 38.89 33.33 53.85 45.00 50.00 26.32 66.67 60.00
59.80=91.67 100.00 81.82 82.61 2.50 55.26 76.92 73.68 29.63 81.25 52.63 88.46 57.58 39.13 73.91 80.77 73.33 70.00 56.25 76.47 30.77 79.31 80.77 31.25 33.33 53.12 41.18 40.00 33.33 50.00 36.84
59.80=91.67 100.00 81.82 82.61 2.50 55.26 76.92 73.68 29.63 81.25 52.63 88.46 57.58 39.13 73.91 80.77 73.33 70.00 56.25 76.47 30.77 79.31 80.77 31.25 33.33 53.12 41.18 40.00 33.33 50.00 36.84
54.50=85.71 91.30 70.83 86.96 3.12 43.48 74.07 52.63 16.00 75.00 60.00 75.86 50.00 27.78 75.00 75.86 70.97 60.61 35.00 66.67 12.50 82.14 70.97 35.29 22.86 61.90 50.00 41.67 28.57 50.00 36.84
56.96=95.65 95.45 76.00 66.67 2.70 45.28 74.07 44.44 27.78 82.35 52.50 88.00 46.88 35.00 87.50 66.67 74.19 58.97 35.29 70.59 0.00 77.42 76.00 46.15 38.46 56.00 53.85 64.29 26.32 62.50 38.89
55.50=92.00 91.30 78.26 68.97 0.00 46.00 69.57 62.50 23.08 88.24 60.00 84.62 51.28 20.00 72.41 91.67 70.00 57.50 35.29 63.16 0.00 74.19 77.27 29.41 32.26 55.56 47.37 53.33 20.83 50.00 54.55
60.80=88.89 100.00 79.17 76.00 0.00 43.14 90.91 61.90 50.00 100.00 60.61 75.86 55.26 33.33 84.00 89.29 75.86 55.81 53.33 57.89 0.00 80.65 77.78 43.75 36.11 60.87 44.44 64.71 27.78 63.64 53.85
53.59=95.24 100.00 78.26 75.00 3.33 56.10 76.92 50.00 16.67 43.33 73.33 87.50 78.12 57.14 25.00 79.17 74.19 66.67 15.00 55.00 15.38 86.36 78.26 9.09 29.63 45.45 61.90 22.22 23.53 50.00 33.33
55.96=86.36 100.00 85.00 64.52 0.00 48.00 100.00 46.43 18.75 64.00 60.53 76.00 61.29 73.33 44.44 79.17 67.57 75.86 36.84 57.14 6.25 87.50 72.00 0.00 36.36 59.26 55.56 58.33 8.70 50.00 55.56
55.41=100.00 100.00 94.74 70.37 0.00 43.10 90.91 51.72 21.05 59.09 72.22 67.65 71.88 53.33 33.33 76.00 64.86 74.19 33.33 50.00 0.00 67.86 89.47 11.11 45.83 53.57 51.85 61.11 26.67 46.15 36.36
56.15=100.00 100.00 100.00 68.00 0.00 43.10 95.00 59.26 28.00 61.90 54.55 75.00 68.57 52.63 47.06 79.17 72.73 71.88 26.32 68.75 0.00 78.57 85.71 0.00 29.63 61.54 61.90 58.82 15.79 38.46 38.46
58.17=92.00 100.00 94.74 64.52 2.44 40.98 90.48 62.50 27.78 78.95 54.35 63.89 63.64 56.25 38.89 68.00 79.31 78.57 47.06 63.16 0.00 85.71 80.77 0.00 43.48 60.00 68.18 82.35 23.53 50.00 41.67
87.23=100.00 100.00 87.50 100.00 100.00 100.00 100.00 80.00 57.14 83.33 77.78 100.00 66.67 71.43 88.89 80.00 88.89 100.00 100.00 100.00 100.00 100.00 100.00 100.00 66.67 60.00 100.00 75.00 62.50 75.00 83.33
89.33=100.00 100.00 87.50 100.00 57.14 88.89 100.00 57.14 100.00 83.33 100.00 87.50 100.00 71.43 87.50 88.89 100.00 100.00 100.00 100.00 100.00 60.00 77.78 83.33 88.89 100.00 100.00 100.00 83.33 83.33 83.33
92.71=100.00 100.00 87.50 100.00 80.00 88.89 100.00 66.67 83.33 100.00 77.78 100.00 100.00 100.00 100.00 100.00 87.50 100.00 100.00 100.00 100.00 83.33 100.00 66.67 100.00 100.00 85.71 100.00 66.67 100.00 100.00
92.14=100.00 100.00 85.71 75.00 100.00 88.89 100.00 66.67 62.50 100.00 100.00 100.00 83.33 100.00 100.00 90.91 80.00 100.00 100.00 87.50 100.00 100.00 100.00 83.33 100.00 100.00 100.00 100.00 85.71 100.00 66.67
92.15=100.00 100.00 87.50 100.00 100.00 100.00 100.00 57.14 100.00 100.00 100.00 100.00 100.00 83.33 87.50 100.00 100.00 100.00 100.00 88.89 100.00 100.00 100.00 75.00 88.89 75.00 100.00 87.50 62.50 83.33 80.00
78.55=87.50 100.00 100.00 100.00 100.00 63.64 100.00 75.00 83.33 66.67 100.00 87.50 88.89 80.00 80.00 83.33 85.71 77.78 100.00 80.00 0.00 100.00 71.43 71.43 57.14 20.00 66.67 87.50 71.43 100.00 50.00
83.91=77.78 100.00 100.00 75.00 60.00 58.33 100.00 44.44 83.33 100.00 100.00 100.00 100.00 100.00 85.71 100.00 88.89 100.00 100.00 88.89 0.00 100.00 100.00 83.33 88.89 33.33 83.33 100.00 50.00 100.00 100.00
87.51=100.00 100.00 100.00 100.00 100.00 61.54 100.00 80.00 100.00 100.00 100.00 87.50 85.71 100.00 77.78 90.91 100.00 100.00 100.00 87.50 0.00 100.00 100.00 83.33 75.00 40.00 100.00 88.89 71.43 83.33 100.00
84.37=87.50 80.00 100.00 100.00 100.00 61.54 100.00 60.00 100.00 100.00 100.00 100.00 100.00 100.00 75.00 100.00 100.00 77.78 83.33 77.78 0.00 100.00 83.33 83.33 77.78 20.00 100.00 87.50 75.00 85.71 100.00
82.43=87.50 83.33 100.00 75.00 100.00 53.85 100.00 50.00 83.33 100.00 100.00 87.50 100.00 80.00 71.43 77.78 80.00 100.00 100.00 88.89 0.00 100.00 83.33 83.33 90.00 33.33 100.00 100.00 66.67 100.00 80.00
78.53=66.67 100.00 100.00 100.00 75.00 63.64 100.00 50.00 71.43 100.00 87.50 77.78 100.00 71.43 100.00 90.00 70.00 100.00 100.00 100.00 0.00 100.00 100.00 33.33 66.67 75.00 75.00 66.67 44.44 100.00 50.00
85.05=70.00 100.00 100.00 100.00 100.00 66.67 100.00 75.00 100.00 83.33 85.71 100.00 88.89 60.00 100.00 100.00 80.00 100.00 100.00 100.00 0.00 83.33 100.00 57.14 80.00 100.00 75.00 88.89 62.50 80.00 100.00
84.10=87.50 83.33 100.00 75.00 80.00 66.67 87.50 100.00 100.00 100.00 100.00 100.00 83.33 100.00 100.00 83.33 80.00 100.00 100.00 100.00 0.00 71.43 100.00 60.00 72.73 75.00 100.00 88.89 62.50 100.00 50.00
87.16=87.50 100.00 100.00 100.00 100.00 70.00 100.00 80.00 80.00 100.00 87.50 87.50 100.00 80.00 100.00 66.67 80.00 100.00 100.00 100.00 0.00 80.00 100.00 80.00 85.71 100.00 100.00 88.89 62.50 85.71 100.00
87.68=87.50 100.00 100.00 100.00 66.67 63.64 100.00 100.00 83.33 71.43 100.00 77.78 100.00 100.00 88.89 100.00 80.00 87.50 100.00 88.89 0.00 100.00 100.00 100.00 77.78 100.00 85.71 87.50 71.43 100.00 100.00
60.85=91.30 100.00 93.75 95.00 0.00 44.00 90.48 61.90 36.00 82.35 67.74 86.96 77.27 58.33 54.29 66.67 74.29 54.05 52.38 88.89 0.00 81.82 74.19 13.33 37.50 91.67 50.00 44.00 42.86 63.64 11.63
59.92=87.50 100.00 85.00 80.00 2.94 41.38 91.67 63.16 23.81 93.75 61.54 86.36 56.67 60.00 69.23 68.57 71.43 45.45 60.00 77.78 0.00 92.86 76.67 31.25 25.00 70.59 50.00 65.00 20.00 50.00 50.00
58.69=92.31 100.00 85.71 80.00 0.00 50.00 83.33 63.64 30.43 88.89 68.57 75.86 62.50 50.00 64.29 68.75 76.47 52.50 44.00 68.18 0.00 85.71 70.00 15.79 52.63 57.14 52.38 43.75 25.00 71.43 40.00
61.20=78.57 95.00 85.00 70.37 0.00 48.94 88.46 62.50 38.89 73.68 69.70 58.82 64.29 65.38 81.48 77.42 74.29 56.41 45.83 75.00 0.00 86.67 75.00 31.58 50.00 73.33 52.38 61.11 15.38 66.67 75.00
63.48=95.83 95.45 94.44 76.92 3.03 51.06 91.67 68.00 50.00 83.33 65.79 76.67 69.70 58.33 75.00 80.77 80.65 55.00 43.48 77.78 0.00 75.76 70.59 29.41 41.38 66.67 66.67 55.56 30.00 83.33 55.56
59.48=82.14 100.00 72.00 80.00 5.88 46.67 76.92 87.50 29.41 80.00 64.52 56.41 52.63 43.33 59.38 83.33 66.67 64.86 42.11 76.92 0.00 64.86 75.00 37.50 37.50 78.95 47.37 72.22 35.71 62.50 61.54
58.84=75.00 95.45 78.26 62.50 0.00 47.83 64.29 45.83 25.00 76.19 59.38 70.97 62.16 57.89 88.00 88.89 56.10 62.16 36.84 71.43 0.00 72.73 72.00 50.00 41.38 66.67 56.25 78.57 33.33 83.33 45.45
60.00=92.31 91.30 72.00 68.97 0.00 44.23 83.33 70.00 11.11 78.95 60.53 64.71 48.84 52.17 72.41 95.45 63.89 58.54 52.38 85.71 0.00 78.57 84.62 33.33 44.44 68.42 57.14 73.33 33.33 70.00 50.00
