76.32616487455198
78.61681329423266
80.46432062561095
79.1973707296288
84.70476655960528
76.33978029139321
73.8345435926081
75.44186100637714
76.04326676907323
74.30677745193874
80.29185867895545
74.79262672811059
79.715821812596
76.01382488479263
80.42242703533024
84.5468509984639
87.68817204301074
82.81105990783409
86.67434715821813
85.80645161290322
81.63978494623655
86.34408602150538
80.39938556067588
79.88479262672811
82.90322580645162
77.23876481940998
79.5092631382954
80.14709305031886
80.3683144812177
75.41858678955452
67.02747412424831
79.51682725876273
80.11858213471118
83.66290519516328
80.00210363113588
79.30107526881721
77.25806451612904
85.6989247311828
79.43164362519201
82.6036866359447
81.43625192012288
87.25038402457757
86.57450076804915
87.09677419354838
84.6774193548387
71.28648233486943
84.62575059349253
79.40150351440673
85.98277170857817
80.43487874133037
75.75652841781873
84.19354838709677
83.70967741935483
82.33486943164363
78.48694316436251
82.67025089605735
87.47311827956989
87.09677419354837
88.40245775729646
86.76651305683563
79.52218032863195
84.02191894127378
86.2035187035187
81.41053391053391
82.3148536051762
82.23118279569891
72.98387096774192
77.1236559139785
84.94623655913978
76.93548387096774
69.22268519042711
83.475073313783
84.34145603500443
85.30198296327328
83.08790671693897
77.35407066052227
79.62365591397848
84.27803379416282
82.54224270353303
85.1574500768049
77.50384024577573
82.87250384024577
87.81874039938556
87.56528417818741
83.40245775729647
82.95612649617098
82.18312153796025
81.92780337941629
86.06225315902736
85.5655008074363
86.69354838709677
92.04301075268818
88.4331797235023
92.6574500768049
88.46390168970814
84.32411674347159
83.73655913978493
85.35330261136713
86.47465437788017
84.62365591397848
76.36549830098218
85.4529162593679
84.51928000315098
86.4492944331654
87.78629077016176
67.85935390774101
81.5131732067216
85.36808173904949
85.70847611170193
83.15656565656566
81.34388908582457
86.73160173160173
87.96967369548015
86.58311222827354
84.18458781362007
85.3763440860215
82.23118279569891
86.66666666666666
83.49462365591398
81.52329749103943
65.99843480891867
83.54175394497977
83.37429595494113
86.7840850905367
86.12614088420541
84.13978494623655
91.42089093701998
83.87096774193549
88.84024577572966
88.87096774193549
73.03763440860214
80.50902502515406
85.83368244658567
81.89964157706093
81.57368617046036
89.50076804915516
92.60368663594468
87.31182795698925
88.84408602150538
84.01689708141322
75.63077782432622
81.96736954801472
84.50658660336082
85.55415910254621
84.49262207326724
70.0746965452848
83.09593632174277
83.46262160778289
79.36596557564299
86.069799376251
80.83333333333334
90.99078341013823
89.08602150537634
83.65207373271889
88.57142857142857
73.99182914477687
86.90685658427594
85.67332309267795
85.09216589861751
85.69962295768748
79.45871208061756
85.91514220546479
85.45407997020902
82.7369315272541
78.18949867336964
79.96204933586337
85.89605734767025
83.39964694803403
88.9871597936114
85.30081925243216
82.13796955732441
84.7004608294931
88.80184331797236
87.84946236559139
85.18433179723503
57.054664207539396
88.55339105339105
83.41595680305358
85.36216471700344
79.40080528790206
88.36021505376344
87.88786482334868
86.82027649769586
88.01075268817205
90.0268817204301
82.168458781362
81.39563841176745
88.37035724132498
86.85355862775218
88.03462666365894
86.17162407484987
83.3026113671275
87.71121351766514
88.6021505376344
85.29185867895545
84.72734254992321
88.9247311827957
87.38863287250385
85.1305683563748
87.04301075268818
69.62575059349253
85.66494437462181
84.21100404971372
83.97977470558116
86.0270911883815
80.88325652841782
88.22580645161291
84.96927803379415
88.35637480798772
83.9784946236559
81.66154633896569
79.94623655913978
84.21658986175115
86.52329749103943
83.44086021505376
85.6221198156682
88.35637480798772
87.44623655913979
84.53149001536097
86.27496159754224
71.59067634874087
83.18868407578084
81.82707973030553
83.30615620938202
87.7994227994228
71.41855880395778
82.53281664571986
82.87762416794673
82.94418842805939
82.92999115579761
86.9585253456221
89.13978494623656
85.3225806451613
88.44086021505376
85.80645161290323
79.0258576548899
83.83758714403876
86.80014430014431
85.7615323744356
87.50698226504677
84.11523064748872
90.27603221151608
88.79288274449566
86.5355164548713
83.67127496159756
92.28563551144197
91.09831029185867
91.65898617511522
86.09831029185867
86.18279569892472
76.87378929314413
84.28001210259275
85.98913631171696
83.81429502397245
83.28597030209934
83.89400921658986
87.31182795698925
92.28494623655914
89.03225806451613
88.54838709677419
83.19925779325112
89.66682958618445
85.46821458111782
81.74824279662988
88.87692057046895
73.55747299295685
85.3941488618908
83.30231596360629
80.10310478052413
85.73313782991202
80.00162919517757
82.4884792626728
85.61443932411674
82.31182795698923
76.3978494623656
75.43010752688173
88.04996974351813
83.98954987664666
87.92068146906858
86.48954987664665
87.71505376344085
91.63594470046083
90.16129032258064
88.37173579109061
88.57142857142857
88.69850579528
87.49615975422428
93.15412186379929
90.3942652329749
88.6021505376344
86.50537634408602
92.63056835637481
87.17357910906297
94.7004608294931
89.66973886328725
84.14874551971326
84.80798771121353
79.91167434715821
76.27496159754223
81.9815668202765
86.83307731694829
90.43010752688171
88.53302611367127
95.18433179723503
89.89247311827957
88.08371735791091
85.30465949820788
88.81720430107526
88.10547875064005
82.28494623655914
79.40150351440674
84.72222222222223
85.57138202299492
80.10661381629124
85.2761485826002
87.68049155145928
85.37250384024577
87.11981566820275
91.8279569892473
88.54070660522274
78.3276987205187
83.52231997393288
85.17316017316018
86.94269887818275
85.33619606200251
81.80343849698689
89.59293394777265
89.40092165898618
88.27956989247312
89.43164362519201
81.41353046594982
91.08027277382116
83.74354140483173
89.08858166922683
88.5350044221012
72.123315752348
88.2632779406973
84.05648115325535
84.8355676581483
87.19755155239028
83.23604710701484
87.54992319508449
84.89247311827957
90.0
90.10752688172043
88.01075268817205
92.81874039938556
90.02304147465439
89.03225806451611
88.67127496159755
84.2963577640997
89.98198038520619
85.01501186985061
88.6084345761765
87.16077828981055
78.20081352339416
85.35016059209609
84.9257552483359
85.25207767143253
88.75529488432716
76.7787774337735
88.77368151561701
88.22522459619235
85.6175813433878
91.05084879278427
86.98156682027648
88.87096774193549
89.6774193548387
92.9800307219662
89.02457757296466
86.6205837173579
84.40860215053763
87.41935483870968
88.18996415770609
84.40860215053765
66.57532905635374
85.49923195084484
87.5767064476742
87.22084367245658
86.02744030163386
79.22141167232333
85.40834613415258
90.36226318484384
86.94828469022018
89.82590885816693
77.32462877624168
86.20921193501839
85.5389144905274
89.3295861844249
88.9132104454685
92.14226633581472
88.24884792626729
90.34562211981567
92.84946236559139
92.66129032258064
82.43471582181257
85.25624912721686
84.25161755806919
86.2985849276172
89.37403993855607
91.06409719312944
88.33333333333333
88.41397849462365
94.5084485407066
91.63082437275986
79.81540335822872
86.70413815575105
89.3108504398827
83.08290276032211
85.97926267281107
88.24372759856631
89.27035330261137
90.59139784946235
94.91935483870967
91.09831029185867
85.70286765732686
89.36123911930363
86.81725084950892
88.85525764558022
89.62179397663269
86.78827444956475
91.4247311827957
95.13056835637481
91.04454685099846
89.6774193548387
81.04838709677419
84.00537634408602
85.87941628264208
86.02150537634408
82.81874039938556
88.15458734813573
89.60701484895033
88.4241206821852
89.7747055811572
91.56800189058255
83.93229530326305
90.01489549876648
89.40988223246286
89.36891961085512
91.27358304777661
66.30549291324857
86.51375506214215
89.34075780849973
88.45307917888564
83.69676022901828
75.46292417260159
84.8945857010373
86.97470092631383
85.97424081295048
87.18463436205371
83.1400409626216
87.15786901270772
83.09209607596705
85.8294930875576
87.16845878136202
83.34322487548295
86.27670716380393
87.03230461294979
86.49001536098312
83.80236251203992
82.21198156682027
89.4554996974352
88.33973374295955
88.74542124542126
90.36866359447005
88.62135176651306
93.92089093701998
88.81720430107526
88.05171530977982
94.11290322580645
87.16077828981055
89.6838197644649
88.41898245124052
89.54685099846391
87.51782267911301
79.62917011304108
85.72266443234187
86.25401480240191
86.45289298515107
89.64915908464295
90.64132104454684
93.84024577572966
90.4531490015361
91.44393241167434
89.00153609831028
94.43164362519201
88.30261136712751
90.50179211469535
91.4247311827957
94.48540706605223
78.6678249012215
84.24312246892893
88.86142531303821
88.6994367639529
88.1693664758181
83.8358758408814
91.44639410768443
88.90891840607212
88.87213145277661
90.28126891030116
80.56358516035935
89.66508401992273
88.73015873015872
88.11699948796725
85.20865335381464
71.73882569043859
87.44053437601825
84.84338242402758
88.11653400363079
86.21351766513055
90.30465949820788
90.10752688172043
84.62365591397848
88.81720430107526
88.24884792626727
72.7752176139273
87.25633685311104
89.7951868919611
83.62053716892426
82.25503886794209
83.70676814225202
90.8115719406042
90.35541519412486
91.21177209886886
87.83154121863798
76.67810052060527
85.44081366662012
83.8075455010939
87.79313876088071
90.95691942466138
78.82199878974072
87.05906996229578
85.38693385467579
89.5924684634362
87.36268212074664
90.74151654796816
89.73118279569891
89.77214541730669
88.54454685099846
88.49462365591398
85.61059907834102
86.63978494623655
85.74884792626729
83.57142857142857
84.42652329749104
84.97951868919611
86.77035330261137
89.26907322068611
90.62062489481845
87.64581296839361
83.22153478133023
84.44619001070615
88.03241561306078
86.42857142857144
85.89698831634315
83.55664944374621
87.11201880556719
85.7552483358935
86.22585300004654
88.98361495135688
86.79979518689197
89.98929386026161
89.24069657940625
89.32923707117256
87.92487082809664
87.49615975422427
95.3225806451613
92.71505376344085
95.69892473118279
92.22734254992321
92.39247311827957
89.31131592421916
92.58064516129032
93.19892473118279
87.9032258064516
84.6531896701676
91.71216776055486
90.83707511126867
89.97439836149515
90.68868407578086
80.30075659107916
86.38958711539355
87.40143369175628
88.33589349718382
89.43036354326676
82.04843139286427
86.42473118279571
88.64183307731695
86.87857841083648
88.18053809989294
90.02304147465438
92.168458781362
91.29032258064515
92.98003072196622
94.83102918586789
81.57869012707722
87.11981566820276
88.95161290322582
87.1774193548387
85.34946236559139
80.51587301587303
84.94613809129939
87.6993436670856
91.30686517783292
85.91840059581996
89.35483870967742
95.08064516129032
93.03763440860214
90.3942652329749
91.73835125448028
88.2999581064097
91.02278545826935
89.50914676721129
89.34808918679887
90.08704557091654
81.96236559139786
85.99252897639997
88.57142857142857
86.71146953405017
87.93697342084438
89.99231950844853
91.11623143881208
91.98924731182795
94.62365591397848
94.29723502304148
85.02872847893885
91.37992831541219
91.85693338919147
89.9687140816173
87.8584229390681
89.0194572452637
86.82795698924731
