58.71445492151788
58.71445492151788
57.08756430188929
57.986179904557936
57.6668256870954
60.05595614699004
58.754560611273384
54.56686092663941
55.22724710073858
57.83441781411632
57.1761310741912
88.03763440860216
88.37813620071685
90.2109807754969
94.95647721454175
90.80773169482848
80.07296466973887
80.94109295722197
87.65710096355258
88.67255504352278
87.03149001536097
83.57724712563422
88.44913151364766
90.12544802867386
91.9457245263697
92.76823534888051
61.42540214645198
63.20470872146419
61.498346259039614
64.08966493222728
61.08866411274043
60.964003165504714
60.29377028869505
62.99622387092397
61.00916761920949
63.23693936580917
85.65191081320113
88.61879160266257
88.94300144300145
88.78264208909371
90.89477726574502
87.50256016385049
86.27880184331798
88.11374109761206
86.30009775171068
91.07526881720429
62.45965159709079
60.94098944561579
62.55908191749845
63.03135419797817
62.11825187200162
89.57966764418377
90.53123399897592
87.0207838756226
92.60613042871108
88.12712377228505
83.53221151608248
87.35023041474655
85.33503235116137
92.95442908346135
85.77805706837964
62.96646448778458
