46.09870037991641
47.78440888911834
52.74583502561178
54.04525814827806
54.50488369829672
64.50616904463058
64.96490688798382
67.62928176158552
67.56317591540262
66.18319984109458
82.35529379593441
82.24198145137655
81.28193861654209
85.77681421936006
82.30504511761954
62.97121681737067
63.387920558973185
63.605880174706094
63.95958180371136
65.66540611884741
59.182549992147514
64.69044844044844
62.68053156919554
63.40402164187589
64.74407216714908
63.84286628404275
65.25516363977901
62.76852654371111
67.46693533636852
61.26958988723695
65.51200364822655
65.77809771927419
65.9407595328648
63.31472587241817
62.415143745936795
80.63457956533689
81.12919621195401
82.46005287348464
80.06137738449003
82.50796027951303
51.175201613035924
54.977996587308326
56.22742640081512
54.29388392516518
52.25596428360428
69.04152280468071
69.27021112041356
69.06512529702574
68.74221482521077
69.18394024276377
65.59296551401815
67.77206554129631
70.3421052631579
62.42385392385392
66.30878815291771
64.4759532891231
67.9589462824757
65.48737210501918
66.28036405525093
66.35111042803351
64.12711964545736
63.97600128166929
64.77159884649762
64.00413475413475
64.0523194753964
81.09563114903672
82.77672517342678
80.96082107805137
82.58648588584286
81.2036745570325
55.52348918204349
53.33648015718151
52.40326855276326
53.41209326419418
54.47217502644492
80.62324111151212
81.8856431864291
83.34476634476636
82.12317969004084
84.91160765618972
82.45652704708432
84.3683615014289
84.59780501576167
84.67300705565769
84.1761389955603
65.53280897846116
67.29276342059147
66.98410654420886
64.74910323594533
63.308126514008876
55.66752331390985
52.81913925325126
51.93660273949167
52.45160101733095
54.04779326148699
51.736293048680224
53.462913473981374
53.03844058209169
53.68673398426627
52.226558386671556
67.20175036125262
68.96603019906188
67.71325255940641
70.8535737766507
70.27644577644577
53.466041303585136
55.51129400059154
53.24834412479789
53.800978330235296
57.208574025188824
82.63676153435621
83.30849773919553
85.41892617583258
85.9197612144147
82.43215549764727
80.57806643886663
81.66128264580277
81.67577206604356
81.84190934756545
82.51488398082827
80.7224396425992
82.17373957312039
82.59089958095674
83.09313443958597
82.81781389735664
56.63849997285298
55.632378858967755
54.70985865937991
55.42627213095441
55.56102685121499
82.73501086117184
82.42902768158781
82.54579100875839
83.02968537244554
83.65360899982238
62.442151865228794
65.8660740043212
66.67868242868242
65.03110413970143
67.22863247863248
52.462608040423156
52.23772365316419
54.39005773652818
53.92152005822186
51.63533250246054
69.68306318063402
65.5942945942946
68.90024831219165
68.98333720207977
67.42103330767299
86.72229630600671
84.7835456134456
84.89383555107537
84.45229063757284
87.13255738202153
69.75083463545002
65.75039917347611
69.46369127948076
66.59494351802046
69.67922271161139
82.35453244461343
82.08858352755709
82.40965122305919
82.36228801893245
82.01079129782393
52.69902962270193
53.294828578281916
52.805666955274006
51.96630783065182
53.89168738241758
67.85980259057182
69.66211139288063
67.24855037000785
66.75025828871982
66.23668362808634
85.13565618578717
84.0596852407998
84.48867710971783
84.17520638579224
84.01207161233357
52.91762505731732
53.167714722109146
54.94211296140068
52.365104650053446
53.87846787781296
81.53948080180517
83.83526386687853
84.14216242068112
82.9341713696322
83.21940409752983
73.55288278972489
69.12371445468612
68.77727827727828
69.81810924118616
74.20268620268621
55.06042064802483
54.11847667176554
54.47259809397327
56.27335559881077
55.59628444064956
70.76217334701496
68.35757166413275
65.54211324120826
67.05220544188155
70.82372755449678
83.74380222725065
83.63854622660291
82.48615637755907
83.41274964351888
82.26786570445775
82.1249576612163
82.61072459994823
81.84902967160649
82.45827919797912
82.32674715932635
84.82113201159403
84.28293552918464
84.9221550645518
86.54491687297117
84.05256363466651
68.2974320802375
66.47991751837905
65.95592316180552
70.57649213531566
64.92354653893115
54.411066016269636
53.77724697077005
55.31141199938573
53.06767218701359
55.490839007873085
81.68202431449633
82.73414355880419
82.76605546288805
81.83954887693874
83.55869415044218
65.96067221656648
65.44785556324017
67.68480539068774
64.29699225650643
65.35406473868012
68.37419443301796
67.43666137783785
68.54158260040613
68.7192041241815
69.39433856741549
83.95332181644399
84.88239162203202
84.44033598641839
84.59289142362493
85.63082064927742
55.130446515890874
57.40724177183427
55.19670845961008
56.065435058786996
55.3273936672766
83.68818831006257
82.6984471100332
83.288048777451
83.81444869596811
83.35831020214206
67.46775738881001
66.08479633277203
66.45511326280557
67.84109480263326
68.56700216113171
52.5153211749772
55.612415438272016
54.666300060977356
54.48314184564274
53.97575111621935
73.0859140859141
71.01907067291683
67.72625664933358
69.24058420212266
69.83583510506587
54.34957044616364
56.20731248562814
54.25429968447689
56.36102623131678
56.666029128669045
69.99672841778104
71.36619354951101
68.28692461384769
69.07777739975883
71.381334008269
55.91574666333668
54.93487480638541
55.320485806926676
57.34484710091373
54.73809133233997
53.21069915278795
54.66925232574566
53.04196972271369
56.50694050964277
52.724363486354434
82.07651045469574
82.14494128295031
83.18745505903162
83.49927547248338
83.30324237695041
65.42628613216849
68.82286115091544
66.02202790461901
66.37791585779202
63.810493084486886
83.80430240950602
82.7618933155966
80.91706232430215
82.1937912052225
84.43622529464396
52.9086476080222
53.760769270950256
55.5113870058712
54.153899119600055
52.61414404832092
71.97087552969906
71.34446322907861
69.87216406781623
70.09002985318774
69.02175015321004
69.21077213384906
68.69915341069186
66.94167772900803
68.25172767218493
68.43374147220301
56.02664045092004
55.733221961744725
54.682706295539234
55.021837082544536
57.08049283238614
53.76629020576234
55.457605853125486
55.769451192828136
55.797671140964056
53.62833896916416
68.66618512206746
68.99861036399497
70.93777505339783
69.24781945846485
66.77869566331104
82.48339066664857
83.44209544656081
81.82738076403234
82.96827782574388
82.80734243528957
54.66287279072031
56.74991376277397
57.47167239497556
57.02895370044363
56.9867975946328
69.51629567014183
67.13466448081833
66.84962630711618
69.4998145129724
65.51848603884804
83.72384884042421
83.90890378970875
85.60751877452282
86.55399776059456
84.7934071564698
67.09942194557578
69.38994631099894
66.448443369496
67.08017937977453
68.35274127581819
55.838964251013586
57.09691512995392
56.27175446816019
53.56626171034478
55.24036069632722
81.90953623788822
81.58241768154842
81.8341305501939
82.48702519993304
83.68770670598487
83.39439708104867
83.08093725490724
82.2997762537534
83.47784304684755
82.178080036975
82.19452096023898
81.69858976592724
83.71399230681203
82.52893273142142
84.04745078953223
67.04133331937572
68.71935656098552
67.94461738811583
68.12452077836693
69.97592895580512
67.71966921966923
70.26409362382213
65.30515098936152
67.83635168250552
70.95540357078819
84.97704982826441
86.4394893627449
85.47589196678265
85.79530317926364
84.39420961140418
83.0950708482859
82.95539517110129
83.32420812761369
83.90742095088369
82.31514607485077
82.8523301339448
82.7040665996965
83.20389392698276
83.8749160328703
82.88943002434311
67.8335935557655
71.05972817106421
73.3825605079475
68.7040424315966
70.2719079562971
86.48100027172426
85.45016653453186
86.14530258844381
86.62827345579191
86.10840597575535
56.983432704049754
57.33744617466673
55.2967731852962
56.70763206847615
59.08288495217198
83.24308883543226
83.96692785529413
84.7316349536521
82.70177120516486
83.8420994540904
82.26880889479126
83.69869119660736
83.04509167369372
83.32253292208044
83.49757124804756
67.39495760649606
70.40778665778666
70.28454878454879
66.70472689703459
68.96796972707902
54.881171276941274
56.11819032276852
57.16928335231089
57.16355316299526
57.167351593393505
82.47849288257719
80.42481331216744
82.95171518962897
85.47320029339558
82.79414711535453
55.07701270299591
53.75866120894277
55.818138899016496
54.232279438519015
55.148600835538204
71.02737847212722
68.62684616328342
69.21161157384067
70.6075507937856
70.87773337773338
82.86717935949896
82.90042765971558
83.84533818434747
83.65925580994644
81.52453169201205
83.07203439967194
83.22358272036767
83.565554381582
83.91112617767773
85.2967968035246
72.04569538053701
72.21252365030645
69.37870516401118
72.2043642631878
68.76590076590077
56.39371617277019
54.195090455024626
56.440777982231864
55.07938831037894
56.482948571930415
84.47633787714759
85.18957839546076
84.15441959273824
82.46453057408047
85.53767428094649
69.62866360175245
69.8589997232531
66.29846523511682
67.25165859781244
67.12469010706685
58.531667591148214
56.848545959047684
57.521142649331054
56.239037007097544
55.56149248112811
69.39529525276131
68.38915762599973
69.67972816657026
70.81198028506913
73.8612114381345
63.671433267587126
68.91262583570276
72.1172822903592
70.80053920438536
67.75397252320329
82.61758418343321
84.18679639404812
82.62271435003038
82.90965523455402
84.48642901381648
85.80269320528906
82.83191786383023
85.35009523566323
84.87307737379183
85.22118191670465
57.064087817322125
57.81114770445532
55.476261622196475
57.564459193091274
57.084840413956954
54.97017979771016
59.05843081093399
58.168769767186056
58.1888012334309
56.107377268719
84.74806567965653
85.0013846530279
86.09784698776124
85.11955581662654
87.37546236278077
84.56397481087885
84.13631985357397
83.62528759510184
83.8294794763597
84.41697111070772
68.85004952312644
69.90345551884013
69.87221262899995
67.69249553864938
70.04022046329739
68.06156023463716
65.6511295721822
68.47159464467157
65.64992875400114
67.65662407767671
68.43171785479477
71.53178015919144
64.89503131358335
69.77766188060305
70.51834276834276
83.92695266814106
83.02596923464988
84.06291144752683
85.00788149031779
85.50334538843708
66.0353620738236
66.81485181485182
66.94128094128095
67.03810166706094
65.31605614887349
71.71043913351606
67.97935397935399
73.1330800328776
71.04630757958931
67.12178364185053
56.14324061449901
54.22070102570818
56.816789052726186
57.5120252962001
55.42866737499709
70.91658341658342
72.46776087160703
69.61188123881624
71.04346238556764
72.09714795008912
82.79807271662474
82.43541919565972
83.66659697768294
81.99170814102942
83.232503419155
82.12931906150529
83.79209743314291
82.59967281930847
83.49612595337767
84.30269660217266
53.36262614255822
54.414770131495644
55.82628599302663
56.84506714203744
54.34901487841111
56.86561301133119
55.759562741189804
56.69359679453731
55.91166770482808
56.3133785577079
68.3536393219651
67.87257479362742
68.2494687974564
69.74668368333528
68.74118616426308
54.83248872532035
53.73283108312618
53.24285356690588
54.628269516705686
54.24915708778532
71.0168592091669
69.48936043845546
70.04621446929139
71.12928574693281
68.80913823019085
58.71711396354168
58.94824493005108
56.6175697594643
57.048503179530755
55.166289824609095
56.61593249365492
55.04114057002245
57.63386259297754
56.18843324140022
56.63688614220099
84.56405324981178
83.69331242306951
84.09856626795184
84.40859139537397
84.46963283864928
55.49317299091055
57.327100579291574
58.380503966599775
56.05689076591288
57.34245030429681
83.3056048830638
83.86243119691562
83.68931836864677
85.23305917310442
83.06317590879392
70.59213009213009
66.18707875834572
67.8881118881119
70.3407980907981
68.69066391125214
65.57554577940384
64.97910074630722
65.72758613935085
63.69254676946984
66.91240675653633
53.88325768768731
53.06821272373112
54.509331949052374
53.158815716852935
54.61677078445357
82.63136579622649
84.00314523665322
84.95860696420353
82.8114996524737
83.91219853550172
54.36008335314484
56.94936421218903
57.48618194575047
55.533246383016525
57.83719415845333
84.87503969529452
84.81111885124746
83.94739424133327
84.72559543999172
85.3134227974666
67.59950946489407
65.05544455544455
66.47565832859951
65.22441535337462
65.76111068418761
85.3318004454999
85.42938993212869
86.61970802212525
85.02014260778252
85.73888176204204
54.87326143553817
54.109646180775954
56.53116494931989
52.94792595924232
54.37141795870065
83.36878194924624
83.39028706336398
84.85131307130592
84.53293415457024
85.12845616715587
67.75663517768781
73.80732666026785
73.49081687543227
69.91391743791124
68.61211438134515
82.8830807532284
83.8838429042049
82.89359622939045
84.16095568584255
83.98413151110222
52.83814426973383
55.05046655026878
53.45797573539833
54.87299762761086
53.99609220262948
83.86695012272531
83.91814658989557
82.1476801954892
84.23240485666062
83.38211663306924
57.174318727810764
55.30374688370123
58.4879850667181
55.88754173740131
57.01903708380986
68.28103520411211
68.9629643860413
66.0501549732319
68.73833083246038
68.87355379663073
67.04929663229258
68.50403442711135
71.20373302440461
68.76924829556407
70.36131352307822
55.0832274921336
56.362429200156505
55.47682369622616
57.32124453506355
56.22231329721578
84.21549069596225
83.56491422763155
82.77883846459699
84.64025501105759
82.94447612005364
84.87909404109689
84.99577082589083
84.55183290816774
84.53884740196958
84.53518940110986
65.93052058549796
69.99103033718417
65.26046760257286
72.17155067155066
68.34552991000955
55.75761509413155
56.79588472274878
57.82548444459898
58.724862814921785
57.823491429139075
54.51879757537056
55.17325732667481
56.42714942413318
54.9841333917017
53.580638891351065
86.25599310059896
86.47425749741777
85.14357981993133
85.62107624586785
85.21280261772046
69.2152904913086
68.08968382045305
66.92102342102342
70.83974358974359
72.38721107951876
68.13674966508974
66.49571705847009
70.26723239053557
69.07570383362238
69.46057901374643
70.69061494061495
67.63103990027066
66.4597981204316
70.4064085738294
67.77700931547086
84.10867157372277
84.43110607870074
82.32743512738749
82.40212793213507
83.27582371717881
54.73022292436283
55.79508408464382
55.49079027928754
53.89230001308654
56.21502273537282
86.22972111374112
85.83668098856239
87.6471769280176
85.96453278800267
86.54536250576975
82.08161499927395
83.65050127428074
83.33132578833937
84.67496081886414
83.94767540945202
83.63937128601333
86.06598274578747
86.10833070900942
85.62749077151315
85.41130863791021
83.35978272475057
83.80403875450314
85.00669613338779
86.10854767338455
83.32369230356848
56.739659960021186
55.6268279038079
55.55341845976521
53.78506877409588
53.1798208159816
84.44876373395068
83.79935488157685
84.29705429258895
84.42425203332563
82.37742525924237
56.931910936681746
55.4114064390797
57.71522374869569
57.853594439300416
56.76806171257231
68.00277500277501
68.7283250937097
66.29984972292665
68.33448602679373
69.7959262959263
68.1488413547237
73.79590200226065
67.40863620912441
66.349049960386
72.53478145785839
57.44547514140394
56.91964519470614
58.16862246943995
56.757308145451866
57.04520896200462
70.8826402355814
68.98118975042053
71.07204918338522
71.23186215493908
69.85631035631036
86.10915768494955
85.4057773284375
83.97153077136406
84.21660406752095
85.58909039678271
54.21536506011588
55.826955469555934
55.65116535682188
55.280878015176555
55.12620512905104
84.07109936450256
85.70145676873469
85.36683664434318
86.15172057705996
85.28001323119209
85.77889275525617
85.22852714219707
86.49885320812923
86.01641142853336
86.37487069042201
65.34890109890108
70.13922188922189
70.46928712313327
68.49026652741821
68.74363670517516
58.978261502957096
55.24907963889657
56.81946181576011
56.45065474933398
56.97601343384656
55.474541659825626
57.07593104338422
56.5272295020294
58.810690369406736
60.0021911830158
83.55272678421046
83.60065408910373
83.36730885081683
83.58603648607222
84.15613281164602
67.3060004349597
67.59413663259818
67.85915894721562
65.85838306992153
67.72701095575589
66.02233663772125
71.37698356524267
70.39742032728458
70.52396478914697
69.23612335377041
58.22714486586708
58.99603546674278
59.22152459933588
58.85162219564458
59.748849767628045
84.6248114432206
85.1405135575176
85.95373477571621
84.85933598829527
85.66634572725309
68.68178063766298
71.91510918231566
69.73758267875914
68.69643754937871
70.88955062031985
67.4026396309005
67.7972235155493
67.07276057276057
71.66298231682846
70.1729610259022
82.90418056183714
83.71413770532608
85.27691216063448
83.96614361796547
84.53886363299318
69.69608461713725
68.92152835389321
70.4978354978355
72.25496725496724
70.17600213551628
82.88967522779146
83.909882435841
84.24898311464729
84.8185487344811
84.46081242723301
66.98445169712137
66.83938868149394
67.09027573733457
65.86949802334418
70.34547101967917
55.59182760653142
54.88075111171966
54.07390915243458
54.9387098691576
52.95920087031065
57.67790735233528
55.29489668464424
53.57368118108771
55.61533322066782
54.88907910511864
84.95248917021958
84.61504593815857
85.9340400278719
85.2766246283155
85.63786743144924
56.83553008167432
60.08229367895508
57.539156986543524
58.03071356570637
58.3587101215227
84.68298318072074
84.27135434357392
83.94940055710478
82.18774596179931
84.86668887329759
66.08950451258144
69.62222995707158
67.19184234568851
65.92551892551893
69.21889256254582
54.758808490601766
55.284021938475384
53.70600852576064
55.303896586332876
57.77355537215028
66.69996996467584
70.10961625101896
68.37464031694802
69.19118061425753
70.95638913625339
59.31920120030014
59.23683445575252
58.53551883118084
59.227670228741914
55.76021203067773
85.33352684995933
86.06530229184433
84.41505364921656
84.26373725504472
85.87524630380072
69.61527361527361
70.86435786435786
71.34754213397939
69.24345391450655
70.7962451403747
70.05930506740222
70.01574010784537
70.91494403032864
70.47231099719787
70.87215172961778
58.1695474426355
57.968600152989296
59.05552646280769
54.836722703015845
58.12794609327427
82.33146529187252
85.0678138246607
84.19630112551047
84.31677193965834
84.26068756069947
69.87558042761663
70.68827326519634
66.40197465602324
64.82443197827813
67.9611731048978
58.74958931102526
58.94725250577575
56.96485467803794
57.03212427671823
58.513888719475716
67.81897438911014
70.56206337654302
69.60898975069016
70.54623154623154
69.40992340992342
55.009200680094374
55.009454265529726
54.727555729653936
55.448600934669045
55.93854091947733
57.480390422187895
56.18741124032498
59.183466767415325
57.60994947143201
56.913341099791225
84.58836874406057
84.14287620902292
83.8744637450877
82.68812947921069
83.28594945712116
56.7355336039813
58.28904875372698
57.734725664434905
56.627633044101245
57.26036790469989
70.08324028912264
67.79341328936471
71.33714814597168
71.4042212847881
69.26432541817158
55.80492418920123
55.28060242087391
54.940335241586574
54.05665061520493
56.2279027703368
54.09226887575303
54.33202556486671
57.669873232039166
54.18771598463192
56.40255176246923
82.87614818961569
83.50020771877165
82.9273414989657
84.08424145117407
84.91356120791701
58.15223118085211
58.892379576397744
59.142164443376394
57.555865758955
59.569024704637336
84.13965722563007
83.39120018400799
82.74375521279546
84.11414060919896
83.08226150420721
83.47242082095619
82.72258986548104
84.3016560917847
84.85864221777534
84.10474993107762
55.213969455935974
55.23000669516506
56.74346105643555
55.14481502858497
55.93751836398895
57.26766648290957
57.268014360401786
57.49166603641046
57.03769613439814
56.09729968769025
67.9390197534994
64.3040293040293
71.36013986013987
69.1395417448049
69.30797307267896
56.28994690128294
56.991467120902705
56.814682301107645
60.22094958633032
58.36693319519976
84.47830585571715
84.08701815899957
84.58060632971326
85.96462854178978
82.64308419875222
68.77486908053709
67.79215521320786
64.29590809550324
67.3514092744862
68.10228660228661
58.002256568179064
58.172492543550554
58.50776439554298
57.62201442161733
58.89080536568033
84.22713530548728
85.02437896442422
85.6089039628573
84.69820112675555
84.89423849813228
68.17396728327903
67.45666086050701
71.99665718896487
68.2073768363361
65.68173279711742
65.66906133082603
65.45143745143744
69.43245643245643
67.12421063099795
70.0431512931513
84.33500816216939
85.6542079417764
84.67027432888352
83.73283830958277
83.374804682497
57.232509122482924
54.817585063259315
54.78754762850614
55.982023202909126
54.418158098842945
68.6401947130692
67.2313699372523
72.2393605045427
71.01720445546357
68.88140944023296
55.89869960800798
54.935696515648885
58.312349226094845
54.63309395084818
55.241362175703685
56.37379983680086
56.160643653967966
56.2270659755445
57.218726979243684
56.50343795475089
84.37311939205247
84.79314734774368
84.39502833965803
84.4802378431814
83.49789553147495
68.85756494967019
69.75568875568875
72.91582926877044
65.32642998027613
68.94605394605395
55.20858316883561
54.33687748520525
54.601156029505425
53.09479611579904
55.27062125747372
69.43546159722631
67.7026307026307
69.47770358296674
71.40635628561324
72.21528471528471
84.11852445271117
84.2082268238496
84.10975604533594
86.24076631870155
83.24593472336984
54.75355621825632
55.750816553983974
56.56086612937106
58.980814571495365
58.04916019520687
83.48948052556054
82.65053134397026
82.98468575165408
85.34481782671828
83.7308832444579
85.38660287213514
87.17815241570898
86.91065457920661
85.96842804862573
84.3161496623035
59.11235248834677
57.650961810726564
58.05317348762217
57.79912512644944
59.80523460562673
58.52014751335139
57.22194555464382
56.87426820423067
59.067403223821415
57.71023238750578
71.78160238454356
71.18482102692629
71.3863145401607
72.31901375727286
70.25042770994189
83.11834252117652
82.36520211549981
82.07036433572513
83.0430133955378
83.81854732682311
83.44807581875932
83.27388998501168
82.38092940242262
82.66135167391418
84.46501897192539
71.92844384717449
69.40792540792542
68.63285589803809
69.31895241510625
69.96471904164213
68.73892773892774
69.17304088571058
67.78256785949092
67.18875895346484
69.33250083250081
55.29128973996415
53.87323421476378
55.65862622865015
54.453122851069566
54.59595604954645
84.16650836131664
85.35716616610877
84.8827643275726
84.77931432569443
83.38649441638249
84.75720424821401
85.56766933154168
84.25014414946541
86.4254622953718
85.54764442511525
66.4811193080424
66.31003791530108
67.94958887266579
65.75688288584217
66.78965771071034
56.55042530432408
56.887252000642235
58.706683910008714
57.96496401048079
56.187952206142086
52.976144427758165
56.017746342109284
55.2991213404174
55.669663599726135
56.99842016891314
58.68476183403133
59.7226152892383
60.17248330488025
59.86646471949788
59.024794612010005
58.61149988706204
60.323584128025665
58.514237699660995
58.760192953317606
59.422495870935975
84.65267422900193
85.26766428379908
84.78194285934225
84.04422895117108
84.27424137742072
59.082003592059614
58.695193246266214
56.639091390691995
57.157431920680146
58.79744720628264
64.94331736639428
68.31077343973271
64.78816774768192
66.51542901542902
68.23710904480136
54.690789764515905
56.405648371851505
54.15335998894506
54.972512833324934
55.06784912403383
70.73434584520557
70.47335997335998
71.56512567372295
72.63886440357027
68.85209235209234
59.43667202809711
57.645046932670006
57.88942435075444
58.91021184763742
57.7319618733853
85.79069992614885
85.22001940929066
87.61472527631136
85.65740545342831
85.57053386268674
69.45360195360196
68.43673947311719
67.19587463818232
71.96812589120282
71.03356899510746
83.5983687993095
84.3947481628477
85.2464540368208
82.85505486416417
83.22337168401708
58.90544283195755
60.068944625396156
58.949578890275944
59.91757564737674
60.215110173164376
68.71489621489621
67.20379620379619
66.06707473812737
67.68732549501782
70.02596975673899
86.04182128765362
86.26234783712754
86.32272263869072
86.90822237750078
86.26330798544421
70.3141858141858
67.20220553704716
69.255992908946
70.52542881954646
71.12686427779306
82.7257774442223
84.50150900936801
81.52421065346762
84.17100953609646
84.06463307933896
86.77280078816159
87.32474446513503
86.44805157135474
86.9417995079462
86.13306600916748
54.93539448784745
56.140342749038396
54.29852806511405
56.169898707810155
54.2310636684279
85.05481404362091
84.37274644198912
83.69270797604925
84.10275257673447
84.80133209253238
72.30512549290829
71.8860767186559
68.21676362852833
68.46967562352178
67.78210970316233
85.18517480508432
87.56898280201447
85.32145475518898
87.09321113381604
86.21470624715445
59.07252465111996
60.44907279748909
58.55676675425891
59.237752767462226
58.7723525911785
57.041695637440476
56.83127241480037
58.826067258073586
58.19818601789309
57.03335910982585
56.73185626944027
57.05419352710374
58.55221437026628
57.48597134279802
58.08615200096428
68.03504338798456
68.91902541902542
72.37339201509242
70.87366052750667
72.09157936081013
70.42054953593416
68.73441515749208
71.69723263162177
71.12876012876012
70.19169292246215
56.697353853268304
57.480875772568346
57.77809185182964
57.29122412560109
57.36196729846875
71.011426045839
67.04281339575456
69.40012852908781
69.7837614873814
67.65663245753743
70.15638207945901
68.60382936901155
68.57234469904154
69.43390694140871
68.94795746313964
83.38229711068483
82.92839875585769
83.79773828219888
83.2114651047135
84.80849781189148
84.03433535584048
84.90348802714843
85.43651020990863
83.04120663015638
84.58339469532612
70.35011765245153
70.09706130973099
67.86361928669622
68.5967920967921
67.80556522411725
84.85753020100483
84.20746510244008
84.94804535915515
85.18842740705088
85.62257771468298
57.28350006612688
57.20232571557137
57.261336715730614
57.735492565817076
56.62663200445489
66.57129195590734
69.50198259045604
65.25513454157179
69.03686270993963
69.01384827498188
82.7456591660569
83.9541412584399
85.65105828388754
83.56046086035369
84.19343677940964
59.107581744811824
57.645829049659675
59.15159220290359
56.957217586800716
60.06599614626629
69.08321316692356
71.24746351264571
70.48929725245516
69.38409880717573
70.39775609006378
53.87921843434577
55.508471298346215
54.434204558110615
55.37319205231803
55.920975898750115
56.94204574139755
57.50533052968963
56.41005136493347
59.57100970026282
58.42247711388789
84.4589672519537
85.52578867112089
85.63597652380696
87.6775874954608
85.99908109011466
85.03185942421476
84.69536735921588
82.4756087235249
83.30281246630376
85.29085132538336
65.25087296604325
69.50775394196448
66.82006772302081
69.04662858509013
67.99195249195249
58.97643027441789
58.90823000343125
56.3860668268621
58.95908754220516
57.3632803686828
56.88411836813371
53.43482270858768
55.93811888772645
54.11504538302585
55.76477721426519
85.7618613227687
86.54479570864423
