58.71=88.89 100.00 75.00 76.00 11.11 51.28 85.71 50.00 27.27 65.22 66.67 84.00 70.83 33.33 68.00 52.50 68.75 71.88 39.13 86.67 15.38 75.86 82.61 38.89 33.33 53.85 45.00 50.00 26.32 66.67 60.00
55.99=77.42 100.00 68.00 64.52 5.00 45.65 76.19 40.74 44.44 80.00 65.62 76.67 64.29 40.00 65.00 56.25 78.57 62.86 48.00 76.92 14.29 84.00 76.00 28.57 28.57 54.17 50.00 66.67 23.81 40.00 33.33
55.72=100.00 100.00 67.86 68.97 5.00 41.18 95.00 40.00 42.86 85.00 65.71 84.00 63.33 37.50 60.71 63.33 64.71 70.59 43.48 61.11 0.00 76.92 80.77 26.32 42.86 46.67 53.33 61.90 25.00 0.00 53.33
54.91=85.19 95.45 64.29 71.43 0.00 41.67 85.71 58.82 17.65 84.21 65.71 82.14 48.48 26.09 76.92 66.67 61.11 65.71 56.00 61.11 0.00 79.31 87.50 43.75 35.00 54.17 27.78 78.95 37.50 0.00 43.75
57.96=95.83 100.00 73.08 72.00 0.00 47.92 91.30 66.67 29.41 88.89 53.85 73.33 56.25 36.36 73.33 68.75 65.71 60.53 53.85 58.82 0.00 91.67 80.00 38.89 47.62 56.52 38.10 84.21 36.84 0.00 57.14
58.75=83.33 100.00 81.82 77.78 3.45 61.11 100.00 53.33 25.00 100.00 70.27 75.86 81.48 37.93 50.00 82.61 63.89 75.00 21.74 59.09 46.15 91.67 69.23 0.00 33.33 42.86 73.33 61.54 26.67 41.67 31.25
53.40=80.00 100.00 66.67 70.83 0.00 44.64 86.96 40.00 37.50 81.25 61.54 88.46 62.16 53.33 50.00 80.00 74.29 59.38 20.00 45.00 0.00 76.00 60.00 0.00 40.00 57.14 60.87 69.23 17.65 30.77 41.67
54.47=100.00 100.00 88.24 66.67 0.00 47.06 95.24 58.33 33.33 54.55 67.57 64.86 60.61 41.67 37.50 92.31 63.41 71.43 21.74 40.00 0.00 72.73 67.86 4.55 45.83 50.00 68.75 60.00 28.57 35.71 50.00
56.80=100.00 100.00 85.71 61.29 0.00 45.10 95.00 57.14 53.33 55.00 65.79 75.00 71.43 63.64 54.55 70.37 65.79 67.65 35.00 62.50 0.00 72.41 66.67 6.67 38.10 61.54 59.09 81.82 21.05 33.33 35.71
56.84=100.00 100.00 80.95 58.82 0.00 43.64 95.24 48.00 28.57 92.31 58.14 61.54 67.74 53.57 47.06 79.17 73.53 65.71 44.44 62.50 0.00 83.33 58.62 15.38 43.48 60.00 68.18 58.33 22.22 50.00 41.67
88.04=100.00 100.00 100.00 100.00 100.00 100.00 100.00 66.67 71.43 100.00 100.00 100.00 75.00 100.00 88.89 80.00 100.00 70.00 71.43 100.00 100.00 83.33 85.71 85.71 83.33 75.00 100.00 77.78 62.50 85.71 66.67
88.14=87.50 100.00 100.00 100.00 66.67 87.50 100.00 80.00 100.00 100.00 87.50 100.00 87.50 100.00 100.00 88.89 75.00 100.00 100.00 100.00 100.00 100.00 71.43 66.67 85.71 50.00 83.33 100.00 60.00 83.33 71.43
89.60=100.00 100.00 77.78 100.00 100.00 88.89 100.00 57.14 80.00 100.00 100.00 87.50 85.71 71.43 100.00 81.82 87.50 100.00 100.00 100.00 80.00 75.00 100.00 100.00 100.00 75.00 83.33 100.00 75.00 100.00 71.43
94.39=100.00 83.33 100.00 100.00 100.00 88.89 100.00 50.00 100.00 100.00 100.00 100.00 80.00 83.33 100.00 100.00 100.00 100.00 100.00 100.00 100.00 83.33 100.00 100.00 100.00 100.00 85.71 100.00 71.43 100.00 100.00
91.77=100.00 100.00 87.50 75.00 80.00 77.78 90.91 60.00 83.33 100.00 100.00 100.00 100.00 100.00 100.00 100.00 100.00 100.00 100.00 88.89 100.00 80.00 85.71 85.71 100.00 100.00 100.00 100.00 75.00 100.00 75.00
81.50=87.50 100.00 100.00 100.00 75.00 50.00 90.91 60.00 83.33 100.00 87.50 70.00 100.00 100.00 83.33 90.00 80.00 85.71 87.50 87.50 0.00 100.00 100.00 71.43 77.78 50.00 71.43 100.00 75.00 100.00 62.50
81.16=85.71 100.00 100.00 75.00 100.00 54.55 100.00 40.00 83.33 100.00 100.00 87.50 100.00 100.00 63.64 100.00 100.00 87.50 100.00 55.56 0.00 100.00 100.00 71.43 81.82 0.00 100.00 100.00 80.00 100.00 50.00
83.88=87.50 100.00 100.00 60.00 80.00 58.33 100.00 57.14 100.00 100.00 100.00 87.50 100.00 100.00 85.71 100.00 100.00 100.00 75.00 80.00 0.00 100.00 100.00 85.71 80.00 14.29 85.71 100.00 80.00 100.00 83.33
83.73=70.00 100.00 100.00 100.00 100.00 61.54 100.00 50.00 83.33 100.00 100.00 100.00 100.00 100.00 70.00 100.00 100.00 87.50 100.00 60.00 0.00 83.33 100.00 83.33 80.00 33.33 100.00 100.00 50.00 83.33 100.00
82.48=87.50 100.00 100.00 100.00 100.00 61.54 100.00 50.00 66.67 100.00 100.00 87.50 83.33 100.00 66.67 61.54 88.89 100.00 100.00 80.00 0.00 80.00 80.00 85.71 85.71 16.67 100.00 100.00 75.00 100.00 100.00
83.13=77.78 100.00 100.00 75.00 100.00 63.64 90.00 100.00 83.33 80.00 85.71 87.50 87.50 83.33 77.78 90.91 72.73 70.00 100.00 100.00 0.00 100.00 100.00 60.00 66.67 100.00 75.00 100.00 50.00 100.00 100.00
85.08=77.78 100.00 100.00 100.00 100.00 66.67 100.00 66.67 100.00 100.00 77.78 87.50 100.00 62.50 100.00 75.00 72.73 87.50 100.00 100.00 0.00 80.00 100.00 75.00 87.50 75.00 83.33 100.00 62.50 100.00 100.00
85.70=87.50 100.00 100.00 75.00 100.00 61.54 100.00 100.00 100.00 83.33 87.50 100.00 88.89 80.00 100.00 75.00 80.00 85.71 100.00 100.00 0.00 100.00 100.00 80.00 77.78 75.00 100.00 77.78 75.00 83.33 83.33
86.43=77.78 100.00 100.00 75.00 100.00 66.67 100.00 100.00 100.00 71.43 87.50 100.00 87.50 62.50 87.50 100.00 88.89 100.00 100.00 100.00 0.00 100.00 100.00 75.00 81.82 75.00 100.00 100.00 57.14 85.71 100.00
87.41=71.43 100.00 100.00 100.00 80.00 61.54 100.00 100.00 100.00 100.00 100.00 100.00 87.50 71.43 100.00 80.00 66.67 85.71 100.00 100.00 0.00 100.00 100.00 80.00 70.00 100.00 100.00 88.89 66.67 100.00 100.00
62.54=95.83 100.00 70.83 83.33 4.08 46.94 92.00 92.86 33.33 92.86 67.65 90.91 69.23 68.42 65.52 52.38 75.76 67.74 42.86 80.00 0.00 91.67 77.78 7.14 40.91 54.17 54.55 66.67 31.58 66.67 55.00
61.02=85.71 95.45 78.26 79.17 2.78 46.00 92.00 81.25 38.46 94.44 73.53 80.77 64.29 46.15 71.43 63.64 76.47 66.67 37.50 69.57 0.00 86.67 72.41 26.67 42.11 52.38 52.38 66.67 27.27 57.14 64.29
61.64=82.76 100.00 77.27 85.71 0.00 54.55 88.46 66.67 48.00 93.75 72.22 70.97 65.52 57.14 70.37 67.74 81.25 58.33 44.44 68.42 0.00 83.33 91.67 21.43 46.15 55.00 55.00 69.57 20.00 40.00 75.00
63.07=91.30 100.00 81.82 86.96 0.00 51.06 78.57 65.00 33.33 94.12 75.00 75.86 68.97 64.00 84.00 64.52 83.87 60.61 43.33 66.67 0.00 96.00 77.78 12.50 54.84 64.71 55.56 66.67 31.25 62.50 64.29
60.84=95.83 90.91 73.91 82.61 0.00 44.00 88.00 71.43 35.00 88.89 70.59 84.00 64.00 48.15 74.07 61.76 75.76 55.00 29.41 70.00 0.00 83.33 74.07 7.69 54.17 55.00 50.00 66.67 33.33 58.33 100.00
61.64=92.00 91.30 66.67 80.00 0.00 50.00 86.96 66.67 31.25 92.86 57.89 71.88 64.71 50.00 66.67 75.00 67.74 62.50 32.00 76.92 0.00 66.67 80.77 40.00 54.17 60.00 44.44 76.92 36.00 80.00 88.89
60.16=92.00 100.00 73.08 74.07 0.00 51.16 90.00 71.43 18.18 93.33 50.00 71.88 54.29 36.84 78.57 70.00 66.67 60.00 46.88 50.00 0.00 78.12 72.41 46.15 40.00 72.22 53.33 76.47 36.36 71.43 70.00
65.05=88.00 100.00 81.82 74.07 0.00 48.84 74.07 86.67 38.46 84.21 57.89 76.67 52.78 40.91 80.00 72.73 72.73 60.98 51.61 60.00 0.00 85.71 74.07 46.15 48.00 81.25 60.00 93.33 45.45 100.00 80.00
61.63=95.65 100.00 75.00 74.07 0.00 54.55 76.00 68.42 12.50 85.00 57.50 75.00 51.43 47.83 77.78 79.31 63.16 60.53 50.00 64.29 0.00 92.31 87.50 54.55 50.00 62.50 50.00 73.33 36.36 66.67 69.23
61.56=95.45 95.45 78.26 80.00 0.00 48.94 82.61 69.23 42.86 71.43 54.76 73.33 56.10 47.62 78.57 76.67 66.67 56.10 48.00 66.67 0.00 91.67 82.14 46.15 52.00 71.43 52.94 81.25 25.00 55.56 61.54
84.89=75.00 100.00 100.00 100.00 100.00 61.54 90.00 100.00 100.00 80.00 100.00 87.50 85.71 100.00 85.71 100.00 72.73 87.50 87.50 100.00 0.00 100.00 100.00 50.00 87.50 60.00 100.00 72.73 62.50 85.71 100.00
84.44=87.50 100.00 100.00 100.00 100.00 66.67 90.00 66.67 100.00 100.00 100.00 85.71 100.00 100.00 72.73 76.92 70.00 100.00 70.00 100.00 0.00 83.33 100.00 60.00 71.43 100.00 100.00 100.00 50.00 66.67 100.00
83.41=85.71 83.33 100.00 100.00 80.00 53.85 83.33 100.00 100.00 100.00 75.00 100.00 85.71 57.14 100.00 100.00 72.73 100.00 77.78 100.00 0.00 66.67 83.33 100.00 100.00 75.00 83.33 88.89 62.50 71.43 100.00
86.16=87.50 100.00 100.00 100.00 80.00 61.54 100.00 100.00 100.00 100.00 77.78 87.50 100.00 83.33 85.71 100.00 70.00 85.71 70.00 100.00 0.00 100.00 100.00 66.67 88.89 100.00 100.00 88.89 62.50 100.00 75.00
86.73=87.50 100.00 100.00 100.00 100.00 66.67 100.00 80.00 100.00 83.33 100.00 100.00 87.50 83.33 100.00 100.00 80.00 100.00 85.71 100.00 0.00 83.33 100.00 50.00 75.00 100.00 100.00 100.00 57.14 85.71 83.33
85.78=87.50 100.00 100.00 75.00 100.00 53.33 90.91 80.00 100.00 71.43 100.00 100.00 100.00 80.00 71.43 88.89 100.00 100.00 87.50 100.00 0.00 100.00 100.00 100.00 80.00 75.00 100.00 85.71 66.67 85.71 80.00
82.55=87.50 100.00 100.00 75.00 100.00 57.14 90.91 80.00 80.00 100.00 87.50 100.00 87.50 100.00 77.78 100.00 100.00 100.00 100.00 66.67 0.00 83.33 87.50 60.00 100.00 0.00 100.00 100.00 71.43 100.00 66.67
84.53=87.50 100.00 100.00 75.00 75.00 53.33 100.00 50.00 100.00 100.00 87.50 100.00 100.00 100.00 100.00 100.00 100.00 87.50 83.33 80.00 0.00 100.00 75.00 71.43 90.00 50.00 85.71 85.71 83.33 100.00 100.00
84.69=85.71 100.00 100.00 100.00 100.00 58.33 100.00 36.36 100.00 83.33 100.00 87.50 100.00 100.00 77.78 100.00 100.00 100.00 87.50 66.67 0.00 100.00 100.00 85.71 100.00 0.00 83.33 87.50 85.71 100.00 100.00
84.62=87.50 100.00 100.00 75.00 66.67 58.33 100.00 44.44 100.00 100.00 100.00 100.00 87.50 100.00 87.50 88.89 88.89 100.00 100.00 88.89 0.00 100.00 100.00 75.00 100.00 50.00 71.43 87.50 80.00 85.71 100.00
62.39=88.00 100.00 66.67 82.61 0.00 40.43 78.26 92.86 25.00 100.00 53.49 71.88 50.00 42.86 77.42 75.86 71.88 60.53 48.15 60.00 0.00 83.33 80.00 31.25 51.72 59.09 56.25 77.78 38.10 83.33 87.50
61.83=91.67 95.65 94.74 80.00 0.00 45.65 91.30 73.33 15.38 93.75 53.85 77.78 48.84 57.89 79.31 95.65 66.67 60.98 41.94 52.63 0.00 80.00 81.48 45.45 48.28 73.68 30.00 80.00 18.18 62.50 80.00
62.82=92.00 100.00 67.86 70.37 0.00 44.68 80.00 70.59 30.77 88.89 56.41 76.67 56.10 64.71 67.74 74.07 74.19 55.81 55.56 71.43 0.00 88.89 82.76 40.00 40.91 68.18 57.14 85.71 33.33 75.00 77.78
62.58=95.83 95.65 76.00 76.92 0.00 51.11 90.48 68.75 31.58 93.75 48.72 74.19 60.00 46.15 67.74 76.67 63.89 62.50 56.00 50.00 0.00 77.42 90.48 46.67 47.83 51.85 66.67 64.71 46.67 80.00 81.82
62.28=92.00 100.00 66.67 76.00 0.00 48.00 80.00 68.42 22.22 92.86 56.76 81.48 51.16 54.17 79.31 95.65 68.75 55.81 46.15 66.67 0.00 82.14 82.14 40.00 55.00 56.52 61.54 84.21 47.06 50.00 70.00
83.57=77.78 100.00 100.00 100.00 66.67 61.54 100.00 80.00 83.33 83.33 100.00 100.00 100.00 100.00 100.00 83.33 80.00 100.00 100.00 77.78 0.00 83.33 100.00 50.00 85.71 75.00 83.33 100.00 44.44 75.00 100.00
85.21=70.00 100.00 83.33 75.00 100.00 66.67 100.00 100.00 100.00 100.00 100.00 100.00 87.50 100.00 100.00 90.91 80.00 100.00 87.50 100.00 0.00 100.00 75.00 60.00 71.43 75.00 85.71 88.89 44.44 100.00 100.00
85.05=70.00 100.00 83.33 100.00 80.00 61.54 100.00 100.00 100.00 100.00 75.00 100.00 87.50 62.50 100.00 100.00 72.73 100.00 100.00 100.00 0.00 100.00 80.00 50.00 75.00 100.00 100.00 100.00 55.56 83.33 100.00
87.48=77.78 100.00 100.00 100.00 100.00 72.73 100.00 100.00 100.00 83.33 100.00 100.00 100.00 71.43 100.00 90.00 80.00 100.00 63.64 80.00 0.00 100.00 100.00 66.67 100.00 75.00 100.00 88.89 62.50 100.00 100.00
84.00=85.71 100.00 100.00 100.00 66.67 61.54 100.00 100.00 100.00 83.33 70.00 87.50 100.00 71.43 85.71 83.33 70.00 100.00 85.71 100.00 0.00 83.33 100.00 57.14 75.00 75.00 100.00 100.00 62.50 100.00 100.00
82.02=77.78 100.00 100.00 60.00 80.00 57.14 100.00 66.67 83.33 100.00 87.50 100.00 88.89 100.00 50.00 87.50 80.00 100.00 83.33 100.00 0.00 83.33 100.00 71.43 70.00 100.00 85.71 100.00 66.67 80.00 83.33
86.25=85.71 100.00 100.00 100.00 100.00 57.14 100.00 66.67 71.43 100.00 100.00 100.00 88.89 100.00 66.67 100.00 80.00 85.71 100.00 100.00 0.00 100.00 100.00 66.67 80.00 75.00 83.33 100.00 66.67 100.00 100.00
83.14=100.00 100.00 100.00 75.00 100.00 57.14 100.00 50.00 83.33 100.00 87.50 100.00 88.89 100.00 75.00 87.50 88.89 100.00 100.00 80.00 0.00 83.33 100.00 85.71 90.00 20.00 75.00 100.00 50.00 100.00 100.00
87.59=77.78 83.33 100.00 100.00 80.00 61.54 100.00 50.00 100.00 100.00 100.00 100.00 100.00 100.00 75.00 88.89 88.89 100.00 100.00 100.00 0.00 83.33 85.71 85.71 75.00 100.00 100.00 100.00 80.00 100.00 100.00
82.36=85.71 100.00 100.00 75.00 100.00 60.00 90.00 75.00 100.00 66.67 100.00 77.78 77.78 100.00 66.67 100.00 88.89 100.00 100.00 87.50 0.00 100.00 100.00 80.00 88.89 40.00 75.00 77.78 57.14 100.00 83.33
62.55=95.65 95.45 75.00 76.00 0.00 45.10 90.00 73.33 54.55 100.00 48.00 77.78 57.14 52.17 67.74 75.86 65.62 60.98 48.15 61.54 0.00 80.00 85.19 40.00 57.69 48.15 50.00 91.67 30.43 50.00 85.71
60.65=92.00 100.00 73.08 86.96 0.00 46.81 85.71 60.87 18.75 93.33 53.66 67.65 52.63 64.71 74.19 67.74 62.16 63.64 48.15 58.82 0.00 76.67 76.00 38.46 52.63 82.35 50.00 92.86 23.81 66.67 50.00
63.19=79.31 100.00 85.71 76.00 2.56 51.11 75.00 68.42 25.00 86.67 63.16 72.73 54.05 45.83 78.57 73.33 71.88 60.53 55.17 76.92 0.00 92.59 75.00 41.67 47.62 81.25 60.00 76.47 22.22 100.00 60.00
61.04=95.65 95.24 72.00 80.00 0.00 50.00 71.43 64.71 16.67 93.33 54.05 70.97 53.85 51.85 73.33 84.00 67.65 60.00 51.85 66.67 0.00 86.67 70.00 50.00 42.86 54.55 64.29 76.47 35.29 57.14 81.82
62.88=100.00 100.00 78.26 68.97 0.00 52.17 73.08 60.00 35.71 93.75 50.00 78.57 59.46 42.11 79.31 85.19 70.97 56.10 53.57 73.33 0.00 89.29 76.92 40.00 41.38 65.00 53.33 100.00 36.00 66.67 70.00
82.29=100.00 100.00 85.71 100.00 80.00 72.73 100.00 80.00 80.00 80.00 100.00 100.00 62.50 100.00 60.00 88.89 57.14 100.00 100.00 100.00 0.00 66.67 100.00 62.50 80.00 100.00 85.71 83.33 80.00 85.71 60.00
87.48=87.50 100.00 85.71 100.00 100.00 66.67 100.00 66.67 80.00 83.33 100.00 100.00 100.00 100.00 100.00 100.00 88.89 100.00 100.00 100.00 0.00 80.00 85.71 44.44 100.00 100.00 100.00 100.00 57.14 85.71 100.00
80.17=100.00 100.00 87.50 100.00 42.86 66.67 100.00 66.67 100.00 100.00 87.50 85.71 100.00 62.50 100.00 66.67 100.00 80.00 85.71 100.00 0.00 62.50 66.67 66.67 80.00 66.67 100.00 77.78 100.00 83.33 50.00
81.32=100.00 100.00 85.71 100.00 66.67 61.54 83.33 75.00 62.50 62.50 77.78 71.43 83.33 100.00 87.50 87.50 87.50 85.71 100.00 100.00 0.00 66.67 100.00 57.14 100.00 50.00 100.00 100.00 83.33 85.71 100.00
80.35=85.71 100.00 100.00 60.00 100.00 54.55 100.00 44.44 83.33 100.00 87.50 85.71 83.33 83.33 87.50 100.00 80.00 100.00 85.71 80.00 0.00 80.00 83.33 71.43 87.50 40.00 85.71 100.00 66.67 100.00 75.00
63.03=84.62 100.00 70.83 83.33 2.56 47.83 95.45 66.67 36.84 78.26 72.73 82.14 73.33 57.89 74.07 68.97 78.79 53.66 46.15 84.21 0.00 78.12 85.71 11.76 55.56 59.09 50.00 88.24 26.32 50.00 90.91
65.41=92.00 100.00 79.17 86.96 0.00 48.00 91.67 65.00 43.75 84.21 69.44 76.92 66.67 54.17 86.96 61.54 78.79 52.17 42.42 83.33 0.00 96.15 85.71 20.00 51.85 52.00 62.50 85.00 43.75 80.00 87.50
62.89=85.71 95.24 80.95 86.96 0.00 48.98 91.67 72.22 44.44 94.12 70.27 77.78 64.52 52.17 83.33 63.89 76.47 60.00 46.43 68.18 0.00 83.33 82.14 18.75 48.00 63.16 57.14 69.57 15.38 60.00 88.89
62.35=92.31 91.30 85.00 90.91 0.00 47.92 95.00 64.71 36.84 89.47 66.67 82.14 74.07 52.38 80.00 62.50 77.42 51.22 46.15 71.43 0.00 75.86 92.00 27.27 44.44 55.56 44.44 93.75 35.00 50.00 57.14
62.59=88.46 100.00 75.00 86.96 0.00 48.94 84.62 92.31 40.00 84.21 62.50 80.77 62.07 52.38 83.33 56.76 73.53 47.83 44.00 94.12 0.00 95.83 83.33 14.29 54.17 59.09 42.11 62.96 37.50 33.33 100.00
83.23=87.50 100.00 100.00 100.00 80.00 70.00 100.00 66.67 80.00 83.33 100.00 100.00 80.00 83.33 100.00 87.50 87.50 87.50 77.78 100.00 0.00 80.00 100.00 66.67 88.89 60.00 100.00 100.00 50.00 83.33 80.00
81.15=87.50 100.00 100.00 75.00 100.00 58.33 90.91 80.00 100.00 100.00 100.00 77.78 62.50 100.00 70.00 100.00 72.73 77.78 100.00 87.50 0.00 66.67 60.00 60.00 100.00 100.00 100.00 100.00 55.56 83.33 50.00
81.73=100.00 100.00 85.71 100.00 100.00 61.54 90.91 75.00 57.14 100.00 87.50 100.00 80.00 100.00 100.00 88.89 88.89 77.78 83.33 88.89 0.00 62.50 100.00 55.56 100.00 50.00 100.00 87.50 62.50 83.33 66.67
84.00=87.50 100.00 87.50 100.00 100.00 63.64 100.00 80.00 83.33 100.00 100.00 100.00 70.00 83.33 100.00 100.00 100.00 87.50 100.00 88.89 0.00 66.67 66.67 66.67 88.89 66.67 83.33 100.00 66.67 100.00 66.67
79.96=100.00 100.00 85.71 100.00 100.00 58.33 100.00 50.00 80.00 100.00 77.78 87.50 77.78 83.33 100.00 90.00 66.67 87.50 100.00 100.00 0.00 66.67 80.00 50.00 100.00 50.00 85.71 83.33 75.00 83.33 60.00
83.17=77.78 100.00 100.00 100.00 66.67 70.00 100.00 57.14 100.00 83.33 100.00 100.00 100.00 71.43 66.67 81.82 77.78 100.00 77.78 100.00 0.00 100.00 100.00 100.00 85.71 75.00 85.71 85.71 50.00 85.71 80.00
81.52=77.78 100.00 100.00 75.00 100.00 66.67 100.00 80.00 100.00 83.33 100.00 100.00 77.78 100.00 87.50 100.00 72.73 100.00 70.00 100.00 0.00 80.00 85.71 33.33 85.71 75.00 85.71 85.71 25.00 80.00 100.00
86.19=87.50 100.00 100.00 100.00 66.67 61.54 90.00 100.00 100.00 83.33 77.78 87.50 100.00 100.00 100.00 100.00 100.00 100.00 87.50 100.00 0.00 100.00 100.00 25.00 88.89 75.00 100.00 100.00 55.56 85.71 100.00
82.20=77.78 100.00 83.33 100.00 100.00 66.67 90.91 80.00 71.43 80.00 87.50 85.71 83.33 100.00 100.00 100.00 88.89 87.50 100.00 100.00 0.00 100.00 100.00 40.00 66.67 50.00 100.00 88.89 44.44 75.00 100.00
85.02=75.00 100.00 100.00 100.00 100.00 72.73 100.00 80.00 75.00 83.33 77.78 100.00 88.89 75.00 100.00 100.00 72.73 100.00 100.00 100.00 0.00 83.33 85.71 80.00 63.64 60.00 100.00 100.00 62.50 100.00 100.00
62.44=95.83 95.65 72.00 76.00 2.50 50.00 87.50 72.73 22.22 83.33 58.97 71.88 61.11 52.38 75.86 71.88 63.89 63.89 48.28 50.00 0.00 96.15 82.76 38.46 61.90 50.00 63.64 89.47 27.27 50.00 100.00
60.63=92.00 100.00 70.83 74.07 0.00 51.06 86.96 68.42 30.77 82.35 56.10 75.00 43.59 54.55 75.76 80.77 67.74 55.81 50.00 58.82 0.00 72.73 79.17 37.50 45.45 68.42 57.14 75.00 44.44 66.67 58.33
61.89=92.00 100.00 64.29 76.92 0.00 52.27 78.26 66.67 33.33 83.33 56.10 84.62 56.76 62.50 80.00 82.14 66.67 61.76 51.61 55.56 0.00 74.29 88.00 33.33 52.38 71.43 47.37 83.33 33.33 66.67 63.64
60.73=88.46 95.45 75.00 76.92 0.00 52.50 80.77 66.67 22.22 83.33 52.63 74.19 56.41 59.09 74.19 84.00 74.19 63.89 48.15 66.67 0.00 83.87 77.27 36.36 50.00 68.18 47.06 68.18 35.00 58.33 63.64
62.41=88.46 95.45 65.38 79.17 0.00 47.17 86.96 66.67 18.18 82.35 59.38 88.89 50.00 53.33 88.46 74.07 68.57 61.54 53.85 50.00 0.00 70.97 81.48 25.00 52.17 77.78 61.54 82.35 36.36 85.71 83.33
82.93=70.00 100.00 100.00 75.00 100.00 63.64 100.00 66.67 100.00 100.00 100.00 77.78 70.00 100.00 80.00 75.00 100.00 100.00 100.00 80.00 0.00 100.00 100.00 71.43 88.89 16.67 85.71 100.00 50.00 100.00 100.00
84.84=70.00 100.00 100.00 75.00 80.00 58.33 100.00 57.14 100.00 100.00 100.00 87.50 87.50 100.00 66.67 100.00 100.00 87.50 100.00 87.50 0.00 100.00 100.00 80.00 100.00 50.00 85.71 100.00 57.14 100.00 100.00
81.08=87.50 100.00 100.00 75.00 80.00 58.33 83.33 42.86 100.00 100.00 83.33 100.00 100.00 100.00 70.00 100.00 80.00 100.00 80.00 60.00 0.00 83.33 100.00 100.00 100.00 16.67 85.71 87.50 60.00 100.00 80.00
81.87=70.00 100.00 100.00 75.00 100.00 57.14 100.00 42.86 100.00 100.00 100.00 87.50 100.00 80.00 55.56 100.00 88.89 87.50 100.00 72.73 0.00 100.00 83.33 83.33 75.00 33.33 100.00 85.71 60.00 100.00 100.00
84.06=77.78 100.00 100.00 60.00 100.00 61.54 100.00 66.67 71.43 100.00 100.00 87.50 100.00 100.00 70.00 100.00 88.89 87.50 100.00 88.89 0.00 100.00 85.71 85.71 87.50 40.00 100.00 100.00 80.00 100.00 66.67
80.42=100.00 100.00 77.78 100.00 100.00 55.56 90.91 57.14 100.00 83.33 100.00 100.00 85.71 71.43 77.78 100.00 100.00 87.50 87.50 88.89 0.00 66.67 100.00 66.67 80.00 50.00 75.00 77.78 80.00 83.33 50.00
83.12=100.00 100.00 85.71 100.00 100.00 66.67 90.00 66.67 71.43 83.33 100.00 100.00 77.78 75.00 100.00 100.00 80.00 77.78 85.71 100.00 0.00 50.00 100.00 57.14 100.00 66.67 85.71 100.00 71.43 85.71 100.00
80.96=100.00 100.00 85.71 100.00 75.00 61.54 90.91 100.00 71.43 100.00 87.50 100.00 100.00 83.33 85.71 88.89 77.78 77.78 100.00 100.00 0.00 66.67 83.33 66.67 87.50 33.33 83.33 87.50 85.71 80.00 50.00
85.53=100.00 100.00 83.33 100.00 100.00 72.73 100.00 80.00 66.67 83.33 87.50 100.00 75.00 83.33 88.89 100.00 77.78 87.50 100.00 88.89 0.00 80.00 83.33 83.33 83.33 100.00 100.00 85.71 85.71 75.00 100.00
79.12=100.00 100.00 100.00 66.67 80.00 72.73 88.89 80.00 50.00 100.00 87.50 100.00 83.33 50.00 88.89 100.00 87.50 75.00 100.00 100.00 0.00 60.00 57.14 42.86 88.89 60.00 100.00 100.00 75.00 75.00 83.33
62.86=92.00 95.65 72.00 80.00 0.00 44.00 83.33 76.92 26.67 100.00 57.89 60.00 52.94 52.00 86.96 87.50 75.00 61.54 37.93 81.82 0.00 85.71 81.48 33.33 48.28 68.42 47.37 88.89 23.81 57.14 90.00
63.74=95.83 91.30 80.95 79.17 0.00 47.83 91.30 80.00 31.25 100.00 48.94 72.73 53.85 62.50 82.61 77.42 74.19 65.79 54.84 61.11 0.00 80.00 74.07 30.00 46.15 76.47 50.00 72.22 32.00 85.71 77.78
64.20=91.67 100.00 70.83 78.26 0.00 47.73 87.50 82.35 25.00 85.71 52.50 81.48 46.15 50.00 72.73 84.62 63.16 60.98 50.00 66.67 0.00 85.71 84.00 46.67 50.00 68.42 60.00 80.00 36.36 100.00 81.82
63.62=100.00 100.00 65.38 76.92 0.00 44.44 80.00 72.22 28.57 92.86 55.00 80.00 57.89 61.11 72.73 80.00 63.16 52.27 52.00 58.82 0.00 77.42 84.00 46.15 53.33 76.47 58.33 84.62 35.00 81.82 81.82
61.86=95.45 95.45 78.26 76.00 0.00 47.83 80.00 53.85 14.29 83.33 50.00 79.31 55.00 68.42 73.33 78.57 62.16 61.76 56.52 52.38 0.00 75.86 78.26 46.15 54.17 73.68 62.50 80.00 33.33 87.50 64.29
61.93=92.31 91.67 69.57 83.33 0.00 56.10 100.00 73.33 44.44 77.27 58.97 64.71 56.67 81.25 83.33 64.52 75.00 52.50 39.29 83.33 0.00 88.89 84.62 11.11 50.00 48.00 40.00 93.33 42.86 30.00 83.33
64.27=95.24 95.65 67.86 90.48 2.78 48.00 95.65 72.22 38.89 89.47 66.67 86.96 61.76 60.00 74.19 61.11 88.89 53.85 47.62 68.18 0.00 92.59 92.31 23.08 46.67 63.16 64.71 84.21 33.33 50.00 76.92
64.93=95.83 100.00 64.29 83.33 5.41 52.27 92.00 78.57 47.37 84.21 70.59 84.62 67.86 73.68 82.14 57.89 77.42 61.11 39.13 78.26 0.00 83.33 79.31 31.25 45.16 50.00 43.48 94.44 38.46 71.43 80.00
62.72=95.83 95.45 78.26 80.00 3.12 47.06 78.57 83.33 33.33 88.89 67.65 84.62 67.86 68.18 75.86 60.53 77.42 58.33 48.00 72.73 0.00 80.00 84.62 37.50 48.28 63.16 50.00 72.22 30.77 40.00 72.73
63.58=96.00 100.00 75.00 74.07 0.00 48.94 90.91 64.71 40.00 93.75 64.10 86.96 68.97 50.00 77.42 62.16 81.25 56.10 44.83 80.00 0.00 77.42 91.30 18.75 51.85 65.00 52.94 94.44 30.77 50.00 83.33
61.95=92.00 95.45 72.00 82.61 2.63 48.94 76.00 77.78 23.81 93.75 53.85 66.67 56.25 60.00 75.00 88.46 63.89 65.62 46.88 68.75 0.00 80.00 75.00 22.22 63.64 66.67 57.14 81.25 28.57 53.85 81.82
63.91=100.00 95.45 75.00 66.67 0.00 46.15 72.00 66.67 31.25 100.00 55.00 82.14 57.50 66.67 87.50 75.86 63.89 61.11 46.43 62.50 0.00 86.67 77.78 54.55 61.54 70.00 57.14 77.78 38.10 83.33 62.50
62.77=92.00 100.00 65.38 83.33 0.00 46.34 72.41 72.22 45.45 83.33 60.61 85.19 55.81 50.00 71.88 84.62 63.89 58.54 48.39 66.67 0.00 78.79 80.77 27.27 66.67 65.22 50.00 92.86 30.43 72.73 75.00
62.09=95.83 95.24 70.83 76.92 0.00 57.14 83.33 64.71 38.46 88.89 50.00 85.19 59.46 62.50 78.79 67.74 57.50 63.89 42.31 71.43 0.00 81.25 78.57 38.46 54.55 68.42 52.94 68.42 23.81 63.64 84.62
63.44=100.00 100.00 70.37 68.97 0.00 51.16 95.00 70.00 41.67 87.50 56.41 84.00 58.97 52.17 76.67 82.14 71.43 64.10 53.85 71.43 0.00 82.76 81.48 42.86 50.00 65.00 56.25 88.24 40.00 37.50 66.67
81.03=100.00 100.00 85.71 100.00 100.00 66.67 90.91 50.00 80.00 83.33 100.00 85.71 75.00 80.00 100.00 100.00 88.89 70.00 77.78 88.89 0.00 50.00 100.00 60.00 100.00 100.00 100.00 66.67 66.67 85.71 60.00
83.00=100.00 100.00 71.43 100.00 100.00 61.54 75.00 66.67 80.00 83.33 87.50 100.00 87.50 100.00 100.00 81.82 77.78 87.50 87.50 88.89 0.00 66.67 100.00 60.00 77.78 100.00 100.00 100.00 71.43 85.71 75.00
83.44=100.00 100.00 87.50 100.00 75.00 63.64 100.00 50.00 57.14 100.00 100.00 100.00 87.50 100.00 88.89 77.78 100.00 77.78 100.00 88.89 0.00 83.33 80.00 75.00 85.71 100.00 100.00 100.00 83.33 75.00 50.00
85.84=77.78 100.00 100.00 100.00 100.00 63.64 100.00 57.14 100.00 83.33 100.00 87.50 75.00 100.00 88.89 100.00 87.50 87.50 100.00 100.00 0.00 100.00 83.33 55.56 88.89 100.00 100.00 100.00 66.67 83.33 75.00
84.39=87.50 100.00 100.00 100.00 80.00 66.67 83.33 66.67 100.00 100.00 100.00 87.50 62.50 100.00 100.00 100.00 80.00 100.00 77.78 88.89 0.00 71.43 75.00 62.50 100.00 100.00 100.00 100.00 83.33 100.00 42.86
61.59=84.00 100.00 85.00 79.17 5.71 50.00 95.24 72.22 38.89 75.00 61.90 55.81 64.52 76.47 59.38 81.82 62.50 61.11 56.00 64.71 0.00 82.14 80.00 0.00 60.00 56.00 58.33 86.67 35.00 41.67 80.00
59.32=95.24 100.00 81.82 64.29 0.00 55.56 84.00 58.82 31.82 75.00 56.10 69.70 66.67 78.95 72.41 76.92 62.50 57.50 51.85 38.89 0.00 80.00 71.43 0.00 47.62 64.00 60.00 73.68 30.77 66.67 66.67
59.43=92.00 100.00 76.19 69.23 0.00 55.56 91.30 63.16 20.00 75.00 60.98 68.57 63.89 77.78 77.27 82.61 60.47 63.64 46.67 45.45 0.00 70.00 80.00 8.33 60.00 62.50 75.00 76.47 15.79 54.55 50.00
60.87=95.65 94.74 78.26 72.41 0.00 58.54 89.47 73.68 33.33 75.00 52.00 65.71 60.53 70.00 73.33 82.61 75.00 58.33 58.33 55.00 0.00 81.48 76.00 9.09 63.64 60.00 78.95 86.67 27.78 31.58 50.00
61.22=88.00 100.00 64.29 79.17 0.00 58.14 95.45 73.68 34.78 83.33 56.82 66.67 69.44 66.67 67.65 80.77 77.42 55.26 52.17 55.00 0.00 85.19 76.00 14.29 32.00 88.24 65.00 84.62 17.65 54.55 55.56
82.15=75.00 100.00 100.00 100.00 80.00 66.67 100.00 80.00 100.00 100.00 77.78 85.71 100.00 83.33 87.50 90.00 80.00 71.43 75.00 100.00 0.00 100.00 100.00 66.67 75.00 60.00 100.00 80.00 62.50 100.00 50.00
83.61=77.78 100.00 100.00 66.67 100.00 61.54 100.00 80.00 83.33 83.33 100.00 87.50 100.00 100.00 100.00 75.00 72.73 100.00 77.78 100.00 0.00 83.33 100.00 42.86 100.00 60.00 100.00 100.00 40.00 100.00 100.00
84.79=66.67 100.00 100.00 100.00 100.00 53.85 83.33 100.00 80.00 83.33 87.50 75.00 100.00 83.33 85.71 100.00 80.00 85.71 70.00 100.00 0.00 83.33 100.00 75.00 100.00 75.00 85.71 100.00 75.00 100.00 100.00
86.93=77.78 100.00 100.00 100.00 100.00 66.67 100.00 100.00 83.33 66.67 100.00 100.00 100.00 100.00 85.71 100.00 77.78 100.00 63.64 100.00 0.00 100.00 100.00 50.00 85.71 100.00 100.00 100.00 62.50 75.00 100.00
82.60=100.00 100.00 83.33 100.00 100.00 63.64 100.00 100.00 100.00 80.00 63.64 85.71 85.71 83.33 83.33 80.00 72.73 83.33 70.00 100.00 0.00 83.33 100.00 66.67 85.71 60.00 100.00 77.78 66.67 85.71 100.00
61.82=100.00 95.45 70.83 79.17 0.00 46.00 86.36 70.59 31.58 90.00 60.53 61.11 61.29 56.52 82.61 75.00 77.42 53.49 54.17 76.19 0.00 75.76 85.19 13.33 45.83 61.11 46.15 72.22 28.57 60.00 100.00
65.07=96.00 100.00 62.96 86.36 0.00 52.27 77.78 55.56 52.63 85.00 70.27 77.78 70.37 66.67 74.19 63.64 83.87 56.10 55.00 76.19 0.00 78.79 79.31 26.67 56.00 82.35 57.14 82.35 43.75 57.14 90.91
63.80=92.31 100.00 66.67 86.96 0.00 52.27 88.46 76.92 40.91 85.71 67.57 84.62 75.00 55.56 65.71 60.53 77.42 56.76 44.00 84.21 0.00 89.29 85.71 30.77 45.45 75.00 58.82 78.95 23.53 50.00 78.57
64.47=95.65 95.45 66.67 87.50 2.78 52.27 86.36 78.95 25.93 94.74 64.86 88.00 66.67 77.27 68.75 59.46 80.65 51.28 46.15 87.50 0.00 82.76 88.46 27.27 47.62 65.00 64.71 76.47 26.67 42.86 100.00
65.00=92.00 95.45 65.38 84.00 0.00 54.55 90.91 76.19 36.36 81.82 68.57 84.62 70.97 68.75 78.57 76.67 78.12 56.41 42.86 93.75 0.00 69.70 86.21 23.53 40.74 76.47 55.00 75.00 37.50 80.00 75.00
82.00=83.33 83.33 100.00 100.00 100.00 57.14 100.00 57.14 100.00 83.33 85.71 87.50 70.00 100.00 62.50 100.00 80.00 100.00 100.00 87.50 0.00 83.33 100.00 85.71 100.00 0.00 55.56 100.00 80.00 100.00 100.00
81.36=70.00 100.00 100.00 75.00 100.00 61.54 100.00 57.14 80.00 80.00 100.00 100.00 100.00 71.43 77.78 100.00 100.00 77.78 85.71 88.89 0.00 100.00 100.00 83.33 77.78 33.33 83.33 100.00 66.67 85.71 66.67
84.28=100.00 100.00 100.00 60.00 100.00 58.33 100.00 57.14 83.33 100.00 83.33 70.00 100.00 80.00 77.78 85.71 88.89 100.00 100.00 80.00 0.00 100.00 100.00 83.33 88.89 66.67 100.00 77.78 71.43 100.00 100.00
81.02=100.00 100.00 87.50 75.00 100.00 57.14 100.00 50.00 100.00 100.00 100.00 87.50 100.00 80.00 50.00 75.00 100.00 100.00 83.33 66.67 0.00 100.00 75.00 75.00 85.71 0.00 100.00 88.89 75.00 100.00 100.00
83.76=87.50 83.33 100.00 60.00 100.00 57.14 100.00 42.86 100.00 100.00 77.78 85.71 100.00 100.00 60.00 77.78 100.00 100.00 100.00 88.89 0.00 100.00 100.00 85.71 88.89 66.67 100.00 87.50 66.67 80.00 100.00
61.54=92.31 91.30 73.91 83.33 0.00 56.41 95.24 61.54 45.00 85.71 65.79 70.00 69.57 63.16 70.97 55.26 70.27 55.56 38.71 68.18 0.00 96.00 80.77 23.08 52.17 52.17 57.89 70.59 27.27 50.00 85.71
62.38=95.83 100.00 65.38 80.00 0.00 50.00 95.45 75.00 43.48 85.71 64.10 71.43 70.00 50.00 84.00 70.00 71.43 52.94 37.93 75.00 0.00 86.21 80.00 13.33 42.86 85.71 50.00 70.59 28.57 57.14 81.82
63.04=95.65 95.45 77.27 87.50 2.70 48.89 84.62 64.71 29.63 85.71 72.22 80.77 63.64 69.57 80.65 68.75 72.22 63.33 41.38 87.50 0.00 85.19 84.62 23.53 44.00 52.63 52.63 56.25 33.33 75.00 75.00
64.23=88.89 100.00 65.38 84.00 0.00 54.55 90.91 75.00 39.13 100.00 69.44 76.00 58.62 65.38 77.78 57.89 75.00 58.06 44.83 76.19 0.00 83.33 88.00 27.78 48.15 85.71 57.89 59.09 27.27 80.00 76.92
65.00=95.83 90.91 69.23 86.96 0.00 52.17 83.33 66.67 27.59 100.00 62.16 75.00 67.74 61.90 90.48 63.89 92.59 63.33 40.00 85.00 0.00 78.12 88.00 25.00 44.83 66.67 55.00 66.67 36.00 100.00 80.00
58.67=100.00 95.65 72.73 63.33 0.00 55.81 87.50 63.16 36.84 68.42 60.53 63.89 72.73 68.42 70.00 67.86 63.16 57.89 48.00 50.00 0.00 70.00 76.19 0.00 53.85 60.00 69.57 80.00 17.65 45.45 80.00
60.81=95.65 100.00 80.95 68.97 3.12 54.55 87.50 64.71 31.82 77.78 64.10 71.88 70.59 75.00 61.76 79.17 74.19 60.53 45.45 50.00 0.00 83.33 80.00 5.26 45.16 88.89 72.22 86.67 29.41 36.36 40.00
58.94=91.67 100.00 85.71 70.37 3.45 62.16 95.65 63.16 34.78 70.00 57.14 57.89 62.50 66.67 68.75 76.00 64.86 57.89 52.38 55.56 0.00 72.41 73.08 5.56 41.67 59.26 85.71 83.33 25.00 44.44 40.00
59.19=91.30 100.00 71.43 66.67 0.00 65.79 86.36 68.42 43.75 81.25 56.82 60.00 60.53 63.64 73.33 87.50 66.67 59.46 37.50 55.56 0.00 82.76 77.78 5.88 43.33 78.95 60.00 77.78 12.50 55.56 44.44
60.85=95.65 100.00 80.00 67.86 3.57 58.14 95.00 68.42 38.89 82.35 52.17 61.54 57.89 65.00 67.65 90.48 69.70 52.38 60.00 57.14 0.00 82.14 76.00 0.00 48.28 65.22 78.95 85.71 23.53 45.45 57.14
77.87=77.78 100.00 100.00 75.00 75.00 62.50 100.00 80.00 80.00 57.14 100.00 70.00 100.00 60.00 71.43 100.00 77.78 66.67 70.00 72.73 0.00 57.14 100.00 60.00 71.43 100.00 100.00 88.89 57.14 83.33 100.00
76.05=63.64 100.00 83.33 75.00 75.00 61.54 100.00 100.00 80.00 71.43 54.55 100.00 100.00 60.00 85.71 83.33 85.71 71.43 70.00 100.00 0.00 28.57 100.00 50.00 83.33 100.00 100.00 100.00 40.00 75.00 60.00
80.63=77.78 100.00 100.00 100.00 50.00 63.64 100.00 80.00 100.00 83.33 87.50 83.33 77.78 83.33 66.67 90.91 62.50 85.71 70.00 100.00 0.00 80.00 100.00 50.00 100.00 100.00 85.71 85.71 55.56 80.00 100.00
79.45=70.00 100.00 83.33 100.00 50.00 50.00 100.00 100.00 80.00 83.33 87.50 77.78 100.00 71.43 75.00 90.00 77.78 100.00 58.33 100.00 0.00 75.00 100.00 66.67 66.67 75.00 100.00 75.00 50.00 100.00 100.00
85.07=70.00 100.00 100.00 100.00 100.00 63.64 100.00 100.00 83.33 100.00 70.00 87.50 100.00 83.33 75.00 100.00 80.00 100.00 70.00 87.50 0.00 100.00 100.00 100.00 55.56 75.00 100.00 100.00 36.36 100.00 100.00
63.75=88.00 95.45 72.73 86.36 0.00 52.17 88.00 70.59 36.36 89.47 61.11 70.97 60.61 66.67 75.86 60.61 82.76 67.74 41.38 70.83 0.00 87.50 82.14 22.73 64.71 50.00 52.38 64.71 44.44 80.00 90.00
63.75=96.00 95.45 80.95 83.33 0.00 50.00 92.00 66.67 37.50 80.95 64.10 73.33 65.62 61.90 84.62 68.57 78.12 57.89 32.14 83.33 0.00 88.89 88.46 12.50 38.10 61.11 55.00 84.21 40.00 66.67 88.89
63.54=95.83 100.00 70.83 80.77 3.33 52.38 81.48 64.71 36.36 88.89 60.00 74.07 73.08 66.67 78.57 48.65 72.73 52.50 40.00 80.00 0.00 86.21 88.89 18.75 45.45 72.22 50.00 82.35 33.33 80.00 91.67
61.77=92.31 90.91 85.00 90.48 0.00 57.14 84.62 53.33 36.00 90.00 65.79 75.00 54.29 64.00 68.57 70.37 83.33 58.82 38.24 76.19 0.00 78.12 87.50 14.29 29.41 64.71 56.25 72.73 40.00 62.50 75.00
62.32=92.00 100.00 78.26 82.61 0.00 52.38 87.50 78.57 28.00 80.95 60.00 81.48 63.64 57.69 88.00 63.64 80.00 53.85 37.93 71.43 0.00 66.67 84.62 22.22 50.00 64.71 55.00 63.64 28.57 80.00 78.57
61.97=95.65 100.00 94.74 67.86 0.00 54.55 100.00 63.64 40.00 77.78 57.78 50.00 68.75 72.22 68.97 88.00 85.19 57.58 42.86 66.67 0.00 81.48 82.61 11.76 45.83 59.26 72.22 92.31 40.00 50.00 33.33
62.75=95.65 100.00 65.38 64.29 0.00 54.55 91.30 70.00 50.00 78.95 58.54 71.88 67.57 70.00 82.14 80.77 72.22 62.50 48.00 57.89 0.00 73.33 85.71 0.00 65.22 83.33 65.00 88.89 22.73 77.78 41.67
62.25=100.00 100.00 88.24 68.97 0.00 59.52 95.24 76.47 42.86 73.68 52.08 69.70 65.71 70.00 65.62 78.26 62.50 50.00 63.64 64.29 0.00 67.65 80.00 5.56 53.85 75.00 77.78 78.57 33.33 75.00 36.36
60.13=95.83 95.65 69.57 61.29 0.00 54.35 95.65 70.59 42.86 72.73 53.33 69.70 61.11 70.59 71.43 83.33 60.98 56.41 48.00 66.67 0.00 81.48 75.00 4.55 39.29 71.43 76.47 92.31 18.75 71.43 33.33
59.85=87.50 95.65 70.00 73.08 0.00 61.54 91.30 65.00 33.33 71.43 55.56 64.86 62.16 68.42 67.65 83.33 64.71 56.76 51.85 70.59 0.00 68.57 72.00 5.26 47.83 71.43 77.78 85.71 25.00 62.50 44.44
62.85=95.65 91.30 81.82 75.00 0.00 50.00 79.17 71.43 30.77 93.75 59.46 54.76 53.33 59.26 71.88 88.46 68.57 59.52 44.83 71.43 0.00 70.59 90.91 33.33 65.00 65.00 46.67 83.33 27.27 75.00 90.91
62.01=91.67 95.45 75.00 71.43 0.00 52.17 87.50 68.75 22.22 81.25 52.63 81.48 50.00 52.38 78.12 77.42 64.71 57.14 48.28 64.29 0.00 79.31 82.61 35.29 55.00 58.33 50.00 82.35 21.74 85.71 100.00
62.90=100.00 87.50 69.23 68.97 0.00 54.55 73.08 75.00 15.79 89.47 48.72 73.33 51.16 60.00 69.70 85.19 79.31 58.97 48.28 71.43 0.00 86.21 84.00 35.71 61.54 60.87 60.00 86.67 40.62 71.43 83.33
61.66=91.67 100.00 78.26 71.43 0.00 52.38 87.50 73.68 23.08 93.33 53.85 70.59 48.84 59.09 75.76 84.62 58.97 58.97 42.31 66.67 0.00 79.31 92.00 37.50 36.36 63.64 66.67 77.78 30.00 83.33 53.85
61.18=84.62 95.45 72.00 68.97 0.00 50.00 90.48 66.67 15.00 93.33 60.00 76.67 55.56 59.09 74.19 77.78 73.53 57.50 48.39 76.92 0.00 85.71 74.07 33.33 36.84 75.00 42.86 77.78 25.00 83.33 66.67
81.15=66.67 100.00 100.00 100.00 57.14 41.67 90.91 100.00 57.14 83.33 100.00 55.56 75.00 80.00 83.33 100.00 72.73 100.00 83.33 100.00 0.00 71.43 100.00 100.00 87.50 60.00 100.00 100.00 50.00 100.00 100.00
77.93=66.67 100.00 83.33 75.00 100.00 66.67 100.00 50.00 37.50 71.43 75.00 75.00 85.71 100.00 83.33 90.00 75.00 100.00 87.50 100.00 0.00 42.86 100.00 80.00 75.00 100.00 100.00 87.50 41.67 66.67 100.00
84.28=70.00 100.00 83.33 100.00 80.00 60.00 100.00 80.00 57.14 71.43 100.00 85.71 88.89 100.00 100.00 100.00 72.73 100.00 70.00 100.00 0.00 80.00 100.00 80.00 100.00 100.00 100.00 100.00 50.00 100.00 83.33
82.40=63.64 100.00 100.00 100.00 100.00 66.67 100.00 100.00 80.00 62.50 100.00 87.50 100.00 100.00 87.50 100.00 75.00 100.00 70.00 100.00 0.00 50.00 85.71 50.00 100.00 60.00 85.71 100.00 44.44 85.71 100.00
80.69=77.78 100.00 71.43 100.00 80.00 58.33 100.00 100.00 80.00 71.43 66.67 85.71 71.43 66.67 100.00 100.00 60.00 100.00 77.78 100.00 0.00 66.67 100.00 75.00 100.00 75.00 100.00 71.43 46.15 100.00 100.00
61.91=79.31 95.65 73.91 73.08 0.00 60.53 90.91 61.90 39.13 77.78 62.50 55.81 61.11 70.83 63.64 77.27 80.00 52.27 53.85 75.00 0.00 92.00 85.00 5.26 54.17 69.57 85.71 86.67 26.32 60.00 50.00
59.64=91.30 100.00 77.27 68.97 0.00 65.71 88.00 66.67 33.33 73.68 59.09 54.76 61.11 55.56 74.19 76.00 70.59 60.00 60.87 52.94 0.00 79.31 69.23 11.11 46.15 72.73 80.00 65.00 23.08 66.67 45.45
61.19=92.00 100.00 81.82 73.08 0.00 54.55 90.91 70.00 45.83 76.47 63.16 63.89 72.41 60.00 60.00 83.33 73.53 57.50 48.28 47.37 0.00 78.12 78.26 5.88 48.00 72.73 68.42 92.86 22.73 71.43 44.44
62.45=91.30 95.65 78.26 73.08 0.00 59.52 95.45 60.71 28.57 70.59 55.00 64.86 70.97 65.22 75.86 78.26 71.43 67.65 44.83 64.29 0.00 88.46 74.07 5.56 57.89 71.43 75.00 76.47 37.50 66.67 71.43
59.91=91.67 100.00 78.26 71.43 0.00 60.00 90.91 81.25 40.00 78.95 54.35 62.86 61.11 52.00 80.77 80.00 73.53 62.50 45.16 40.00 0.00 77.42 82.61 11.11 45.45 78.95 66.67 80.00 17.65 62.50 30.00
82.83=100.00 100.00 87.50 100.00 100.00 58.33 100.00 44.44 83.33 100.00 100.00 75.00 63.64 83.33 70.00 85.71 80.00 87.50 71.43 88.89 0.00 100.00 100.00 80.00 62.50 100.00 100.00 88.89 57.14 100.00 100.00
81.41=87.50 100.00 87.50 66.67 100.00 66.67 100.00 50.00 83.33 100.00 100.00 85.71 88.89 80.00 85.71 75.00 88.89 77.78 87.50 88.89 0.00 66.67 71.43 85.71 100.00 66.67 100.00 83.33 50.00 100.00 100.00
74.98=77.78 83.33 100.00 100.00 75.00 50.00 100.00 42.86 71.43 80.00 85.71 75.00 70.00 100.00 55.56 100.00 100.00 85.71 100.00 63.64 0.00 83.33 71.43 71.43 60.00 33.33 75.00 87.50 42.86 83.33 100.00
78.82=85.71 100.00 87.50 75.00 100.00 66.67 100.00 50.00 42.86 83.33 87.50 100.00 80.00 100.00 58.33 100.00 77.78 100.00 100.00 87.50 0.00 100.00 80.00 75.00 87.50 20.00 83.33 88.89 60.00 100.00 66.67
83.93=100.00 100.00 87.50 100.00 75.00 50.00 90.91 57.14 80.00 83.33 100.00 87.50 100.00 83.33 60.00 100.00 100.00 85.71 87.50 100.00 0.00 100.00 87.50 83.33 87.50 75.00 83.33 100.00 57.14 100.00 100.00
61.42=88.46 100.00 69.23 80.00 0.00 51.22 80.77 68.75 33.33 100.00 56.76 61.54 56.76 52.00 83.33 86.96 68.57 58.82 50.00 71.43 0.00 75.00 86.96 50.00 61.11 46.15 54.55 81.25 21.05 60.00 50.00
62.97=100.00 95.45 69.23 68.00 2.50 51.16 87.50 73.68 20.00 84.21 57.89 69.70 42.86 60.87 83.33 72.73 64.86 66.67 48.15 76.92 0.00 83.33 80.95 21.05 57.89 70.00 57.14 84.62 22.73 100.00 78.57
62.97=91.30 100.00 90.00 76.92 0.00 46.51 86.36 85.71 23.81 80.00 51.16 69.70 58.82 52.00 75.76 71.43 79.31 57.14 51.61 71.43 0.00 80.65 81.48 18.18 52.38 81.25 57.14 80.00 21.74 71.43 88.89
60.96=92.00 91.30 81.82 74.07 0.00 55.56 80.00 61.54 11.11 85.71 52.38 63.16 55.00 52.00 75.76 71.88 66.67 67.57 46.67 66.67 0.00 82.14 77.78 28.57 52.63 73.68 64.29 71.43 36.84 62.50 88.89
60.51=92.00 95.45 80.95 71.43 0.00 50.00 80.00 73.33 10.53 93.75 54.05 75.00 52.50 59.09 75.00 91.67 58.33 55.81 51.85 58.82 0.00 78.79 90.91 23.53 47.62 59.09 42.86 68.75 27.78 75.00 81.82
82.45=77.78 100.00 100.00 75.00 100.00 63.64 100.00 80.00 100.00 71.43 100.00 75.00 87.50 66.67 80.00 100.00 72.73 77.78 70.00 88.89 0.00 75.00 100.00 66.67 100.00 100.00 100.00 83.33 44.44 100.00 100.00
79.17=77.78 100.00 100.00 100.00 100.00 50.00 100.00 80.00 83.33 100.00 100.00 62.50 77.78 100.00 83.33 100.00 80.00 87.50 58.33 100.00 0.00 71.43 100.00 33.33 66.67 50.00 85.71 77.78 45.45 83.33 100.00
80.48=75.00 100.00 83.33 50.00 100.00 61.54 100.00 80.00 80.00 62.50 87.50 85.71 75.00 100.00 100.00 100.00 66.67 85.71 77.78 100.00 0.00 60.00 83.33 100.00 77.78 60.00 100.00 87.50 55.56 100.00 100.00
82.65=77.78 100.00 83.33 75.00 100.00 61.54 100.00 100.00 57.14 80.00 100.00 85.71 85.71 50.00 100.00 100.00 77.78 100.00 66.67 72.73 0.00 83.33 100.00 100.00 50.00 100.00 100.00 100.00 55.56 100.00 100.00
84.53=77.78 100.00 100.00 60.00 100.00 57.14 100.00 100.00 80.00 83.33 77.78 100.00 100.00 100.00 71.43 100.00 75.00 83.33 100.00 100.00 0.00 83.33 100.00 80.00 77.78 100.00 85.71 77.78 50.00 100.00 100.00
75.85=77.78 100.00 100.00 60.00 100.00 53.85 100.00 50.00 62.50 100.00 100.00 75.00 66.67 60.00 57.14 100.00 80.00 85.71 62.50 80.00 0.00 100.00 100.00 75.00 66.67 33.33 100.00 85.71 44.44 100.00 75.00
78.46=75.00 100.00 100.00 60.00 100.00 57.14 100.00 50.00 62.50 100.00 87.50 100.00 80.00 83.33 62.50 100.00 100.00 66.67 100.00 72.73 0.00 83.33 75.00 83.33 100.00 50.00 100.00 80.00 60.00 83.33 60.00
75.93=87.50 100.00 87.50 75.00 80.00 53.85 100.00 57.14 50.00 100.00 100.00 75.00 88.89 80.00 66.67 100.00 80.00 87.50 85.71 88.89 0.00 100.00 80.00 85.71 66.67 0.00 60.00 100.00 75.00 85.71 57.14
78.25=75.00 83.33 100.00 100.00 100.00 50.00 100.00 57.14 60.00 100.00 100.00 70.00 85.71 100.00 85.71 85.71 80.00 87.50 66.67 100.00 0.00 83.33 83.33 57.14 70.00 50.00 85.71 100.00 42.86 66.67 100.00
77.33=75.00 100.00 87.50 100.00 80.00 57.14 100.00 50.00 50.00 100.00 87.50 85.71 100.00 80.00 55.56 100.00 80.00 87.50 100.00 88.89 0.00 83.33 75.00 75.00 100.00 40.00 62.50 80.00 50.00 100.00 66.67
64.52=88.89 95.45 76.19 86.36 0.00 52.17 88.46 76.47 32.00 85.71 63.16 64.71 67.86 70.00 74.07 62.50 70.59 54.05 44.00 86.67 0.00 92.59 77.78 22.22 50.00 52.17 58.82 75.00 40.00 100.00 92.31
63.98=91.67 100.00 68.00 87.50 0.00 51.11 80.95 65.00 33.33 90.00 71.88 68.75 73.08 65.22 78.57 63.64 83.33 46.67 43.33 71.43 0.00 88.89 81.48 30.00 55.00 61.11 52.38 85.00 29.41 66.67 100.00
62.81=92.31 91.30 72.00 83.33 0.00 51.11 90.91 73.33 40.91 85.71 64.86 80.77 60.61 73.68 74.19 58.06 79.31 44.19 42.86 82.35 0.00 86.67 75.00 17.65 47.37 65.00 57.89 77.78 35.29 70.00 72.73
65.53=88.46 100.00 73.91 84.00 0.00 50.00 91.67 83.33 26.09 85.00 72.22 74.07 62.50 69.57 79.31 68.75 75.76 58.33 43.48 76.19 0.00 100.00 85.19 26.92 54.17 80.00 55.56 78.95 29.41 80.00 78.57
64.87=91.67 100.00 77.27 82.61 0.00 51.06 90.48 71.43 36.00 84.21 65.00 86.96 58.82 75.00 82.14 58.82 72.73 57.89 41.38 92.86 0.00 80.65 80.77 23.81 54.55 47.83 58.82 66.67 50.00 71.43 100.00
75.50=77.78 100.00 100.00 75.00 75.00 66.67 100.00 66.67 66.67 100.00 100.00 66.67 60.00 80.00 66.67 85.71 70.00 87.50 54.55 100.00 0.00 80.00 71.43 50.00 83.33 50.00 100.00 87.50 44.44 100.00 75.00
78.00=85.71 100.00 83.33 75.00 100.00 50.00 100.00 80.00 66.67 71.43 87.50 66.67 100.00 60.00 85.71 90.00 80.00 100.00 70.00 100.00 0.00 44.44 100.00 66.67 75.00 75.00 100.00 83.33 41.67 80.00 100.00
82.04=100.00 100.00 80.00 60.00 100.00 63.64 100.00 100.00 100.00 100.00 75.00 75.00 85.71 71.43 80.00 100.00 80.00 100.00 66.67 100.00 0.00 80.00 85.71 66.67 100.00 60.00 85.71 100.00 44.44 83.33 100.00
76.69=77.78 100.00 100.00 75.00 80.00 55.56 100.00 100.00 50.00 75.00 70.00 75.00 85.71 60.00 87.50 100.00 77.78 85.71 63.64 100.00 0.00 60.00 100.00 40.00 57.14 100.00 100.00 100.00 30.00 71.43 100.00
80.07=70.00 100.00 100.00 100.00 80.00 54.55 100.00 100.00 50.00 71.43 87.50 75.00 77.78 100.00 83.33 100.00 88.89 100.00 71.43 100.00 0.00 100.00 100.00 33.33 57.14 60.00 100.00 100.00 41.67 80.00 100.00
76.31=87.50 100.00 87.50 100.00 100.00 66.67 90.00 60.00 42.86 66.67 100.00 100.00 63.64 42.86 85.71 87.50 100.00 87.50 100.00 100.00 0.00 40.00 100.00 50.00 75.00 100.00 85.71 75.00 71.43 100.00 0.00
79.12=87.50 100.00 83.33 100.00 80.00 66.67 90.91 80.00 44.44 83.33 77.78 87.50 77.78 75.00 77.78 88.89 77.78 100.00 100.00 88.89 0.00 66.67 100.00 57.14 71.43 100.00 83.33 87.50 66.67 85.71 66.67
80.82=87.50 100.00 100.00 100.00 100.00 70.00 100.00 75.00 83.33 83.33 87.50 100.00 85.71 50.00 45.45 80.00 88.89 87.50 100.00 100.00 0.00 80.00 75.00 66.67 100.00 75.00 85.71 85.71 71.43 75.00 66.67
80.98=87.50 100.00 75.00 100.00 100.00 66.67 100.00 66.67 66.67 83.33 100.00 77.78 75.00 75.00 100.00 100.00 80.00 100.00 100.00 100.00 0.00 50.00 80.00 66.67 100.00 60.00 75.00 100.00 66.67 83.33 75.00
84.70=87.50 100.00 85.71 100.00 100.00 61.54 100.00 100.00 50.00 83.33 77.78 100.00 85.71 80.00 100.00 100.00 100.00 77.78 100.00 100.00 0.00 50.00 100.00 62.50 100.00 66.67 85.71 100.00 71.43 100.00 100.00
80.83=77.78 100.00 83.33 75.00 100.00 61.54 100.00 100.00 100.00 83.33 85.71 83.33 100.00 66.67 75.00 100.00 88.89 77.78 58.33 100.00 0.00 66.67 100.00 50.00 80.00 100.00 85.71 100.00 40.00 100.00 66.67
84.12=77.78 100.00 100.00 100.00 100.00 53.85 100.00 100.00 80.00 100.00 87.50 75.00 100.00 71.43 83.33 100.00 77.78 100.00 70.00 87.50 0.00 100.00 100.00 50.00 100.00 100.00 83.33 88.89 50.00 71.43 100.00
76.02=75.00 100.00 66.67 50.00 75.00 61.54 100.00 60.00 80.00 100.00 75.00 100.00 85.71 75.00 75.00 100.00 80.00 77.78 66.67 77.78 0.00 57.14 100.00 100.00 75.00 100.00 75.00 83.33 25.00 80.00 80.00
82.09=70.00 100.00 100.00 100.00 100.00 57.14 100.00 100.00 62.50 100.00 100.00 100.00 87.50 66.67 100.00 100.00 77.78 87.50 70.00 100.00 0.00 100.00 100.00 50.00 60.00 100.00 85.71 100.00 38.46 71.43 60.00
85.68=66.67 100.00 83.33 100.00 100.00 63.64 100.00 100.00 83.33 100.00 87.50 87.50 85.71 100.00 75.00 90.91 77.78 100.00 53.85 100.00 0.00 100.00 100.00 100.00 62.50 100.00 100.00 100.00 38.46 100.00 100.00
60.45=91.67 95.65 80.95 72.00 0.00 59.52 91.30 60.00 37.50 68.42 60.47 57.50 62.86 72.73 67.74 88.00 65.79 59.38 41.67 57.14 0.00 81.48 81.82 5.26 48.00 62.50 76.47 80.00 31.58 66.67 50.00
63.94=91.30 100.00 77.27 74.07 0.00 59.52 91.67 71.43 39.29 66.67 53.33 70.97 60.98 80.00 75.00 86.36 69.44 59.46 65.00 60.00 0.00 76.67 78.26 10.00 47.83 75.00 83.33 82.35 30.43 75.00 71.43
