60.70170819678905
52.78455772963278
56.44654285376641
56.41724153620841
56.27759613390063
56.42671595144903
55.86600213654989
58.22644110611733
56.66544376520964
56.6764173895304
56.817447867774256
56.09534050767221
56.18913181782944
57.086064671375944
57.386703227386654
57.237438687496386
57.43288976305253
57.61595163722614
56.22785993496398
56.62573474063968
58.45787283788825
56.845775442095885
56.307936506105776
55.63561873527636
57.92061947536583
58.36955874133829
56.52519160489606
57.400377279783605
58.43972773344979
56.88241728524035
56.41006958940946
54.23310245257406
55.33514368776271
56.0061624616674
55.66851833315059
55.618026191163615
55.65408503293402
55.868003814559195
54.122474441447544
54.75077021148797
59.29361346799434
55.06742745243687
57.66999647662019
57.11122855265159
58.006838368213316
56.405793133045236
58.57455236607493
58.93329972272317
57.695347232022584
57.99436389707451
57.89540367077639
58.90922820819227
58.11960949348207
57.32237758615808
58.02659671084428
58.20441262555048
57.19724009518399
57.33908770940512
56.25294494544472
57.40126594250238
55.801336051377696
57.85958766922112
56.11280067702107
57.38124047420641
58.716075354024255
56.850477058129975
56.636499222760555
57.139051757019715
55.590857299571994
54.40741859032963
56.8527556043718
55.71736821375289
56.235145751157
55.691066601419486
56.453306856744256
55.994206562131836
55.79068019742867
56.76737670290744
57.130040183261606
56.05989084679695
96.79723502304148
96.63594470046083
93.46390168970814
97.17357910906297
95.3763440860215
95.23809523809524
94.73118279569891
96.5284178187404
97.09677419354838
97.84946236559139
95.3942652329749
94.58781362007169
97.2043010752688
97.41935483870968
98.70967741935483
95.13056835637481
95.752688172043
98.24884792626729
98.89400921658986
97.25806451612904
96.55913978494623
99.35483870967742
96.41577060931898
98.11827956989247
96.02150537634408
95.86021505376344
96.47465437788019
95.13056835637481
96.39784946236558
98.38709677419355
97.06989247311827
95.3225806451613
96.50537634408602
97.63440860215053
98.27956989247312
96.02150537634408
96.63082437275985
95.77572964669739
97.8494623655914
99.35483870967742
96.92780337941628
96.74347158218127
94.6236559139785
95.52995391705069
96.09831029185867
97.11469534050178
95.77060931899642
97.75985663082436
96.29032258064517
96.14695340501791
95.86021505376344
96.66666666666666
94.35483870967741
97.01228878648233
96.50537634408602
96.7741935483871
96.23655913978493
98.38709677419355
97.31182795698925
98.9247311827957
98.27956989247312
96.23655913978493
96.14695340501792
98.01424382069543
98.99641577060932
96.85099846390169
100.0
97.8494623655914
95.66308243727599
96.93548387096774
99.10394265232975
98.06067588325652
99.6415770609319
98.29749103942652
96.7741935483871
96.77419354838709
97.04301075268816
96.23655913978493
97.31182795698925
96.95340501792116
62.752532390519974
59.006653550689094
61.2019065293037
57.70872276218085
60.06600832858204
59.083834565258
59.11884463127181
59.23383008862474
63.24019969221597
61.30055355048549
61.47617425273229
62.016586520924506
61.96712881068088
60.667961224125705
61.914883711229194
62.30538392745363
60.58136253459558
61.23390144600673
62.318702236177025
61.37353066474114
60.34816172357423
59.6930092200545
59.814389575141895
59.22078373694065
60.76311876548469
60.1179306042119
59.96090484918681
58.8228891327674
58.54689134602104
58.87028723818905
59.464207738891226
60.93769831946965
60.167747367268696
60.43550008611568
60.42481716348926
60.22423539849206
60.597093724566776
59.90964601912115
59.2484771105296
59.1871734863836
95.34946236559139
94.48540706605223
95.69892473118279
97.2043010752688
94.7004608294931
91.39784946236558
95.59139784946235
95.16129032258063
96.23655913978493
91.98924731182795
94.89247311827957
95.39938556067588
92.81874039938558
94.62365591397848
94.59293394777265
96.50537634408602
96.23655913978493
95.05376344086021
94.24731182795698
95.50691244239631
96.49257552483358
95.43010752688171
97.31182795698925
95.16129032258064
96.50537634408602
96.1021505376344
96.23655913978494
94.24731182795698
94.0552995391705
94.86175115207374
93.84024577572966
93.27956989247312
92.38863287250383
93.51766513056836
96.20583717357911
94.35483870967742
95.16129032258064
96.23655913978493
94.35483870967742
94.75806451612904
