59.46=100.00 100.00 76.00 82.61 42.86 47.22 86.36 50.00 8.70 78.95 63.64 91.67 70.37 40.00 60.00 70.37 81.48 70.97 27.78 73.68 44.44 92.00 66.67 28.57 35.29 43.24 31.82 30.77 37.50 66.67 43.75
52.44=72.73 75.00 56.67 64.52 18.75 42.22 83.33 50.00 12.50 71.43 58.82 82.14 55.56 26.32 64.00 61.76 78.57 73.08 26.32 71.43 0.00 73.33 70.97 33.33 25.00 50.00 50.00 50.00 42.86 37.50 47.62
53.97=82.14 91.30 67.86 54.05 16.67 46.15 87.50 58.33 15.38 73.68 65.71 82.14 57.69 41.18 67.65 53.33 63.16 69.70 33.33 70.00 0.00 73.53 55.88 42.86 47.37 41.18 63.64 25.00 22.22 42.86 61.54
54.86=82.14 95.45 72.00 60.61 23.53 44.90 81.82 66.67 13.33 66.67 69.70 77.42 58.06 35.29 55.26 60.00 68.75 79.31 23.53 66.67 0.00 67.57 54.55 40.00 23.08 44.44 58.33 30.00 46.67 60.00 75.00
58.46=88.46 100.00 73.08 65.52 38.46 45.10 86.96 56.52 6.67 73.68 58.33 75.86 59.26 55.56 67.74 52.08 70.97 77.42 21.74 63.16 0.00 73.53 63.64 52.94 37.50 43.75 54.55 55.56 50.00 71.43 72.73
57.95=88.89 100.00 78.26 70.37 23.08 46.94 90.00 69.57 11.11 68.18 60.53 80.77 70.00 42.11 53.85 55.81 66.67 82.14 23.33 57.69 0.00 69.70 64.52 50.00 40.00 44.44 69.23 44.44 27.78 57.14 90.00
58.46=92.31 100.00 69.23 65.52 35.71 48.00 90.91 68.18 15.38 70.00 58.82 79.31 69.23 50.00 56.41 55.56 62.86 85.19 23.33 60.00 0.00 81.25 68.75 40.00 40.00 46.88 64.29 50.00 44.44 37.50 83.33
60.00=77.42 95.45 73.91 70.37 28.57 42.31 86.36 65.22 5.88 82.35 61.76 84.62 70.97 55.56 56.76 55.81 68.75 88.89 20.69 66.67 0.00 83.87 68.75 42.86 33.33 51.72 77.78 50.00 33.33 80.00 80.00
61.87=85.71 100.00 69.23 64.52 50.00 52.17 84.00 68.18 11.11 75.00 55.00 76.67 58.06 55.56 61.54 57.14 79.31 92.00 29.03 71.43 0.00 83.87 66.67 50.00 37.14 50.00 70.00 33.33 52.94 87.50 90.91
60.43=92.31 100.00 72.00 66.67 45.45 43.64 95.24 76.19 7.69 63.64 60.53 71.88 61.29 47.37 57.14 61.54 76.67 81.48 30.00 72.22 0.00 85.19 64.71 46.15 33.33 48.39 70.00 53.85 44.44 80.00 64.29
57.55=84.62 100.00 81.82 72.00 3.12 75.76 86.36 44.83 16.00 61.90 69.70 86.96 68.97 52.17 78.26 55.00 75.00 81.82 43.75 47.83 58.33 90.48 85.71 16.67 25.81 48.39 42.86 54.55 12.50 46.15 16.67
52.57=95.65 91.30 69.23 57.58 0.00 56.10 74.07 53.85 31.58 65.00 77.42 66.67 70.00 40.00 65.38 62.96 60.61 82.76 26.09 54.55 0.00 63.64 72.41 0.00 42.31 47.06 83.33 35.71 21.05 30.00 33.33
55.65=84.62 95.65 80.95 58.82 0.00 47.06 80.00 42.31 26.32 75.00 67.57 71.43 60.61 78.57 55.00 58.62 73.53 79.31 36.36 60.00 20.00 82.14 71.43 5.00 50.00 45.71 80.00 68.75 17.65 37.50 15.38
57.06=85.71 100.00 80.95 58.82 3.70 54.55 78.57 75.00 31.58 66.67 66.67 66.67 58.33 76.92 73.91 69.23 58.97 68.75 27.78 66.67 0.00 72.41 76.92 7.14 42.31 45.95 87.50 76.47 22.22 28.57 40.00
58.03=85.19 100.00 76.19 55.26 3.23 56.82 86.96 60.00 31.58 92.31 64.86 56.41 75.86 53.85 73.08 66.67 69.44 63.89 45.00 70.59 0.00 76.67 78.57 5.56 40.00 47.06 73.68 84.62 26.32 57.14 22.22
57.62=81.48 100.00 81.82 56.76 3.03 52.27 84.00 72.22 43.75 70.59 56.82 64.71 65.62 64.29 72.00 77.78 71.43 76.67 30.43 55.00 0.00 63.89 77.27 6.25 38.46 50.00 76.47 76.47 23.53 33.33 60.00
61.47=88.46 100.00 85.00 57.58 0.00 54.55 91.30 61.54 37.50 82.35 63.16 61.54 78.57 70.59 81.48 66.67 67.65 73.33 36.36 56.52 0.00 92.00 82.61 5.56 44.83 55.56 82.35 75.00 36.84 50.00 66.67
60.50=85.71 100.00 94.44 56.76 5.13 52.08 95.83 75.00 29.41 80.00 64.10 74.19 80.77 56.25 71.88 72.41 72.73 72.73 31.25 52.17 0.00 77.78 85.00 6.25 44.44 51.72 83.33 80.00 30.77 60.00 33.33
59.69=91.30 100.00 100.00 58.82 2.86 54.76 88.00 55.17 36.36 87.50 61.54 66.67 70.37 75.00 76.67 62.07 75.00 67.65 28.57 50.00 0.00 75.00 76.00 5.56 50.00 57.69 80.00 87.50 28.57 41.67 40.00
60.27=96.00 100.00 100.00 61.76 2.94 53.49 91.67 68.18 21.05 100.00 63.16 64.71 78.57 68.42 75.76 73.08 60.00 78.57 36.36 42.86 0.00 73.33 75.00 5.00 35.48 53.57 75.00 81.25 38.46 54.55 40.00
88.99=87.50 100.00 100.00 75.00 100.00 100.00 100.00 33.33 100.00 66.67 70.00 100.00 75.00 100.00 87.50 80.00 100.00 83.33 87.50 100.00 100.00 83.33 100.00 85.71 88.89 100.00 100.00 100.00 75.00 100.00 80.00
91.25=100.00 100.00 100.00 100.00 80.00 88.89 100.00 66.67 71.43 66.67 100.00 100.00 100.00 100.00 85.71 91.67 87.50 100.00 100.00 88.89 100.00 100.00 87.50 100.00 100.00 100.00 71.43 87.50 85.71 85.71 83.33
91.36=100.00 83.33 100.00 100.00 80.00 100.00 100.00 66.67 100.00 100.00 85.71 100.00 88.89 100.00 80.00 80.00 100.00 87.50 100.00 88.89 100.00 83.33 100.00 75.00 100.00 75.00 100.00 88.89 85.71 100.00 83.33
90.54=87.50 100.00 100.00 100.00 80.00 85.71 100.00 100.00 100.00 80.00 100.00 87.50 100.00 83.33 87.50 88.89 100.00 100.00 100.00 100.00 80.00 62.50 88.89 100.00 100.00 60.00 100.00 100.00 60.00 100.00 75.00
91.12=100.00 100.00 87.50 100.00 80.00 88.89 100.00 80.00 83.33 100.00 100.00 100.00 77.78 100.00 100.00 81.82 100.00 100.00 85.71 87.50 100.00 75.00 85.71 100.00 100.00 60.00 100.00 100.00 85.71 85.71 80.00
94.26=87.50 83.33 100.00 100.00 100.00 88.89 100.00 100.00 100.00 100.00 87.50 100.00 87.50 100.00 100.00 88.89 100.00 100.00 100.00 100.00 100.00 100.00 77.78 100.00 80.00 75.00 100.00 100.00 85.71 100.00 80.00
93.93=100.00 100.00 100.00 100.00 100.00 100.00 100.00 66.67 100.00 100.00 77.78 100.00 87.50 100.00 100.00 87.50 87.50 100.00 100.00 100.00 100.00 100.00 77.78 83.33 88.89 100.00 100.00 100.00 75.00 100.00 80.00
93.12=100.00 100.00 100.00 100.00 100.00 88.89 100.00 57.14 83.33 83.33 100.00 100.00 88.89 100.00 100.00 66.67 100.00 100.00 100.00 100.00 100.00 80.00 100.00 83.33 100.00 100.00 100.00 100.00 75.00 100.00 80.00
91.96=100.00 83.33 100.00 100.00 80.00 100.00 100.00 66.67 100.00 83.33 100.00 100.00 87.50 100.00 100.00 77.78 87.50 100.00 100.00 100.00 100.00 83.33 85.71 85.71 100.00 75.00 100.00 100.00 85.71 85.71 83.33
90.92=100.00 100.00 100.00 100.00 66.67 100.00 100.00 66.67 100.00 100.00 100.00 100.00 66.67 100.00 100.00 87.50 88.89 100.00 83.33 100.00 100.00 83.33 85.71 85.71 100.00 37.50 83.33 100.00 83.33 100.00 100.00
74.99=70.00 83.33 100.00 60.00 66.67 58.33 100.00 50.00 83.33 100.00 100.00 100.00 87.50 100.00 40.00 66.67 100.00 87.50 0.00 72.73 0.00 100.00 100.00 100.00 47.06 0.00 100.00 100.00 71.43 100.00 80.00
83.67=87.50 100.00 100.00 75.00 80.00 61.54 100.00 57.14 83.33 83.33 100.00 85.71 87.50 100.00 80.00 100.00 100.00 100.00 100.00 77.78 0.00 100.00 80.00 100.00 87.50 25.00 100.00 100.00 62.50 100.00 80.00
84.28=77.78 83.33 87.50 100.00 100.00 53.33 100.00 60.00 100.00 100.00 100.00 100.00 100.00 100.00 71.43 88.89 88.89 100.00 100.00 70.00 0.00 100.00 100.00 100.00 60.00 0.00 100.00 100.00 71.43 100.00 100.00
81.07=77.78 100.00 100.00 75.00 100.00 58.33 100.00 44.44 100.00 83.33 100.00 100.00 100.00 100.00 50.00 83.33 88.89 87.50 100.00 72.73 0.00 100.00 87.50 85.71 63.64 0.00 100.00 75.00 80.00 100.00 100.00
83.05=87.50 83.33 100.00 75.00 100.00 46.15 100.00 50.00 100.00 100.00 100.00 85.71 88.89 100.00 66.67 100.00 100.00 100.00 100.00 72.73 0.00 100.00 100.00 100.00 72.73 0.00 100.00 100.00 80.00 85.71 80.00
84.22=77.78 100.00 85.71 100.00 100.00 50.00 90.91 66.67 80.00 100.00 100.00 75.00 100.00 100.00 83.33 88.89 88.89 100.00 100.00 72.73 0.00 100.00 100.00 100.00 81.82 0.00 100.00 100.00 83.33 85.71 100.00
83.18=85.71 100.00 100.00 60.00 100.00 57.14 100.00 44.44 80.00 100.00 87.50 85.71 87.50 100.00 85.71 75.00 100.00 100.00 100.00 72.73 0.00 100.00 100.00 85.71 100.00 0.00 100.00 100.00 71.43 100.00 100.00
83.56=77.78 100.00 100.00 100.00 80.00 61.54 100.00 44.44 100.00 100.00 100.00 87.50 100.00 100.00 60.00 100.00 87.50 100.00 75.00 66.67 0.00 100.00 100.00 75.00 66.67 33.33 100.00 100.00 75.00 100.00 100.00
83.89=70.00 100.00 100.00 60.00 100.00 61.54 100.00 50.00 100.00 100.00 100.00 100.00 88.89 66.67 85.71 88.89 100.00 87.50 100.00 66.67 0.00 100.00 100.00 100.00 88.89 0.00 100.00 100.00 85.71 100.00 100.00
85.83=100.00 100.00 100.00 50.00 100.00 57.14 100.00 57.14 100.00 100.00 100.00 100.00 85.71 100.00 85.71 100.00 100.00 100.00 85.71 72.73 0.00 100.00 100.00 100.00 75.00 20.00 100.00 100.00 71.43 100.00 100.00
82.55=77.78 100.00 85.71 60.00 100.00 72.73 100.00 75.00 100.00 83.33 87.50 100.00 87.50 60.00 75.00 68.75 77.78 85.71 100.00 88.89 0.00 75.00 100.00 80.00 60.00 100.00 75.00 100.00 83.33 100.00 100.00
85.84=66.67 100.00 100.00 75.00 100.00 61.54 100.00 100.00 100.00 100.00 87.50 100.00 100.00 100.00 100.00 100.00 88.89 100.00 100.00 100.00 0.00 55.56 83.33 100.00 77.78 50.00 100.00 88.89 62.50 83.33 80.00
78.94=75.00 100.00 83.33 50.00 100.00 63.64 87.50 50.00 100.00 100.00 66.67 85.71 100.00 62.50 88.89 100.00 72.73 100.00 100.00 88.89 0.00 100.00 100.00 50.00 77.78 50.00 100.00 88.89 50.00 55.56 100.00
84.48=77.78 100.00 100.00 40.00 100.00 61.54 100.00 100.00 83.33 100.00 77.78 100.00 100.00 100.00 100.00 81.82 80.00 85.71 100.00 100.00 0.00 60.00 100.00 66.67 87.50 75.00 100.00 100.00 66.67 100.00 75.00
86.16=77.78 100.00 100.00 100.00 57.14 61.54 100.00 80.00 100.00 83.33 100.00 100.00 100.00 100.00 80.00 90.00 100.00 100.00 100.00 100.00 0.00 80.00 100.00 100.00 87.50 50.00 100.00 83.33 57.14 83.33 100.00
85.44=77.78 100.00 100.00 100.00 100.00 66.67 100.00 80.00 100.00 100.00 87.50 87.50 100.00 100.00 80.00 100.00 80.00 100.00 100.00 100.00 0.00 83.33 100.00 50.00 77.78 50.00 100.00 100.00 62.50 85.71 80.00
84.95=100.00 100.00 100.00 75.00 80.00 66.67 90.00 100.00 71.43 100.00 100.00 100.00 100.00 71.43 88.89 90.91 87.50 100.00 100.00 88.89 0.00 100.00 100.00 66.67 100.00 60.00 66.67 88.89 57.14 83.33 100.00
88.03=77.78 100.00 100.00 100.00 100.00 57.14 100.00 100.00 100.00 83.33 100.00 100.00 100.00 83.33 100.00 100.00 88.89 87.50 100.00 88.89 0.00 100.00 100.00 100.00 87.50 50.00 100.00 88.89 55.56 100.00 80.00
83.28=70.00 100.00 100.00 50.00 100.00 66.67 100.00 66.67 100.00 83.33 87.50 100.00 100.00 75.00 77.78 83.33 87.50 100.00 87.50 88.89 0.00 100.00 100.00 100.00 85.71 75.00 100.00 100.00 50.00 66.67 80.00
85.53=100.00 100.00 100.00 75.00 100.00 66.67 100.00 80.00 83.33 100.00 87.50 100.00 100.00 83.33 77.78 80.00 77.78 100.00 100.00 88.89 0.00 100.00 100.00 60.00 100.00 75.00 85.71 88.89 66.67 75.00 100.00
64.21=95.83 100.00 100.00 90.00 7.84 50.00 92.00 71.43 27.27 88.24 65.00 64.71 85.00 70.00 77.42 57.50 80.00 73.33 47.62 93.75 0.00 95.83 77.78 18.75 62.50 52.00 45.45 73.91 47.37 80.00 0.00
64.93=82.76 95.45 73.91 75.00 10.34 41.82 91.30 44.44 57.14 81.82 68.42 80.00 61.54 86.36 76.67 61.54 78.57 76.00 36.00 72.00 0.00 86.21 78.57 23.53 65.38 54.55 66.67 77.78 46.67 77.78 84.62
64.76=100.00 95.45 95.00 95.45 20.00 43.40 87.50 64.00 28.57 80.00 65.79 65.62 66.67 70.37 68.75 57.58 77.42 79.31 37.93 76.00 0.00 82.14 77.42 14.29 52.17 59.09 55.56 70.83 56.25 75.00 90.00
64.80=87.50 95.24 94.74 80.77 13.79 44.90 90.48 60.00 50.00 78.26 63.16 72.41 76.92 74.07 67.65 68.75 71.43 87.50 38.46 72.00 0.00 83.33 88.89 18.75 48.00 46.15 56.25 72.73 50.00 75.00 81.82
67.01=81.48 95.45 95.00 76.92 14.81 48.89 83.33 61.54 40.00 88.89 61.54 72.41 65.52 76.92 74.19 63.89 72.22 84.62 45.45 76.92 0.00 86.67 80.00 33.33 68.42 52.17 58.82 70.83 57.14 100.00 90.00
66.50=88.46 95.65 81.82 87.50 10.00 46.00 91.67 72.22 62.50 85.00 63.16 76.92 76.00 82.76 82.14 57.14 76.47 81.48 50.00 78.26 0.00 88.00 86.21 20.00 54.55 52.17 58.82 69.57 42.86 62.50 81.82
65.37=85.19 100.00 100.00 75.00 12.90 43.14 88.46 69.57 38.46 80.00 63.41 70.00 64.29 79.17 80.77 68.75 72.73 82.61 36.00 77.27 0.00 83.87 92.59 18.75 59.26 60.00 55.56 75.00 46.67 77.78 69.23
66.72=95.83 100.00 95.00 84.00 12.90 48.00 80.77 71.43 35.29 80.95 67.65 75.86 75.00 76.67 82.76 58.33 78.79 81.48 37.50 81.82 0.00 82.76 75.86 18.75 68.00 54.55 64.71 62.50 46.15 75.00 100.00
68.46=92.00 91.30 100.00 84.00 10.71 46.15 86.96 60.00 53.85 94.12 72.22 80.00 69.23 75.86 74.19 55.56 83.33 95.83 36.67 95.45 0.00 85.71 86.67 15.38 62.50 46.15 55.00 77.27 55.56 88.89 91.67
67.39=96.00 95.45 100.00 87.50 12.90 48.00 77.78 62.07 46.67 89.47 70.59 83.33 68.00 73.08 73.33 58.97 77.42 91.67 43.48 84.21 0.00 83.33 84.62 29.41 51.61 57.14 58.82 65.38 46.67 87.50 84.62
62.51=92.00 95.65 94.12 62.50 8.82 42.31 84.00 57.14 0.00 93.33 58.97 57.14 66.67 62.96 57.58 73.53 78.57 68.57 40.00 76.47 0.00 81.48 81.48 38.89 55.56 54.17 81.82 68.00 43.48 75.00 87.50
64.22=91.30 100.00 85.71 74.07 20.83 46.94 86.96 66.67 8.33 76.47 58.33 79.31 60.00 48.28 69.70 63.16 71.88 85.71 29.17 66.67 0.00 82.76 73.08 38.89 50.00 56.00 70.00 85.00 45.45 100.00 100.00
66.14=82.76 100.00 94.44 80.00 16.00 46.15 80.00 72.73 42.86 77.78 54.76 73.33 63.64 64.00 79.31 65.71 69.70 89.29 35.71 60.00 0.00 85.71 74.07 46.67 55.17 59.09 72.73 85.00 38.10 85.71 100.00
63.33=95.83 100.00 89.47 66.67 18.75 47.06 86.36 68.18 11.76 81.25 62.16 73.33 59.46 53.57 76.92 71.43 75.00 81.48 33.33 63.16 0.00 88.89 80.77 27.27 44.44 56.52 66.67 81.25 27.27 75.00 100.00
65.00=82.76 100.00 90.00 76.92 9.38 46.00 77.78 69.57 17.65 82.35 56.10 75.86 66.67 61.90 68.97 71.43 77.42 77.42 52.63 57.14 0.00 89.29 81.48 41.18 57.14 56.00 60.00 83.33 45.45 83.33 100.00
63.02=88.89 95.45 85.00 83.33 10.71 48.98 87.50 63.64 23.08 86.67 58.33 70.00 57.14 65.38 74.19 68.57 75.00 77.42 22.22 78.95 0.00 78.12 67.86 38.46 51.43 52.00 66.67 90.48 38.10 50.00 100.00
63.69=88.89 100.00 82.61 76.00 13.79 49.02 90.48 71.43 15.79 76.47 58.97 66.67 64.52 59.26 75.00 68.75 74.19 88.00 38.89 62.50 0.00 80.00 83.33 41.18 58.33 45.45 61.54 87.50 32.00 71.43 92.31
63.36=92.31 100.00 85.71 74.07 12.50 46.81 83.33 65.38 7.14 82.35 58.33 76.67 64.29 59.26 70.97 61.11 71.88 75.00 27.59 81.25 0.00 76.67 78.57 30.00 54.17 65.22 77.78 88.24 42.11 66.67 88.89
65.03=88.89 100.00 86.36 76.92 17.86 38.98 84.00 72.00 23.08 78.95 65.62 66.67 66.67 71.43 74.07 68.57 69.44 92.00 36.36 66.67 0.00 89.66 73.33 43.75 48.28 52.00 66.67 81.25 36.36 80.00 100.00
63.82=80.00 100.00 94.74 74.07 12.50 44.68 80.00 62.50 15.38 87.50 57.14 70.97 65.71 56.00 68.57 68.57 68.57 78.57 24.00 61.90 0.00 85.71 75.86 50.00 57.69 55.56 72.73 88.24 47.83 83.33 90.00
82.33=63.64 100.00 100.00 75.00 100.00 57.14 88.89 100.00 100.00 100.00 87.50 100.00 100.00 100.00 77.78 90.91 87.50 87.50 100.00 88.89 0.00 71.43 100.00 50.00 83.33 75.00 85.71 75.00 57.14 75.00 75.00
84.28=70.00 100.00 100.00 100.00 80.00 58.33 100.00 100.00 100.00 83.33 77.78 87.50 100.00 71.43 85.71 100.00 87.50 100.00 77.78 100.00 0.00 71.43 100.00 100.00 66.67 100.00 85.71 75.00 54.55 100.00 80.00
80.41=87.50 100.00 85.71 100.00 66.67 61.54 100.00 66.67 80.00 100.00 66.67 85.71 87.50 83.33 83.33 90.91 70.00 100.00 100.00 100.00 0.00 100.00 100.00 57.14 40.00 100.00 83.33 77.78 55.56 83.33 80.00
83.46=77.78 100.00 100.00 75.00 80.00 58.33 100.00 100.00 71.43 100.00 77.78 87.50 100.00 100.00 66.67 90.91 77.78 100.00 77.78 88.89 0.00 100.00 100.00 75.00 75.00 75.00 100.00 100.00 66.67 85.71 80.00
84.14=77.78 100.00 100.00 100.00 100.00 53.85 100.00 100.00 100.00 100.00 70.00 87.50 100.00 100.00 100.00 100.00 87.50 83.33 100.00 85.71 0.00 83.33 83.33 66.67 87.50 42.86 100.00 88.89 44.44 85.71 80.00
86.27=77.78 100.00 100.00 100.00 100.00 63.64 90.91 100.00 100.00 100.00 87.50 100.00 87.50 100.00 100.00 100.00 80.00 100.00 85.71 100.00 0.00 83.33 100.00 75.00 53.85 60.00 100.00 87.50 66.67 75.00 100.00
85.13=77.78 100.00 100.00 100.00 100.00 66.67 90.91 80.00 100.00 100.00 70.00 100.00 80.00 100.00 62.50 83.33 88.89 100.00 83.33 100.00 0.00 100.00 100.00 60.00 100.00 50.00 100.00 100.00 60.00 85.71 100.00
83.66=75.00 100.00 100.00 100.00 100.00 66.67 100.00 75.00 80.00 83.33 70.00 100.00 87.50 75.00 100.00 90.91 100.00 100.00 83.33 100.00 0.00 66.67 83.33 80.00 66.67 60.00 100.00 100.00 66.67 100.00 83.33
85.67=77.78 100.00 100.00 100.00 100.00 57.14 90.00 100.00 71.43 83.33 100.00 85.71 85.71 100.00 85.71 88.89 88.89 77.78 100.00 100.00 0.00 100.00 100.00 75.00 77.78 75.00 100.00 100.00 50.00 85.71 100.00
81.91=70.00 100.00 100.00 100.00 100.00 61.54 90.91 100.00 80.00 83.33 77.78 83.33 87.50 66.67 100.00 100.00 77.78 100.00 100.00 100.00 0.00 83.33 100.00 75.00 40.00 50.00 100.00 87.50 44.44 100.00 80.00
77.60=77.78 83.33 100.00 60.00 66.67 61.54 90.91 42.86 66.67 100.00 87.50 100.00 100.00 100.00 66.67 85.71 80.00 100.00 100.00 66.67 0.00 71.43 100.00 60.00 88.89 0.00 100.00 88.89 60.00 100.00 100.00
82.91=77.78 83.33 100.00 75.00 80.00 53.85 90.91 80.00 100.00 100.00 100.00 85.71 100.00 80.00 71.43 87.50 88.89 100.00 83.33 72.73 0.00 100.00 100.00 85.71 80.00 25.00 100.00 88.89 80.00 100.00 100.00
82.51=63.64 100.00 100.00 75.00 100.00 61.54 90.91 37.50 100.00 71.43 100.00 100.00 85.71 100.00 83.33 100.00 100.00 100.00 71.43 80.00 0.00 100.00 100.00 71.43 62.50 20.00 100.00 100.00 83.33 100.00 100.00
83.40=87.50 100.00 100.00 100.00 80.00 53.85 100.00 42.86 100.00 100.00 87.50 87.50 85.71 100.00 66.67 100.00 87.50 100.00 100.00 80.00 0.00 100.00 100.00 83.33 80.00 25.00 85.71 88.89 80.00 83.33 100.00
85.30=77.78 100.00 100.00 75.00 100.00 58.33 100.00 50.00 100.00 100.00 87.50 100.00 100.00 80.00 75.00 100.00 100.00 87.50 100.00 80.00 0.00 100.00 100.00 100.00 81.82 20.00 100.00 100.00 71.43 100.00 100.00
83.05=100.00 100.00 100.00 42.86 80.00 63.64 100.00 60.00 83.33 100.00 100.00 87.50 100.00 100.00 80.00 100.00 100.00 85.71 87.50 72.73 0.00 100.00 100.00 85.71 90.00 0.00 100.00 88.89 66.67 100.00 100.00
84.14=87.50 100.00 100.00 60.00 100.00 58.33 100.00 57.14 100.00 100.00 100.00 70.00 100.00 100.00 70.00 83.33 100.00 100.00 83.33 88.89 0.00 100.00 100.00 66.67 81.82 50.00 85.71 100.00 80.00 85.71 100.00
81.18=87.50 100.00 100.00 75.00 80.00 57.14 100.00 37.50 83.33 83.33 100.00 100.00 100.00 100.00 85.71 66.67 87.50 100.00 100.00 80.00 0.00 80.00 75.00 100.00 88.89 20.00 83.33 80.00 85.71 100.00 80.00
82.86=77.78 100.00 100.00 75.00 100.00 53.33 90.00 33.33 71.43 100.00 87.50 100.00 87.50 100.00 77.78 83.33 100.00 100.00 100.00 72.73 0.00 100.00 100.00 100.00 90.00 0.00 100.00 100.00 83.33 85.71 100.00
84.32=70.00 100.00 100.00 42.86 100.00 50.00 100.00 80.00 100.00 100.00 87.50 100.00 100.00 100.00 77.78 85.71 100.00 100.00 100.00 72.73 0.00 100.00 100.00 75.00 88.89 0.00 100.00 100.00 83.33 100.00 100.00
63.32=92.31 94.74 85.00 83.33 19.35 50.00 70.83 61.11 37.50 72.22 52.38 52.27 60.61 57.69 60.00 72.73 68.75 88.89 52.38 66.67 0.00 75.86 72.00 40.00 69.57 46.43 72.73 80.00 37.50 80.00 90.00
63.85=88.46 100.00 85.71 76.92 19.23 46.15 87.50 68.00 21.43 88.24 65.71 73.33 63.33 69.57 70.97 62.16 65.71 85.71 37.50 65.22 0.00 77.42 77.78 33.33 62.96 53.85 58.33 94.12 38.89 57.14 84.62
63.42=88.89 100.00 94.12 71.43 17.65 48.98 82.61 58.62 5.88 81.25 56.41 83.33 60.61 54.17 62.50 69.70 70.59 84.00 34.48 66.67 0.00 88.89 78.57 38.46 46.15 56.00 90.00 87.50 36.00 62.50 90.00
64.49=85.71 100.00 94.74 76.92 7.69 46.81 74.07 75.00 13.33 86.67 55.56 76.67 63.16 60.00 66.67 69.44 70.97 75.86 33.33 60.00 0.00 79.31 76.92 53.85 59.26 58.33 72.73 88.24 29.17 88.89 100.00
63.77=85.19 95.24 94.74 61.29 16.00 44.23 75.00 75.00 23.08 73.68 64.71 79.31 58.33 65.00 74.19 71.43 77.42 75.00 31.03 57.14 0.00 74.19 80.77 40.00 62.50 54.17 72.73 88.89 40.00 66.67 100.00
64.15=88.46 100.00 77.27 90.00 10.71 46.94 80.77 62.50 18.75 82.35 62.86 76.67 58.82 55.56 76.67 64.10 68.75 79.31 50.00 66.67 0.00 83.33 76.92 50.00 63.64 50.00 61.54 89.47 42.31 62.50 91.67
63.46=85.71 100.00 85.71 67.86 11.54 46.00 90.48 60.00 15.38 85.71 57.89 76.67 55.88 60.71 75.76 63.16 69.70 79.31 50.00 65.00 0.00 89.29 75.86 42.86 57.89 48.39 70.00 93.75 35.71 60.00 90.91
66.06=96.00 100.00 89.47 76.92 18.52 46.15 80.77 70.83 16.67 88.89 53.85 80.77 61.76 56.52 71.88 64.86 71.88 85.19 45.83 68.18 0.00 92.31 84.00 38.46 60.87 55.56 70.00 86.96 37.93 100.00 76.92
65.14=88.89 100.00 94.74 70.37 13.51 46.94 79.17 70.83 31.58 80.00 55.56 75.00 67.74 55.17 80.00 66.67 75.00 84.62 42.86 70.59 0.00 71.88 78.26 41.67 56.52 46.67 100.00 85.00 41.67 71.43 76.92
64.68=85.71 100.00 90.00 76.92 7.41 47.06 83.33 75.00 42.86 72.22 61.76 70.97 60.71 64.00 64.52 67.65 82.76 78.57 50.00 56.00 0.00 86.21 77.78 37.50 51.72 46.67 63.64 85.00 50.00 85.71 83.33
86.51=60.00 100.00 100.00 75.00 80.00 66.67 100.00 100.00 83.33 83.33 100.00 85.71 87.50 100.00 100.00 100.00 100.00 87.50 87.50 100.00 0.00 100.00 100.00 66.67 87.50 100.00 85.71 100.00 45.45 100.00 100.00
82.66=87.50 100.00 100.00 75.00 80.00 58.33 83.33 100.00 100.00 100.00 85.71 87.50 100.00 80.00 83.33 100.00 87.50 100.00 87.50 87.50 0.00 83.33 83.33 75.00 62.50 75.00 100.00 100.00 45.45 83.33 71.43
78.64=75.00 100.00 100.00 100.00 80.00 53.33 100.00 100.00 66.67 62.50 66.67 87.50 100.00 62.50 71.43 100.00 88.89 100.00 100.00 100.00 0.00 50.00 66.67 60.00 77.78 50.00 100.00 88.89 50.00 80.00 100.00
85.01=70.00 100.00 100.00 75.00 100.00 61.54 100.00 100.00 100.00 100.00 87.50 87.50 100.00 80.00 77.78 100.00 100.00 100.00 100.00 100.00 0.00 100.00 100.00 66.67 60.00 75.00 100.00 77.78 50.00 83.33 83.33
86.62=77.78 100.00 100.00 100.00 100.00 66.67 100.00 100.00 100.00 100.00 87.50 100.00 100.00 75.00 100.00 90.91 100.00 100.00 100.00 100.00 0.00 83.33 83.33 60.00 75.00 50.00 100.00 100.00 50.00 85.71 100.00
86.98=77.78 100.00 100.00 75.00 80.00 66.67 100.00 100.00 100.00 100.00 100.00 100.00 88.89 80.00 100.00 90.91 88.89 100.00 87.50 100.00 0.00 100.00 100.00 80.00 88.89 60.00 100.00 88.89 57.14 85.71 100.00
85.06=75.00 83.33 100.00 75.00 100.00 61.54 100.00 100.00 83.33 100.00 100.00 100.00 87.50 83.33 87.50 100.00 80.00 100.00 87.50 100.00 0.00 100.00 100.00 75.00 77.78 50.00 100.00 100.00 50.00 100.00 80.00
85.64=70.00 100.00 100.00 100.00 100.00 57.14 100.00 80.00 83.33 83.33 77.78 100.00 100.00 100.00 87.50 100.00 77.78 100.00 100.00 100.00 0.00 80.00 100.00 80.00 77.78 75.00 100.00 72.73 66.67 85.71 100.00
87.72=66.67 100.00 100.00 100.00 100.00 61.54 100.00 100.00 100.00 100.00 77.78 87.50 100.00 100.00 75.00 100.00 88.89 100.00 100.00 100.00 0.00 100.00 100.00 100.00 87.50 42.86 100.00 88.89 57.14 85.71 100.00
84.35=70.00 100.00 100.00 75.00 100.00 61.54 100.00 100.00 100.00 83.33 100.00 100.00 100.00 100.00 88.89 90.00 80.00 100.00 100.00 88.89 0.00 75.00 85.71 80.00 77.78 75.00 100.00 80.00 57.14 71.43 75.00
76.96=100.00 100.00 100.00 60.00 40.00 54.55 100.00 33.33 66.67 80.00 87.50 87.50 100.00 100.00 60.00 87.50 100.00 100.00 71.43 88.89 0.00 80.00 100.00 80.00 64.29 33.33 85.71 100.00 50.00 100.00 75.00
81.82=85.71 100.00 100.00 75.00 100.00 53.33 100.00 66.67 100.00 83.33 87.50 85.71 100.00 100.00 66.67 75.00 88.89 100.00 83.33 80.00 0.00 100.00 100.00 80.00 81.82 33.33 100.00 70.00 60.00 80.00 100.00
81.45=100.00 100.00 100.00 75.00 100.00 61.54 100.00 66.67 80.00 100.00 100.00 87.50 100.00 83.33 54.55 88.89 80.00 100.00 100.00 61.54 0.00 80.00 100.00 83.33 76.92 0.00 100.00 85.71 60.00 100.00 100.00
81.01=77.78 100.00 100.00 60.00 100.00 61.54 100.00 57.14 100.00 83.33 100.00 87.50 77.78 80.00 75.00 100.00 100.00 100.00 87.50 63.64 0.00 100.00 100.00 100.00 70.00 0.00 83.33 100.00 80.00 100.00 66.67
83.75=87.50 100.00 100.00 100.00 100.00 66.67 90.00 57.14 100.00 100.00 87.50 87.50 87.50 71.43 85.71 100.00 100.00 100.00 83.33 70.00 0.00 100.00 100.00 100.00 63.64 0.00 100.00 100.00 83.33 75.00 100.00
86.34=100.00 100.00 100.00 75.00 100.00 58.33 100.00 66.67 100.00 100.00 100.00 100.00 88.89 75.00 77.78 90.00 100.00 100.00 80.00 70.00 0.00 100.00 100.00 100.00 90.00 33.33 100.00 100.00 71.43 100.00 100.00
79.80=100.00 100.00 100.00 50.00 100.00 66.67 88.89 50.00 80.00 83.33 77.78 100.00 88.89 100.00 55.56 81.82 87.50 100.00 100.00 66.67 0.00 100.00 83.33 100.00 90.00 0.00 100.00 83.33 60.00 100.00 80.00
81.82=77.78 100.00 100.00 60.00 100.00 66.67 100.00 44.44 100.00 83.33 100.00 100.00 100.00 80.00 100.00 100.00 100.00 100.00 100.00 61.54 0.00 100.00 66.67 83.33 77.78 0.00 100.00 100.00 75.00 100.00 60.00
80.11=87.50 100.00 100.00 66.67 100.00 58.33 100.00 57.14 80.00 66.67 87.50 100.00 87.50 100.00 77.78 77.78 100.00 100.00 100.00 66.67 0.00 66.67 100.00 85.71 87.50 0.00 100.00 100.00 66.67 80.00 83.33
82.63=77.78 100.00 85.71 50.00 100.00 61.54 100.00 50.00 100.00 100.00 100.00 100.00 100.00 100.00 83.33 72.73 100.00 100.00 100.00 58.33 0.00 100.00 100.00 83.33 87.50 0.00 100.00 88.89 62.50 100.00 100.00
63.82=88.46 100.00 75.00 71.43 17.65 40.35 90.48 62.50 0.00 77.78 61.29 63.89 65.62 60.71 74.19 75.00 70.97 80.00 47.83 73.33 0.00 88.89 79.17 25.00 57.14 57.69 53.33 85.00 50.00 85.71 100.00
65.27=88.46 100.00 81.82 67.86 16.13 47.06 77.78 63.64 22.22 77.78 68.97 79.31 63.64 59.26 82.76 62.50 69.70 88.89 45.83 65.00 0.00 80.65 68.97 30.00 59.09 50.00 85.71 86.36 45.00 100.00 88.89
65.32=88.46 100.00 85.71 71.43 16.67 47.92 86.36 70.83 10.00 81.25 53.66 75.86 66.67 64.00 66.67 67.57 75.86 86.21 47.83 68.42 0.00 80.65 80.00 35.29 61.90 56.00 87.50 82.61 42.86 66.67 100.00
64.95=88.89 100.00 85.71 74.07 22.22 48.98 83.33 73.91 10.00 76.47 52.63 80.00 58.82 55.56 62.86 70.59 67.74 86.21 39.13 63.64 0.00 88.00 72.41 50.00 52.17 53.12 87.50 85.71 46.15 87.50 90.00
66.44=75.00 100.00 90.00 66.67 14.71 46.00 80.00 68.42 13.33 78.95 61.76 88.00 56.41 64.00 68.97 66.67 85.19 89.29 45.00 73.68 0.00 96.15 70.97 28.57 56.52 48.28 87.50 89.47 50.00 100.00 100.00
64.26=92.31 100.00 90.00 76.92 15.79 47.62 80.77 63.64 10.00 68.42 60.00 82.14 61.11 58.33 67.57 66.67 75.00 81.48 50.00 63.16 0.00 85.19 80.00 41.18 52.00 50.00 66.67 81.82 40.91 100.00 83.33
67.02=92.00 100.00 90.00 74.07 20.00 46.00 80.00 64.00 14.29 93.75 65.52 76.67 61.11 65.38 63.16 65.71 71.88 82.76 47.62 81.25 0.00 82.14 80.77 41.18 75.00 51.85 100.00 84.21 44.83 71.43 90.91
67.31=85.71 100.00 90.00 71.43 15.38 51.11 80.95 56.67 15.38 75.00 58.33 77.42 68.75 66.67 80.65 62.86 80.77 83.33 45.83 76.47 0.00 92.59 78.57 47.06 65.22 56.00 88.89 90.00 42.31 100.00 83.33
66.84=88.89 100.00 94.44 76.92 9.38 51.11 83.33 51.85 15.38 80.00 63.64 69.70 52.38 56.67 75.76 82.76 76.67 82.76 56.52 68.42 0.00 83.87 82.76 50.00 66.67 58.33 77.78 86.36 48.00 100.00 81.82
66.19=88.89 100.00 85.71 66.67 14.71 48.98 84.00 59.26 21.43 83.33 63.64 73.33 59.52 65.22 75.00 77.42 82.14 85.19 47.83 81.25 0.00 96.15 75.86 26.67 68.18 56.00 66.67 89.47 42.86 66.67 100.00
78.30=77.78 100.00 100.00 66.67 50.00 53.33 100.00 37.50 80.00 100.00 100.00 87.50 50.00 75.00 55.56 69.23 100.00 87.50 100.00 80.00 0.00 83.33 100.00 100.00 100.00 66.67 100.00 85.71 71.43 83.33 66.67
84.65=100.00 100.00 87.50 75.00 100.00 61.54 83.33 60.00 62.50 100.00 100.00 100.00 83.33 100.00 87.50 90.00 77.78 100.00 100.00 80.00 0.00 60.00 100.00 75.00 100.00 100.00 100.00 100.00 80.00 85.71 75.00
81.54=87.50 100.00 100.00 50.00 100.00 63.64 100.00 42.86 80.00 83.33 100.00 77.78 62.50 100.00 100.00 88.89 88.89 100.00 100.00 88.89 0.00 57.14 80.00 85.71 100.00 66.67 85.71 100.00 71.43 100.00 66.67
82.96=77.78 100.00 100.00 75.00 100.00 63.64 100.00 66.67 50.00 83.33 87.50 100.00 75.00 100.00 100.00 88.89 88.89 100.00 100.00 88.89 0.00 57.14 80.00 66.67 100.00 100.00 100.00 100.00 62.50 100.00 60.00
86.18=87.50 100.00 100.00 100.00 80.00 63.64 100.00 66.67 100.00 100.00 100.00 100.00 87.50 80.00 100.00 88.89 80.00 100.00 100.00 100.00 0.00 71.43 100.00 100.00 87.50 42.86 100.00 100.00 85.71 100.00 50.00
81.72=77.78 100.00 100.00 100.00 80.00 63.64 100.00 50.00 66.67 100.00 100.00 77.78 71.43 100.00 87.50 87.50 77.78 100.00 100.00 88.89 0.00 71.43 71.43 50.00 100.00 40.00 100.00 100.00 71.43 100.00 100.00
87.19=87.50 100.00 75.00 100.00 100.00 66.67 90.91 66.67 80.00 83.33 100.00 100.00 100.00 100.00 100.00 100.00 80.00 100.00 100.00 100.00 0.00 66.67 87.50 83.33 88.89 75.00 100.00 100.00 71.43 100.00 100.00
86.72=87.50 100.00 85.71 100.00 100.00 66.67 100.00 50.00 80.00 100.00 100.00 100.00 100.00 100.00 100.00 77.78 80.00 85.71 100.00 88.89 0.00 71.43 100.00 85.71 90.00 100.00 100.00 88.89 75.00 100.00 75.00
86.02=100.00 100.00 87.50 60.00 100.00 66.67 100.00 40.00 100.00 80.00 100.00 87.50 77.78 100.00 100.00 100.00 100.00 87.50 100.00 88.89 0.00 83.33 100.00 85.71 100.00 75.00 100.00 100.00 80.00 100.00 66.67
84.65=87.50 100.00 100.00 75.00 100.00 58.33 90.91 50.00 83.33 83.33 100.00 100.00 75.00 100.00 100.00 100.00 100.00 100.00 85.71 80.00 0.00 80.00 83.33 83.33 100.00 66.67 100.00 100.00 75.00 100.00 66.67
66.23=85.71 100.00 89.47 86.96 13.79 43.14 85.71 93.33 50.00 85.71 66.67 65.62 57.58 72.41 80.77 71.88 75.76 80.00 38.46 76.19 0.00 92.00 89.66 20.00 56.00 46.15 52.63 81.82 38.46 57.14 100.00
68.85=85.19 95.24 100.00 74.07 16.00 46.00 88.00 76.92 63.64 94.74 74.29 73.08 70.37 88.00 75.00 64.71 76.47 88.46 41.94 82.61 0.00 83.87 89.29 7.14 54.17 60.00 68.75 74.07 50.00 80.00 92.31
67.06=92.31 86.96 94.12 84.00 10.34 50.00 88.00 72.73 43.75 85.71 60.98 75.00 73.08 75.00 79.31 75.86 67.57 91.30 44.00 79.17 0.00 89.29 88.89 11.76 57.69 52.17 68.75 75.00 50.00 72.73 83.33
67.06=92.31 95.65 100.00 83.33 16.67 42.00 88.00 66.67 46.67 88.89 64.10 81.48 73.08 73.08 80.00 61.11 80.00 84.62 36.36 70.37 0.00 92.86 84.62 16.67 54.17 52.17 58.82 75.00 31.25 88.89 100.00
65.85=87.50 95.45 100.00 84.00 12.50 46.67 84.00 58.33 35.29 84.21 65.00 70.00 65.22 73.33 85.19 60.53 80.00 85.71 37.04 81.82 0.00 72.73 84.00 10.53 65.22 41.38 60.00 78.26 50.00 87.50 100.00
68.05=92.31 100.00 100.00 95.24 12.00 46.00 88.89 68.00 42.86 85.00 71.43 77.78 76.00 71.88 80.65 50.00 68.42 87.50 38.71 83.33 0.00 89.29 84.62 20.00 56.52 57.14 66.67 76.00 50.00 81.82 91.67
66.68=92.31 91.30 100.00 80.77 9.09 45.83 85.19 60.00 28.57 94.12 69.70 78.57 72.00 78.57 78.57 57.89 78.12 85.19 39.29 80.77 0.00 83.87 86.67 18.75 56.52 60.00 52.38 75.00 45.45 90.91 91.67
67.36=88.89 91.30 90.48 77.78 16.00 47.73 84.62 70.83 47.37 83.33 76.67 80.77 72.00 76.92 77.42 59.46 83.87 86.96 40.62 76.00 0.00 82.76 80.77 22.22 60.00 50.00 58.82 67.86 46.67 100.00 90.00
68.16=88.46 95.45 95.00 76.92 19.05 49.02 84.00 68.00 46.67 88.89 62.16 84.00 66.67 80.00 81.48 66.67 86.67 91.67 40.74 61.54 0.00 85.19 89.66 25.00 63.64 41.38 52.63 77.78 53.85 90.91 100.00
67.60=88.46 91.30 94.74 70.00 12.00 44.90 95.83 70.83 69.23 94.44 75.76 84.62 61.54 76.92 71.43 60.53 76.47 88.46 42.31 77.78 0.00 76.67 86.21 13.33 58.33 54.55 60.00 73.33 35.71 90.00 100.00
80.07=77.78 100.00 100.00 75.00 66.67 53.85 100.00 80.00 83.33 83.33 85.71 100.00 100.00 100.00 75.00 69.23 87.50 100.00 100.00 80.00 0.00 80.00 100.00 71.43 100.00 60.00 83.33 80.00 50.00 100.00 40.00
83.28=87.50 100.00 100.00 75.00 100.00 66.67 90.91 57.14 100.00 100.00 75.00 85.71 75.00 100.00 100.00 100.00 88.89 100.00 100.00 80.00 0.00 50.00 60.00 62.50 75.00 100.00 100.00 88.89 83.33 100.00 80.00
82.22=100.00 100.00 77.78 66.67 100.00 66.67 90.91 66.67 60.00 83.33 87.50 87.50 100.00 100.00 85.71 88.89 100.00 100.00 100.00 88.89 0.00 50.00 75.00 62.50 100.00 100.00 85.71 100.00 50.00 100.00 75.00
83.41=77.78 100.00 100.00 100.00 80.00 61.54 100.00 57.14 100.00 100.00 87.50 71.43 66.67 100.00 100.00 88.89 100.00 100.00 100.00 88.89 0.00 62.50 83.33 60.00 100.00 100.00 100.00 58.33 66.67 100.00 75.00
82.61=77.78 100.00 85.71 100.00 66.67 57.14 100.00 75.00 62.50 100.00 100.00 85.71 100.00 100.00 100.00 88.89 88.89 100.00 100.00 88.89 0.00 62.50 100.00 83.33 100.00 66.67 100.00 88.89 55.56 66.67 60.00
82.12=77.78 100.00 100.00 75.00 100.00 63.64 100.00 66.67 80.00 100.00 87.50 87.50 77.78 75.00 100.00 88.89 88.89 100.00 85.71 88.89 0.00 57.14 83.33 71.43 100.00 50.00 100.00 100.00 80.00 85.71 75.00
82.82=87.50 100.00 87.50 50.00 80.00 66.67 100.00 80.00 83.33 83.33 87.50 100.00 62.50 100.00 100.00 100.00 100.00 87.50 85.71 88.89 0.00 80.00 100.00 45.45 90.00 66.67 100.00 80.00 75.00 100.00 100.00
82.72=100.00 100.00 85.71 75.00 100.00 66.67 100.00 57.14 83.33 100.00 87.50 75.00 57.14 100.00 88.89 100.00 88.89 100.00 75.00 88.89 0.00 80.00 75.00 83.33 100.00 66.67 100.00 80.00 75.00 100.00 75.00
79.79=75.00 83.33 85.71 100.00 100.00 77.78 81.82 60.00 57.14 100.00 100.00 87.50 71.43 100.00 87.50 88.89 77.78 87.50 87.50 100.00 0.00 66.67 80.00 60.00 90.00 50.00 85.71 100.00 71.43 85.71 75.00
79.84=100.00 100.00 87.50 75.00 80.00 66.67 100.00 66.67 80.00 100.00 87.50 87.50 75.00 80.00 100.00 88.89 88.89 87.50 100.00 87.50 0.00 66.67 100.00 66.67 83.33 25.00 100.00 87.50 66.67 83.33 57.14
84.00=77.78 100.00 100.00 75.00 66.67 70.00 100.00 80.00 100.00 100.00 87.50 87.50 100.00 100.00 100.00 100.00 88.89 85.71 70.00 100.00 0.00 55.56 100.00 60.00 100.00 100.00 85.71 87.50 42.86 83.33 100.00
76.58=70.00 100.00 100.00 75.00 100.00 58.33 100.00 66.67 100.00 100.00 77.78 71.43 80.00 60.00 80.00 87.50 77.78 85.71 75.00 100.00 0.00 71.43 100.00 50.00 50.00 75.00 85.71 87.50 42.86 71.43 75.00
85.68=77.78 100.00 100.00 75.00 80.00 61.54 100.00 100.00 83.33 100.00 100.00 100.00 87.50 100.00 100.00 90.91 80.00 100.00 87.50 100.00 0.00 100.00 85.71 75.00 87.50 100.00 100.00 87.50 50.00 66.67 80.00
81.98=75.00 100.00 100.00 100.00 80.00 61.54 100.00 80.00 71.43 100.00 75.00 66.67 85.71 100.00 100.00 100.00 100.00 100.00 100.00 88.89 0.00 100.00 100.00 60.00 85.71 42.86 62.50 72.73 50.00 83.33 100.00
84.93=87.50 100.00 100.00 100.00 100.00 66.67 100.00 100.00 100.00 100.00 87.50 100.00 77.78 80.00 100.00 83.33 77.78 100.00 85.71 100.00 0.00 83.33 83.33 66.67 77.78 40.00 100.00 88.89 71.43 75.00 100.00
84.34=70.00 100.00 83.33 100.00 100.00 61.54 100.00 100.00 100.00 83.33 100.00 100.00 100.00 100.00 100.00 100.00 88.89 77.78 83.33 88.89 0.00 80.00 100.00 66.67 75.00 60.00 100.00 75.00 62.50 83.33 75.00
81.26=77.78 100.00 83.33 100.00 100.00 53.85 100.00 66.67 100.00 75.00 87.50 77.78 100.00 80.00 83.33 100.00 88.89 100.00 75.00 100.00 0.00 80.00 100.00 60.00 70.00 60.00 100.00 100.00 50.00 83.33 66.67
84.04=77.78 100.00 100.00 100.00 60.00 72.73 100.00 100.00 100.00 83.33 100.00 100.00 100.00 80.00 100.00 81.82 77.78 100.00 87.50 100.00 0.00 75.00 85.71 100.00 77.78 60.00 66.67 77.78 55.56 85.71 100.00
84.83=77.78 100.00 100.00 100.00 100.00 61.54 100.00 100.00 100.00 100.00 70.00 85.71 100.00 100.00 77.78 90.91 80.00 100.00 100.00 87.50 0.00 83.33 100.00 66.67 85.71 60.00 100.00 80.00 42.86 80.00 100.00
80.64=63.64 100.00 100.00 75.00 80.00 66.67 100.00 80.00 100.00 100.00 70.00 100.00 87.50 100.00 85.71 90.00 77.78 100.00 100.00 88.89 0.00 100.00 100.00 75.00 62.50 75.00 100.00 100.00 33.33 55.56 33.33
67.42=92.31 100.00 94.74 76.92 14.29 46.94 86.96 65.22 9.09 92.86 56.41 63.89 51.28 70.37 78.12 73.53 76.00 92.00 41.67 68.42 0.00 96.00 82.14 43.75 66.67 60.87 66.67 90.48 54.17 87.50 90.91
66.46=92.31 95.24 90.00 74.07 12.50 50.00 83.33 66.67 28.57 82.35 58.33 81.48 63.16 68.00 76.47 78.12 67.65 82.76 50.00 59.09 0.00 81.25 74.19 38.46 72.22 42.86 70.00 95.00 41.67 100.00 84.62
67.40=88.89 100.00 94.44 73.08 12.12 45.83 83.33 72.00 14.29 86.67 57.89 88.00 58.54 57.69 75.00 65.71 71.88 92.00 47.83 68.42 0.00 83.33 76.67 42.86 72.73 58.33 72.73 90.00 48.15 100.00 90.91
68.32=85.71 95.65 90.00 71.43 11.76 45.65 90.91 66.67 36.36 88.24 57.89 73.33 57.14 66.67 71.43 70.59 84.62 75.00 56.52 81.25 0.00 89.29 70.59 47.06 72.22 57.69 70.00 90.48 53.85 100.00 90.00
67.51=82.76 100.00 95.00 76.92 9.09 50.00 89.47 66.67 9.09 87.50 62.16 85.19 62.50 66.67 67.65 66.67 73.33 80.65 54.17 70.00 0.00 83.33 79.31 53.85 73.68 46.67 77.78 89.47 50.00 83.33 100.00
67.53=88.89 100.00 90.00 71.43 6.45 50.00 82.61 75.00 7.69 81.25 57.89 66.67 55.26 68.00 75.00 78.12 71.88 80.65 55.00 82.35 0.00 85.71 80.00 44.44 66.67 50.00 88.89 94.74 48.00 100.00 90.91
67.26=85.71 100.00 100.00 66.67 12.90 52.27 80.77 77.78 15.38 87.50 60.00 81.48 58.33 57.69 75.76 65.79 75.00 89.29 52.00 63.64 0.00 86.21 84.62 40.00 71.43 54.17 80.00 86.96 46.67 100.00 76.92
68.28=92.00 100.00 90.00 74.07 17.24 48.00 90.91 75.00 16.67 88.89 63.64 78.57 63.16 65.22 68.57 71.43 76.67 80.00 48.15 72.22 0.00 92.86 77.42 38.46 78.95 57.69 70.00 90.00 45.16 85.71 100.00
67.18=82.76 100.00 100.00 76.00 15.15 48.98 79.17 66.67 12.50 78.95 61.76 77.78 58.82 60.00 78.12 64.86 74.19 92.31 50.00 72.73 0.00 100.00 76.67 38.46 60.87 60.87 77.78 100.00 48.28 85.71 83.33
68.25=80.00 95.45 94.74 74.07 12.90 50.00 86.96 72.00 5.88 78.95 61.76 81.48 62.16 62.50 71.43 73.33 78.12 88.46 50.00 73.68 0.00 92.00 85.71 53.33 70.00 57.69 66.67 86.36 50.00 100.00 100.00
81.33=77.78 100.00 100.00 75.00 80.00 57.14 76.92 100.00 100.00 83.33 100.00 100.00 88.89 75.00 57.14 100.00 100.00 100.00 75.00 85.71 0.00 66.67 83.33 100.00 81.82 14.29 100.00 87.50 55.56 100.00 100.00
83.40=66.67 100.00 100.00 75.00 100.00 57.14 100.00 50.00 100.00 83.33 100.00 75.00 100.00 80.00 77.78 85.71 100.00 100.00 100.00 100.00 0.00 71.43 100.00 83.33 100.00 42.86 100.00 80.00 57.14 100.00 100.00
79.97=70.00 100.00 100.00 60.00 100.00 53.85 100.00 44.44 75.00 100.00 77.78 100.00 80.00 100.00 63.64 88.89 100.00 100.00 100.00 80.00 0.00 100.00 83.33 100.00 81.82 33.33 100.00 83.33 42.86 85.71 75.00
81.01=77.78 100.00 100.00 75.00 100.00 57.14 83.33 50.00 100.00 100.00 85.71 87.50 100.00 100.00 71.43 71.43 100.00 100.00 85.71 75.00 0.00 100.00 100.00 83.33 80.00 25.00 100.00 87.50 55.56 80.00 80.00
77.26=77.78 100.00 100.00 60.00 100.00 61.54 90.91 57.14 83.33 83.33 100.00 87.50 100.00 100.00 55.56 100.00 88.89 85.71 85.71 72.73 0.00 60.00 100.00 83.33 87.50 0.00 85.71 100.00 80.00 75.00 33.33
84.06=66.67 83.33 100.00 100.00 80.00 58.33 100.00 57.14 100.00 100.00 70.00 100.00 100.00 100.00 55.56 100.00 100.00 85.71 100.00 85.71 0.00 100.00 100.00 83.33 100.00 33.33 100.00 80.00 66.67 100.00 100.00
79.47=60.00 100.00 100.00 50.00 100.00 50.00 90.00 66.67 100.00 83.33 100.00 77.78 100.00 60.00 71.43 87.50 88.89 87.50 85.71 61.54 0.00 100.00 100.00 100.00 100.00 0.00 83.33 100.00 60.00 100.00 100.00
83.39=87.50 100.00 100.00 60.00 100.00 50.00 100.00 50.00 83.33 100.00 100.00 100.00 100.00 100.00 62.50 100.00 100.00 100.00 85.71 72.73 0.00 100.00 100.00 100.00 77.78 0.00 100.00 100.00 55.56 100.00 100.00
86.06=77.78 100.00 100.00 75.00 100.00 61.54 100.00 42.86 100.00 83.33 100.00 87.50 100.00 100.00 70.00 87.50 100.00 100.00 100.00 100.00 0.00 100.00 100.00 100.00 80.00 50.00 85.71 100.00 66.67 100.00 100.00
83.45=87.50 100.00 100.00 60.00 100.00 58.33 100.00 44.44 100.00 100.00 100.00 100.00 100.00 100.00 60.00 100.00 100.00 100.00 71.43 80.00 0.00 100.00 85.71 75.00 81.82 25.00 100.00 77.78 80.00 100.00 100.00
82.27=66.67 100.00 87.50 75.00 60.00 66.67 90.91 66.67 83.33 100.00 87.50 100.00 77.78 80.00 100.00 88.89 100.00 77.78 100.00 100.00 0.00 66.67 100.00 62.50 100.00 50.00 100.00 100.00 62.50 100.00 100.00
81.54=87.50 100.00 100.00 75.00 80.00 72.73 100.00 66.67 83.33 66.67 77.78 100.00 77.78 75.00 100.00 85.71 100.00 100.00 100.00 88.89 0.00 66.67 100.00 80.00 100.00 33.33 100.00 70.00 80.00 85.71 75.00
82.68=100.00 100.00 85.71 100.00 100.00 66.67 83.33 66.67 83.33 100.00 85.71 100.00 75.00 100.00 87.50 100.00 87.50 87.50 100.00 80.00 0.00 62.50 80.00 66.67 100.00 66.67 85.71 100.00 62.50 100.00 50.00
83.74=77.78 100.00 100.00 75.00 100.00 61.54 83.33 80.00 100.00 83.33 100.00 100.00 85.71 80.00 100.00 100.00 80.00 100.00 100.00 88.89 0.00 80.00 80.00 57.14 100.00 60.00 100.00 87.50 50.00 85.71 100.00
81.38=87.50 100.00 85.71 50.00 100.00 66.67 83.33 57.14 100.00 100.00 77.78 100.00 100.00 75.00 100.00 100.00 85.71 100.00 85.71 100.00 0.00 62.50 83.33 62.50 100.00 60.00 100.00 100.00 50.00 100.00 50.00
85.37=100.00 100.00 85.71 100.00 66.67 61.54 90.91 66.67 83.33 100.00 100.00 100.00 83.33 100.00 87.50 87.50 87.50 100.00 83.33 100.00 0.00 83.33 100.00 83.33 100.00 50.00 100.00 80.00 85.71 100.00 80.00
80.35=70.00 100.00 100.00 75.00 100.00 66.67 100.00 57.14 66.67 80.00 87.50 85.71 70.00 100.00 100.00 88.89 88.89 100.00 100.00 80.00 0.00 57.14 75.00 60.00 100.00 66.67 100.00 80.00 75.00 85.71 75.00
85.42=100.00 100.00 85.71 100.00 100.00 63.64 83.33 66.67 100.00 83.33 100.00 87.50 70.00 100.00 72.73 100.00 88.89 100.00 100.00 100.00 0.00 80.00 83.33 80.00 100.00 100.00 100.00 77.78 75.00 100.00 50.00
88.00=100.00 100.00 100.00 100.00 100.00 61.54 100.00 57.14 80.00 100.00 100.00 100.00 88.89 100.00 100.00 100.00 80.00 100.00 85.71 100.00 0.00 66.67 100.00 100.00 100.00 75.00 100.00 88.89 83.33 85.71 75.00
79.61=87.50 100.00 100.00 100.00 80.00 61.54 90.91 50.00 80.00 100.00 100.00 100.00 87.50 66.67 100.00 72.73 100.00 100.00 83.33 88.89 0.00 50.00 66.67 71.43 70.00 75.00 100.00 100.00 50.00 85.71 50.00
67.39=92.00 95.45 85.71 68.97 17.14 48.00 79.17 66.67 16.67 77.78 51.28 66.67 59.38 66.67 69.44 74.19 79.31 88.46 48.15 72.22 0.00 96.15 92.00 42.86 73.91 66.67 70.00 86.96 57.14 80.00 100.00
67.81=80.00 95.45 81.82 70.37 10.71 51.06 83.33 73.91 7.69 92.86 58.33 76.67 58.82 66.67 71.43 65.79 88.46 82.76 52.17 77.78 0.00 89.29 82.14 41.18 77.27 53.57 80.00 95.00 51.85 85.71 100.00
68.93=92.00 100.00 90.00 76.00 15.15 44.00 84.00 72.00 25.00 77.78 56.76 79.31 60.61 68.00 76.67 63.89 71.88 88.89 44.83 77.78 0.00 89.66 75.86 42.86 84.21 62.50 88.89 90.91 46.43 100.00 90.91
68.47=88.89 100.00 94.74 74.07 13.33 47.92 81.82 64.29 20.00 83.33 63.64 75.86 61.29 70.83 71.88 60.00 75.86 92.00 59.09 60.87 0.00 86.67 80.00 47.06 68.18 62.50 80.00 86.36 52.00 100.00 100.00
69.73=88.89 100.00 94.74 71.43 15.15 48.98 75.00 77.27 25.00 84.21 56.76 81.48 58.97 71.43 75.00 71.43 77.42 82.14 56.00 78.95 0.00 89.29 80.77 44.44 84.21 53.85 87.50 90.48 40.91 100.00 100.00
66.84=85.71 95.45 100.00 71.43 15.15 44.90 83.33 66.67 8.33 88.24 61.11 76.67 60.00 58.33 70.37 75.00 70.97 82.76 56.52 71.43 0.00 92.00 77.42 33.33 68.18 53.57 88.89 95.00 44.44 100.00 76.92
67.52=85.71 95.45 100.00 70.37 6.45 48.94 87.50 73.91 7.69 82.35 59.46 82.14 58.82 62.07 71.43 69.70 74.19 82.76 54.17 68.42 0.00 96.30 77.42 46.67 68.18 56.00 100.00 90.48 41.67 83.33 91.67
70.31=85.71 100.00 100.00 76.00 12.50 50.00 86.96 72.00 20.00 82.35 61.76 76.67 64.71 62.96 77.42 68.57 82.14 92.31 59.09 71.43 0.00 86.67 80.00 43.75 80.95 53.12 100.00 90.91 56.00 85.71 100.00
65.55=82.76 100.00 94.44 63.33 11.76 48.00 86.36 61.54 0.00 68.42 58.82 76.67 63.64 60.87 68.57 63.89 78.57 85.19 50.00 70.00 0.00 75.76 84.62 46.67 71.43 65.22 70.00 100.00 45.83 88.89 90.91
67.57=85.71 100.00 90.00 73.91 16.13 50.00 86.96 68.00 8.33 78.95 61.11 76.67 60.53 70.83 75.76 65.71 82.14 89.29 60.87 65.22 0.00 82.76 88.89 35.71 76.19 50.00 77.78 86.96 52.00 87.50 90.91
66.35=85.19 95.45 100.00 95.24 12.50 41.07 87.50 70.00 18.18 78.26 67.57 73.08 60.00 75.00 81.48 73.33 89.29 75.86 36.00 83.33 0.00 78.79 82.14 11.11 58.62 54.55 61.11 80.95 50.00 88.89 92.31
66.48=92.31 86.96 100.00 87.50 6.90 51.11 91.67 72.73 30.77 77.27 69.70 77.78 65.62 79.17 74.19 60.00 80.00 84.62 40.00 76.92 0.00 83.33 83.87 6.67 54.55 50.00 61.11 76.00 66.67 100.00 73.33
66.17=84.62 91.30 100.00 87.50 3.85 48.00 88.46 76.19 30.00 77.27 73.53 75.00 62.07 76.00 75.86 63.89 75.76 80.00 40.74 68.97 0.00 85.19 80.65 17.65 58.33 56.52 68.75 78.57 54.55 87.50 84.62
68.08=88.89 95.45 90.00 84.00 14.29 50.00 91.30 61.54 50.00 80.95 74.29 74.07 60.71 76.67 72.73 62.86 83.87 76.92 44.83 80.00 0.00 78.79 96.15 16.67 73.68 60.00 62.50 76.00 58.33 100.00 75.00
67.61=96.00 95.45 100.00 82.61 12.90 47.06 85.19 73.08 33.33 85.71 66.67 75.00 67.86 84.00 78.57 59.46 88.46 84.00 38.10 84.00 0.00 75.76 85.19 17.65 59.26 59.09 66.67 71.43 50.00 81.82 91.67
66.87=96.00 100.00 88.89 84.00 14.81 45.10 79.17 68.00 70.00 80.95 68.57 78.57 70.83 76.92 68.97 51.22 89.66 85.19 38.71 70.37 0.00 82.14 71.43 20.00 72.73 60.00 56.25 87.50 52.38 71.43 73.33
69.45=92.31 91.30 89.47 87.50 6.67 46.00 95.83 65.52 50.00 94.44 72.22 84.00 65.52 77.78 82.14 58.33 82.14 81.48 37.93 82.61 0.00 80.65 88.46 11.76 68.00 66.67 52.63 87.50 62.50 100.00 91.67
68.14=85.71 100.00 100.00 82.61 17.86 47.06 81.48 73.08 33.33 84.21 69.44 83.33 66.67 80.77 71.88 63.89 80.65 91.67 41.67 79.17 0.00 89.29 82.76 9.09 60.71 66.67 62.50 73.33 61.11 80.00 92.31
65.27=92.00 95.24 100.00 80.00 12.00 47.06 82.14 69.57 45.45 88.89 71.88 83.33 59.26 74.07 76.67 58.97 78.79 88.89 32.00 69.23 0.00 80.00 76.67 17.65 56.52 42.31 64.71 80.00 46.67 70.00 83.33
67.77=88.46 91.30 94.74 76.92 13.79 48.00 88.00 72.00 41.18 80.95 72.22 82.61 67.86 92.00 79.31 57.89 80.65 84.00 38.46 73.08 0.00 89.29 81.48 15.38 66.67 52.17 66.67 70.00 57.14 85.71 92.86
66.98=92.31 100.00 100.00 73.08 18.75 51.16 87.50 75.00 10.00 83.33 58.33 67.65 52.63 50.00 65.00 68.75 68.97 83.33 48.00 76.19 0.00 86.21 85.71 46.67 87.50 58.33 61.54 90.00 52.17 87.50 90.91
68.13=85.71 100.00 89.47 76.92 12.90 47.92 78.57 77.27 13.33 88.24 68.75 85.19 66.67 65.52 66.67 69.44 68.75 82.76 48.15 65.00 0.00 85.19 79.31 41.18 80.00 61.90 66.67 90.48 50.00 100.00 100.00
68.37=88.46 95.45 100.00 76.92 14.71 46.94 80.77 65.22 15.79 72.22 66.67 85.19 67.57 61.54 75.76 70.59 78.57 88.46 45.83 73.68 0.00 89.66 79.31 50.00 73.68 56.00 72.73 100.00 48.00 88.89 90.91
68.89=88.89 100.00 94.74 80.00 16.13 48.98 91.30 70.83 25.00 72.22 65.71 74.19 56.76 66.67 72.73 77.42 75.00 83.33 63.64 76.47 0.00 80.00 79.31 41.18 69.57 53.85 88.89 95.24 50.00 87.50 90.00
65.85=88.89 100.00 94.74 68.97 13.79 48.98 77.78 73.91 15.38 63.64 64.52 74.19 66.67 55.56 80.00 64.10 77.42 92.31 52.17 69.57 0.00 88.89 85.19 44.44 61.90 50.00 77.78 73.68 52.17 80.00 84.62
67.99=88.89 100.00 100.00 64.52 12.50 48.94 94.74 60.71 8.33 87.50 61.11 70.00 60.53 69.57 73.53 68.75 75.86 88.46 58.33 68.42 0.00 86.67 72.73 50.00 78.95 54.17 66.67 94.44 43.48 100.00 100.00
68.63=88.89 100.00 94.44 73.08 18.75 47.06 87.50 73.91 26.67 83.33 62.50 85.19 63.33 60.71 66.67 62.50 80.00 88.46 52.17 72.22 0.00 89.29 75.00 44.44 75.00 62.50 77.78 90.00 46.43 88.89 90.91
68.82=85.71 100.00 94.74 69.23 13.79 51.06 84.62 73.08 8.33 83.33 64.52 76.67 60.98 58.33 71.43 71.43 79.31 88.89 53.85 68.18 0.00 83.33 81.48 47.06 78.95 60.87 87.50 90.48 46.43 100.00 100.00
67.51=85.71 100.00 94.74 66.67 16.13 50.00 78.26 76.19 10.00 83.33 61.11 79.31 69.44 63.64 73.53 69.44 79.31 88.89 46.43 82.35 0.00 89.66 79.31 50.00 63.64 50.00 58.33 86.36 50.00 100.00 90.91
67.71=88.89 95.00 94.74 71.43 14.81 47.92 80.77 68.00 12.50 88.89 59.46 71.43 61.11 65.00 74.19 71.43 79.31 89.29 48.00 75.00 0.00 80.65 76.67 37.50 75.00 56.00 72.73 91.30 52.00 100.00 100.00
79.09=87.50 100.00 100.00 75.00 80.00 66.67 100.00 66.67 71.43 83.33 85.71 100.00 80.00 100.00 80.00 80.00 100.00 100.00 87.50 87.50 0.00 66.67 75.00 22.22 100.00 66.67 100.00 100.00 50.00 80.00 60.00
81.83=87.50 100.00 100.00 100.00 80.00 66.67 100.00 66.67 100.00 71.43 87.50 100.00 88.89 100.00 85.71 100.00 77.78 100.00 100.00 100.00 0.00 50.00 80.00 62.50 100.00 60.00 85.71 75.00 80.00 71.43 60.00
83.28=77.78 100.00 100.00 100.00 80.00 66.67 100.00 66.67 100.00 83.33 100.00 100.00 72.73 100.00 100.00 88.89 100.00 75.00 80.00 100.00 0.00 42.86 100.00 85.71 100.00 42.86 100.00 100.00 83.33 85.71 50.00
81.06=87.50 100.00 85.71 100.00 100.00 61.54 100.00 80.00 83.33 83.33 77.78 77.78 66.67 100.00 87.50 88.89 88.89 75.00 100.00 100.00 0.00 50.00 100.00 66.67 100.00 50.00 100.00 100.00 66.67 85.71 50.00
86.45=100.00 100.00 87.50 100.00 100.00 63.64 100.00 80.00 71.43 100.00 77.78 87.50 77.78 100.00 100.00 100.00 88.89 100.00 100.00 88.89 0.00 60.00 100.00 62.50 100.00 100.00 100.00 87.50 66.67 100.00 80.00
86.47=87.50 100.00 100.00 75.00 80.00 66.67 100.00 66.67 83.33 83.33 87.50 100.00 85.71 100.00 88.89 88.89 100.00 100.00 100.00 80.00 0.00 66.67 85.71 54.55 100.00 100.00 100.00 100.00 100.00 100.00 100.00
83.51=87.50 100.00 85.71 100.00 100.00 63.64 100.00 50.00 100.00 83.33 87.50 87.50 62.50 100.00 87.50 80.00 100.00 100.00 100.00 100.00 0.00 66.67 80.00 66.67 100.00 100.00 85.71 87.50 55.56 71.43 100.00
85.04=87.50 100.00 85.71 100.00 100.00 66.67 90.91 80.00 80.00 83.33 77.78 87.50 75.00 100.00 88.89 100.00 100.00 100.00 85.71 88.89 0.00 66.67 100.00 66.67 100.00 66.67 100.00 100.00 83.33 100.00 75.00
85.24=87.50 100.00 100.00 75.00 80.00 66.67 100.00 80.00 83.33 100.00 87.50 100.00 77.78 100.00 100.00 88.89 88.89 87.50 100.00 88.89 0.00 80.00 80.00 71.43 100.00 75.00 100.00 100.00 83.33 85.71 75.00
82.45=100.00 100.00 85.71 100.00 100.00 61.54 100.00 57.14 100.00 83.33 100.00 100.00 85.71 66.67 87.50 72.73 75.00 100.00 83.33 87.50 0.00 57.14 100.00 62.50 100.00 50.00 100.00 80.00 80.00 100.00 80.00
62.62=84.62 95.65 88.89 65.38 4.00 50.00 88.46 69.57 50.00 72.22 65.79 61.11 62.50 72.00 61.76 72.73 76.47 80.77 32.00 72.22 0.00 76.67 81.82 0.00 66.67 48.39 75.00 78.95 50.00 62.50 75.00
64.88=92.00 100.00 94.74 65.38 3.70 48.08 92.00 73.08 46.15 66.67 60.98 63.89 71.88 73.08 76.92 75.00 75.76 77.78 36.00 65.00 0.00 82.76 74.07 7.69 68.00 53.57 83.33 81.25 50.00 66.67 85.71
61.55=85.71 100.00 95.00 68.00 0.00 52.08 95.45 72.73 33.33 63.16 65.71 62.50 64.52 66.67 68.57 61.76 70.59 75.86 34.62 61.90 0.00 88.89 83.33 9.09 70.83 50.00 81.25 75.00 52.63 44.44 54.55
65.56=96.00 100.00 94.74 68.97 4.00 52.17 82.14 70.83 44.44 71.43 60.98 70.97 79.17 80.77 75.00 63.64 75.00 79.31 41.67 65.00 0.00 77.42 76.92 16.67 73.91 45.45 85.71 86.67 52.00 70.00 71.43
62.55=84.62 100.00 94.44 67.86 0.00 50.00 92.00 72.73 47.06 72.22 62.50 61.11 62.86 77.78 82.14 66.67 82.14 78.57 33.33 61.90 0.00 78.57 73.08 7.69 65.00 51.85 83.33 87.50 47.62 50.00 44.44
63.45=88.46 100.00 95.00 62.07 4.00 51.06 85.19 73.68 47.06 77.78 63.41 70.97 65.71 75.00 64.71 72.41 75.76 80.77 38.46 54.17 0.00 81.48 81.82 7.69 60.87 58.33 75.00 87.50 43.48 75.00 50.00
63.86=82.76 95.45 89.47 63.33 4.17 53.19 88.46 69.23 50.00 76.47 61.54 73.33 75.00 79.17 73.53 74.07 83.33 76.67 34.48 73.68 0.00 85.71 75.00 7.69 68.18 55.56 83.33 81.25 36.36 54.55 54.55
63.27=88.89 100.00 94.74 66.67 4.35 48.00 95.83 67.86 35.00 68.42 65.79 79.31 66.67 75.00 62.50 80.77 75.86 73.08 34.62 68.18 0.00 92.59 85.00 7.14 59.26 53.57 70.59 86.67 30.00 58.33 66.67
63.94=92.31 100.00 100.00 65.52 0.00 54.35 88.46 73.91 40.00 86.67 65.79 74.19 66.67 79.17 70.00 75.00 76.67 75.00 36.67 62.50 0.00 85.19 73.91 8.33 69.23 50.00 76.47 88.24 43.48 60.00 44.44
64.86=88.89 100.00 100.00 64.29 0.00 53.19 91.67 65.38 46.15 80.00 68.57 75.00 67.57 66.67 73.33 76.92 81.25 78.57 37.93 66.67 0.00 80.77 79.17 6.25 64.00 57.69 81.25 80.00 44.44 60.00 75.00
77.87=55.56 100.00 100.00 60.00 50.00 53.85 100.00 80.00 71.43 100.00 85.71 87.50 100.00 100.00 75.00 81.82 63.64 100.00 85.71 100.00 0.00 83.33 100.00 66.67 88.89 75.00 100.00 100.00 50.00 100.00 0.00
87.07=70.00 100.00 100.00 100.00 100.00 66.67 100.00 100.00 100.00 100.00 100.00 85.71 100.00 100.00 85.71 100.00 100.00 100.00 77.78 88.89 0.00 80.00 87.50 80.00 87.50 75.00 85.71 87.50 55.56 85.71 100.00
83.84=70.00 83.33 100.00 100.00 80.00 66.67 90.91 100.00 100.00 71.43 87.50 100.00 85.71 80.00 87.50 90.00 80.00 100.00 100.00 100.00 0.00 80.00 100.00 75.00 77.78 75.00 100.00 77.78 57.14 83.33 100.00
83.29=77.78 100.00 100.00 100.00 100.00 61.54 90.91 80.00 100.00 83.33 75.00 100.00 87.50 80.00 77.78 90.00 87.50 100.00 87.50 100.00 0.00 75.00 100.00 40.00 87.50 100.00 71.43 87.50 66.67 75.00 100.00
85.29=100.00 83.33 100.00 100.00 80.00 54.55 100.00 57.14 100.00 100.00 85.71 87.50 100.00 100.00 85.71 100.00 100.00 83.33 87.50 100.00 0.00 83.33 100.00 80.00 88.89 75.00 100.00 87.50 55.56 85.71 83.33
86.07=77.78 83.33 100.00 100.00 100.00 61.54 100.00 80.00 100.00 100.00 85.71 100.00 100.00 100.00 100.00 100.00 100.00 100.00 85.71 100.00 0.00 83.33 100.00 42.86 77.78 60.00 100.00 100.00 44.44 85.71 100.00
83.81=85.71 100.00 100.00 100.00 66.67 61.54 83.33 100.00 100.00 100.00 87.50 87.50 100.00 66.67 87.50 100.00 80.00 100.00 87.50 100.00 0.00 100.00 100.00 33.33 72.73 75.00 100.00 87.50 50.00 85.71 100.00
87.56=77.78 100.00 100.00 75.00 100.00 61.54 100.00 80.00 100.00 83.33 100.00 100.00 88.89 100.00 100.00 90.00 88.89 100.00 100.00 100.00 0.00 80.00 100.00 50.00 88.89 100.00 100.00 100.00 50.00 100.00 100.00
82.64=60.00 100.00 85.71 75.00 100.00 61.54 83.33 75.00 100.00 83.33 87.50 100.00 100.00 80.00 85.71 100.00 87.50 100.00 75.00 100.00 0.00 80.00 100.00 66.67 100.00 60.00 100.00 72.73 57.14 85.71 100.00
78.48=77.78 100.00 100.00 33.33 100.00 58.33 100.00 80.00 100.00 57.14 77.78 100.00 100.00 100.00 100.00 80.00 100.00 100.00 100.00 70.00 0.00 50.00 100.00 42.86 71.43 42.86 100.00 88.89 33.33 85.71 83.33
68.22=85.19 100.00 90.00 80.77 13.33 45.28 84.00 80.95 38.46 88.89 66.67 72.41 74.07 83.33 72.73 64.86 78.12 84.62 33.33 76.92 0.00 81.48 86.21 15.38 84.21 66.67 52.94 73.08 56.25 100.00 84.62
67.48=96.00 95.65 100.00 87.50 6.90 48.00 95.65 72.00 38.89 85.00 76.47 80.00 62.07 75.00 72.73 59.46 86.21 84.00 32.26 77.78 0.00 80.00 92.00 16.67 50.00 61.90 61.11 78.26 42.86 85.71 91.67
67.48=88.46 100.00 100.00 84.00 9.68 46.00 85.19 72.73 35.71 81.82 70.27 85.19 66.67 86.36 68.75 58.33 83.33 81.48 33.33 90.91 0.00 83.33 85.71 16.67 62.50 52.00 57.14 84.00 50.00 88.89 83.33
67.33=88.89 100.00 100.00 74.07 17.39 48.00 81.48 68.97 33.33 85.00 72.22 78.26 62.96 81.48 80.00 60.00 81.25 79.17 29.41 79.17 0.00 85.71 92.59 16.67 59.09 54.55 57.89 77.78 60.00 100.00 81.82
68.25=88.89 95.45 90.00 80.77 12.50 44.23 78.57 65.52 50.00 80.95 78.12 84.00 75.00 85.71 80.00 63.89 80.65 80.00 37.04 86.96 0.00 69.70 96.30 13.33 63.64 54.55 61.11 68.97 50.00 100.00 100.00
68.04=88.46 100.00 95.00 84.00 14.81 44.00 87.50 62.07 40.00 90.00 66.67 83.33 64.52 84.00 77.78 60.00 76.47 91.67 40.00 79.17 0.00 76.67 96.00 8.33 64.00 57.14 50.00 81.48 54.55 100.00 91.67
68.95=85.71 95.24 100.00 84.00 15.38 45.28 84.62 72.41 47.37 89.47 75.76 83.33 66.67 81.48 75.00 56.41 83.33 88.46 37.93 78.26 0.00 89.66 92.00 20.00 60.87 54.17 57.89 75.00 63.64 85.71 92.31
68.38=85.19 95.45 94.74 87.50 10.71 51.06 81.48 68.97 41.67 85.00 70.59 84.00 61.54 88.89 79.31 56.41 76.47 88.00 40.00 82.61 0.00 86.67 87.50 21.43 72.73 48.00 57.89 68.97 56.25 100.00 90.91
67.97=88.89 95.65 100.00 86.96 10.34 51.16 88.46 62.96 46.67 90.00 70.27 75.00 59.26 84.62 82.76 55.26 86.67 87.50 37.50 76.00 0.00 92.86 92.00 12.50 57.58 54.55 55.56 69.23 57.14 88.89 90.91
69.43=92.31 95.45 100.00 83.33 9.68 48.98 84.62 68.00 69.23 85.00 66.67 81.48 60.71 85.71 82.76 59.46 86.67 80.00 42.31 75.00 0.00 85.19 88.00 21.05 66.67 52.17 52.63 76.92 61.54 100.00 90.91
75.02=75.00 100.00 100.00 50.00 80.00 57.14 90.91 50.00 83.33 100.00 87.50 87.50 75.00 50.00 62.50 100.00 88.89 87.50 100.00 58.33 0.00 100.00 100.00 60.00 83.33 0.00 100.00 87.50 44.44 100.00 66.67
80.17=77.78 100.00 100.00 75.00 80.00 50.00 100.00 44.44 100.00 100.00 87.50 83.33 88.89 66.67 100.00 83.33 100.00 100.00 80.00 72.73 0.00 83.33 100.00 50.00 81.82 25.00 100.00 100.00 55.56 100.00 100.00
78.25=87.50 100.00 100.00 75.00 100.00 50.00 100.00 50.00 100.00 83.33 87.50 66.67 71.43 80.00 72.73 83.33 100.00 100.00 77.78 72.73 0.00 100.00 100.00 75.00 90.00 0.00 100.00 77.78 50.00 75.00 100.00
78.62=75.00 100.00 100.00 60.00 100.00 53.85 88.89 57.14 100.00 100.00 66.67 66.67 100.00 100.00 75.00 75.00 100.00 77.78 100.00 72.73 0.00 80.00 100.00 75.00 77.78 0.00 85.71 100.00 50.00 100.00 100.00
81.82=77.78 100.00 100.00 60.00 80.00 61.54 100.00 50.00 100.00 100.00 100.00 100.00 100.00 100.00 66.67 85.71 100.00 100.00 80.00 66.67 0.00 100.00 100.00 71.43 90.00 0.00 100.00 100.00 80.00 100.00 66.67
