59.46=100.00 100.00 76.00 82.61 42.86 47.22 86.36 50.00 8.70 78.95 63.64 91.67 70.37 40.00 60.00 70.37 81.48 70.97 27.78 73.68 44.44 92.00 66.67 28.57 35.29 43.24 31.82 30.77 37.50 66.67 43.75
52.39=72.73 75.00 60.71 64.52 16.67 42.22 83.33 50.00 13.04 71.43 57.14 82.14 57.69 26.32 68.00 58.33 78.57 73.08 26.32 68.18 0.00 73.33 70.97 33.33 25.00 48.00 50.00 50.00 42.86 37.50 47.62
54.13=82.14 91.30 67.86 54.05 16.67 46.15 87.50 58.33 21.43 82.35 65.71 82.14 60.00 38.89 67.65 53.33 66.67 67.65 33.33 70.00 0.00 73.53 59.38 42.86 45.45 41.18 63.64 25.00 17.65 42.86 53.33
54.93=85.19 95.24 75.00 62.50 22.22 44.00 72.00 66.67 12.50 73.68 69.70 82.76 60.00 38.89 53.85 61.54 68.75 79.31 27.78 63.16 0.00 71.43 54.55 33.33 22.22 44.44 58.33 30.00 41.18 60.00 72.73
58.27=88.46 100.00 73.08 70.37 35.71 45.10 86.96 59.09 6.25 82.35 58.33 75.86 59.26 57.89 70.00 52.08 70.97 75.00 20.83 66.67 0.00 73.53 63.64 53.33 35.29 43.75 54.55 40.00 52.94 71.43 63.64
53.83=86.96 100.00 90.00 66.67 8.33 63.89 75.00 60.71 16.67 50.00 66.67 84.62 78.12 36.67 50.00 73.91 71.88 84.00 18.75 45.83 57.14 86.96 72.00 5.00 33.33 48.15 41.38 21.74 14.29 40.00 20.00
53.47=83.33 84.00 69.23 55.88 3.85 56.82 86.96 61.54 11.76 64.00 64.10 70.00 67.86 61.11 60.87 62.07 69.70 80.77 26.32 61.11 23.08 84.62 65.38 0.00 34.78 65.22 81.25 25.00 10.00 38.46 28.57
51.98=87.50 87.50 78.26 63.33 3.70 50.00 75.00 58.33 17.86 65.00 65.79 62.16 67.65 61.54 51.85 69.23 60.53 77.78 17.65 38.10 0.00 76.00 80.95 5.88 39.13 44.12 86.67 26.67 20.00 50.00 23.08
54.11=85.19 95.65 100.00 51.52 7.69 50.00 90.91 70.83 20.00 63.64 51.02 64.86 71.88 53.33 57.14 85.71 69.70 75.86 26.32 66.67 0.00 80.77 62.50 0.00 33.33 50.00 85.71 36.36 17.65 36.36 16.67
59.08=85.71 95.65 94.44 58.82 3.23 52.17 95.00 64.00 19.23 77.78 58.14 58.97 67.74 75.00 60.00 70.37 75.00 78.57 21.05 63.16 0.00 85.19 65.62 4.76 43.48 53.57 83.33 66.67 23.53 71.43 60.00
91.43=100.00 100.00 87.50 100.00 100.00 100.00 100.00 100.00 80.00 83.33 77.78 100.00 70.00 100.00 100.00 83.33 87.50 100.00 100.00 100.00 100.00 100.00 100.00 100.00 85.71 75.00 75.00 77.78 71.43 100.00 80.00
91.20=100.00 100.00 100.00 100.00 57.14 88.89 100.00 66.67 100.00 83.33 85.71 100.00 85.71 100.00 100.00 88.89 88.89 100.00 100.00 88.89 100.00 66.67 87.50 83.33 88.89 100.00 100.00 100.00 83.33 100.00 83.33
90.97=100.00 100.00 87.50 100.00 66.67 80.00 100.00 66.67 100.00 100.00 77.78 100.00 100.00 100.00 100.00 81.82 100.00 100.00 100.00 77.78 100.00 71.43 88.89 100.00 100.00 75.00 75.00 100.00 71.43 100.00 100.00
92.52=100.00 100.00 100.00 75.00 80.00 88.89 100.00 66.67 71.43 100.00 100.00 100.00 85.71 100.00 100.00 75.00 88.89 87.50 100.00 100.00 100.00 100.00 100.00 83.33 100.00 100.00 100.00 100.00 85.71 100.00 80.00
93.04=100.00 100.00 87.50 100.00 80.00 100.00 100.00 66.67 71.43 100.00 100.00 100.00 100.00 100.00 88.89 81.82 100.00 100.00 100.00 88.89 100.00 83.33 100.00 85.71 100.00 100.00 100.00 100.00 83.33 83.33 83.33
74.97=70.00 100.00 100.00 75.00 66.67 63.64 100.00 60.00 100.00 100.00 87.50 87.50 100.00 100.00 71.43 69.23 87.50 87.50 0.00 80.00 0.00 80.00 100.00 83.33 40.00 0.00 66.67 85.71 62.50 100.00 100.00
83.45=87.50 100.00 100.00 75.00 75.00 58.33 83.33 50.00 83.33 100.00 100.00 100.00 100.00 100.00 100.00 100.00 88.89 85.71 83.33 88.89 0.00 100.00 87.50 100.00 77.78 25.00 100.00 100.00 62.50 100.00 75.00
84.35=100.00 100.00 100.00 75.00 100.00 61.54 100.00 80.00 66.67 83.33 100.00 100.00 87.50 100.00 85.71 90.00 100.00 100.00 100.00 70.00 0.00 83.33 100.00 71.43 80.00 20.00 100.00 88.89 71.43 100.00 100.00
83.99=87.50 80.00 100.00 50.00 100.00 61.54 100.00 50.00 100.00 100.00 100.00 100.00 100.00 100.00 66.67 100.00 100.00 77.78 100.00 77.78 0.00 100.00 83.33 100.00 77.78 20.00 100.00 100.00 71.43 100.00 100.00
79.82=77.78 83.33 100.00 60.00 100.00 53.85 100.00 50.00 83.33 83.33 87.50 87.50 100.00 100.00 62.50 77.78 100.00 87.50 100.00 80.00 0.00 80.00 85.71 100.00 87.50 20.00 100.00 100.00 60.00 100.00 66.67
80.30=70.00 100.00 100.00 100.00 66.67 63.64 100.00 100.00 100.00 100.00 100.00 87.50 100.00 83.33 100.00 78.57 87.50 100.00 0.00 100.00 0.00 83.33 85.71 66.67 38.46 100.00 75.00 77.78 50.00 100.00 75.00
85.52=77.78 100.00 100.00 100.00 80.00 66.67 83.33 100.00 100.00 100.00 87.50 100.00 87.50 60.00 100.00 91.67 88.89 100.00 100.00 100.00 0.00 83.33 100.00 80.00 53.85 75.00 100.00 100.00 55.56 80.00 100.00
85.69=77.78 83.33 100.00 60.00 80.00 63.64 100.00 100.00 83.33 100.00 100.00 87.50 100.00 83.33 100.00 83.33 88.89 85.71 100.00 100.00 0.00 71.43 100.00 100.00 72.73 75.00 100.00 88.89 71.43 100.00 100.00
88.54=77.78 100.00 87.50 100.00 100.00 72.73 90.00 100.00 100.00 83.33 87.50 100.00 100.00 80.00 100.00 71.43 100.00 100.00 100.00 100.00 0.00 80.00 87.50 100.00 71.43 100.00 100.00 100.00 55.56 100.00 100.00
85.97=77.78 100.00 100.00 75.00 80.00 63.64 100.00 100.00 100.00 83.33 87.50 100.00 100.00 100.00 88.89 100.00 100.00 85.71 100.00 80.00 0.00 100.00 100.00 100.00 71.43 75.00 83.33 100.00 66.67 80.00 66.67
63.25=96.00 100.00 94.44 90.48 9.30 48.98 90.48 68.42 35.29 94.12 57.89 91.30 70.83 66.67 60.61 63.16 76.47 73.33 30.30 94.12 0.00 86.21 72.41 23.08 58.82 72.22 47.83 37.04 50.00 38.46 62.50
60.77=87.50 100.00 85.00 83.33 13.79 47.06 91.67 59.09 15.00 77.27 64.10 79.17 57.14 76.92 59.46 60.00 71.43 78.57 34.62 75.00 0.00 86.67 70.59 23.53 40.00 65.00 50.00 50.00 42.86 57.14 81.82
60.25=92.31 90.91 85.00 86.96 15.38 50.00 83.33 65.38 22.22 77.27 64.10 77.78 66.67 68.00 62.86 58.33 77.42 71.43 25.93 80.00 0.00 80.00 69.70 11.11 61.11 48.00 42.86 41.67 50.00 77.78 64.29
63.05=81.48 95.00 78.26 73.08 13.64 48.94 92.00 58.62 21.05 69.57 60.47 63.33 72.73 75.86 75.86 63.16 81.25 78.57 35.48 86.36 0.00 83.87 75.86 27.78 55.56 75.00 57.14 60.00 29.41 83.33 81.82
65.64=95.83 91.30 94.74 83.33 14.81 50.00 95.65 64.29 42.11 85.00 67.57 77.78 75.00 80.00 75.00 59.46 80.65 80.77 41.94 80.95 0.00 69.44 70.59 13.33 51.85 70.59 61.11 60.00 40.00 80.00 81.82
59.52=85.19 100.00 86.36 68.97 21.43 42.59 83.33 83.33 5.56 70.59 58.33 61.11 60.71 55.56 53.85 61.76 68.75 72.41 25.00 73.33 0.00 75.86 65.52 43.75 50.00 62.50 56.25 66.67 45.00 71.43 70.00
60.12=84.00 91.30 81.82 71.43 19.23 47.83 72.00 58.33 25.00 71.43 56.76 73.33 67.86 62.50 68.75 64.10 62.16 85.19 30.43 66.67 0.00 75.76 60.61 46.15 51.85 58.33 66.67 71.43 31.25 75.00 66.67
61.90=85.71 95.45 90.00 80.00 19.35 43.40 83.33 66.67 5.56 87.50 63.16 68.97 55.56 55.56 59.46 70.97 62.86 75.00 41.38 76.47 0.00 82.14 70.00 40.00 50.00 56.52 70.00 75.00 33.33 100.00 55.56
61.18=82.14 100.00 66.67 68.97 17.14 44.90 77.27 68.18 6.25 72.22 61.54 76.67 48.78 59.09 65.62 66.67 69.70 79.31 38.10 75.00 0.00 80.65 71.88 40.00 38.46 60.87 72.73 80.00 41.18 100.00 66.67
63.38=88.46 95.45 89.47 74.07 12.90 41.51 86.96 65.38 12.50 73.68 56.10 71.88 55.56 61.54 75.86 71.88 71.88 79.31 27.78 80.00 0.00 71.88 65.62 40.00 42.31 50.00 72.73 100.00 50.00 100.00 80.00
84.65=77.78 83.33 100.00 100.00 66.67 63.64 100.00 100.00 100.00 83.33 100.00 87.50 100.00 62.50 72.73 100.00 77.78 87.50 85.71 87.50 0.00 100.00 100.00 66.67 85.71 75.00 100.00 100.00 75.00 85.71 100.00
83.68=70.00 100.00 100.00 100.00 100.00 50.00 90.91 100.00 100.00 100.00 77.78 87.50 100.00 71.43 100.00 90.91 88.89 100.00 75.00 100.00 0.00 100.00 100.00 60.00 55.56 100.00 85.71 100.00 50.00 83.33 57.14
87.75=77.78 100.00 100.00 66.67 100.00 66.67 100.00 100.00 100.00 100.00 100.00 100.00 100.00 100.00 100.00 91.67 85.71 100.00 100.00 87.50 0.00 100.00 100.00 80.00 87.50 42.86 85.71 100.00 62.50 85.71 100.00
83.92=87.50 100.00 100.00 60.00 80.00 72.73 100.00 75.00 100.00 100.00 87.50 85.71 100.00 80.00 100.00 100.00 88.89 100.00 100.00 88.89 0.00 71.43 87.50 100.00 87.50 50.00 83.33 100.00 57.14 75.00 83.33
84.71=77.78 100.00 100.00 75.00 80.00 66.67 100.00 100.00 100.00 100.00 87.50 100.00 87.50 66.67 100.00 90.91 75.00 100.00 100.00 100.00 0.00 100.00 100.00 80.00 80.00 75.00 71.43 100.00 55.56 57.14 100.00
82.46=63.64 100.00 100.00 60.00 100.00 72.73 100.00 50.00 80.00 100.00 70.00 70.00 83.33 100.00 100.00 80.00 87.50 87.50 100.00 80.00 0.00 100.00 85.71 83.33 100.00 16.67 100.00 100.00 85.71 100.00 100.00
81.15=71.43 100.00 100.00 75.00 100.00 58.33 100.00 44.44 83.33 100.00 87.50 87.50 100.00 100.00 100.00 77.78 88.89 100.00 85.71 72.73 0.00 100.00 75.00 100.00 70.00 0.00 100.00 71.43 66.67 100.00 100.00
84.90=87.50 100.00 100.00 75.00 80.00 60.00 100.00 57.14 100.00 83.33 100.00 100.00 100.00 83.33 77.78 87.50 100.00 100.00 100.00 80.00 0.00 100.00 71.43 83.33 66.67 100.00 85.71 87.50 85.71 100.00 80.00
83.26=87.50 100.00 100.00 60.00 100.00 57.14 100.00 50.00 71.43 83.33 100.00 71.43 83.33 100.00 72.73 77.78 87.50 100.00 100.00 72.73 0.00 100.00 83.33 71.43 71.43 100.00 100.00 100.00 80.00 100.00 100.00
85.82=87.50 100.00 100.00 75.00 100.00 61.54 90.00 44.44 100.00 62.50 100.00 100.00 88.89 100.00 85.71 100.00 100.00 100.00 100.00 80.00 0.00 100.00 100.00 100.00 88.89 50.00 100.00 88.89 57.14 100.00 100.00
61.86=82.76 100.00 80.95 73.08 18.52 48.00 79.17 68.00 18.75 77.78 51.22 80.00 53.85 56.25 76.67 76.67 63.16 74.19 45.00 61.11 0.00 82.14 76.92 60.00 44.44 65.22 40.00 63.64 36.84 85.71 77.78
61.25=85.71 95.45 94.44 74.07 16.13 42.86 79.17 71.43 14.29 72.22 61.29 79.31 56.25 59.26 61.76 70.00 57.89 70.97 32.00 61.90 0.00 86.21 65.71 20.00 42.31 64.00 70.00 66.67 40.00 100.00 87.50
62.38=77.42 100.00 72.00 70.37 14.29 46.94 72.00 84.21 11.11 82.35 62.86 71.88 54.29 56.00 77.42 78.12 70.59 78.57 42.86 76.47 0.00 89.29 58.06 61.54 45.45 50.00 63.64 66.67 50.00 85.71 63.64
62.36=88.89 100.00 85.71 70.37 15.62 47.83 80.00 65.22 5.00 77.78 61.76 72.73 62.50 63.64 62.86 69.70 70.59 80.00 47.83 52.17 0.00 86.21 74.19 40.00 52.17 54.17 72.73 76.92 47.37 71.43 77.78
61.18=82.14 100.00 85.00 70.37 15.62 45.10 80.00 63.64 9.52 68.42 58.97 78.57 55.88 50.00 68.75 66.67 66.67 77.42 44.44 81.25 0.00 75.00 71.43 41.18 42.11 51.85 54.55 69.23 37.04 100.00 85.71
83.56=63.64 100.00 100.00 60.00 100.00 57.14 100.00 80.00 100.00 100.00 87.50 85.71 83.33 50.00 100.00 90.91 80.00 85.71 100.00 100.00 0.00 75.00 100.00 100.00 85.71 75.00 100.00 75.00 55.56 100.00 100.00
86.69=87.50 100.00 83.33 100.00 100.00 66.67 100.00 100.00 80.00 71.43 100.00 100.00 100.00 100.00 77.78 100.00 80.00 100.00 100.00 100.00 0.00 100.00 87.50 60.00 88.89 60.00 100.00 100.00 44.44 100.00 100.00
85.93=70.00 100.00 100.00 100.00 75.00 63.64 90.00 57.14 100.00 83.33 87.50 100.00 87.50 100.00 88.89 90.00 100.00 100.00 100.00 100.00 0.00 100.00 100.00 80.00 80.00 75.00 100.00 87.50 62.50 85.71 100.00
84.62=70.00 100.00 100.00 66.67 66.67 70.00 100.00 100.00 83.33 83.33 87.50 87.50 100.00 100.00 72.73 100.00 88.89 100.00 100.00 100.00 0.00 83.33 100.00 66.67 75.00 75.00 100.00 100.00 66.67 100.00 80.00
85.51=77.78 100.00 100.00 100.00 66.67 66.67 100.00 80.00 100.00 100.00 75.00 83.33 77.78 100.00 100.00 91.67 87.50 100.00 77.78 100.00 0.00 83.33 100.00 66.67 77.78 100.00 100.00 100.00 55.56 83.33 100.00
82.18=70.00 100.00 100.00 66.67 66.67 63.64 100.00 50.00 100.00 83.33 100.00 100.00 80.00 100.00 53.85 100.00 100.00 100.00 85.71 72.73 0.00 100.00 100.00 100.00 100.00 0.00 75.00 100.00 80.00 100.00 100.00
82.88=75.00 100.00 100.00 75.00 100.00 53.33 90.00 50.00 80.00 100.00 100.00 85.71 100.00 80.00 85.71 100.00 88.89 87.50 100.00 77.78 0.00 100.00 83.33 100.00 75.00 25.00 85.71 100.00 71.43 100.00 100.00
84.68=77.78 100.00 100.00 75.00 100.00 53.85 100.00 57.14 100.00 71.43 87.50 100.00 100.00 100.00 54.55 88.89 100.00 100.00 100.00 80.00 0.00 100.00 85.71 100.00 100.00 33.33 100.00 100.00 80.00 100.00 80.00
80.45=77.78 100.00 100.00 75.00 80.00 66.67 100.00 57.14 71.43 100.00 100.00 100.00 88.89 100.00 77.78 85.71 87.50 87.50 100.00 66.67 0.00 100.00 85.71 83.33 100.00 0.00 100.00 87.50 57.14 83.33 75.00
86.24=87.50 100.00 100.00 60.00 100.00 66.67 100.00 80.00 100.00 100.00 87.50 87.50 100.00 100.00 70.00 100.00 100.00 87.50 100.00 77.78 0.00 100.00 85.71 83.33 100.00 33.33 100.00 100.00 66.67 100.00 100.00
59.85=88.89 95.45 85.71 76.92 18.52 46.15 83.33 77.78 7.69 77.78 56.10 57.50 47.06 50.00 71.43 69.70 64.52 80.77 44.44 68.42 0.00 85.71 65.52 33.33 48.15 65.00 50.00 57.14 36.00 71.43 75.00
61.75=82.76 100.00 94.74 67.86 16.13 46.94 76.00 66.67 5.56 86.67 62.86 72.73 60.61 62.50 61.54 72.41 70.97 78.57 33.33 72.22 0.00 74.29 72.41 47.06 45.00 56.52 57.14 73.33 39.13 85.71 72.73
62.16=88.46 95.65 89.47 80.00 9.09 48.98 90.91 63.64 5.88 88.24 50.00 85.71 61.11 68.00 62.86 69.44 70.97 80.00 41.67 71.43 0.00 69.70 61.76 37.50 50.00 59.09 70.00 55.56 42.86 71.43 87.50
61.77=78.57 100.00 86.36 67.86 10.34 43.14 86.96 70.83 14.29 80.00 52.50 73.33 56.25 60.00 70.00 72.73 76.67 76.67 40.91 63.16 0.00 80.65 71.88 37.50 47.37 53.85 58.33 78.57 42.86 83.33 80.00
61.22=92.31 95.45 81.82 70.37 11.11 43.64 80.00 58.33 11.76 80.00 53.66 79.31 51.43 66.67 60.61 74.19 74.19 76.67 41.18 81.25 0.00 72.73 70.37 37.50 44.00 60.87 72.73 76.92 23.81 80.00 75.00
79.08=87.50 100.00 87.50 75.00 66.67 61.54 100.00 66.67 66.67 100.00 100.00 87.50 57.14 75.00 87.50 53.85 100.00 100.00 100.00 80.00 0.00 57.14 100.00 83.33 62.50 100.00 100.00 88.89 57.14 100.00 50.00
81.20=87.50 100.00 87.50 75.00 100.00 63.64 100.00 57.14 75.00 83.33 70.00 77.78 100.00 80.00 88.89 100.00 87.50 100.00 100.00 100.00 0.00 60.00 71.43 66.67 100.00 66.67 85.71 100.00 83.33 100.00 50.00
84.95=87.50 100.00 85.71 100.00 100.00 63.64 90.91 66.67 83.33 100.00 100.00 100.00 77.78 80.00 87.50 88.89 100.00 87.50 100.00 72.73 0.00 83.33 71.43 83.33 100.00 100.00 100.00 100.00 62.50 85.71 75.00
79.26=100.00 100.00 75.00 66.67 66.67 50.00 90.91 50.00 50.00 83.33 87.50 100.00 87.50 75.00 83.33 100.00 100.00 100.00 100.00 100.00 0.00 57.14 83.33 55.56 100.00 40.00 100.00 100.00 80.00 100.00 75.00
86.12=100.00 100.00 85.71 100.00 100.00 61.54 100.00 66.67 100.00 100.00 87.50 100.00 77.78 83.33 72.73 88.89 88.89 87.50 100.00 100.00 0.00 83.33 85.71 100.00 100.00 75.00 100.00 100.00 75.00 100.00 50.00
63.41=95.65 95.45 85.71 82.61 15.62 48.00 88.46 66.67 25.00 72.73 56.52 70.00 61.29 83.33 75.00 61.76 72.41 81.48 33.33 90.00 0.00 77.42 75.00 25.00 57.69 57.14 64.71 63.16 33.33 66.67 84.62
65.71=92.31 95.24 95.00 74.07 13.79 42.31 87.50 66.67 38.89 85.71 70.27 71.88 73.08 73.08 83.33 62.86 80.00 83.33 41.38 79.17 0.00 88.00 66.67 29.41 61.90 61.90 52.38 61.11 41.18 80.00 84.62
65.66=92.00 100.00 94.74 82.61 14.81 48.98 76.92 64.00 41.18 78.95 61.11 75.86 62.96 79.31 70.97 62.50 75.00 91.30 44.00 81.82 0.00 89.29 72.73 26.67 50.00 54.55 56.25 61.11 57.14 90.00 78.57
65.86=88.89 95.24 100.00 80.00 14.81 46.00 84.62 72.73 26.32 77.78 69.44 84.00 61.76 77.78 82.14 69.70 88.46 88.00 35.29 81.82 0.00 80.65 71.88 16.67 61.90 63.16 62.50 65.00 43.75 80.00 71.43
64.19=88.89 95.65 94.44 83.33 12.00 47.06 95.83 66.67 30.00 85.71 71.43 72.41 62.96 79.31 76.00 59.46 76.67 88.00 27.59 85.00 0.00 80.65 75.76 17.65 55.00 50.00 58.82 64.71 38.46 77.78 72.73
82.03=100.00 100.00 100.00 100.00 66.67 61.54 76.92 50.00 62.50 71.43 87.50 100.00 100.00 100.00 80.00 88.89 66.67 87.50 100.00 100.00 0.00 57.14 83.33 71.43 85.71 100.00 85.71 100.00 80.00 100.00 80.00
84.65=77.78 100.00 100.00 60.00 100.00 57.14 90.91 80.00 66.67 100.00 100.00 100.00 87.50 100.00 100.00 88.89 80.00 100.00 100.00 100.00 0.00 71.43 100.00 66.67 100.00 100.00 85.71 100.00 71.43 80.00 60.00
83.14=87.50 100.00 85.71 100.00 80.00 66.67 100.00 57.14 71.43 100.00 70.00 87.50 85.71 100.00 100.00 100.00 85.71 87.50 85.71 77.78 0.00 50.00 75.00 100.00 88.89 100.00 100.00 100.00 75.00 100.00 60.00
86.78=100.00 100.00 85.71 100.00 100.00 66.67 100.00 80.00 71.43 100.00 100.00 100.00 100.00 100.00 100.00 81.82 88.89 100.00 83.33 70.00 0.00 83.33 100.00 100.00 100.00 40.00 85.71 87.50 100.00 85.71 80.00
86.17=87.50 100.00 100.00 100.00 80.00 61.54 100.00 57.14 83.33 100.00 100.00 85.71 75.00 100.00 88.89 88.89 100.00 100.00 100.00 88.89 0.00 71.43 85.71 85.71 100.00 100.00 85.71 100.00 85.71 100.00 60.00
79.17=87.50 100.00 100.00 60.00 80.00 60.00 100.00 80.00 100.00 83.33 100.00 75.00 88.89 83.33 87.50 100.00 72.73 71.43 71.43 100.00 0.00 83.33 100.00 50.00 66.67 75.00 100.00 87.50 57.14 83.33 50.00
86.73=77.78 83.33 100.00 100.00 100.00 61.54 100.00 100.00 80.00 100.00 100.00 100.00 100.00 80.00 100.00 100.00 80.00 100.00 100.00 100.00 0.00 71.43 100.00 66.67 77.78 60.00 83.33 100.00 66.67 100.00 100.00
79.29=77.78 100.00 100.00 66.67 66.67 46.67 100.00 100.00 100.00 80.00 100.00 71.43 85.71 71.43 80.00 100.00 100.00 100.00 85.71 100.00 0.00 80.00 100.00 50.00 83.33 50.00 85.71 66.67 44.44 85.71 80.00
84.93=77.78 100.00 100.00 60.00 100.00 66.67 88.89 80.00 100.00 100.00 100.00 100.00 87.50 100.00 100.00 100.00 88.89 100.00 100.00 88.89 0.00 71.43 80.00 100.00 75.00 60.00 100.00 88.89 50.00 85.71 83.33
84.94=77.78 100.00 100.00 100.00 100.00 58.33 100.00 80.00 83.33 83.33 77.78 100.00 77.78 100.00 100.00 90.00 80.00 100.00 85.71 100.00 0.00 71.43 85.71 100.00 75.00 100.00 85.71 100.00 55.56 85.71 80.00
63.21=88.89 95.45 90.00 76.92 16.67 44.23 79.17 70.59 26.67 76.47 51.16 73.33 62.07 62.96 67.65 67.65 77.42 79.31 40.00 76.47 0.00 82.14 76.00 35.71 50.00 57.14 57.14 69.23 39.13 80.00 90.00
60.85=85.71 100.00 85.00 71.43 17.24 46.81 86.96 64.00 10.53 65.00 61.11 67.74 56.76 55.17 74.19 69.70 63.64 78.57 36.00 73.68 0.00 85.19 66.67 35.71 40.00 58.33 66.67 70.00 30.77 100.00 63.64
62.17=88.89 100.00 85.00 74.07 6.25 44.44 86.96 70.00 5.00 93.33 61.54 84.00 55.88 56.67 65.62 72.73 74.19 63.89 50.00 52.38 0.00 83.33 68.97 40.00 43.48 59.09 80.00 76.92 34.78 87.50 62.50
64.50=88.46 95.45 81.82 73.08 13.51 44.90 86.96 52.17 12.50 93.75 57.89 76.67 60.53 60.00 68.57 72.73 76.67 82.76 52.00 70.59 0.00 79.31 71.43 37.50 57.89 54.17 63.64 81.82 42.86 100.00 90.00
62.69=85.71 100.00 90.00 74.07 12.50 44.90 83.33 68.18 16.67 81.25 55.56 70.59 51.35 61.54 68.57 79.31 67.74 81.48 43.48 63.64 0.00 77.42 68.75 46.15 61.11 50.00 62.50 81.25 36.00 83.33 76.92
85.08=87.50 100.00 100.00 37.50 80.00 57.14 90.91 57.14 100.00 100.00 100.00 100.00 100.00 100.00 87.50 100.00 100.00 100.00 87.50 85.71 0.00 80.00 100.00 100.00 80.00 40.00 100.00 100.00 66.67 100.00 100.00
81.45=63.64 100.00 100.00 100.00 100.00 66.67 100.00 42.86 100.00 100.00 85.71 100.00 87.50 83.33 75.00 77.78 100.00 100.00 100.00 66.67 0.00 100.00 66.67 83.33 80.00 0.00 85.71 100.00 60.00 100.00 100.00
83.01=87.50 100.00 100.00 60.00 100.00 43.75 90.00 50.00 100.00 100.00 100.00 100.00 88.89 100.00 50.00 100.00 100.00 100.00 100.00 80.00 0.00 100.00 100.00 83.33 81.82 33.33 100.00 88.89 50.00 85.71 100.00
85.79=70.00 100.00 100.00 75.00 100.00 61.54 100.00 80.00 71.43 100.00 87.50 100.00 100.00 83.33 75.00 100.00 100.00 100.00 100.00 80.00 0.00 83.33 87.50 100.00 100.00 25.00 100.00 100.00 80.00 100.00 100.00
83.18=77.78 100.00 100.00 75.00 66.67 57.14 100.00 57.14 100.00 100.00 100.00 85.71 100.00 80.00 66.67 100.00 100.00 100.00 83.33 80.00 0.00 100.00 100.00 85.71 100.00 33.33 100.00 100.00 50.00 100.00 80.00
85.57=100.00 100.00 85.71 100.00 80.00 66.67 100.00 80.00 71.43 66.67 87.50 100.00 100.00 100.00 100.00 90.91 88.89 100.00 100.00 100.00 0.00 80.00 100.00 71.43 100.00 60.00 100.00 80.00 83.33 100.00 60.00
83.21=100.00 100.00 100.00 100.00 80.00 61.54 90.00 50.00 66.67 100.00 77.78 100.00 87.50 71.43 100.00 100.00 100.00 100.00 100.00 77.78 0.00 71.43 71.43 83.33 100.00 50.00 100.00 100.00 83.33 100.00 57.14
80.85=77.78 100.00 100.00 100.00 100.00 58.33 100.00 42.86 40.00 83.33 87.50 100.00 85.71 100.00 75.00 100.00 100.00 100.00 85.71 70.00 0.00 66.67 85.71 85.71 100.00 50.00 85.71 80.00 71.43 100.00 75.00
84.11=87.50 100.00 100.00 100.00 100.00 61.54 81.82 57.14 71.43 100.00 87.50 100.00 77.78 100.00 100.00 100.00 85.71 87.50 100.00 80.00 0.00 55.56 75.00 85.71 100.00 75.00 100.00 100.00 71.43 100.00 66.67
85.75=100.00 100.00 87.50 75.00 100.00 66.67 100.00 66.67 71.43 100.00 87.50 87.50 85.71 100.00 100.00 100.00 88.89 100.00 100.00 100.00 0.00 62.50 66.67 100.00 100.00 75.00 100.00 100.00 71.43 85.71 80.00
64.27=82.76 95.45 94.44 83.33 16.67 48.00 84.00 68.42 12.50 87.50 56.10 64.71 62.50 57.58 68.57 75.86 69.70 77.42 44.44 77.78 0.00 85.19 75.86 46.67 52.38 65.00 61.54 66.67 47.83 63.64 100.00
63.69=73.33 95.45 85.00 76.00 14.29 47.92 90.91 72.22 11.76 81.25 56.76 71.88 57.14 65.52 65.71 77.42 68.57 76.67 39.13 72.22 0.00 75.76 70.97 53.85 55.56 54.17 63.64 83.33 52.17 85.71 80.00
63.18=85.71 100.00 84.21 68.97 11.76 48.94 82.61 68.42 13.33 77.78 52.50 79.31 58.54 59.26 66.67 75.00 67.65 80.00 47.37 60.00 0.00 82.76 67.74 50.00 50.00 61.90 66.67 76.92 45.45 85.71 83.33
64.09=91.67 100.00 85.00 76.92 8.57 51.11 90.91 69.23 11.76 68.42 56.10 80.00 56.76 61.54 66.67 82.76 67.74 77.78 45.45 73.68 0.00 85.71 71.43 43.75 52.00 65.22 80.00 83.33 33.33 75.00 75.00
65.54=85.71 100.00 90.00 71.43 8.57 43.40 79.17 58.33 5.56 88.24 57.89 80.77 60.98 58.33 67.74 73.53 76.67 75.76 42.11 72.22 0.00 85.71 76.67 50.00 61.90 63.64 63.64 85.71 48.00 100.00 100.00
64.56=88.46 91.30 90.00 80.00 13.33 47.92 87.50 85.71 40.00 80.95 63.16 67.86 68.97 76.92 63.89 76.67 70.27 74.19 30.00 79.17 0.00 85.71 74.19 13.33 55.00 54.17 62.50 60.00 41.67 87.50 90.91
63.63=85.71 100.00 94.74 73.08 9.09 44.90 79.31 59.09 26.67 75.00 65.79 86.36 59.38 70.00 61.29 57.14 67.57 91.30 42.86 90.00 0.00 83.33 69.44 20.00 47.06 54.55 60.00 54.55 66.67 77.78 100.00
64.64=85.71 95.45 90.00 90.91 17.65 47.06 91.30 70.00 30.77 61.54 68.42 77.78 60.00 77.27 67.65 65.62 78.79 84.62 37.93 75.00 0.00 82.14 72.73 13.33 55.00 66.67 61.11 70.00 40.00 87.50 81.82
65.30=88.89 100.00 94.74 85.71 15.38 46.15 88.00 75.00 35.29 80.95 62.50 82.61 60.71 70.37 78.57 62.16 76.47 88.00 38.71 78.95 0.00 83.87 71.88 14.29 50.00 59.09 57.89 68.00 37.50 72.73 100.00
64.68=96.00 95.45 95.00 86.36 16.67 45.28 88.00 66.67 31.25 73.91 63.41 74.07 65.38 70.37 82.14 56.10 81.25 86.96 35.48 85.71 0.00 96.15 72.73 13.33 57.14 52.00 50.00 63.64 41.18 80.00 83.33
64.53=92.31 95.45 89.47 82.61 11.43 50.00 76.00 72.73 16.67 86.67 53.85 68.57 57.14 52.94 68.57 73.33 72.73 70.00 44.44 80.00 0.00 80.00 72.00 53.85 44.44 57.69 58.33 69.23 50.00 100.00 100.00
60.44=96.00 100.00 90.00 76.92 15.62 44.00 80.00 53.85 12.50 66.67 61.54 65.62 55.88 66.67 67.74 74.19 64.71 70.97 40.00 57.14 0.00 77.42 75.00 35.71 55.56 52.17 60.00 76.92 45.83 57.14 77.78
64.45=76.67 100.00 90.48 79.17 13.51 47.92 90.48 64.00 7.14 82.35 60.00 82.14 53.85 65.38 58.82 73.53 74.19 75.86 40.91 63.16 0.00 78.12 70.37 53.33 50.00 55.56 77.78 87.50 48.00 100.00 77.78
64.20=85.71 100.00 89.47 68.97 10.53 45.10 91.30 73.91 11.11 72.22 58.33 74.07 55.88 57.14 71.88 68.75 76.67 74.19 43.48 65.00 0.00 79.31 80.00 46.67 46.67 59.09 88.89 85.00 35.71 75.00 100.00
64.05=95.83 100.00 94.74 70.37 16.22 42.31 85.71 69.57 6.25 77.78 62.86 81.48 56.76 66.67 61.29 80.00 76.67 77.42 36.36 59.09 0.00 75.76 72.41 46.67 44.44 55.56 63.64 88.24 50.00 71.43 100.00
81.28=100.00 100.00 100.00 60.00 66.67 61.54 100.00 80.00 83.33 100.00 87.50 100.00 85.71 75.00 88.89 100.00 87.50 77.78 77.78 88.89 0.00 66.67 66.67 57.14 88.89 100.00 100.00 87.50 66.67 85.71 80.00
81.98=100.00 100.00 87.50 100.00 66.67 66.67 90.91 80.00 66.67 83.33 87.50 100.00 100.00 100.00 87.50 85.71 88.89 100.00 100.00 88.89 0.00 71.43 77.78 57.14 87.50 40.00 100.00 100.00 75.00 85.71 66.67
87.48=87.50 100.00 100.00 100.00 80.00 66.67 100.00 80.00 62.50 83.33 87.50 100.00 87.50 80.00 100.00 100.00 100.00 100.00 100.00 100.00 0.00 66.67 100.00 85.71 100.00 100.00 100.00 77.78 66.67 100.00 100.00
80.58=87.50 100.00 100.00 60.00 100.00 53.33 100.00 50.00 83.33 100.00 87.50 100.00 100.00 100.00 85.71 77.78 88.89 100.00 85.71 88.89 0.00 62.50 71.43 62.50 100.00 50.00 100.00 100.00 57.14 85.71 60.00
84.42=77.78 100.00 100.00 100.00 100.00 61.54 100.00 100.00 71.43 83.33 87.50 100.00 87.50 100.00 77.78 100.00 100.00 100.00 83.33 100.00 0.00 57.14 80.00 62.50 100.00 50.00 100.00 100.00 57.14 100.00 80.00
61.54=91.67 100.00 88.89 66.67 15.38 53.33 77.78 72.22 17.65 81.25 60.00 56.10 59.46 72.73 55.56 77.78 69.70 66.67 45.45 80.00 0.00 84.62 81.82 6.67 64.71 51.61 70.00 69.57 27.27 60.00 83.33
60.39=88.46 100.00 94.44 56.67 7.69 42.31 91.67 65.22 18.52 66.67 56.82 67.65 58.82 70.83 63.33 76.00 75.86 68.97 37.04 50.00 0.00 79.31 76.00 7.14 66.67 57.69 72.22 77.78 45.00 83.33 50.00
60.94=85.19 100.00 94.44 70.00 7.14 58.54 91.30 72.00 23.81 76.47 59.52 62.16 51.35 77.78 69.70 65.52 77.42 80.00 36.36 72.73 0.00 85.71 74.07 7.14 52.94 55.56 73.68 63.16 45.45 50.00 50.00
63.83=96.00 100.00 94.74 66.67 7.41 49.02 82.14 73.91 30.43 70.00 63.41 61.54 65.52 86.36 71.43 67.74 80.65 77.78 38.10 61.54 0.00 88.89 83.33 7.69 52.38 53.57 87.50 82.35 50.00 57.14 71.43
62.24=81.48 100.00 100.00 60.61 4.17 55.81 91.67 66.67 25.93 72.22 60.98 70.59 64.71 76.19 70.59 72.41 80.65 78.57 34.62 61.54 0.00 84.00 78.26 7.14 58.82 65.22 75.00 80.00 50.00 46.15 55.56
83.59=70.00 100.00 100.00 75.00 100.00 61.54 100.00 100.00 71.43 100.00 87.50 100.00 85.71 60.00 77.78 90.91 87.50 87.50 85.71 77.78 0.00 83.33 100.00 75.00 100.00 60.00 100.00 100.00 54.55 100.00 100.00
82.75=77.78 100.00 100.00 60.00 80.00 66.67 100.00 100.00 100.00 71.43 87.50 85.71 85.71 100.00 100.00 100.00 75.00 100.00 83.33 88.89 0.00 50.00 85.71 100.00 87.50 50.00 100.00 88.89 55.56 85.71 100.00
85.52=87.50 100.00 100.00 75.00 100.00 66.67 100.00 100.00 100.00 100.00 85.71 87.50 100.00 100.00 87.50 90.91 80.00 87.50 100.00 88.89 0.00 83.33 87.50 100.00 85.71 75.00 100.00 80.00 50.00 85.71 66.67
85.96=77.78 100.00 100.00 100.00 100.00 61.54 90.91 100.00 100.00 83.33 100.00 100.00 85.71 75.00 100.00 90.91 77.78 87.50 100.00 87.50 0.00 83.33 100.00 100.00 75.00 75.00 85.71 88.89 55.56 83.33 100.00
85.80=70.00 100.00 100.00 75.00 100.00 66.67 90.00 100.00 100.00 100.00 77.78 87.50 100.00 83.33 88.89 81.82 87.50 100.00 100.00 100.00 0.00 83.33 100.00 80.00 87.50 60.00 100.00 100.00 57.14 83.33 100.00
62.56=82.76 95.45 78.26 86.96 15.15 50.00 91.67 76.47 21.43 77.27 63.41 74.19 64.29 68.75 73.33 60.53 89.29 76.92 34.48 86.36 0.00 80.00 82.14 16.67 42.86 68.42 56.25 61.11 21.43 66.67 76.92
67.09=92.00 100.00 95.00 91.30 17.86 47.06 90.91 73.91 33.33 84.21 60.53 76.92 57.14 73.33 76.67 61.11 78.12 88.00 45.45 78.26 0.00 78.12 83.33 12.50 72.73 68.42 57.89 75.00 36.36 83.33 90.91
65.41=92.31 100.00 94.74 76.92 20.00 44.68 83.33 72.73 27.27 75.00 65.79 75.86 64.29 81.48 69.70 64.86 81.25 83.33 34.38 84.00 0.00 81.25 75.00 20.00 54.17 70.59 63.16 61.90 50.00 77.78 81.82
67.81=88.46 100.00 89.47 95.24 15.62 48.00 84.62 72.73 22.22 77.27 62.50 78.57 68.97 78.12 82.14 64.71 86.21 90.91 38.71 78.26 0.00 92.59 72.73 28.57 52.38 57.14 58.82 80.00 53.85 100.00 83.33
67.24=85.19 100.00 86.36 86.96 19.05 46.00 91.67 76.00 50.00 81.82 70.59 75.86 65.52 80.77 78.57 61.11 63.89 86.96 37.14 80.00 0.00 83.33 74.19 22.22 60.87 63.16 64.71 73.68 45.45 88.89 84.62
80.24=70.00 100.00 100.00 75.00 100.00 61.54 88.89 44.44 100.00 100.00 100.00 100.00 85.71 66.67 60.00 70.00 100.00 87.50 71.43 87.50 0.00 100.00 100.00 80.00 83.33 40.00 100.00 88.89 60.00 100.00 66.67
80.60=77.78 100.00 87.50 75.00 100.00 61.54 83.33 66.67 80.00 66.67 87.50 85.71 100.00 100.00 62.50 100.00 87.50 100.00 100.00 72.73 0.00 100.00 85.71 80.00 70.00 33.33 100.00 100.00 60.00 100.00 75.00
80.44=77.78 71.43 100.00 50.00 80.00 53.85 100.00 42.86 100.00 100.00 87.50 100.00 80.00 100.00 70.00 85.71 100.00 100.00 100.00 70.00 0.00 100.00 85.71 100.00 88.89 25.00 100.00 70.00 75.00 100.00 80.00
84.03=87.50 100.00 100.00 75.00 100.00 61.54 100.00 57.14 83.33 100.00 87.50 87.50 100.00 100.00 71.43 100.00 87.50 87.50 100.00 80.00 0.00 83.33 100.00 100.00 85.71 50.00 100.00 80.00 80.00 100.00 60.00
81.61=87.50 100.00 100.00 60.00 100.00 60.00 100.00 42.86 75.00 80.00 100.00 100.00 100.00 100.00 46.67 87.50 88.89 100.00 100.00 88.89 0.00 80.00 50.00 85.71 81.82 100.00 100.00 100.00 40.00 100.00 75.00
65.06=96.00 90.91 100.00 83.33 21.74 45.28 88.46 73.91 21.43 77.27 58.54 56.76 55.56 80.00 85.19 77.78 74.19 84.62 29.41 95.00 0.00 85.71 83.87 6.67 60.00 52.00 71.43 66.67 27.27 77.78 90.00
66.11=92.31 100.00 90.48 79.17 17.86 47.06 88.00 76.00 35.71 80.95 66.67 83.33 64.52 81.48 70.97 61.54 76.47 80.00 37.50 85.71 0.00 92.59 75.00 14.29 45.00 65.00 55.56 72.00 35.71 87.50 90.91
66.55=92.31 100.00 100.00 84.00 16.00 45.10 85.19 68.97 13.33 73.91 69.44 70.37 54.84 79.31 79.31 57.14 83.87 80.77 38.24 86.96 0.00 92.31 82.14 20.00 61.11 68.42 68.75 69.57 53.85 76.92 90.91
67.38=95.65 95.45 100.00 86.96 18.18 48.98 95.65 66.67 27.27 77.27 74.29 73.08 58.06 91.67 79.31 65.62 78.79 83.33 35.29 94.44 0.00 79.31 80.65 23.53 47.62 60.87 64.71 72.00 43.75 85.71 84.62
66.20=100.00 100.00 90.48 78.26 19.05 44.23 84.62 70.83 23.08 78.26 69.44 86.36 61.54 84.00 79.31 53.49 78.12 81.48 42.42 86.36 0.00 85.19 83.33 15.79 54.55 54.17 52.94 64.00 54.55 76.47 100.00
61.79=85.19 95.65 95.00 73.08 6.67 52.08 87.50 71.43 26.32 72.22 58.97 60.53 76.92 63.33 68.97 70.83 83.33 74.07 31.03 48.15 0.00 89.29 89.47 7.69 55.00 46.88 65.00 88.24 47.06 70.00 55.56
62.47=87.50 100.00 94.74 58.62 7.41 50.00 88.46 68.00 17.24 68.42 58.54 66.67 62.50 69.23 72.41 70.00 74.19 77.78 34.78 70.00 0.00 79.31 73.08 9.09 60.00 62.50 88.24 78.95 38.89 50.00 100.00
61.61=88.46 100.00 100.00 68.97 4.17 45.45 100.00 72.73 21.05 77.78 55.56 68.75 60.61 79.17 70.83 68.75 75.00 72.41 27.27 57.69 0.00 85.19 82.61 7.69 52.94 53.57 73.68 83.33 39.13 54.55 62.50
60.81=88.46 95.65 94.74 66.67 3.45 47.92 88.00 69.57 16.67 68.42 57.14 66.67 67.65 75.00 67.74 80.77 86.21 80.77 32.00 55.00 0.00 79.31 83.33 6.67 57.14 53.85 75.00 81.25 40.00 50.00 50.00
61.57=92.00 100.00 89.47 64.29 3.70 48.08 85.19 61.54 26.32 78.95 65.71 69.70 64.71 81.48 67.86 70.00 72.73 82.14 26.92 56.52 0.00 86.21 86.36 0.00 56.25 53.57 72.22 80.95 44.44 50.00 71.43
76.53=66.67 100.00 100.00 50.00 57.14 66.67 100.00 80.00 83.33 83.33 77.78 87.50 71.43 60.00 83.33 100.00 100.00 100.00 100.00 100.00 0.00 71.43 83.33 60.00 71.43 60.00 100.00 100.00 37.50 71.43 50.00
82.13=77.78 100.00 100.00 75.00 100.00 66.67 90.91 100.00 50.00 62.50 77.78 100.00 100.00 75.00 75.00 100.00 77.78 100.00 87.50 100.00 0.00 66.67 100.00 100.00 85.71 60.00 100.00 87.50 44.44 85.71 100.00
83.32=70.00 100.00 100.00 100.00 80.00 53.85 100.00 66.67 71.43 100.00 87.50 85.71 100.00 100.00 77.78 100.00 87.50 100.00 100.00 87.50 0.00 100.00 100.00 50.00 100.00 50.00 85.71 88.89 57.14 83.33 100.00
83.85=85.71 100.00 100.00 100.00 100.00 61.54 100.00 80.00 80.00 71.43 70.00 100.00 87.50 100.00 87.50 100.00 100.00 85.71 100.00 100.00 0.00 57.14 100.00 100.00 77.78 60.00 100.00 70.00 50.00 75.00 100.00
82.96=77.78 100.00 100.00 75.00 100.00 53.33 90.91 80.00 71.43 100.00 70.00 87.50 100.00 100.00 77.78 80.00 88.89 100.00 100.00 88.89 0.00 75.00 100.00 50.00 100.00 75.00 100.00 100.00 44.44 85.71 100.00
64.02=95.65 95.24 94.74 86.96 11.54 50.00 83.33 64.29 23.08 63.64 63.16 60.00 66.67 71.88 66.67 67.65 71.88 84.00 40.00 77.27 0.00 85.71 82.76 20.00 73.33 44.83 52.38 69.57 60.00 72.73 85.71
66.84=92.00 95.65 100.00 91.30 11.54 48.98 95.24 68.00 42.86 85.71 68.57 72.41 62.50 80.77 78.57 63.16 68.42 77.78 43.33 81.82 0.00 73.33 82.76 29.41 54.55 63.16 61.11 76.19 54.55 66.67 81.82
65.93=85.71 100.00 94.74 80.77 11.11 51.06 78.57 68.00 26.67 81.82 71.43 80.77 64.29 91.30 66.67 64.86 78.12 84.00 37.04 80.95 0.00 83.33 86.21 6.67 52.17 60.00 52.63 74.07 40.00 90.91 100.00
67.78=92.00 100.00 100.00 83.33 19.23 45.83 84.62 78.57 20.00 78.26 71.88 81.48 57.14 75.00 78.57 61.54 81.25 82.14 41.94 95.00 0.00 92.86 83.33 17.65 58.82 50.00 55.56 76.00 58.33 90.00 90.91
67.27=87.50 95.65 94.74 76.00 14.81 43.64 95.83 60.71 38.46 80.95 72.22 73.08 64.29 78.57 84.00 64.86 82.76 95.24 35.71 90.48 0.00 83.87 86.67 25.00 52.00 52.17 58.82 69.23 45.45 90.91 91.67
61.48=85.19 100.00 100.00 66.67 0.00 47.17 85.19 68.18 18.18 63.16 63.16 58.97 74.19 61.54 66.67 76.92 82.76 79.31 34.62 66.67 0.00 88.89 79.17 6.67 57.89 62.50 71.43 83.33 36.84 63.64 57.14
60.28=92.00 100.00 80.00 71.43 4.17 54.35 92.00 60.71 8.00 81.25 58.97 69.70 68.75 84.00 70.00 62.50 71.88 79.31 38.10 60.00 0.00 70.97 81.82 0.00 40.91 57.69 88.24 77.78 31.58 50.00 62.50
61.81=92.00 95.65 100.00 67.86 4.35 53.19 100.00 72.73 17.24 68.75 63.16 63.89 57.58 69.23 76.67 60.61 73.53 78.57 37.04 63.64 0.00 85.19 86.36 6.25 66.67 64.00 81.25 76.47 38.89 45.45 50.00
63.08=95.65 100.00 94.74 62.50 4.00 51.11 95.65 62.07 19.35 68.42 61.54 62.86 63.64 72.73 63.64 72.00 78.12 85.19 32.00 65.22 0.00 81.48 83.33 5.88 61.11 80.00 76.47 82.35 41.18 66.67 66.67
63.04=96.00 100.00 100.00 65.62 8.33 48.94 88.46 62.07 16.67 82.35 58.54 71.88 70.00 80.77 71.43 63.64 80.65 74.07 28.00 66.67 0.00 81.48 73.08 6.25 64.71 75.00 76.47 88.89 38.89 55.56 60.00
65.77=88.46 95.24 85.00 74.07 13.33 42.11 80.00 68.00 30.77 77.78 63.89 57.89 52.78 57.58 67.65 85.19 76.67 86.21 45.45 88.24 0.00 88.89 84.00 45.45 70.00 60.87 53.85 95.00 43.75 70.00 90.91
63.84=92.00 95.65 95.00 71.43 14.71 51.06 87.50 66.67 0.00 70.00 65.62 72.41 54.05 62.96 76.67 71.88 69.70 85.71 45.83 76.47 0.00 86.21 73.33 53.85 52.38 54.17 61.54 88.89 48.00 62.50 72.73
64.83=92.00 100.00 94.12 76.00 15.15 48.94 76.92 60.00 12.50 83.33 62.16 67.65 61.11 62.96 71.43 76.67 75.86 76.67 39.13 72.22 0.00 74.19 79.31 41.67 52.63 70.00 75.00 78.26 47.83 75.00 90.91
67.07=92.31 95.45 89.47 66.67 13.51 42.59 91.30 68.18 11.76 82.35 54.55 73.33 54.55 63.33 78.57 70.97 81.48 84.62 40.91 70.00 0.00 86.67 75.86 41.18 52.63 72.22 88.89 85.71 50.00 100.00 100.00
63.95=82.76 95.24 94.74 70.37 13.33 46.94 80.77 68.00 5.88 82.35 55.00 62.86 48.65 71.43 64.71 78.12 75.86 82.76 45.00 78.95 0.00 85.71 79.17 36.84 55.56 66.67 61.54 85.71 40.91 77.78 88.89
75.53=70.00 100.00 100.00 66.67 80.00 63.64 100.00 80.00 71.43 71.43 100.00 83.33 87.50 60.00 75.00 100.00 75.00 100.00 100.00 100.00 0.00 62.50 100.00 50.00 62.50 42.86 85.71 77.78 42.86 83.33 50.00
82.21=70.00 100.00 100.00 60.00 100.00 61.54 100.00 80.00 66.67 71.43 100.00 85.71 100.00 75.00 88.89 100.00 77.78 100.00 87.50 88.89 0.00 100.00 100.00 66.67 100.00 75.00 100.00 100.00 30.00 83.33 80.00
80.97=77.78 100.00 100.00 75.00 100.00 57.14 90.91 100.00 66.67 100.00 85.71 100.00 100.00 80.00 85.71 100.00 80.00 87.50 83.33 100.00 0.00 60.00 100.00 50.00 66.67 50.00 100.00 100.00 44.44 85.71 83.33
80.50=83.33 100.00 85.71 60.00 100.00 58.33 100.00 75.00 66.67 83.33 87.50 77.78 100.00 80.00 77.78 100.00 77.78 100.00 100.00 100.00 0.00 50.00 80.00 100.00 77.78 60.00 100.00 70.00 44.44 100.00 100.00
84.11=70.00 100.00 100.00 100.00 100.00 61.54 90.91 100.00 71.43 100.00 85.71 100.00 77.78 100.00 100.00 100.00 88.89 100.00 85.71 88.89 0.00 100.00 100.00 40.00 71.43 75.00 100.00 100.00 50.00 75.00 75.00
60.80=88.89 100.00 94.74 65.52 0.00 54.55 91.67 65.22 21.05 66.67 64.86 51.11 73.53 72.00 74.19 76.00 71.43 78.57 34.48 61.11 0.00 88.46 75.00 0.00 55.00 60.87 87.50 66.67 34.78 53.85 57.14
61.17=88.89 95.65 80.95 64.52 4.00 50.00 91.67 65.22 21.74 76.47 53.66 70.59 59.38 79.17 62.07 68.75 75.76 80.00 41.67 60.87 0.00 85.19 80.00 7.14 55.00 68.18 71.43 87.50 35.29 60.00 55.56
61.58=96.00 100.00 90.00 64.52 4.35 45.45 88.46 73.91 18.52 88.24 63.16 67.65 60.00 82.61 68.97 65.52 80.65 74.07 28.00 66.67 0.00 75.00 76.00 8.33 55.00 69.57 71.43 88.24 35.71 36.36 66.67
63.55=88.89 100.00 100.00 71.43 6.45 48.08 91.67 73.91 19.35 81.25 60.00 66.67 61.11 81.82 69.23 65.52 75.00 82.14 33.33 66.67 0.00 81.48 80.95 6.67 62.50 62.50 83.33 86.67 40.91 60.00 62.50
62.91=91.67 100.00 100.00 64.29 3.57 45.45 92.00 65.38 17.86 77.78 58.54 70.97 77.42 75.00 76.92 67.74 80.65 83.33 25.00 59.09 0.00 82.14 79.17 7.69 60.87 65.22 82.35 76.19 47.37 50.00 66.67
78.97=87.50 83.33 100.00 42.86 80.00 61.54 83.33 33.33 50.00 100.00 100.00 85.71 75.00 60.00 70.00 100.00 100.00 100.00 100.00 88.89 0.00 80.00 100.00 100.00 83.33 66.67 75.00 100.00 66.67 100.00 75.00
77.94=70.00 100.00 100.00 75.00 66.67 50.00 90.00 30.00 75.00 100.00 87.50 100.00 100.00 80.00 77.78 83.33 88.89 100.00 100.00 75.00 0.00 80.00 100.00 80.00 87.50 20.00 100.00 85.71 55.56 83.33 75.00
80.38=70.00 100.00 100.00 75.00 80.00 57.14 100.00 66.67 100.00 83.33 100.00 100.00 88.89 100.00 75.00 85.71 100.00 87.50 100.00 80.00 0.00 100.00 75.00 66.67 87.50 0.00 83.33 100.00 50.00 100.00 80.00
81.94=100.00 100.00 100.00 75.00 80.00 53.85 100.00 44.44 50.00 100.00 77.78 77.78 100.00 100.00 85.71 83.33 100.00 85.71 83.33 80.00 0.00 83.33 100.00 100.00 75.00 66.67 85.71 100.00 66.67 85.71 100.00
79.87=77.78 100.00 87.50 66.67 100.00 57.14 100.00 66.67 50.00 71.43 70.00 85.71 87.50 80.00 87.50 100.00 100.00 85.71 100.00 88.89 0.00 100.00 100.00 75.00 85.71 50.00 100.00 72.73 50.00 80.00 100.00
65.81=88.46 100.00 94.74 76.92 14.29 46.15 74.07 73.68 12.50 82.35 58.97 59.46 54.76 53.12 73.33 74.19 78.57 82.14 38.46 72.22 0.00 95.83 80.00 40.00 76.47 65.00 81.82 82.61 53.85 71.43 84.62
66.08=88.46 100.00 94.74 71.43 17.65 53.49 87.50 68.00 6.67 75.00 52.63 63.89 61.11 61.90 80.65 83.33 68.75 85.71 39.29 70.00 0.00 81.25 82.14 53.85 63.16 64.71 70.00 81.82 41.38 80.00 100.00
63.07=91.67 95.45 100.00 80.00 13.51 48.00 83.33 71.43 6.67 83.33 59.46 79.31 57.14 65.38 73.33 68.57 71.88 82.76 43.48 63.64 0.00 82.14 70.97 33.33 52.38 60.87 58.33 87.50 43.48 44.44 83.33
63.90=92.00 100.00 81.82 72.00 15.15 46.94 72.41 65.52 8.70 77.78 54.05 68.75 52.78 66.67 76.67 74.19 79.31 88.89 42.86 68.42 0.00 78.12 88.00 53.33 50.00 61.90 63.64 95.24 45.00 50.00 90.91
65.35=82.14 95.45 94.44 73.08 15.79 50.00 84.00 63.64 5.88 82.35 56.76 76.67 53.66 64.29 76.67 78.12 73.33 86.21 47.62 86.67 0.00 89.66 80.77 31.25 61.11 59.09 60.00 76.19 47.83 83.33 90.00
81.25=66.67 100.00 100.00 75.00 80.00 53.85 100.00 100.00 80.00 83.33 85.71 85.71 77.78 80.00 71.43 91.67 100.00 100.00 87.50 100.00 0.00 57.14 100.00 50.00 100.00 100.00 66.67 100.00 42.86 83.33 100.00
77.05=71.43 100.00 100.00 100.00 60.00 54.55 100.00 75.00 60.00 83.33 87.50 77.78 87.50 80.00 75.00 81.82 63.64 87.50 100.00 88.89 0.00 83.33 100.00 50.00 85.71 50.00 100.00 57.14 42.86 85.71 100.00
81.98=70.00 100.00 100.00 75.00 80.00 57.14 100.00 75.00 83.33 83.33 87.50 100.00 83.33 83.33 70.00 100.00 88.89 77.78 87.50 100.00 0.00 100.00 100.00 50.00 71.43 100.00 85.71 100.00 57.14 100.00 75.00
86.20=100.00 100.00 100.00 100.00 66.67 57.14 90.91 100.00 80.00 83.33 100.00 100.00 100.00 100.00 100.00 100.00 87.50 100.00 100.00 100.00 0.00 71.43 85.71 100.00 88.89 75.00 85.71 66.67 50.00 83.33 100.00
81.74=70.00 100.00 100.00 75.00 100.00 57.14 90.91 66.67 55.56 83.33 85.71 100.00 100.00 75.00 87.50 100.00 77.78 100.00 100.00 88.89 0.00 75.00 100.00 80.00 87.50 75.00 83.33 87.50 57.14 75.00 100.00
81.05=70.00 100.00 87.50 60.00 100.00 57.14 83.33 40.00 66.67 83.33 87.50 100.00 77.78 100.00 83.33 71.43 100.00 100.00 100.00 72.73 0.00 100.00 83.33 100.00 75.00 33.33 100.00 100.00 100.00 100.00 80.00
80.81=75.00 100.00 100.00 100.00 100.00 53.33 100.00 36.36 83.33 100.00 87.50 100.00 87.50 80.00 66.67 100.00 88.89 100.00 83.33 88.89 0.00 100.00 87.50 75.00 75.00 50.00 100.00 71.43 57.14 83.33 75.00
81.49=77.78 100.00 100.00 75.00 100.00 61.54 100.00 50.00 55.56 80.00 100.00 85.71 85.71 80.00 66.67 87.50 100.00 100.00 100.00 88.89 0.00 100.00 100.00 83.33 77.78 50.00 100.00 87.50 66.67 100.00 66.67
82.73=77.78 100.00 100.00 75.00 100.00 61.54 100.00 50.00 80.00 83.33 87.50 100.00 88.89 100.00 77.78 85.71 100.00 100.00 100.00 88.89 0.00 100.00 100.00 75.00 87.50 40.00 85.71 80.00 60.00 100.00 80.00
77.49=75.00 100.00 87.50 75.00 100.00 53.85 100.00 42.86 62.50 100.00 100.00 100.00 72.73 66.67 87.50 100.00 100.00 77.78 100.00 72.73 0.00 100.00 100.00 75.00 71.43 0.00 85.71 88.89 57.14 83.33 66.67
66.47=85.71 95.65 94.44 80.00 16.00 48.98 100.00 75.00 18.75 81.82 66.67 63.64 58.82 82.61 76.67 63.64 86.67 85.19 40.74 73.08 0.00 86.67 89.29 13.33 62.50 50.00 61.11 73.08 41.67 88.89 100.00
67.60=92.31 95.00 100.00 87.50 13.33 46.15 84.62 73.91 22.22 80.00 64.10 78.57 61.29 84.62 82.14 64.86 83.87 91.67 33.33 82.61 0.00 86.21 88.00 12.50 57.14 57.14 56.25 80.00 46.15 90.00 100.00
67.92=82.14 100.00 100.00 91.30 15.38 44.64 88.46 72.00 37.50 85.00 66.67 80.00 63.33 80.77 84.00 61.11 80.65 88.00 42.31 84.21 0.00 92.86 82.76 17.65 68.42 56.52 58.82 69.23 43.75 83.33 84.62
68.10=85.71 100.00 94.74 76.92 12.90 50.00 84.62 57.14 37.50 80.95 72.73 83.33 70.37 84.00 85.71 57.50 78.79 80.77 50.00 90.48 0.00 89.66 92.31 20.00 54.17 56.52 57.89 80.00 43.75 90.91 91.67
68.50=88.89 95.45 100.00 87.50 15.38 46.81 91.67 70.37 20.00 85.00 72.22 77.78 64.52 81.48 75.00 66.67 80.65 88.00 36.67 86.96 0.00 88.89 85.71 23.53 52.63 68.42 68.75 75.86 53.85 83.33 91.67
79.85=70.00 100.00 83.33 75.00 100.00 61.54 100.00 66.67 83.33 83.33 77.78 100.00 85.71 50.00 77.78 100.00 66.67 100.00 87.50 100.00 0.00 66.67 100.00 80.00 57.14 75.00 100.00 100.00 44.44 83.33 100.00
81.63=77.78 100.00 85.71 60.00 100.00 53.33 81.82 100.00 71.43 100.00 87.50 80.00 66.67 83.33 100.00 100.00 80.00 100.00 100.00 100.00 0.00 60.00 100.00 75.00 75.00 100.00 100.00 87.50 55.56 83.33 66.67
83.40=70.00 100.00 100.00 75.00 100.00 57.14 100.00 100.00 80.00 100.00 87.50 85.71 77.78 66.67 100.00 90.00 88.89 100.00 100.00 100.00 0.00 83.33 100.00 42.86 83.33 75.00 100.00 88.89 50.00 83.33 100.00
83.81=63.64 100.00 100.00 100.00 100.00 53.85 90.91 100.00 80.00 83.33 87.50 85.71 80.00 83.33 85.71 100.00 80.00 100.00 100.00 88.89 0.00 100.00 100.00 50.00 85.71 75.00 100.00 87.50 57.14 100.00 80.00
82.44=77.78 100.00 100.00 75.00 100.00 61.54 90.00 80.00 83.33 71.43 87.50 100.00 100.00 100.00 87.50 100.00 87.50 100.00 83.33 100.00 0.00 80.00 87.50 75.00 85.71 42.86 75.00 88.89 50.00 85.71 100.00
75.76=100.00 100.00 87.50 60.00 36.36 61.54 100.00 66.67 50.00 83.33 70.00 87.50 75.00 66.67 85.71 100.00 100.00 55.56 100.00 88.89 0.00 57.14 80.00 62.50 100.00 50.00 100.00 83.33 80.00 85.71 75.00
79.17=87.50 100.00 85.71 100.00 100.00 61.54 100.00 57.14 71.43 83.33 87.50 85.71 100.00 66.67 75.00 80.00 88.89 87.50 100.00 88.89 0.00 42.86 60.00 75.00 87.50 100.00 100.00 100.00 75.00 57.14 50.00
80.41=87.50 100.00 100.00 75.00 66.67 61.54 100.00 80.00 83.33 83.33 100.00 85.71 75.00 80.00 100.00 100.00 80.00 85.71 85.71 100.00 0.00 50.00 100.00 100.00 87.50 50.00 83.33 87.50 83.33 71.43 50.00
83.94=87.50 100.00 85.71 75.00 100.00 66.67 100.00 100.00 55.56 100.00 100.00 100.00 87.50 100.00 87.50 88.89 88.89 87.50 100.00 77.78 0.00 75.00 100.00 71.43 100.00 66.67 85.71 100.00 71.43 83.33 60.00
77.49=100.00 83.33 85.71 100.00 100.00 66.67 90.00 50.00 57.14 80.00 87.50 83.33 100.00 83.33 87.50 70.00 77.78 77.78 83.33 85.71 0.00 75.00 83.33 55.56 100.00 50.00 85.71 83.33 60.00 100.00 60.00
81.66=77.78 100.00 100.00 75.00 100.00 57.14 100.00 100.00 100.00 83.33 100.00 100.00 87.50 75.00 83.33 90.00 87.50 87.50 85.71 100.00 0.00 83.33 100.00 50.00 85.71 75.00 75.00 63.64 37.50 71.43 100.00
81.64=70.00 100.00 100.00 100.00 100.00 53.33 100.00 80.00 66.67 100.00 100.00 85.71 100.00 80.00 80.00 90.91 87.50 100.00 62.50 100.00 0.00 71.43 100.00 100.00 55.56 50.00 80.00 85.71 62.50 85.71 83.33
83.19=77.78 100.00 87.50 66.67 100.00 61.54 90.91 100.00 83.33 71.43 85.71 100.00 87.50 50.00 83.33 78.57 100.00 100.00 87.50 100.00 0.00 66.67 100.00 60.00 83.33 100.00 100.00 100.00 57.14 100.00 100.00
75.60=70.00 100.00 100.00 50.00 100.00 58.33 100.00 80.00 80.00 60.00 77.78 85.71 66.67 80.00 87.50 88.89 75.00 100.00 100.00 100.00 0.00 60.00 100.00 40.00 60.00 75.00 75.00 63.64 50.00 80.00 80.00
80.10=60.00 100.00 100.00 75.00 80.00 61.54 100.00 66.67 100.00 100.00 87.50 100.00 87.50 66.67 83.33 75.00 77.78 100.00 100.00 88.89 0.00 83.33 100.00 50.00 80.00 60.00 85.71 85.71 57.14 71.43 100.00
61.39=88.89 100.00 100.00 68.00 0.00 52.08 92.00 68.00 20.83 82.35 58.54 54.55 65.62 70.37 73.33 78.57 75.86 76.00 20.83 52.38 0.00 88.00 80.00 7.14 57.89 50.00 77.78 84.21 44.44 55.56 60.00
63.34=88.46 100.00 94.74 65.62 4.00 55.81 84.62 72.00 20.69 83.33 62.16 71.88 73.53 84.62 68.75 73.08 81.25 75.00 38.10 56.52 0.00 74.19 79.17 12.50 70.59 65.22 62.50 82.35 31.58 60.00 71.43
61.66=88.00 100.00 94.74 70.00 4.17 54.35 92.00 73.91 18.52 68.42 65.71 60.00 62.50 78.95 61.29 70.00 80.65 78.57 28.00 72.22 0.00 85.71 76.92 6.25 50.00 69.57 70.00 83.33 43.75 46.67 57.14
63.94=80.00 100.00 94.74 67.86 7.14 51.02 83.33 70.83 18.52 86.67 58.14 61.76 71.88 85.71 68.75 70.97 86.21 82.76 27.27 59.09 0.00 81.48 80.95 13.33 58.33 75.00 78.95 82.35 33.33 62.50 83.33
63.35=92.00 95.24 90.00 63.33 0.00 53.49 88.46 66.67 33.33 78.57 66.67 69.70 77.78 91.30 63.89 65.52 83.33 71.43 32.00 66.67 0.00 85.19 79.17 5.88 59.09 71.43 83.33 80.00 38.89 61.54 50.00
61.69=88.89 100.00 100.00 62.50 3.45 50.00 87.50 72.00 15.00 75.00 62.50 56.10 71.88 66.67 60.61 76.00 80.65 73.08 27.59 63.16 0.00 92.59 78.26 9.09 59.09 57.14 73.68 88.24 45.00 50.00 66.67
64.55=92.31 100.00 94.74 68.97 6.90 49.02 88.00 66.67 19.23 76.47 65.00 67.65 64.86 80.00 70.97 82.61 83.33 80.00 28.00 68.42 0.00 85.19 76.92 6.67 63.64 75.00 82.35 88.89 47.06 44.44 77.78
63.12=96.00 100.00 100.00 65.62 4.76 51.02 95.65 66.67 14.81 76.47 59.52 71.88 60.53 86.96 67.74 86.96 75.00 75.86 30.77 60.00 0.00 75.86 79.17 6.25 60.87 71.43 82.35 87.50 40.00 44.44 62.50
61.29=82.14 100.00 89.47 72.41 3.70 51.02 95.83 62.96 17.24 73.68 58.54 68.57 73.53 72.73 70.00 83.33 78.12 76.92 28.57 57.89 0.00 79.31 70.83 6.67 52.38 68.18 81.25 88.24 29.41 50.00 57.14
64.52=88.46 100.00 94.74 71.43 0.00 51.02 92.00 64.29 16.67 86.67 60.98 67.65 70.59 90.91 74.19 70.37 80.65 82.14 33.33 61.90 0.00 84.62 74.07 8.33 73.68 65.22 86.67 85.00 52.38 45.45 66.67
82.13=87.50 100.00 100.00 75.00 75.00 45.45 100.00 60.00 66.67 100.00 87.50 85.71 87.50 80.00 100.00 90.91 100.00 100.00 75.00 88.89 0.00 80.00 100.00 80.00 87.50 60.00 100.00 100.00 50.00 83.33 100.00
82.01=77.78 100.00 100.00 100.00 100.00 57.14 81.82 75.00 100.00 83.33 100.00 100.00 83.33 83.33 83.33 90.91 77.78 100.00 85.71 100.00 0.00 100.00 100.00 33.33 88.89 60.00 100.00 85.71 40.00 75.00 80.00
82.51=87.50 100.00 100.00 60.00 80.00 63.64 100.00 80.00 80.00 100.00 87.50 85.71 88.89 75.00 100.00 100.00 100.00 100.00 100.00 88.89 0.00 83.33 100.00 33.33 88.89 50.00 100.00 100.00 50.00 75.00 100.00
83.97=77.78 100.00 100.00 100.00 100.00 72.73 100.00 100.00 66.67 80.00 100.00 100.00 100.00 83.33 77.78 90.91 100.00 100.00 100.00 100.00 0.00 75.00 100.00 50.00 66.67 100.00 75.00 88.89 40.00 75.00 83.33
82.40=58.33 100.00 100.00 60.00 100.00 53.33 100.00 75.00 71.43 83.33 75.00 100.00 77.78 60.00 100.00 100.00 88.89 100.00 100.00 100.00 0.00 75.00 100.00 50.00 85.71 100.00 85.71 100.00 71.43 83.33 100.00
64.85=96.00 95.45 94.74 71.43 11.76 47.83 80.77 70.00 8.33 71.43 52.50 58.97 53.85 54.84 75.00 70.97 80.00 85.19 54.55 73.68 0.00 92.59 82.61 33.33 66.67 56.00 63.64 86.96 52.00 87.50 81.82
63.89=92.31 95.45 94.44 71.43 11.11 43.40 80.00 78.95 15.00 84.21 51.22 75.86 59.38 67.86 76.67 62.16 67.74 92.00 41.67 77.78 0.00 78.57 80.77 33.33 62.50 54.17 45.45 90.48 52.17 60.00 84.62
65.60=88.89 95.45 90.00 76.92 12.50 50.00 90.48 69.57 6.67 77.78 60.00 68.75 60.53 65.38 77.42 76.67 75.00 84.62 50.00 69.57 0.00 86.67 71.88 38.46 64.71 50.00 60.00 85.71 50.00 80.00 100.00
64.99=85.71 100.00 94.74 71.43 11.43 47.73 87.50 66.67 9.09 77.78 65.71 68.75 55.88 69.23 77.42 66.67 76.67 80.00 52.17 86.67 0.00 80.00 80.00 50.00 47.06 61.90 56.25 85.71 45.00 66.67 90.91
65.65=88.89 95.45 94.74 76.92 13.16 46.81 83.33 67.86 5.26 77.78 63.64 63.89 63.89 64.29 66.67 72.73 79.31 83.33 52.38 61.11 0.00 81.48 80.00 35.71 55.56 57.14 63.64 94.12 56.00 100.00 90.00
65.32=91.67 100.00 89.47 78.26 13.79 42.86 83.33 65.38 6.25 83.33 51.16 58.54 48.65 62.96 74.19 77.42 70.00 81.48 41.67 76.47 0.00 89.29 85.19 25.00 70.59 66.67 61.54 95.00 44.00 100.00 90.91
65.47=82.14 95.45 100.00 72.00 9.38 48.98 79.17 54.55 11.11 70.00 70.00 66.67 51.22 60.00 78.12 80.00 72.73 77.42 44.00 88.24 0.00 95.65 82.14 42.86 57.14 75.00 61.54 90.00 53.85 83.33 76.92
65.94=85.19 100.00 90.00 79.17 15.38 45.10 75.00 69.23 5.00 76.47 58.97 71.88 60.53 64.29 70.59 75.00 75.00 88.46 39.13 77.78 0.00 77.42 86.36 41.67 53.33 56.52 80.00 100.00 46.67 80.00 100.00
67.47=88.89 95.45 94.12 71.43 10.00 46.81 83.33 73.91 6.67 88.24 62.86 75.86 55.26 62.50 73.33 69.70 71.88 92.00 43.48 60.00 0.00 89.29 72.73 53.85 78.95 61.90 66.67 86.96 55.56 100.00 100.00
68.22=85.19 95.45 90.00 83.33 10.26 50.00 84.00 71.43 10.53 87.50 65.71 71.88 52.27 65.38 73.53 85.71 70.97 91.30 44.00 72.22 0.00 84.62 79.31 53.85 64.71 72.22 66.67 90.91 51.85 100.00 90.00
78.67=87.50 100.00 100.00 60.00 100.00 57.14 90.91 50.00 100.00 100.00 85.71 85.71 66.67 100.00 50.00 71.43 71.43 100.00 71.43 100.00 0.00 83.33 85.71 66.67 80.00 75.00 75.00 75.00 50.00 100.00 100.00
82.97=77.78 83.33 100.00 75.00 100.00 57.14 100.00 42.86 80.00 100.00 77.78 100.00 88.89 80.00 75.00 100.00 87.50 100.00 100.00 80.00 0.00 100.00 100.00 100.00 88.89 50.00 100.00 77.78 75.00 100.00 75.00
81.91=63.64 100.00 100.00 100.00 80.00 61.54 100.00 57.14 60.00 83.33 100.00 100.00 100.00 66.67 85.71 87.50 100.00 100.00 100.00 70.00 0.00 100.00 100.00 83.33 72.73 0.00 100.00 87.50 80.00 100.00 100.00
81.60=77.78 83.33 100.00 75.00 66.67 57.14 100.00 57.14 80.00 71.43 87.50 87.50 85.71 100.00 66.67 60.00 100.00 100.00 100.00 88.89 0.00 100.00 100.00 100.00 83.33 66.67 100.00 77.78 57.14 100.00 100.00
82.15=70.00 100.00 100.00 50.00 100.00 58.33 90.91 50.00 80.00 71.43 77.78 100.00 100.00 75.00 71.43 100.00 100.00 100.00 100.00 100.00 0.00 100.00 100.00 80.00 75.00 50.00 100.00 80.00 66.67 100.00 100.00
64.03=88.00 100.00 94.74 66.67 6.67 50.00 95.83 66.67 23.08 86.67 61.90 62.16 60.00 79.17 74.19 75.00 69.44 80.77 31.82 63.16 0.00 79.31 80.95 6.25 66.67 65.22 88.24 80.00 37.50 75.00 70.00
62.13=85.71 100.00 94.44 64.52 0.00 53.49 95.65 65.38 23.08 85.71 57.14 71.88 57.14 81.82 69.70 67.74 78.12 77.78 32.14 57.89 0.00 85.71 72.00 6.25 61.54 65.22 82.35 82.35 47.62 45.45 58.33
64.09=100.00 100.00 80.95 68.97 7.69 54.35 91.67 60.71 14.81 78.57 60.98 66.67 71.88 77.78 68.75 76.67 77.42 80.77 33.33 59.09 0.00 85.71 81.82 10.00 60.00 75.00 83.33 93.33 42.86 60.00 63.64
63.67=81.48 95.24 94.44 65.62 3.45 51.06 84.62 64.00 20.00 81.25 65.79 63.16 65.79 76.92 65.62 84.00 75.76 81.48 32.00 70.59 0.00 82.76 80.00 6.25 68.42 78.95 78.95 87.50 43.75 50.00 75.00
63.03=92.00 95.24 94.44 63.64 8.00 53.19 85.19 75.00 16.67 76.47 60.00 64.86 66.67 81.82 75.00 71.43 78.79 80.77 26.92 69.57 0.00 76.67 75.00 7.69 59.09 75.00 82.35 85.00 47.37 50.00 60.00
81.24=70.00 100.00 100.00 100.00 75.00 61.54 100.00 80.00 83.33 100.00 77.78 100.00 71.43 83.33 77.78 81.82 66.67 100.00 100.00 77.78 0.00 100.00 100.00 66.67 66.67 75.00 85.71 100.00 66.67 71.43 80.00
81.24=77.78 100.00 100.00 75.00 100.00 61.54 100.00 80.00 80.00 100.00 75.00 77.78 85.71 80.00 77.78 100.00 70.00 87.50 77.78 100.00 0.00 62.50 100.00 66.67 87.50 75.00 100.00 100.00 37.50 83.33 100.00
81.54=77.78 100.00 100.00 100.00 80.00 57.14 100.00 80.00 71.43 100.00 100.00 85.71 66.67 100.00 85.71 88.89 80.00 100.00 100.00 100.00 0.00 62.50 100.00 28.57 100.00 50.00 100.00 100.00 50.00 83.33 80.00
84.92=77.78 100.00 100.00 100.00 100.00 61.54 100.00 80.00 83.33 100.00 87.50 100.00 100.00 83.33 100.00 90.00 72.73 100.00 87.50 100.00 0.00 100.00 100.00 33.33 66.67 100.00 100.00 88.89 40.00 80.00 100.00
81.02=77.78 100.00 100.00 100.00 100.00 63.64 100.00 60.00 66.67 100.00 87.50 85.71 85.71 83.33 100.00 90.00 88.89 100.00 85.71 88.89 0.00 71.43 100.00 50.00 71.43 75.00 100.00 80.00 42.86 57.14 100.00
65.61=88.46 100.00 94.44 86.96 5.56 43.40 82.61 65.22 12.50 77.78 58.97 58.97 57.14 58.06 73.53 74.19 78.57 96.00 40.74 76.47 0.00 84.62 80.77 28.57 77.78 44.00 62.50 90.48 66.67 85.71 83.33
68.13=92.31 95.45 90.00 68.97 8.82 48.98 87.50 78.26 11.11 81.25 52.38 60.53 56.10 70.37 78.57 75.00 73.33 85.71 48.00 72.22 0.00 83.87 88.00 54.55 81.82 65.00 63.64 90.91 58.33 100.00 90.91
67.24=82.76 100.00 100.00 71.43 7.89 45.28 75.00 65.38 6.67 88.89 57.50 73.33 56.10 69.23 77.78 75.00 74.19 81.48 52.17 70.00 0.00 92.86 76.67 50.00 70.59 68.42 70.00 95.00 55.00 85.71 90.00
66.84=84.62 95.45 100.00 80.00 12.20 46.00 83.33 64.00 0.00 73.68 56.41 73.33 60.00 69.23 71.88 79.31 69.70 84.00 36.00 82.35 0.00 92.31 71.43 50.00 61.11 60.87 81.82 90.00 52.00 100.00 90.91
66.92=88.89 100.00 100.00 76.92 8.11 48.98 75.00 69.23 5.56 70.59 60.00 65.62 53.85 64.29 72.73 77.42 79.31 92.00 47.83 75.00 0.00 85.71 80.00 57.14 66.67 65.00 61.54 90.48 56.52 80.00 100.00
60.75=92.00 95.45 94.44 64.52 6.90 48.98 87.50 68.18 13.04 65.00 60.53 55.00 69.70 82.61 76.92 64.52 71.43 80.77 19.23 65.00 0.00 85.71 81.82 7.69 58.82 73.68 68.42 71.43 44.44 55.56 53.85
62.25=85.71 95.65 100.00 68.97 3.70 51.06 88.00 75.00 17.24 78.57 61.54 71.88 62.16 81.82 75.00 72.41 76.67 70.00 30.43 62.50 0.00 77.42 80.95 8.33 55.00 63.64 68.42 88.89 47.62 55.56 55.56
63.18=85.19 100.00 94.74 65.52 8.00 50.00 88.46 69.23 12.90 68.75 65.00 67.65 64.71 72.00 75.00 74.07 75.00 79.17 33.33 63.64 0.00 85.19 76.92 6.25 61.11 83.33 82.35 83.33 41.18 60.00 66.67
62.66=88.00 100.00 94.74 60.61 6.67 52.27 88.00 75.00 18.52 81.25 58.54 71.88 77.78 83.33 62.16 57.58 77.42 78.57 35.00 65.00 0.00 85.71 86.36 0.00 59.09 65.22 68.42 81.25 44.44 57.14 62.50
63.85=88.46 100.00 95.00 63.64 0.00 53.19 91.67 66.67 8.00 76.47 60.98 62.86 66.67 80.00 68.75 62.50 83.33 84.62 29.17 63.64 0.00 71.88 81.82 6.67 62.50 88.24 88.24 84.21 47.37 72.73 70.00
79.79=87.50 100.00 87.50 60.00 80.00 61.54 100.00 80.00 66.67 83.33 87.50 87.50 62.50 100.00 100.00 80.00 88.89 100.00 100.00 70.00 0.00 66.67 57.14 66.67 100.00 50.00 100.00 100.00 83.33 100.00 66.67
77.03=87.50 100.00 87.50 60.00 100.00 72.73 83.33 57.14 66.67 83.33 100.00 87.50 75.00 0.00 75.00 87.50 88.89 87.50 100.00 100.00 0.00 57.14 80.00 50.00 100.00 75.00 100.00 71.43 83.33 71.43 100.00
78.12=85.71 100.00 100.00 100.00 75.00 66.67 90.91 75.00 50.00 83.33 63.64 87.50 100.00 100.00 100.00 88.89 77.78 77.78 85.71 88.89 0.00 50.00 85.71 37.50 100.00 66.67 100.00 66.67 60.00 83.33 75.00
81.45=87.50 100.00 100.00 60.00 80.00 61.54 100.00 60.00 71.43 80.00 87.50 87.50 62.50 100.00 100.00 72.73 88.89 100.00 100.00 88.89 0.00 66.67 80.00 62.50 100.00 66.67 100.00 100.00 85.71 100.00 75.00
77.20=87.50 100.00 85.71 75.00 100.00 63.64 76.92 60.00 100.00 83.33 85.71 70.00 75.00 66.67 87.50 72.73 72.73 77.78 80.00 100.00 0.00 33.33 75.00 50.00 100.00 100.00 83.33 100.00 71.43 100.00 60.00
66.05=82.76 100.00 100.00 84.00 20.00 47.06 87.50 73.08 21.43 80.00 74.29 62.16 70.37 82.61 74.19 60.53 81.25 80.65 31.03 90.00 0.00 86.21 82.14 16.67 61.11 52.17 60.00 79.17 46.15 70.00 90.91
68.58=92.00 95.45 94.74 83.33 17.24 46.15 84.62 73.08 23.08 80.95 72.22 84.62 57.69 81.48 83.33 54.55 86.67 86.96 37.04 90.91 0.00 80.00 86.21 18.75 72.22 76.47 55.00 72.41 55.56 90.91 92.31
67.62=80.00 100.00 100.00 84.00 10.71 50.00 79.17 64.52 31.58 78.95 72.73 75.00 65.38 84.62 75.00 62.86 86.67 86.96 37.04 85.71 0.00 88.89 89.29 22.22 65.00 45.83 61.11 71.43 50.00 91.67 100.00
66.96=88.89 95.45 100.00 75.00 17.39 45.28 91.67 68.97 23.08 80.95 72.22 80.00 67.86 83.33 74.19 61.11 80.65 84.62 42.86 90.48 0.00 86.21 83.33 20.00 61.11 65.00 50.00 75.00 53.85 72.73 84.62
67.48=88.00 95.24 94.44 84.00 10.71 52.17 76.67 70.00 35.29 75.00 69.44 80.77 70.37 82.14 75.00 53.85 80.65 81.48 34.48 90.48 0.00 92.31 82.76 14.29 63.16 72.22 58.82 76.00 53.85 87.50 90.91
78.41=63.64 100.00 100.00 40.00 100.00 58.33 100.00 44.44 75.00 75.00 70.00 77.78 77.78 66.67 66.67 100.00 77.78 100.00 100.00 100.00 0.00 83.33 100.00 66.67 100.00 75.00 100.00 87.50 50.00 100.00 75.00
75.94=77.78 100.00 100.00 50.00 100.00 57.14 100.00 50.00 80.00 80.00 70.00 100.00 87.50 66.67 71.43 100.00 87.50 85.71 77.78 80.00 0.00 83.33 100.00 66.67 83.33 0.00 85.71 77.78 50.00 85.71 100.00
79.56=87.50 100.00 100.00 60.00 100.00 57.14 100.00 57.14 55.56 80.00 77.78 85.71 85.71 80.00 66.67 87.50 88.89 100.00 85.71 100.00 0.00 100.00 100.00 57.14 75.00 33.33 100.00 100.00 60.00 85.71 100.00
79.02=77.78 100.00 100.00 75.00 100.00 46.67 90.91 50.00 100.00 83.33 70.00 100.00 88.89 100.00 66.67 71.43 100.00 75.00 75.00 85.71 0.00 100.00 100.00 100.00 100.00 25.00 83.33 75.00 60.00 100.00 50.00
74.80=75.00 83.33 77.78 60.00 100.00 58.33 90.00 42.86 50.00 80.00 100.00 100.00 100.00 66.67 70.00 100.00 88.89 77.78 100.00 72.73 0.00 66.67 100.00 85.71 71.43 0.00 100.00 75.00 66.67 100.00 60.00
75.49=77.78 100.00 85.71 50.00 66.67 53.85 90.91 66.67 100.00 83.33 85.71 87.50 85.71 80.00 57.14 100.00 87.50 83.33 75.00 100.00 0.00 75.00 100.00 25.00 60.00 75.00 75.00 85.71 44.44 83.33 100.00
85.18=77.78 100.00 100.00 100.00 100.00 57.14 100.00 80.00 66.67 83.33 87.50 100.00 87.50 75.00 85.71 100.00 100.00 100.00 100.00 100.00 0.00 66.67 100.00 66.67 85.71 100.00 100.00 100.00 62.50 75.00 83.33
86.04=70.00 100.00 100.00 100.00 100.00 66.67 90.00 100.00 71.43 100.00 87.50 100.00 100.00 83.33 87.50 100.00 87.50 100.00 100.00 88.89 0.00 66.67 100.00 75.00 87.50 100.00 100.00 85.71 44.44 75.00 100.00
83.47=70.00 100.00 100.00 100.00 100.00 61.54 90.91 66.67 100.00 100.00 100.00 100.00 87.50 100.00 75.00 100.00 80.00 100.00 100.00 100.00 0.00 100.00 100.00 50.00 71.43 60.00 100.00 88.89 42.86 85.71 57.14
84.55=70.00 100.00 100.00 100.00 100.00 53.85 100.00 66.67 100.00 100.00 87.50 85.71 85.71 100.00 100.00 90.91 88.89 87.50 100.00 100.00 0.00 71.43 100.00 60.00 87.50 75.00 100.00 88.89 50.00 71.43 100.00
78.39=75.00 83.33 100.00 50.00 100.00 57.14 100.00 42.86 100.00 83.33 100.00 85.71 88.89 100.00 62.50 75.00 88.89 100.00 71.43 80.00 0.00 80.00 80.00 62.50 100.00 40.00 100.00 63.64 60.00 100.00 100.00
81.82=87.50 100.00 100.00 60.00 100.00 61.54 100.00 50.00 100.00 100.00 77.78 100.00 100.00 100.00 55.56 87.50 100.00 100.00 100.00 72.73 0.00 83.33 85.71 85.71 100.00 0.00 100.00 85.71 60.00 83.33 100.00
79.98=87.50 100.00 100.00 75.00 100.00 50.00 90.91 40.00 100.00 50.00 100.00 100.00 100.00 100.00 62.50 62.50 87.50 85.71 75.00 88.89 0.00 57.14 83.33 75.00 100.00 66.67 100.00 75.00 66.67 100.00 100.00
80.82=85.71 100.00 100.00 75.00 100.00 46.67 80.00 50.00 71.43 100.00 87.50 100.00 88.89 80.00 62.50 87.50 100.00 77.78 100.00 80.00 0.00 100.00 100.00 100.00 75.00 20.00 100.00 100.00 62.50 100.00 75.00
82.88=70.00 100.00 100.00 60.00 100.00 57.14 90.91 40.00 83.33 100.00 87.50 87.50 87.50 100.00 71.43 80.00 100.00 85.71 100.00 88.89 0.00 100.00 100.00 83.33 81.82 66.67 100.00 87.50 60.00 100.00 100.00
77.03=100.00 100.00 85.71 75.00 100.00 61.54 100.00 80.00 50.00 100.00 100.00 75.00 66.67 66.67 87.50 100.00 88.89 77.78 71.43 100.00 0.00 57.14 60.00 55.56 100.00 33.33 85.71 100.00 60.00 83.33 66.67
76.51=70.00 100.00 100.00 75.00 100.00 58.33 100.00 60.00 50.00 83.33 87.50 87.50 63.64 66.67 85.71 100.00 77.78 100.00 85.71 80.00 0.00 57.14 75.00 50.00 87.50 66.67 100.00 77.78 66.67 100.00 60.00
80.12=85.71 100.00 87.50 75.00 80.00 66.67 100.00 57.14 75.00 100.00 87.50 100.00 71.43 80.00 100.00 100.00 100.00 87.50 100.00 88.89 0.00 62.50 66.67 71.43 83.33 66.67 85.71 100.00 80.00 75.00 50.00
83.18=87.50 100.00 100.00 75.00 100.00 66.67 90.91 100.00 42.86 71.43 77.78 100.00 100.00 60.00 88.89 100.00 88.89 100.00 100.00 100.00 0.00 57.14 75.00 83.33 100.00 60.00 100.00 87.50 80.00 85.71 100.00
80.96=87.50 100.00 85.71 75.00 100.00 57.14 100.00 100.00 50.00 83.33 87.50 85.71 75.00 75.00 100.00 100.00 80.00 87.50 100.00 100.00 0.00 57.14 75.00 71.43 100.00 60.00 83.33 100.00 66.67 100.00 66.67
81.54=77.78 100.00 100.00 60.00 100.00 53.85 100.00 44.44 100.00 83.33 100.00 100.00 88.89 75.00 77.78 85.71 100.00 70.00 85.71 77.78 0.00 100.00 85.71 83.33 100.00 50.00 100.00 71.43 57.14 100.00 100.00
78.54=77.78 100.00 100.00 60.00 100.00 57.14 90.91 44.44 66.67 71.43 100.00 100.00 100.00 100.00 66.67 57.14 100.00 87.50 100.00 70.00 0.00 100.00 80.00 66.67 85.71 0.00 100.00 77.78 75.00 100.00 100.00
81.24=77.78 100.00 100.00 75.00 100.00 50.00 100.00 44.44 100.00 71.43 87.50 87.50 100.00 75.00 66.67 75.00 100.00 100.00 100.00 88.89 0.00 100.00 100.00 80.00 63.64 50.00 85.71 80.00 60.00 100.00 100.00
83.00=63.64 100.00 100.00 75.00 100.00 57.14 90.91 44.44 100.00 100.00 87.50 100.00 100.00 100.00 62.50 75.00 80.00 100.00 100.00 80.00 0.00 100.00 100.00 71.43 88.89 50.00 100.00 100.00 80.00 100.00 66.67
81.58=77.78 100.00 100.00 75.00 100.00 53.85 90.91 50.00 66.67 83.33 100.00 85.71 100.00 100.00 62.50 83.33 87.50 87.50 83.33 100.00 0.00 100.00 71.43 75.00 80.00 60.00 100.00 75.00 80.00 100.00 100.00
81.76=85.71 100.00 100.00 100.00 80.00 61.54 100.00 80.00 71.43 83.33 70.00 85.71 87.50 100.00 88.89 88.89 87.50 66.67 100.00 100.00 0.00 75.00 100.00 62.50 100.00 42.86 100.00 100.00 57.14 100.00 60.00
80.49=87.50 100.00 100.00 60.00 80.00 66.67 100.00 57.14 100.00 83.33 70.00 77.78 71.43 75.00 87.50 100.00 87.50 87.50 100.00 88.89 0.00 100.00 100.00 50.00 100.00 66.67 85.71 87.50 100.00 75.00 50.00
78.43=100.00 100.00 85.71 75.00 100.00 72.73 90.91 66.67 57.14 71.43 87.50 87.50 77.78 75.00 100.00 85.71 87.50 100.00 100.00 77.78 0.00 57.14 80.00 42.86 100.00 50.00 83.33 87.50 57.14 100.00 75.00
79.42=87.50 100.00 100.00 100.00 80.00 72.73 90.91 66.67 80.00 100.00 87.50 100.00 57.14 66.67 80.00 87.50 88.89 100.00 100.00 100.00 0.00 83.33 57.14 66.67 100.00 42.86 100.00 75.00 71.43 100.00 20.00
76.87=100.00 100.00 87.50 75.00 100.00 57.14 81.82 37.50 57.14 83.33 87.50 100.00 85.71 80.00 100.00 72.73 87.50 87.50 100.00 100.00 0.00 50.00 80.00 50.00 100.00 60.00 100.00 100.00 33.33 62.50 66.67
68.81=96.00 95.45 100.00 84.00 11.54 44.44 80.00 66.67 26.67 73.91 62.50 65.62 62.07 86.36 74.07 58.54 83.87 86.96 37.93 100.00 0.00 86.21 91.67 18.75 73.68 66.67 55.00 77.78 66.67 100.00 100.00
67.54=88.89 100.00 100.00 77.78 14.81 45.28 90.91 73.91 38.46 84.21 60.98 84.00 60.00 78.57 77.78 67.65 86.21 84.00 40.74 79.17 0.00 76.67 88.89 18.75 63.64 68.42 62.50 76.92 27.78 84.62 92.31
66.71=88.46 100.00 100.00 77.78 15.00 48.00 75.86 75.86 28.57 77.27 75.76 68.97 65.38 80.00 80.00 57.50 76.47 85.71 50.00 83.33 0.00 82.76 81.48 12.50 57.14 66.67 61.11 70.37 46.15 80.00 100.00
67.06=85.71 95.45 100.00 77.78 17.39 44.90 80.00 71.43 18.75 80.00 70.27 72.41 68.97 80.77 74.19 69.70 89.29 81.48 42.31 79.17 0.00 76.67 88.46 11.76 56.52 65.00 60.00 75.86 53.85 90.91 100.00
68.21=95.83 100.00 100.00 83.33 13.79 50.00 91.67 68.97 27.78 78.26 68.42 72.41 70.37 73.33 72.73 62.86 72.73 87.50 42.31 86.96 0.00 85.19 88.46 25.00 52.17 80.00 57.89 72.00 53.85 88.89 91.67
78.94=70.00 100.00 100.00 75.00 100.00 57.14 90.91 40.00 100.00 100.00 100.00 100.00 77.78 100.00 77.78 71.43 100.00 87.50 77.78 77.78 0.00 83.33 83.33 83.33 85.71 0.00 85.71 62.50 60.00 100.00 100.00
81.87=70.00 83.33 100.00 75.00 100.00 53.85 100.00 50.00 100.00 100.00 77.78 100.00 72.73 100.00 77.78 100.00 87.50 87.50 100.00 66.67 0.00 100.00 100.00 75.00 90.00 50.00 100.00 87.50 50.00 83.33 100.00
81.09=70.00 100.00 100.00 66.67 80.00 50.00 100.00 57.14 50.00 83.33 77.78 100.00 100.00 80.00 60.00 100.00 100.00 100.00 100.00 72.73 0.00 100.00 100.00 83.33 100.00 50.00 100.00 77.78 80.00 100.00 75.00
79.66=70.00 83.33 100.00 50.00 80.00 57.14 100.00 28.57 83.33 83.33 100.00 100.00 87.50 100.00 62.50 100.00 100.00 87.50 75.00 80.00 0.00 100.00 100.00 66.67 88.89 33.33 100.00 85.71 66.67 100.00 100.00
77.30=70.00 100.00 100.00 60.00 100.00 53.33 83.33 50.00 66.67 100.00 87.50 100.00 77.78 100.00 55.56 85.71 77.78 100.00 80.00 63.64 0.00 100.00 80.00 75.00 80.00 0.00 100.00 100.00 50.00 100.00 100.00
67.70=92.00 95.65 100.00 87.50 16.13 51.11 88.46 85.00 38.46 77.27 59.09 64.52 68.97 82.61 69.70 67.65 81.25 81.48 42.31 80.95 0.00 89.66 82.14 14.29 61.11 48.15 61.11 74.07 58.33 88.89 90.91
69.09=91.67 95.45 100.00 77.78 25.00 47.06 84.62 74.07 35.71 81.82 71.43 85.71 70.37 88.46 80.77 60.53 86.21 82.14 38.71 87.50 0.00 78.12 92.31 25.00 52.17 61.90 68.75 70.97 58.33 84.62 84.62
66.57=88.00 95.45 90.00 77.78 15.38 47.06 92.00 65.38 21.43 80.00 66.67 78.57 62.96 88.00 84.62 60.00 80.65 87.50 34.48 81.82 0.00 92.00 82.76 22.22 58.82 59.09 56.25 69.23 42.11 91.67 91.67
67.62=85.71 100.00 90.48 83.33 16.00 46.00 86.96 65.52 36.84 77.27 75.00 75.86 68.97 78.57 74.07 70.97 80.65 83.33 38.46 89.47 0.00 92.31 83.33 23.53 52.63 63.16 55.00 75.86 50.00 92.31 84.62
67.53=91.30 95.24 90.48 84.00 16.67 50.00 88.46 75.00 30.77 73.91 67.57 75.00 72.00 81.48 71.43 58.33 80.65 78.57 38.71 82.61 0.00 83.87 88.46 29.41 57.14 66.67 62.50 77.78 42.86 90.91 91.67
82.38=70.00 100.00 100.00 100.00 75.00 66.67 90.91 75.00 66.67 100.00 100.00 100.00 100.00 80.00 87.50 100.00 80.00 100.00 87.50 88.89 0.00 83.33 80.00 33.33 85.71 100.00 100.00 70.00 50.00 83.33 100.00
82.21=66.67 100.00 100.00 100.00 80.00 61.54 90.91 80.00 83.33 83.33 100.00 85.71 100.00 100.00 70.00 100.00 75.00 100.00 100.00 100.00 0.00 80.00 83.33 57.14 85.71 75.00 75.00 85.71 50.00 100.00 80.00
84.39=77.78 100.00 100.00 100.00 80.00 57.14 100.00 80.00 83.33 100.00 87.50 85.71 87.50 100.00 100.00 100.00 100.00 87.50 87.50 100.00 0.00 71.43 85.71 80.00 87.50 75.00 83.33 77.78 55.56 85.71 100.00
82.64=87.50 100.00 100.00 60.00 100.00 57.14 100.00 66.67 71.43 100.00 87.50 100.00 87.50 83.33 83.33 100.00 88.89 66.67 100.00 100.00 0.00 80.00 85.71 60.00 70.00 100.00 100.00 100.00 42.86 100.00 83.33
84.41=77.78 100.00 100.00 100.00 80.00 61.54 100.00 80.00 80.00 80.00 75.00 100.00 100.00 100.00 100.00 100.00 80.00 100.00 75.00 88.89 0.00 83.33 100.00 66.67 72.73 100.00 85.71 100.00 44.44 85.71 100.00
65.56=92.31 100.00 94.74 81.82 16.00 44.44 84.00 81.82 25.00 77.27 66.67 61.76 64.29 90.00 68.75 56.76 80.65 74.07 29.03 78.26 0.00 95.65 79.31 11.76 62.50 56.52 52.63 69.23 45.45 91.67 100.00
66.49=88.89 95.45 95.00 80.77 12.00 44.23 75.00 65.52 19.05 73.91 70.27 75.00 62.96 86.96 78.57 62.16 78.12 90.48 35.71 82.61 0.00 88.89 85.19 11.76 57.89 76.47 57.89 75.00 63.64 80.00 91.67
67.14=91.67 95.45 100.00 75.00 13.64 47.92 82.14 76.00 40.00 80.95 67.57 80.77 61.29 79.17 79.31 63.16 83.87 80.00 34.48 82.61 0.00 82.76 85.19 13.33 54.55 60.00 52.63 75.00 57.14 100.00 85.71
67.06=92.00 95.45 90.48 83.33 18.18 51.06 73.33 75.00 33.33 78.26 67.65 81.48 70.37 79.31 69.44 64.86 83.33 80.77 36.67 76.00 0.00 78.12 86.21 6.67 56.52 70.59 58.82 76.00 66.67 88.89 90.00
67.10=82.76 100.00 100.00 86.96 17.86 47.06 77.78 72.00 28.57 77.27 76.47 72.41 66.67 88.00 77.42 60.53 73.53 81.48 28.00 79.17 0.00 83.87 92.86 15.79 70.00 65.00 64.71 75.00 30.00 88.89 100.00
63.32=100.00 100.00 100.00 67.86 3.70 52.08 88.00 61.90 33.33 78.57 60.98 59.46 74.19 77.78 67.74 68.97 75.00 68.97 34.38 57.89 0.00 88.46 79.17 8.33 73.68 51.85 78.95 88.89 50.00 58.33 54.55
63.09=91.67 95.45 95.00 62.50 3.85 48.00 88.46 66.67 22.22 87.50 60.53 66.67 67.86 79.17 76.00 61.76 75.76 80.00 28.00 70.00 0.00 78.57 73.08 6.25 61.90 75.00 76.47 87.50 41.18 53.85 75.00
63.12=88.89 100.00 90.48 64.52 7.14 52.17 88.00 78.26 13.64 66.67 63.41 68.57 64.71 87.50 68.75 74.07 85.19 70.97 34.78 52.00 0.00 79.31 79.17 0.00 73.68 71.43 70.59 78.95 44.44 53.85 85.71
61.66=87.50 100.00 95.00 64.52 4.00 49.02 80.77 66.67 19.23 68.42 60.98 66.67 63.64 84.21 76.67 67.86 73.53 74.07 34.48 65.00 0.00 80.00 75.00 6.67 68.42 88.24 75.00 72.22 38.10 55.56 50.00
64.41=85.19 100.00 90.00 60.61 4.17 53.19 95.83 75.00 16.67 75.00 62.50 72.73 70.59 73.08 68.75 75.00 73.53 82.14 31.82 70.00 0.00 88.00 83.33 14.29 60.87 80.95 88.24 85.00 38.89 54.55 66.67
84.12=66.67 100.00 100.00 100.00 100.00 61.54 90.91 57.14 83.33 83.33 87.50 100.00 88.89 83.33 100.00 100.00 87.50 100.00 100.00 100.00 0.00 100.00 100.00 66.67 83.33 100.00 100.00 100.00 25.00 62.50 80.00
82.39=66.67 100.00 100.00 100.00 75.00 70.00 90.91 100.00 83.33 83.33 77.78 100.00 100.00 100.00 87.50 100.00 87.50 100.00 100.00 100.00 0.00 75.00 100.00 37.50 87.50 75.00 85.71 100.00 25.00 71.43 75.00
85.84=87.50 100.00 100.00 100.00 100.00 53.85 100.00 100.00 83.33 100.00 87.50 70.00 100.00 100.00 71.43 100.00 88.89 100.00 100.00 100.00 0.00 71.43 83.33 75.00 100.00 75.00 100.00 88.89 50.00 75.00 100.00
83.29=70.00 100.00 100.00 100.00 100.00 61.54 100.00 66.67 100.00 83.33 87.50 100.00 100.00 57.14 85.71 100.00 80.00 100.00 100.00 100.00 0.00 80.00 100.00 66.67 85.71 75.00 100.00 80.00 42.86 80.00 80.00
81.01=87.50 100.00 83.33 75.00 100.00 53.85 100.00 75.00 66.67 100.00 87.50 100.00 100.00 100.00 75.00 87.50 72.73 100.00 71.43 80.00 0.00 83.33 100.00 50.00 77.78 60.00 100.00 88.89 50.00 85.71 100.00
83.00=70.00 83.33 100.00 50.00 100.00 57.14 100.00 57.14 83.33 100.00 77.78 100.00 100.00 100.00 75.00 75.00 100.00 100.00 100.00 87.50 0.00 100.00 100.00 80.00 80.00 50.00 100.00 80.00 66.67 100.00 100.00
84.45=77.78 100.00 100.00 60.00 100.00 61.54 90.91 44.44 100.00 83.33 87.50 77.78 100.00 100.00 71.43 85.71 88.89 100.00 100.00 100.00 0.00 100.00 100.00 66.67 81.82 60.00 100.00 100.00 80.00 100.00 100.00
81.68=87.50 83.33 100.00 75.00 100.00 53.33 90.91 57.14 66.67 71.43 87.50 100.00 87.50 100.00 60.00 77.78 100.00 87.50 100.00 87.50 0.00 80.00 83.33 80.00 100.00 66.67 100.00 88.89 60.00 100.00 100.00
79.59=85.71 100.00 100.00 75.00 100.00 61.54 90.00 44.44 83.33 100.00 85.71 100.00 88.89 100.00 57.14 70.00 88.89 87.50 100.00 80.00 0.00 100.00 100.00 80.00 85.71 33.33 80.00 85.71 44.44 100.00 60.00
81.36=70.00 100.00 100.00 75.00 100.00 61.54 100.00 36.36 71.43 83.33 100.00 87.50 100.00 100.00 85.71 71.43 88.89 100.00 100.00 77.78 0.00 100.00 100.00 66.67 66.67 20.00 100.00 100.00 60.00 100.00 100.00
66.34=88.46 95.45 94.74 74.07 6.06 42.31 83.33 72.00 7.69 75.00 57.89 62.16 51.35 60.00 64.86 85.71 74.19 85.71 47.83 93.33 0.00 92.31 78.57 50.00 68.42 65.00 63.64 76.00 57.14 83.33 100.00
68.02=92.31 100.00 94.44 79.17 8.33 46.00 80.77 64.29 8.33 73.68 63.64 64.52 47.83 66.67 66.67 88.89 79.31 85.71 47.83 80.95 0.00 80.65 84.62 31.25 68.18 72.22 88.89 95.00 58.33 100.00 90.00
65.51=80.00 95.65 88.24 68.97 11.11 47.92 79.17 80.00 7.69 93.33 62.50 67.65 55.00 65.52 72.73 75.86 77.42 89.29 52.00 72.73 0.00 78.12 71.43 40.00 66.67 54.55 66.67 86.36 52.94 71.43 100.00
68.66=92.00 95.24 85.71 74.07 13.16 48.00 84.00 77.27 20.00 83.33 55.26 76.67 48.78 62.96 75.76 75.76 73.33 80.00 50.00 80.00 0.00 88.89 78.57 50.00 68.75 76.47 100.00 90.91 52.00 71.43 100.00
67.79=82.76 95.45 89.47 80.00 11.76 48.00 86.96 64.29 5.56 76.47 64.71 70.97 58.97 67.86 65.62 75.76 85.19 82.76 50.00 87.50 0.00 92.31 80.00 43.75 62.50 68.42 60.00 90.91 53.57 100.00 100.00
65.71=82.76 95.45 100.00 76.00 4.35 45.28 88.00 65.52 27.78 69.57 71.43 67.74 61.29 86.96 75.86 61.11 78.79 77.78 31.03 90.48 0.00 92.00 81.48 15.38 66.67 68.42 63.16 65.38 45.45 81.82 100.00
68.22=85.71 95.24 100.00 84.00 21.05 47.92 80.77 73.08 35.71 77.27 74.29 76.00 62.50 82.14 72.73 67.65 89.29 84.62 37.50 91.30 0.00 77.42 82.76 12.50 59.09 65.00 61.11 72.00 54.55 100.00 91.67
68.04=92.00 95.45 100.00 77.78 26.32 48.00 78.57 74.07 35.00 80.95 72.22 78.57 80.00 79.17 70.59 64.86 81.25 84.62 36.36 95.00 0.00 83.33 85.71 7.69 63.16 75.00 62.50 75.00 50.00 72.73 83.33
67.67=88.89 100.00 94.44 83.33 20.00 48.00 82.14 82.61 35.71 75.00 68.42 77.78 68.97 84.00 75.00 66.67 82.76 88.00 32.26 74.07 0.00 89.29 88.89 13.33 66.67 65.00 56.25 75.00 38.46 76.92 100.00
66.69=91.67 95.65 100.00 77.78 18.18 46.81 88.46 67.86 25.00 77.27 68.42 78.57 64.29 82.14 70.97 63.89 76.47 88.00 37.14 89.47 0.00 88.89 85.71 18.18 65.22 60.00 52.94 73.08 38.46 76.92 100.00
67.56=92.00 100.00 81.82 75.00 15.15 42.59 83.33 76.00 20.00 86.67 59.46 63.16 62.86 68.97 70.97 75.00 72.41 85.19 48.15 71.43 0.00 82.76 75.00 50.00 70.59 72.22 77.78 89.47 52.00 83.33 90.91
65.96=88.46 100.00 94.44 73.08 6.45 48.00 82.61 55.88 5.26 77.78 64.71 74.19 53.85 66.67 72.73 75.00 78.57 82.14 44.00 82.35 0.00 85.71 75.86 35.29 66.67 70.00 50.00 90.91 54.17 100.00 90.00
67.27=85.19 95.65 95.00 71.43 6.45 48.00 86.96 76.19 6.67 85.71 63.89 69.70 51.22 54.84 82.76 74.19 82.76 77.42 44.00 73.68 0.00 88.46 79.31 50.00 72.22 70.59 66.67 86.36 55.56 100.00 84.62
66.95=96.00 100.00 94.74 82.61 11.76 51.06 84.00 82.61 5.26 81.25 61.11 64.71 55.26 60.61 75.76 75.00 82.14 85.71 47.62 63.64 0.00 89.29 75.86 46.15 50.00 72.22 50.00 85.71 54.55 100.00 90.91
64.74=82.76 95.24 100.00 70.37 10.53 45.10 82.61 66.67 7.14 93.33 65.71 58.82 58.97 66.67 80.65 78.12 88.46 88.89 45.45 60.00 0.00 82.14 76.67 40.00 63.16 52.17 63.64 77.27 55.00 66.67 84.62
76.90=54.55 100.00 100.00 100.00 100.00 58.33 100.00 80.00 50.00 83.33 77.78 77.78 100.00 80.00 85.71 87.50 72.73 100.00 63.64 77.78 0.00 100.00 71.43 50.00 66.67 60.00 83.33 70.00 50.00 83.33 100.00
78.77=70.00 100.00 100.00 100.00 100.00 66.67 100.00 60.00 83.33 100.00 77.78 100.00 87.50 66.67 80.00 88.89 80.00 100.00 87.50 88.89 0.00 71.43 83.33 33.33 71.43 60.00 100.00 87.50 37.50 80.00 80.00
82.08=70.00 100.00 100.00 75.00 100.00 66.67 100.00 80.00 83.33 100.00 77.78 87.50 100.00 83.33 85.71 72.73 100.00 77.78 85.71 100.00 0.00 83.33 100.00 50.00 85.71 75.00 100.00 80.00 50.00 75.00 100.00
83.74=77.78 100.00 100.00 100.00 100.00 66.67 90.91 100.00 83.33 100.00 87.50 100.00 87.50 100.00 70.00 100.00 88.89 100.00 100.00 87.50 0.00 66.67 100.00 50.00 87.50 60.00 85.71 72.73 50.00 100.00 83.33
84.17=77.78 100.00 100.00 100.00 100.00 70.00 90.91 80.00 80.00 100.00 87.50 87.50 100.00 80.00 85.71 100.00 88.89 87.50 87.50 100.00 0.00 80.00 100.00 60.00 100.00 75.00 100.00 66.67 44.44 80.00 100.00
79.52=87.50 100.00 100.00 60.00 66.67 61.54 76.92 66.67 66.67 100.00 63.64 87.50 66.67 100.00 87.50 88.89 100.00 87.50 83.33 88.89 0.00 80.00 100.00 66.67 100.00 66.67 83.33 100.00 71.43 100.00 57.14
77.92=100.00 83.33 87.50 75.00 80.00 58.33 90.00 50.00 80.00 100.00 77.78 87.50 66.67 50.00 77.78 100.00 100.00 85.71 100.00 100.00 0.00 62.50 60.00 60.00 100.00 50.00 100.00 100.00 66.67 100.00 66.67
81.02=87.50 100.00 87.50 100.00 66.67 72.73 90.00 50.00 50.00 100.00 87.50 87.50 75.00 80.00 100.00 100.00 100.00 85.71 100.00 87.50 0.00 83.33 66.67 83.33 100.00 50.00 100.00 87.50 83.33 100.00 50.00
82.72=100.00 83.33 77.78 100.00 100.00 61.54 90.00 66.67 71.43 83.33 87.50 87.50 80.00 83.33 100.00 100.00 100.00 85.71 85.71 88.89 0.00 100.00 66.67 75.00 87.50 75.00 100.00 100.00 75.00 85.71 66.67
78.36=87.50 100.00 85.71 75.00 80.00 70.00 100.00 80.00 80.00 66.67 77.78 71.43 66.67 80.00 80.00 87.50 80.00 100.00 85.71 88.89 0.00 57.14 75.00 50.00 87.50 66.67 100.00 100.00 75.00 75.00 100.00
