60.70170819678905
52.291081332428384
54.27386848563441
56.008729243970585
56.969104316237136
59.768322680510714
56.95093008106054
56.603941760108604
55.97491753334381
56.230283097414194
94.96927803379415
96.15207373271889
97.70609318996415
94.48540706605222
98.65591397849462
86.92780337941628
91.74347158218126
95.59139784946235
92.17357910906296
96.93548387096774
86.82795698924731
88.58422939068099
89.0015360983103
87.36559139784946
94.62365591397848
59.95428815519197
56.85381691757626
55.751612978313105
55.80962041891095
57.88116103436635
54.12340905260418
57.73778021272636
56.00360619465355
54.88464505035917
56.744043664460705
90.57347670250894
87.02508960573475
87.49615975422427
89.08602150537634
85.6899641577061
84.73118279569891
91.4336917562724
89.55453149001536
91.64874551971326
91.91756272401433
55.771496559059024
59.359156958996984
55.809255412638194
57.61887609713679
57.70924932423339
87.36559139784946
84.24731182795698
87.1326164874552
83.17716333845365
82.93010752688171
89.53917050691244
86.82027649769586
88.47926267281107
89.36251920122886
89.68556533072662
56.231815174703875
54.769272521903105
