93.37=77.78 100.00 100.00 100.00 100.00 100.00 100.00 80.00 83.33 100.00 100.00 100.00 80.00 100.00 77.78 100.00 88.89 87.50 100.00 88.89 100.00 100.00 77.78 66.67 100.00 100.00 100.00 100.00 85.71 100.00 100.00
93.37=77.78 100.00 100.00 100.00 100.00 100.00 100.00 80.00 83.33 100.00 100.00 100.00 80.00 100.00 77.78 100.00 88.89 87.50 100.00 88.89 100.00 100.00 77.78 66.67 100.00 100.00 100.00 100.00 85.71 100.00 100.00
95.43=87.50 100.00 100.00 100.00 100.00 100.00 100.00 80.00 100.00 100.00 100.00 100.00 88.89 100.00 100.00 100.00 100.00 100.00 100.00 88.89 100.00 100.00 100.00 85.71 100.00 75.00 100.00 66.67 85.71 100.00 100.00
93.49=87.50 83.33 100.00 100.00 100.00 100.00 100.00 80.00 80.00 100.00 87.50 100.00 100.00 100.00 100.00 100.00 100.00 100.00 100.00 100.00 100.00 100.00 85.71 85.71 100.00 75.00 100.00 58.33 75.00 100.00 100.00
95.79=100.00 100.00 100.00 100.00 100.00 100.00 100.00 80.00 80.00 100.00 87.50 100.00 100.00 100.00 88.89 100.00 100.00 100.00 100.00 88.89 100.00 100.00 100.00 85.71 100.00 100.00 100.00 72.73 85.71 100.00 100.00
95.80=100.00 100.00 100.00 100.00 100.00 100.00 100.00 80.00 100.00 100.00 100.00 100.00 100.00 100.00 100.00 90.91 100.00 87.50 100.00 100.00 100.00 100.00 88.89 85.71 100.00 100.00 100.00 70.00 83.33 100.00 83.33
91.34=87.50 100.00 100.00 100.00 100.00 100.00 100.00 57.14 83.33 100.00 100.00 100.00 85.71 100.00 80.00 87.50 100.00 100.00 85.71 100.00 100.00 100.00 87.50 83.33 88.89 50.00 100.00 100.00 71.43 100.00 83.33
91.32=100.00 100.00 100.00 75.00 100.00 100.00 100.00 60.00 100.00 100.00 100.00 100.00 87.50 83.33 87.50 100.00 100.00 87.50 100.00 88.89 75.00 100.00 100.00 57.14 88.89 100.00 100.00 88.89 71.43 100.00 80.00
93.15=87.50 100.00 100.00 75.00 100.00 100.00 100.00 66.67 100.00 100.00 100.00 100.00 87.50 100.00 100.00 87.50 100.00 70.00 100.00 100.00 100.00 80.00 100.00 83.33 100.00 100.00 100.00 100.00 75.00 100.00 75.00
94.21=100.00 100.00 100.00 100.00 100.00 100.00 100.00 66.67 83.33 100.00 100.00 100.00 87.50 100.00 100.00 87.50 88.89 87.50 100.00 88.89 100.00 100.00 100.00 100.00 100.00 100.00 85.71 77.78 66.67 100.00 100.00
94.95=100.00 100.00 100.00 100.00 100.00 100.00 100.00 66.67 100.00 100.00 85.71 100.00 100.00 83.33 100.00 100.00 88.89 100.00 100.00 80.00 100.00 100.00 100.00 100.00 83.33 100.00 100.00 88.89 66.67 100.00 100.00
72.28=100.00 95.65 100.00 80.95 16.67 95.65 100.00 87.50 63.64 70.59 89.66 95.45 52.50 58.06 70.27 87.50 83.33 95.83 28.95 44.44 100.00 100.00 64.52 20.83 43.33 50.00 60.00 76.00 82.35 57.14 70.00
75.29=100.00 100.00 90.48 75.00 24.00 95.83 100.00 72.22 53.85 93.33 86.67 91.30 62.86 70.37 77.42 76.67 92.86 100.00 21.95 50.00 100.00 96.15 84.00 45.00 42.50 80.00 81.82 76.00 51.61 63.64 78.57
78.24=96.00 100.00 100.00 91.30 23.81 88.46 100.00 90.48 83.33 92.86 96.00 95.24 65.71 73.08 83.33 82.14 89.66 95.83 20.00 48.28 100.00 100.00 83.33 33.33 47.62 70.59 93.75 81.82 55.88 52.63 90.91
75.82=95.83 100.00 100.00 80.77 22.73 88.46 95.65 80.95 64.71 100.00 96.15 86.96 73.33 69.23 83.87 77.78 82.14 100.00 17.07 48.00 100.00 96.00 91.30 31.82 40.48 66.67 84.21 77.78 62.96 50.00 85.71
77.31=100.00 100.00 95.00 95.45 25.00 92.31 91.30 80.00 50.00 86.67 92.31 90.91 62.86 66.67 92.86 85.19 92.59 100.00 15.22 52.17 100.00 100.00 85.71 29.41 44.19 72.22 89.47 84.00 80.00 54.17 90.91
77.78=92.00 95.65 100.00 86.36 25.00 85.71 100.00 80.77 66.67 100.00 88.89 95.24 69.70 82.61 80.65 79.31 83.33 85.19 19.44 60.87 100.00 96.15 88.89 27.27 57.14 69.57 83.33 77.27 100.00 72.73 61.54
77.64=92.31 95.65 100.00 90.48 23.81 88.46 100.00 90.48 84.62 100.00 92.31 95.65 65.71 71.43 83.87 75.86 75.76 91.67 11.11 74.07 95.24 92.59 95.83 22.22 50.00 78.95 85.71 78.26 72.41 68.75 63.64
76.24=85.71 95.24 95.00 90.48 33.33 95.83 100.00 80.77 78.57 100.00 96.15 88.46 69.70 71.43 92.86 70.37 80.65 92.00 9.09 75.00 100.00 86.21 92.00 21.43 45.95 61.54 62.50 70.83 82.14 73.68 66.67
77.67=88.89 95.45 95.00 81.82 31.25 92.59 100.00 77.78 78.57 100.00 100.00 100.00 72.73 74.07 83.33 74.07 86.67 91.67 8.57 68.00 100.00 92.86 100.00 17.65 46.15 72.73 75.00 73.91 80.77 60.87 87.50
80.22=82.76 100.00 100.00 90.48 28.57 92.31 100.00 87.50 83.33 100.00 95.83 95.83 73.53 77.78 86.21 79.31 89.66 91.67 11.11 66.67 95.24 96.30 100.00 38.10 48.78 76.19 60.00 76.92 100.00 85.00 77.78
77.02=100.00 100.00 90.48 95.00 33.33 92.31 95.24 85.00 72.73 100.00 77.42 92.86 63.64 64.29 77.42 71.88 88.46 100.00 29.27 41.94 100.00 100.00 84.62 33.33 57.14 88.24 70.00 90.91 71.43 50.00 70.59
78.13=100.00 100.00 90.00 90.48 38.89 95.83 91.30 86.96 100.00 93.33 82.14 88.46 65.71 76.00 82.76 75.76 85.71 100.00 18.42 50.00 94.74 96.00 82.14 33.33 48.78 88.89 75.00 83.33 68.00 65.00 75.00
79.32=100.00 100.00 90.48 91.30 58.33 92.31 95.65 80.77 100.00 100.00 88.46 96.30 65.62 78.26 89.29 69.70 96.15 100.00 20.59 48.15 100.00 95.83 88.89 15.38 45.45 88.24 73.91 90.48 65.38 59.09 75.00
79.73=100.00 100.00 94.44 90.91 41.18 92.31 86.96 82.61 100.00 100.00 92.59 96.30 71.43 73.08 80.65 80.00 92.31 100.00 20.00 43.33 100.00 100.00 88.89 35.29 50.00 100.00 65.22 100.00 62.96 50.00 81.25
78.76=96.00 100.00 95.00 90.91 35.29 92.31 100.00 85.00 90.91 100.00 88.46 92.59 65.62 78.26 78.12 71.88 89.66 95.00 22.50 48.39 100.00 100.00 92.31 33.33 48.78 83.33 72.73 100.00 67.86 56.00 71.43
93.10=85.71 100.00 100.00 75.00 100.00 100.00 90.91 75.00 83.33 100.00 100.00 100.00 100.00 100.00 100.00 100.00 100.00 100.00 100.00 80.00 100.00 100.00 100.00 100.00 66.67 100.00 100.00 54.55 75.00 100.00 100.00
88.66=77.78 100.00 85.71 100.00 100.00 100.00 100.00 60.00 100.00 100.00 100.00 87.50 100.00 100.00 100.00 88.89 100.00 87.50 0.00 100.00 100.00 83.33 100.00 75.00 53.85 100.00 100.00 80.00 85.71 100.00 83.33
92.83=87.50 100.00 100.00 100.00 80.00 100.00 100.00 66.67 100.00 100.00 100.00 100.00 100.00 71.43 100.00 100.00 100.00 100.00 100.00 80.00 100.00 83.33 88.89 83.33 87.50 100.00 100.00 77.78 71.43 100.00 100.00
95.84=77.78 100.00 100.00 100.00 100.00 100.00 90.91 80.00 100.00 100.00 100.00 100.00 100.00 100.00 87.50 100.00 100.00 87.50 100.00 88.89 100.00 100.00 100.00 100.00 100.00 100.00 100.00 72.73 85.71 100.00 100.00
95.29=87.50 100.00 100.00 100.00 100.00 100.00 100.00 50.00 80.00 100.00 100.00 100.00 100.00 100.00 100.00 100.00 87.50 100.00 100.00 88.89 100.00 100.00 100.00 87.50 100.00 100.00 100.00 72.73 100.00 100.00 100.00
92.45=63.64 100.00 100.00 75.00 100.00 100.00 100.00 80.00 100.00 100.00 100.00 100.00 100.00 100.00 100.00 100.00 100.00 100.00 66.67 88.89 100.00 100.00 100.00 85.71 54.55 100.00 100.00 100.00 71.43 100.00 80.00
90.52=58.33 100.00 100.00 100.00 100.00 100.00 100.00 80.00 100.00 100.00 87.50 100.00 100.00 100.00 100.00 100.00 100.00 100.00 0.00 88.89 100.00 100.00 100.00 85.71 40.00 100.00 100.00 80.00 85.71 100.00 100.00
92.79=63.64 100.00 100.00 100.00 100.00 100.00 100.00 100.00 100.00 100.00 100.00 100.00 100.00 100.00 100.00 100.00 100.00 100.00 100.00 80.00 100.00 100.00 100.00 75.00 44.44 100.00 100.00 100.00 80.00 66.67 66.67
90.36=63.64 100.00 100.00 100.00 100.00 88.89 100.00 80.00 100.00 100.00 100.00 100.00 88.89 100.00 100.00 100.00 100.00 100.00 0.00 88.89 100.00 100.00 100.00 100.00 38.46 100.00 100.00 100.00 83.33 85.71 83.33
92.68=63.64 100.00 100.00 100.00 100.00 100.00 100.00 80.00 100.00 100.00 87.50 100.00 87.50 100.00 100.00 100.00 100.00 100.00 100.00 100.00 100.00 100.00 100.00 100.00 33.33 100.00 100.00 88.89 75.00 85.71 71.43
80.38=96.00 100.00 90.48 86.96 50.00 92.00 95.65 90.00 100.00 100.00 96.15 96.30 70.59 70.37 80.00 78.12 89.29 100.00 20.51 50.00 95.00 100.00 88.00 36.84 51.28 94.12 68.18 86.96 75.00 64.00 80.00
79.60=100.00 100.00 95.00 80.00 50.00 92.31 95.65 94.44 100.00 91.67 88.89 96.30 68.57 67.74 92.59 82.14 86.21 100.00 16.22 40.62 100.00 100.00 92.31 35.29 55.26 87.50 75.00 95.45 64.29 52.00 72.22
79.31=96.00 100.00 95.00 83.33 38.46 92.59 100.00 88.89 100.00 92.86 88.00 95.83 80.00 74.07 86.21 75.76 83.33 100.00 21.05 45.16 100.00 100.00 88.00 23.53 52.78 88.89 82.35 86.96 66.67 51.72 81.25
80.66=95.83 100.00 90.48 87.50 43.75 89.29 100.00 90.48 100.00 100.00 100.00 92.59 75.00 78.57 92.31 77.42 89.29 95.45 20.00 54.17 100.00 100.00 85.71 42.11 51.22 84.21 76.19 90.91 65.52 50.00 82.35
80.33=92.31 100.00 94.74 86.96 41.18 88.89 88.00 90.48 92.31 100.00 96.15 96.30 75.00 77.78 92.59 80.65 89.66 100.00 21.62 55.00 100.00 92.31 88.46 33.33 47.62 82.35 73.91 100.00 67.86 68.18 76.47
77.15=81.48 95.24 100.00 90.91 25.00 92.00 100.00 78.26 75.00 100.00 100.00 91.67 71.88 90.48 89.66 65.52 83.87 88.46 6.98 59.26 95.45 83.33 100.00 18.18 51.28 66.67 75.00 75.00 95.24 58.33 87.50
77.39=88.89 95.45 100.00 81.82 41.67 85.71 100.00 90.00 86.67 95.24 100.00 91.67 72.41 77.78 80.00 65.62 78.12 92.00 10.00 62.07 100.00 92.59 100.00 28.57 45.95 66.67 73.33 77.27 91.67 50.00 77.78
78.05=85.19 95.45 100.00 90.91 37.50 89.29 100.00 86.36 84.62 100.00 95.45 95.65 69.70 70.00 89.29 78.57 86.21 91.67 10.81 64.52 100.00 96.30 92.00 17.65 47.50 77.78 65.00 77.27 72.41 66.67 85.71
77.66=85.71 95.45 100.00 90.48 30.77 92.31 100.00 90.00 75.00 94.74 96.15 95.00 71.88 80.77 88.89 73.33 78.79 92.00 7.32 72.00 100.00 86.21 100.00 23.53 46.15 69.57 68.75 80.95 85.71 77.78 58.33
78.64=85.71 95.45 100.00 86.36 31.25 85.71 100.00 95.24 83.33 100.00 100.00 95.65 77.42 70.97 92.59 71.43 80.65 91.67 17.50 77.27 95.00 82.76 95.83 23.81 44.74 73.91 48.00 84.00 95.24 81.25 75.00
94.43=63.64 100.00 100.00 100.00 100.00 100.00 100.00 80.00 100.00 100.00 100.00 100.00 100.00 83.33 100.00 100.00 100.00 100.00 100.00 100.00 100.00 100.00 87.50 75.00 54.55 100.00 100.00 100.00 83.33 100.00 100.00
90.33=63.64 100.00 100.00 100.00 100.00 100.00 90.91 75.00 100.00 100.00 100.00 87.50 87.50 100.00 100.00 100.00 100.00 100.00 66.67 100.00 100.00 100.00 100.00 66.67 44.44 75.00 100.00 100.00 71.43 100.00 71.43
88.25=63.64 100.00 100.00 100.00 100.00 100.00 100.00 66.67 100.00 100.00 100.00 87.50 100.00 100.00 88.89 100.00 100.00 100.00 0.00 88.89 100.00 100.00 100.00 85.71 36.36 66.67 100.00 80.00 85.71 85.71 100.00
88.83=63.64 100.00 100.00 100.00 100.00 100.00 100.00 80.00 100.00 100.00 100.00 100.00 100.00 100.00 100.00 100.00 100.00 100.00 0.00 88.89 100.00 71.43 100.00 85.71 30.00 100.00 85.71 100.00 85.71 100.00 62.50
90.10=63.64 100.00 100.00 100.00 80.00 100.00 100.00 100.00 100.00 83.33 100.00 100.00 88.89 100.00 100.00 100.00 100.00 100.00 0.00 88.89 100.00 100.00 100.00 85.71 46.15 100.00 100.00 87.50 85.71 100.00 83.33
79.95=92.31 100.00 94.74 86.96 43.75 92.00 91.30 77.78 100.00 100.00 96.15 92.59 71.43 73.33 86.21 79.31 92.86 100.00 27.03 53.85 95.00 92.86 92.00 33.33 47.50 88.24 68.42 95.45 67.86 54.55 91.67
80.45=100.00 100.00 90.00 86.96 50.00 92.31 95.65 83.33 100.00 87.50 95.83 89.66 78.12 76.92 86.21 73.53 88.89 95.65 27.50 50.00 100.00 100.00 92.31 31.25 52.63 100.00 72.73 95.24 67.86 65.00 68.75
80.61=96.00 95.45 100.00 82.61 38.10 92.00 91.30 90.48 91.67 100.00 92.31 100.00 60.00 80.77 86.21 81.48 89.66 100.00 26.32 57.69 100.00 88.89 88.46 46.15 51.35 88.89 76.19 100.00 68.97 71.43 66.67
79.56=88.89 100.00 94.74 86.36 50.00 92.59 87.50 86.36 90.91 100.00 95.83 89.66 67.65 80.00 85.71 79.31 89.66 100.00 19.05 54.17 100.00 96.00 96.00 29.41 50.00 88.89 69.57 100.00 69.23 52.38 76.47
80.58=96.00 100.00 100.00 86.96 43.75 89.29 95.65 90.91 100.00 100.00 96.15 96.00 68.42 74.07 86.21 79.31 92.59 100.00 20.59 46.67 100.00 96.00 88.46 38.10 52.78 88.24 72.73 100.00 70.37 56.52 72.22
76.47=85.71 95.45 95.00 86.96 33.33 89.29 100.00 86.36 83.33 100.00 100.00 95.65 65.52 76.67 92.59 68.97 83.33 92.00 12.82 56.25 100.00 81.25 88.46 13.33 43.24 71.43 75.00 94.44 84.00 61.90 58.33
79.55=85.71 95.65 100.00 86.36 31.25 86.21 95.83 91.30 66.67 100.00 100.00 91.30 75.86 80.00 85.19 71.88 81.25 91.67 11.90 72.00 100.00 92.86 92.31 33.33 48.72 84.21 70.59 94.74 91.67 87.50 70.00
78.45=88.46 95.45 90.00 86.96 37.50 85.71 95.45 78.26 80.00 100.00 95.83 91.30 85.19 82.14 85.71 73.33 92.59 91.30 10.26 66.67 100.00 96.15 96.00 15.79 50.00 78.95 61.90 85.71 78.57 78.95 77.78
77.70=85.19 95.65 95.00 86.36 31.25 96.15 100.00 80.00 83.33 100.00 100.00 95.65 68.97 73.08 89.29 61.76 89.29 91.30 5.88 63.33 100.00 92.86 92.00 29.41 51.28 62.50 75.00 94.12 79.31 70.83 70.00
77.47=85.19 95.65 94.74 90.48 40.00 92.59 100.00 94.74 84.62 100.00 96.00 87.50 84.62 68.97 92.31 64.71 78.79 91.67 7.14 66.67 100.00 88.89 92.00 14.29 44.44 73.91 55.56 81.82 85.19 76.47 72.73
88.09=58.33 100.00 100.00 100.00 100.00 100.00 100.00 66.67 100.00 100.00 100.00 100.00 100.00 83.33 100.00 90.00 100.00 100.00 0.00 88.89 100.00 100.00 100.00 75.00 36.36 100.00 100.00 100.00 75.00 100.00 57.14
88.38=63.64 100.00 100.00 100.00 100.00 100.00 100.00 80.00 100.00 100.00 100.00 100.00 100.00 100.00 100.00 100.00 88.89 100.00 0.00 80.00 100.00 100.00 87.50 75.00 33.33 100.00 100.00 62.50 85.71 100.00 83.33
88.67=63.64 100.00 100.00 100.00 100.00 100.00 100.00 80.00 100.00 100.00 100.00 100.00 100.00 83.33 100.00 100.00 100.00 100.00 0.00 88.89 100.00 100.00 100.00 66.67 36.36 66.67 100.00 80.00 83.33 100.00 100.00
90.33=63.64 100.00 100.00 100.00 100.00 100.00 100.00 66.67 100.00 100.00 100.00 100.00 80.00 100.00 100.00 100.00 100.00 100.00 0.00 88.89 100.00 100.00 100.00 100.00 45.45 100.00 100.00 88.89 66.67 100.00 100.00
90.56=70.00 100.00 100.00 100.00 100.00 100.00 100.00 66.67 100.00 83.33 100.00 100.00 100.00 100.00 100.00 100.00 100.00 100.00 0.00 88.89 100.00 100.00 100.00 100.00 40.00 100.00 100.00 100.00 75.00 100.00 83.33
78.55=100.00 100.00 90.00 95.65 29.41 91.67 91.30 82.61 76.47 92.86 95.65 100.00 69.44 70.97 89.66 92.00 92.59 100.00 12.00 63.16 93.33 89.66 82.61 50.00 42.86 78.57 69.23 80.00 66.67 66.67 80.00
78.42=95.83 100.00 95.00 91.67 27.27 95.83 95.65 69.23 92.86 86.67 89.29 95.00 72.73 75.86 88.89 76.67 85.71 100.00 11.36 52.38 93.33 96.30 80.77 45.00 43.18 73.33 84.21 85.71 68.97 77.78 84.62
77.92=100.00 100.00 100.00 91.67 29.41 88.46 91.67 83.33 71.43 92.86 96.30 87.50 71.43 67.86 89.29 65.62 96.00 100.00 12.77 52.17 100.00 96.30 87.50 30.43 44.44 68.75 76.19 76.00 86.36 70.00 91.67
79.02=92.00 100.00 100.00 88.00 27.78 92.00 95.65 86.96 81.82 100.00 96.30 83.33 68.57 75.00 89.66 88.00 83.87 100.00 12.73 52.17 100.00 96.00 86.36 30.43 42.22 78.57 78.95 95.00 74.07 63.16 90.91
77.58=100.00 100.00 90.48 88.00 31.25 88.89 95.65 76.92 60.00 92.86 92.86 83.33 64.71 71.43 92.86 78.57 96.15 100.00 12.77 52.38 100.00 96.30 87.50 28.00 43.59 73.33 86.36 82.61 83.33 77.78 76.92
88.61=87.50 100.00 100.00 75.00 100.00 100.00 100.00 66.67 71.43 100.00 100.00 100.00 87.50 100.00 100.00 100.00 77.78 87.50 0.00 80.00 100.00 100.00 100.00 100.00 56.25 100.00 100.00 100.00 85.71 100.00 71.43
90.49=87.50 100.00 100.00 75.00 100.00 100.00 90.91 60.00 100.00 100.00 87.50 100.00 100.00 100.00 100.00 100.00 100.00 100.00 0.00 100.00 100.00 100.00 100.00 85.71 52.94 100.00 100.00 80.00 85.71 100.00 100.00
89.53=77.78 100.00 100.00 100.00 100.00 100.00 100.00 60.00 83.33 100.00 87.50 100.00 100.00 100.00 87.50 100.00 88.89 100.00 0.00 100.00 100.00 100.00 100.00 66.67 52.94 100.00 100.00 87.50 83.33 100.00 100.00
89.02=87.50 100.00 100.00 100.00 100.00 100.00 100.00 75.00 83.33 100.00 87.50 100.00 100.00 100.00 100.00 100.00 88.89 100.00 0.00 88.89 100.00 83.33 100.00 62.50 50.00 100.00 100.00 72.73 80.00 100.00 100.00
89.20=87.50 100.00 100.00 100.00 100.00 100.00 100.00 80.00 100.00 100.00 87.50 100.00 100.00 100.00 100.00 100.00 88.89 100.00 0.00 88.89 100.00 80.00 100.00 71.43 56.25 100.00 100.00 70.00 85.71 85.71 83.33
79.18=100.00 100.00 95.00 91.67 31.25 92.31 91.67 83.33 84.62 100.00 96.00 90.91 70.27 76.00 92.86 81.48 92.59 100.00 9.09 60.00 100.00 89.29 87.50 34.78 45.45 68.75 81.82 83.33 70.37 69.57 84.62
78.62=100.00 100.00 95.00 91.67 31.25 96.00 92.00 87.50 81.25 100.00 92.59 90.48 66.67 74.19 89.29 88.00 89.29 100.00 10.00 60.00 100.00 86.21 83.33 46.67 37.78 80.00 85.00 73.91 65.38 59.09 84.62
78.37=95.83 100.00 100.00 88.00 35.29 96.00 95.65 83.33 71.43 92.86 92.86 87.50 62.16 70.00 100.00 85.19 92.86 100.00 10.42 52.17 100.00 100.00 82.61 41.18 40.54 68.75 85.71 80.77 66.67 70.59 81.25
78.65=96.00 100.00 86.36 84.00 31.58 92.31 91.30 81.82 76.92 100.00 100.00 86.96 64.86 65.62 92.86 87.50 92.00 100.00 12.50 72.22 100.00 96.30 87.50 50.00 42.22 72.22 87.50 80.77 60.00 61.11 85.71
77.52=100.00 100.00 95.00 88.00 25.00 92.00 91.67 80.00 78.57 100.00 92.59 84.00 74.29 71.43 86.67 91.67 89.29 100.00 10.20 54.55 100.00 96.15 81.48 40.00 45.00 68.75 80.95 82.61 61.29 65.00 76.92
80.33=96.00 100.00 94.74 87.50 44.44 89.29 100.00 82.61 100.00 100.00 91.30 96.30 66.67 75.00 89.29 75.00 96.15 100.00 25.81 45.16 100.00 96.00 92.00 50.00 52.63 83.33 59.26 100.00 79.17 52.00 70.59
79.05=96.00 100.00 90.48 87.50 50.00 92.59 95.65 86.36 87.50 100.00 96.00 92.86 69.70 76.92 88.89 73.53 85.71 100.00 19.44 48.15 95.00 100.00 87.50 35.29 48.72 88.24 68.00 86.36 73.08 54.55 76.47
80.31=92.31 100.00 94.74 87.50 41.18 89.29 95.65 80.00 100.00 100.00 96.15 96.30 74.19 74.07 86.21 71.88 86.21 100.00 21.21 42.86 100.00 100.00 88.89 43.75 50.00 88.24 73.68 95.65 68.97 58.33 92.31
79.34=100.00 100.00 100.00 95.00 44.44 89.29 91.30 80.00 100.00 100.00 92.59 92.86 69.44 64.52 89.66 75.86 82.76 100.00 20.59 46.43 94.44 100.00 82.14 37.50 48.78 83.33 66.67 94.74 72.73 57.69 86.67
80.07=100.00 100.00 95.00 87.50 50.00 92.31 100.00 85.71 100.00 100.00 92.31 96.15 65.71 73.08 86.21 76.67 92.31 100.00 16.22 56.00 100.00 100.00 96.00 33.33 40.00 83.33 77.27 100.00 60.00 56.52 70.59
89.07=63.64 100.00 100.00 100.00 100.00 100.00 100.00 66.67 100.00 100.00 87.50 100.00 100.00 100.00 100.00 100.00 100.00 100.00 0.00 80.00 100.00 100.00 100.00 70.00 36.36 100.00 100.00 100.00 100.00 85.71 71.43
87.52=63.64 100.00 100.00 100.00 80.00 100.00 90.00 66.67 100.00 100.00 100.00 100.00 100.00 100.00 87.50 100.00 100.00 100.00 0.00 80.00 100.00 100.00 100.00 100.00 36.36 100.00 100.00 100.00 62.50 75.00 71.43
90.90=63.64 100.00 100.00 100.00 75.00 100.00 100.00 66.67 100.00 100.00 100.00 100.00 100.00 100.00 100.00 100.00 100.00 87.50 0.00 100.00 100.00 100.00 100.00 100.00 50.00 100.00 100.00 100.00 75.00 100.00 100.00
92.10=63.64 100.00 100.00 75.00 100.00 100.00 100.00 80.00 100.00 100.00 100.00 100.00 100.00 100.00 100.00 100.00 100.00 87.50 50.00 88.89 100.00 100.00 100.00 100.00 44.44 100.00 100.00 100.00 85.71 100.00 80.00
88.45=63.64 100.00 100.00 100.00 100.00 100.00 100.00 66.67 100.00 100.00 100.00 100.00 100.00 100.00 100.00 100.00 100.00 100.00 0.00 100.00 100.00 100.00 100.00 66.67 30.00 100.00 100.00 88.89 83.33 71.43 71.43
77.10=88.89 100.00 95.00 82.61 30.77 92.31 100.00 86.96 75.00 100.00 96.15 95.83 68.75 75.00 96.00 70.59 78.79 86.36 10.26 76.00 100.00 86.21 88.89 11.76 40.54 69.57 66.67 88.89 88.00 77.78 66.67
78.55=92.00 95.45 95.00 90.00 36.84 89.29 95.83 94.74 83.33 100.00 100.00 100.00 79.31 77.78 92.31 66.67 78.12 90.91 11.76 71.43 100.00 83.87 92.00 22.22 51.22 64.00 52.38 82.61 96.00 83.33 66.67
78.82=85.19 95.65 95.00 86.96 35.71 89.29 100.00 90.48 76.92 95.24 100.00 90.91 79.31 82.61 92.00 76.67 92.86 92.00 5.00 80.00 100.00 89.66 95.65 22.73 45.24 70.83 57.14 85.00 88.89 76.47 70.00
78.35=88.46 95.65 100.00 86.96 28.57 88.89 95.83 95.00 84.62 100.00 100.00 95.83 71.88 75.86 92.59 70.97 81.25 92.31 8.11 72.00 100.00 88.89 92.31 30.77 44.74 62.50 56.52 80.95 92.31 80.00 75.00
80.27=88.89 95.65 100.00 86.36 41.67 88.89 100.00 100.00 81.25 100.00 100.00 92.00 74.19 75.00 92.86 71.88 83.33 91.30 7.69 76.92 100.00 92.86 95.83 30.00 44.74 72.73 65.00 85.71 95.83 85.00 72.73
78.73=95.83 100.00 100.00 95.45 40.00 88.46 91.67 73.91 76.92 92.31 92.86 90.91 64.86 66.67 89.66 84.62 92.59 100.00 12.00 54.55 100.00 96.30 88.00 40.00 43.18 73.33 84.21 79.17 70.37 70.59 92.31
79.14=95.83 100.00 100.00 91.30 30.00 92.31 91.67 79.17 83.33 92.86 88.46 90.91 70.59 76.00 92.86 88.46 92.59 100.00 12.77 44.00 100.00 100.00 86.96 47.37 40.91 78.57 81.82 83.33 71.43 66.67 83.33
78.86=100.00 100.00 90.48 84.62 33.33 92.00 95.65 82.61 86.67 100.00 96.15 90.48 64.10 70.97 92.86 90.91 96.00 100.00 11.90 57.14 100.00 92.86 87.50 35.00 39.13 68.75 83.33 80.77 67.86 73.68 80.00
78.58=92.00 100.00 90.48 95.65 33.33 91.67 95.65 85.71 82.35 93.33 100.00 86.96 74.19 75.00 86.21 75.86 92.59 100.00 11.63 54.55 93.33 96.15 84.62 40.91 40.91 58.82 85.71 79.17 76.92 70.59 91.67
78.89=100.00 100.00 100.00 91.67 31.58 91.67 95.45 80.77 84.21 92.31 89.66 90.91 71.88 66.67 86.67 82.14 96.00 100.00 12.20 52.17 92.86 92.86 87.50 37.50 40.91 68.42 94.44 82.61 82.61 71.43 78.57
90.39=58.33 100.00 100.00 100.00 100.00 100.00 100.00 100.00 100.00 100.00 100.00 100.00 88.89 100.00 100.00 100.00 100.00 100.00 0.00 88.89 100.00 100.00 100.00 85.71 36.36 100.00 100.00 88.89 75.00 100.00 80.00
90.70=63.64 100.00 87.50 100.00 100.00 100.00 100.00 75.00 100.00 100.00 100.00 100.00 100.00 100.00 100.00 90.00 100.00 100.00 0.00 88.89 100.00 100.00 100.00 100.00 42.86 100.00 100.00 88.89 75.00 100.00 100.00
90.68=70.00 100.00 100.00 75.00 100.00 100.00 100.00 80.00 100.00 100.00 100.00 100.00 100.00 100.00 100.00 100.00 100.00 100.00 0.00 88.89 100.00 100.00 100.00 100.00 40.00 100.00 100.00 100.00 85.71 100.00 71.43
90.12=63.64 100.00 100.00 100.00 100.00 100.00 100.00 80.00 100.00 100.00 100.00 100.00 100.00 100.00 100.00 90.91 100.00 100.00 0.00 88.89 100.00 83.33 100.00 85.71 42.86 100.00 100.00 100.00 83.33 75.00 100.00
89.28=63.64 100.00 100.00 100.00 75.00 100.00 100.00 80.00 100.00 100.00 100.00 100.00 100.00 100.00 100.00 100.00 100.00 100.00 0.00 72.73 100.00 100.00 100.00 100.00 27.27 100.00 100.00 80.00 85.71 100.00 83.33
90.37=87.50 100.00 100.00 100.00 100.00 100.00 100.00 80.00 71.43 100.00 100.00 100.00 100.00 80.00 100.00 100.00 87.50 100.00 0.00 88.89 100.00 100.00 100.00 66.67 56.25 100.00 100.00 100.00 83.33 100.00 100.00
87.28=87.50 100.00 100.00 100.00 66.67 100.00 100.00 57.14 100.00 100.00 100.00 100.00 85.71 80.00 100.00 100.00 100.00 100.00 0.00 100.00 100.00 100.00 100.00 75.00 50.00 100.00 100.00 63.64 60.00 100.00 80.00
92.45=87.50 100.00 100.00 100.00 100.00 100.00 100.00 66.67 100.00 100.00 100.00 100.00 100.00 100.00 100.00 100.00 100.00 100.00 0.00 88.89 100.00 100.00 100.00 100.00 56.25 100.00 100.00 66.67 100.00 100.00 100.00
91.39=77.78 100.00 100.00 75.00 100.00 100.00 100.00 80.00 100.00 100.00 100.00 100.00 100.00 100.00 100.00 100.00 100.00 100.00 25.00 100.00 100.00 100.00 100.00 85.71 57.14 66.67 100.00 80.00 85.71 100.00 100.00
87.40=87.50 100.00 100.00 75.00 100.00 100.00 100.00 57.14 83.33 100.00 100.00 100.00 100.00 80.00 100.00 100.00 100.00 87.50 0.00 88.89 100.00 100.00 100.00 100.00 50.00 75.00 100.00 66.67 75.00 100.00 83.33
86.99=63.64 100.00 100.00 75.00 80.00 100.00 100.00 80.00 100.00 100.00 100.00 100.00 77.78 100.00 88.89 100.00 100.00 100.00 0.00 80.00 100.00 100.00 100.00 87.50 40.00 66.67 100.00 100.00 100.00 85.71 71.43
91.20=63.64 100.00 100.00 100.00 100.00 100.00 100.00 66.67 100.00 100.00 100.00 100.00 100.00 100.00 100.00 100.00 100.00 100.00 0.00 100.00 100.00 100.00 100.00 100.00 45.45 100.00 100.00 80.00 100.00 100.00 71.43
90.41=63.64 100.00 100.00 100.00 66.67 100.00 100.00 80.00 100.00 100.00 100.00 100.00 100.00 100.00 100.00 100.00 77.78 100.00 0.00 88.89 100.00 100.00 100.00 100.00 40.00 100.00 100.00 100.00 85.71 100.00 100.00
89.47=63.64 100.00 100.00 100.00 80.00 88.89 100.00 80.00 100.00 100.00 100.00 100.00 100.00 83.33 100.00 100.00 100.00 100.00 0.00 100.00 100.00 100.00 100.00 100.00 36.36 100.00 100.00 88.89 83.33 85.71 83.33
88.99=58.33 100.00 100.00 100.00 80.00 100.00 100.00 80.00 100.00 100.00 100.00 100.00 100.00 100.00 100.00 100.00 100.00 100.00 0.00 100.00 100.00 100.00 100.00 100.00 30.00 100.00 85.71 88.89 85.71 100.00 50.00
79.87=100.00 95.65 95.00 91.67 31.58 92.31 95.65 81.82 87.50 100.00 92.59 87.50 76.67 74.07 92.86 81.48 92.59 100.00 13.04 68.75 93.33 96.30 86.36 30.77 43.48 68.42 85.00 80.00 86.96 71.43 83.33
78.98=95.83 100.00 90.48 95.65 29.41 92.00 95.83 80.77 76.47 92.86 96.00 86.96 85.19 73.33 78.79 81.48 96.15 100.00 17.50 76.47 100.00 96.00 81.48 44.44 43.48 63.16 81.82 86.96 66.67 70.00 73.33
79.82=100.00 100.00 90.48 91.67 26.09 92.31 95.83 83.33 93.33 100.00 91.67 87.50 79.31 75.00 92.86 81.48 92.59 100.00 13.04 70.59 100.00 92.86 77.78 44.44 39.53 72.22 81.82 86.96 69.23 66.67 85.71
79.39=100.00 100.00 90.48 95.65 23.81 92.31 95.83 80.00 83.33 92.86 92.31 95.45 83.87 75.86 92.86 80.77 89.29 100.00 13.64 70.59 100.00 96.30 80.00 43.75 44.19 72.22 79.17 90.91 67.86 59.09 78.57
79.64=100.00 100.00 95.00 91.67 29.41 92.00 95.65 82.61 82.35 92.86 96.30 84.00 73.53 73.08 86.67 86.36 96.30 100.00 13.33 57.89 100.00 89.66 81.48 43.75 44.19 68.42 86.36 87.50 64.52 82.35 91.67
88.02=87.50 100.00 100.00 100.00 100.00 100.00 100.00 66.67 100.00 100.00 100.00 87.50 100.00 100.00 88.89 100.00 100.00 100.00 0.00 88.89 80.00 100.00 100.00 50.00 46.15 100.00 100.00 88.89 85.71 75.00 83.33
89.05=100.00 100.00 100.00 100.00 100.00 100.00 90.91 60.00 100.00 100.00 100.00 100.00 80.00 100.00 100.00 100.00 100.00 100.00 0.00 100.00 100.00 100.00 100.00 75.00 56.25 100.00 100.00 88.89 75.00 54.55 80.00
88.43=87.50 100.00 100.00 60.00 100.00 100.00 90.91 66.67 100.00 83.33 100.00 87.50 87.50 100.00 88.89 100.00 100.00 100.00 0.00 100.00 100.00 100.00 100.00 100.00 50.00 100.00 100.00 88.89 100.00 66.67 83.33
85.62=87.50 100.00 100.00 100.00 80.00 100.00 100.00 50.00 100.00 100.00 100.00 85.71 87.50 100.00 88.89 100.00 100.00 100.00 0.00 100.00 100.00 100.00 100.00 50.00 53.85 100.00 100.00 72.73 71.43 60.00 66.67
86.70=77.78 100.00 100.00 100.00 100.00 100.00 100.00 66.67 100.00 100.00 83.33 87.50 100.00 100.00 100.00 100.00 88.89 100.00 0.00 80.00 100.00 100.00 100.00 60.00 50.00 100.00 85.71 88.89 85.71 66.67 66.67
79.99=96.00 100.00 90.00 90.48 46.67 92.31 95.24 81.82 100.00 100.00 86.21 96.00 61.11 72.41 86.21 72.73 92.59 100.00 22.22 58.33 100.00 96.15 92.00 37.50 50.00 94.12 66.67 95.45 72.00 59.09 76.47
81.38=92.00 100.00 100.00 86.96 50.00 88.89 88.00 86.96 100.00 100.00 92.59 96.15 68.75 75.86 89.29 72.73 92.59 95.83 25.00 56.52 100.00 96.30 92.31 43.75 48.78 88.89 72.73 100.00 70.37 71.43 80.00
80.78=96.00 100.00 100.00 84.00 46.67 92.59 95.65 83.33 90.91 92.31 88.89 92.86 68.42 78.57 92.31 80.00 88.46 95.83 25.71 57.14 95.00 100.00 85.19 33.33 51.35 88.24 76.19 100.00 74.07 66.67 84.62
79.15=95.83 100.00 95.00 87.50 46.15 92.00 95.65 83.33 90.00 100.00 92.31 92.86 65.79 73.08 88.89 82.76 88.89 95.83 20.59 45.45 100.00 92.00 92.00 12.50 52.63 84.21 80.00 91.30 63.33 68.18 85.71
80.23=96.00 100.00 100.00 90.91 50.00 89.29 88.00 80.77 100.00 100.00 95.83 96.30 69.44 66.67 92.31 80.00 89.29 95.65 22.22 48.15 100.00 100.00 95.65 38.89 46.34 88.89 68.18 90.91 69.23 65.00 73.33
90.47=87.50 100.00 100.00 100.00 100.00 100.00 100.00 57.14 100.00 100.00 100.00 100.00 100.00 100.00 87.50 100.00 100.00 100.00 0.00 88.89 100.00 100.00 100.00 75.00 50.00 100.00 100.00 72.73 85.71 100.00 100.00
90.87=87.50 100.00 100.00 100.00 100.00 100.00 100.00 80.00 100.00 100.00 100.00 100.00 100.00 100.00 100.00 100.00 100.00 100.00 0.00 100.00 100.00 100.00 88.89 75.00 53.33 100.00 100.00 66.67 80.00 85.71 100.00
89.63=87.50 100.00 100.00 100.00 100.00 100.00 100.00 57.14 100.00 100.00 100.00 100.00 70.00 83.33 100.00 100.00 100.00 100.00 0.00 88.89 80.00 100.00 100.00 100.00 53.33 100.00 100.00 72.73 85.71 100.00 100.00
90.54=87.50 100.00 100.00 100.00 66.67 100.00 100.00 66.67 100.00 100.00 100.00 100.00 100.00 83.33 100.00 100.00 100.00 100.00 0.00 100.00 100.00 100.00 100.00 100.00 50.00 100.00 100.00 72.73 100.00 100.00 80.00
90.90=87.50 100.00 100.00 100.00 100.00 100.00 83.33 60.00 100.00 100.00 100.00 100.00 100.00 83.33 100.00 100.00 88.89 100.00 0.00 100.00 100.00 100.00 100.00 100.00 56.25 100.00 100.00 72.73 85.71 100.00 100.00
79.88=92.31 95.65 95.00 86.96 58.33 89.29 100.00 90.48 85.71 100.00 100.00 95.83 85.71 73.08 92.59 76.67 74.19 92.31 6.98 53.57 95.45 86.21 82.76 23.53 52.63 65.22 80.00 83.33 91.67 70.83 100.00
79.81=92.00 95.45 100.00 82.61 46.15 89.29 91.67 86.96 86.67 100.00 100.00 95.65 79.31 68.75 88.89 70.97 86.67 92.00 7.14 63.64 100.00 92.59 92.59 30.77 48.57 61.54 92.31 94.74 86.21 70.83 80.00
81.89=88.89 95.24 100.00 86.96 46.67 89.29 100.00 95.45 85.71 100.00 100.00 100.00 82.76 78.57 92.31 73.33 78.12 92.31 7.14 78.95 100.00 86.67 92.00 23.53 46.15 66.67 100.00 90.48 92.31 68.97 100.00
79.36=92.00 95.65 100.00 90.91 50.00 92.31 100.00 95.00 73.33 100.00 100.00 100.00 75.86 80.77 88.46 65.62 78.79 92.31 8.57 62.50 95.24 83.33 96.00 19.05 50.00 61.54 91.67 81.82 88.46 63.33 87.50
79.45=92.31 95.65 95.00 81.82 42.86 92.31 100.00 82.61 80.00 94.74 92.59 100.00 89.29 76.00 92.31 67.65 86.21 92.31 8.11 72.73 95.24 86.21 96.00 22.73 43.59 69.57 78.57 86.36 91.30 70.00 88.89
88.08=87.50 100.00 100.00 100.00 80.00 100.00 100.00 44.44 83.33 83.33 100.00 100.00 100.00 100.00 100.00 100.00 88.89 100.00 0.00 100.00 100.00 100.00 100.00 83.33 53.33 100.00 85.71 85.71 71.43 100.00 83.33
91.05=87.50 100.00 100.00 100.00 100.00 100.00 100.00 57.14 100.00 100.00 100.00 100.00 100.00 100.00 100.00 100.00 100.00 100.00 0.00 100.00 100.00 100.00 88.89 100.00 53.33 100.00 85.71 66.67 83.33 100.00 100.00
91.60=87.50 100.00 100.00 100.00 100.00 100.00 100.00 50.00 100.00 100.00 100.00 100.00 100.00 100.00 100.00 100.00 100.00 100.00 0.00 100.00 100.00 100.00 100.00 100.00 52.94 100.00 85.71 80.00 83.33 100.00 100.00
90.97=87.50 100.00 87.50 100.00 100.00 100.00 100.00 80.00 100.00 100.00 100.00 100.00 87.50 100.00 100.00 100.00 100.00 100.00 0.00 100.00 100.00 100.00 100.00 83.33 56.25 100.00 100.00 66.67 85.71 85.71 100.00
88.81=87.50 100.00 100.00 100.00 100.00 88.89 100.00 66.67 100.00 100.00 100.00 100.00 100.00 100.00 100.00 87.50 88.89 100.00 0.00 100.00 100.00 83.33 100.00 100.00 64.29 75.00 100.00 72.73 75.00 80.00 83.33
86.85=87.50 100.00 100.00 100.00 66.67 100.00 100.00 66.67 100.00 100.00 100.00 87.50 100.00 100.00 100.00 100.00 100.00 87.50 0.00 80.00 100.00 100.00 87.50 57.14 53.85 100.00 100.00 66.67 71.43 80.00 100.00
86.36=87.50 100.00 100.00 100.00 100.00 100.00 100.00 57.14 100.00 100.00 100.00 85.71 85.71 75.00 100.00 100.00 77.78 100.00 0.00 80.00 100.00 62.50 100.00 80.00 55.56 100.00 100.00 87.50 71.43 71.43 100.00
90.71=87.50 100.00 100.00 100.00 100.00 100.00 100.00 66.67 100.00 100.00 100.00 100.00 87.50 100.00 100.00 100.00 100.00 100.00 0.00 80.00 100.00 71.43 100.00 100.00 50.00 100.00 100.00 100.00 85.71 100.00 83.33
88.73=85.71 100.00 100.00 75.00 100.00 100.00 90.91 66.67 83.33 100.00 100.00 100.00 100.00 100.00 100.00 100.00 100.00 87.50 0.00 100.00 100.00 100.00 100.00 80.00 50.00 100.00 100.00 100.00 62.50 85.71 83.33
88.17=87.50 100.00 100.00 100.00 100.00 100.00 90.91 66.67 100.00 83.33 100.00 100.00 100.00 100.00 72.73 100.00 100.00 100.00 0.00 88.89 100.00 80.00 100.00 83.33 43.75 100.00 100.00 72.73 80.00 100.00 83.33
81.11=95.83 100.00 94.74 90.91 44.44 92.00 91.67 89.47 91.67 100.00 89.29 96.30 67.57 74.07 89.29 78.57 89.66 100.00 22.22 59.09 100.00 100.00 88.89 38.89 46.51 88.89 78.95 100.00 77.78 65.38 72.22
80.80=96.00 100.00 100.00 83.33 42.11 92.59 95.65 90.91 100.00 86.67 92.31 92.86 68.42 73.91 92.00 80.00 86.67 100.00 19.44 70.00 95.00 92.86 96.00 36.84 47.62 83.33 71.43 95.24 70.00 61.90 91.67
79.48=96.00 100.00 94.74 90.91 44.44 92.59 91.67 90.00 100.00 100.00 91.67 96.15 64.71 74.07 89.29 74.07 86.67 92.00 21.21 44.83 100.00 92.86 85.71 33.33 48.84 83.33 68.18 100.00 63.33 66.67 86.67
79.26=100.00 100.00 94.74 91.30 43.75 88.89 91.67 90.48 91.67 100.00 89.29 92.86 75.00 69.57 85.71 74.19 86.21 95.83 25.00 63.64 100.00 92.86 96.00 25.00 48.72 88.89 66.67 95.00 62.96 50.00 81.25
80.40=92.31 100.00 100.00 82.61 42.86 88.89 91.67 86.96 100.00 100.00 96.00 89.29 75.00 76.92 89.29 76.67 86.21 100.00 19.44 48.15 100.00 96.15 92.31 41.18 45.24 87.50 76.19 100.00 68.97 56.00 86.67
89.05=100.00 100.00 100.00 100.00 100.00 100.00 100.00 60.00 100.00 100.00 100.00 100.00 77.78 83.33 100.00 100.00 100.00 87.50 0.00 72.73 100.00 100.00 100.00 100.00 46.15 100.00 100.00 61.54 100.00 100.00 71.43
89.24=87.50 100.00 100.00 100.00 100.00 100.00 100.00 80.00 100.00 100.00 100.00 100.00 87.50 100.00 88.89 100.00 100.00 87.50 0.00 100.00 100.00 100.00 85.71 66.67 50.00 100.00 100.00 63.64 83.33 85.71 100.00
91.02=77.78 100.00 100.00 100.00 100.00 88.89 100.00 57.14 100.00 100.00 100.00 100.00 100.00 100.00 100.00 100.00 100.00 100.00 0.00 100.00 100.00 100.00 100.00 85.71 56.25 100.00 100.00 70.00 85.71 100.00 100.00
88.28=87.50 100.00 100.00 75.00 100.00 100.00 100.00 75.00 100.00 100.00 100.00 100.00 77.78 100.00 88.89 100.00 100.00 87.50 0.00 100.00 100.00 100.00 100.00 66.67 41.67 100.00 100.00 53.33 83.33 100.00 100.00
91.22=87.50 100.00 100.00 100.00 100.00 100.00 100.00 66.67 83.33 100.00 100.00 100.00 100.00 100.00 100.00 100.00 100.00 87.50 0.00 80.00 100.00 100.00 100.00 100.00 50.00 100.00 100.00 72.73 100.00 100.00 100.00
86.86=87.50 100.00 100.00 100.00 100.00 100.00 100.00 60.00 100.00 100.00 100.00 100.00 100.00 80.00 100.00 88.89 88.89 87.50 0.00 80.00 80.00 83.33 100.00 71.43 46.67 100.00 100.00 100.00 80.00 75.00 83.33
89.61=100.00 100.00 100.00 100.00 100.00 100.00 100.00 50.00 83.33 83.33 100.00 100.00 100.00 100.00 100.00 100.00 88.89 100.00 0.00 88.89 100.00 80.00 100.00 100.00 53.33 100.00 100.00 100.00 66.67 100.00 83.33
88.08=87.50 100.00 100.00 100.00 100.00 100.00 100.00 66.67 100.00 100.00 100.00 100.00 100.00 100.00 87.50 100.00 100.00 100.00 0.00 80.00 100.00 83.33 100.00 75.00 53.33 100.00 100.00 88.89 62.50 62.50 83.33
89.34=100.00 100.00 100.00 100.00 100.00 100.00 100.00 66.67 100.00 100.00 100.00 100.00 87.50 100.00 80.00 100.00 100.00 87.50 0.00 88.89 80.00 100.00 100.00 100.00 52.94 100.00 100.00 88.89 71.43 85.71 80.00
87.60=87.50 100.00 100.00 75.00 100.00 100.00 100.00 57.14 100.00 100.00 100.00 100.00 88.89 100.00 88.89 100.00 100.00 100.00 0.00 100.00 100.00 100.00 100.00 66.67 50.00 66.67 100.00 80.00 75.00 100.00 80.00
87.58=63.64 100.00 100.00 100.00 100.00 100.00 100.00 66.67 75.00 83.33 100.00 100.00 100.00 100.00 100.00 100.00 88.89 100.00 0.00 88.89 100.00 100.00 100.00 100.00 22.22 100.00 100.00 88.89 75.00 100.00 62.50
88.87=63.64 100.00 100.00 75.00 100.00 100.00 100.00 57.14 100.00 100.00 100.00 85.71 87.50 100.00 100.00 100.00 100.00 100.00 0.00 88.89 100.00 100.00 100.00 100.00 46.15 100.00 100.00 87.50 83.33 100.00 80.00
89.21=63.64 100.00 100.00 100.00 100.00 100.00 100.00 66.67 100.00 100.00 100.00 100.00 100.00 100.00 100.00 100.00 100.00 100.00 0.00 72.73 100.00 100.00 100.00 71.43 36.36 100.00 100.00 100.00 83.33 100.00 71.43
91.66=63.64 100.00 100.00 100.00 100.00 100.00 100.00 60.00 100.00 100.00 100.00 100.00 100.00 100.00 100.00 100.00 100.00 87.50 0.00 100.00 100.00 100.00 100.00 87.50 42.86 100.00 100.00 100.00 100.00 100.00 100.00
88.84=63.64 100.00 100.00 100.00 100.00 100.00 100.00 60.00 100.00 100.00 100.00 100.00 88.89 100.00 100.00 100.00 100.00 100.00 0.00 100.00 100.00 100.00 100.00 63.64 22.22 100.00 100.00 100.00 100.00 100.00 55.56
80.36=92.31 100.00 94.74 86.96 43.75 92.31 100.00 77.27 100.00 100.00 92.31 92.59 72.73 81.48 86.21 75.86 80.65 100.00 21.21 57.69 100.00 100.00 96.00 28.57 48.72 88.89 84.21 100.00 64.29 56.00 76.47
80.34=92.31 100.00 100.00 84.00 46.15 92.59 91.67 86.96 100.00 92.31 100.00 96.00 69.70 73.33 92.59 75.76 80.65 100.00 22.86 56.00 100.00 92.31 88.89 33.33 51.35 88.89 72.73 91.30 73.08 59.09 86.67
80.82=92.00 100.00 94.74 87.50 42.86 92.59 91.30 83.33 100.00 100.00 91.67 96.30 75.76 75.00 92.31 75.76 88.89 95.83 21.05 52.00 100.00 100.00 95.65 35.29 48.78 88.89 76.19 95.24 64.29 59.26 92.86
79.62=92.31 100.00 85.71 90.91 37.50 88.89 95.65 91.30 90.91 87.50 92.31 92.59 71.43 75.86 86.21 76.67 96.15 100.00 22.86 59.09 100.00 95.83 96.00 35.29 46.15 88.89 68.00 100.00 65.38 68.18 70.59
80.31=92.31 100.00 100.00 90.48 50.00 92.59 91.30 87.50 91.67 92.86 96.15 100.00 69.70 70.00 88.89 72.73 89.29 100.00 20.59 57.69 95.00 100.00 91.67 31.58 47.62 78.95 83.33 100.00 70.37 60.87 76.47
89.14=87.50 100.00 100.00 100.00 100.00 100.00 100.00 60.00 100.00 100.00 100.00 100.00 87.50 83.33 88.89 100.00 87.50 100.00 0.00 100.00 80.00 100.00 100.00 100.00 50.00 100.00 100.00 77.78 75.00 85.71 100.00
86.73=87.50 100.00 100.00 100.00 100.00 100.00 90.91 66.67 80.00 80.00 100.00 87.50 100.00 100.00 100.00 100.00 100.00 87.50 0.00 100.00 100.00 66.67 100.00 71.43 42.86 100.00 100.00 72.73 85.71 85.71 83.33
87.24=87.50 100.00 100.00 100.00 100.00 100.00 100.00 66.67 100.00 83.33 100.00 85.71 87.50 100.00 100.00 87.50 100.00 77.78 0.00 88.89 100.00 100.00 100.00 100.00 53.85 100.00 85.71 66.67 66.67 100.00 66.67
88.43=87.50 100.00 100.00 100.00 100.00 100.00 100.00 60.00 100.00 100.00 100.00 100.00 100.00 83.33 87.50 100.00 100.00 100.00 0.00 88.89 80.00 100.00 100.00 71.43 53.33 100.00 100.00 88.89 71.43 85.71 83.33
90.97=87.50 100.00 100.00 100.00 100.00 100.00 100.00 66.67 100.00 100.00 100.00 100.00 80.00 100.00 100.00 100.00 100.00 100.00 0.00 88.89 100.00 100.00 100.00 100.00 53.33 100.00 100.00 88.89 85.71 85.71 83.33
78.66=85.19 95.45 100.00 90.48 26.67 80.65 100.00 90.48 70.59 100.00 100.00 91.30 85.19 80.77 92.31 71.88 83.87 88.00 9.76 65.22 100.00 92.59 96.00 21.05 48.57 70.83 84.62 80.95 85.71 62.96 87.50
78.89=85.19 95.24 100.00 95.24 41.67 88.46 100.00 82.61 84.62 100.00 100.00 91.67 85.71 78.57 92.59 70.97 77.42 92.00 6.98 72.73 95.45 83.33 96.00 18.18 46.34 77.27 85.71 85.71 86.96 59.09 70.00
79.58=85.71 95.45 100.00 83.33 29.41 86.21 95.65 95.24 86.67 100.00 100.00 100.00 83.33 76.92 89.29 73.33 75.00 92.00 10.81 76.19 100.00 86.21 95.65 21.05 46.15 70.83 84.62 90.00 96.00 64.00 77.78
77.34=85.71 95.45 100.00 86.96 38.46 92.31 92.00 81.82 80.00 100.00 96.30 92.00 84.00 70.37 92.31 65.62 86.67 92.00 8.33 69.57 100.00 83.87 96.00 23.08 41.67 70.83 78.57 80.95 79.31 66.67 66.67
78.76=88.46 95.45 100.00 90.91 45.45 88.46 100.00 90.48 76.47 100.00 100.00 100.00 88.89 75.86 88.46 66.67 80.00 92.31 5.13 71.43 95.00 76.47 92.00 17.39 45.95 62.96 78.57 85.71 95.24 67.86 80.00
90.07=63.64 100.00 100.00 100.00 100.00 100.00 100.00 75.00 100.00 100.00 100.00 100.00 100.00 100.00 100.00 100.00 100.00 100.00 0.00 72.73 100.00 100.00 100.00 87.50 38.46 100.00 100.00 100.00 85.71 85.71 83.33
89.84=70.00 100.00 100.00 100.00 100.00 100.00 100.00 75.00 100.00 100.00 100.00 100.00 100.00 83.33 100.00 100.00 100.00 100.00 0.00 80.00 100.00 100.00 100.00 83.33 38.46 100.00 85.71 100.00 85.71 100.00 83.33
91.40=63.64 100.00 100.00 100.00 100.00 88.89 100.00 100.00 100.00 100.00 100.00 100.00 100.00 100.00 100.00 100.00 100.00 100.00 0.00 80.00 100.00 100.00 100.00 85.71 46.15 100.00 100.00 88.89 80.00 100.00 100.00
90.55=63.64 100.00 100.00 100.00 100.00 100.00 100.00 80.00 100.00 100.00 100.00 100.00 100.00 100.00 100.00 100.00 100.00 100.00 0.00 88.89 100.00 83.33 100.00 75.00 41.67 100.00 100.00 88.89 85.71 100.00 100.00
88.07=63.64 100.00 100.00 75.00 80.00 100.00 100.00 60.00 100.00 100.00 100.00 100.00 100.00 100.00 100.00 100.00 100.00 87.50 0.00 100.00 100.00 100.00 100.00 100.00 22.22 100.00 100.00 66.67 75.00 100.00 100.00
80.65=96.00 100.00 94.74 91.30 57.14 92.59 91.67 87.50 100.00 92.31 96.15 88.89 67.57 68.97 83.33 82.14 92.86 100.00 18.75 72.73 100.00 96.30 88.89 29.17 43.90 88.89 71.43 100.00 68.00 61.11 77.78
80.41=92.31 100.00 100.00 90.91 50.00 89.29 91.30 84.00 100.00 92.86 88.89 92.86 68.57 75.00 88.89 82.76 92.59 100.00 24.32 70.00 100.00 92.59 88.46 31.58 46.34 88.89 76.19 90.91 60.71 62.50 80.00
81.45=96.00 100.00 94.44 90.91 53.33 89.29 91.67 88.00 100.00 92.86 96.00 96.15 73.53 70.97 85.71 79.31 92.86 92.31 22.22 59.09 100.00 100.00 92.31 38.89 50.00 84.21 76.19 100.00 72.41 65.00 81.25
80.51=96.00 100.00 90.00 90.91 50.00 89.29 95.45 86.36 100.00 100.00 96.00 96.15 74.19 75.86 89.29 76.67 86.21 92.31 21.62 48.15 100.00 92.86 92.31 35.29 44.19 88.24 75.00 100.00 70.37 66.67 76.47
79.67=96.00 100.00 100.00 86.36 50.00 92.31 91.30 77.78 100.00 92.86 96.00 89.29 70.59 70.37 86.21 80.65 85.71 95.45 20.00 59.09 100.00 96.15 92.00 33.33 43.59 88.89 80.00 100.00 65.62 63.64 66.67
79.19=92.31 95.45 100.00 86.96 41.67 92.00 95.65 81.82 86.67 100.00 100.00 91.30 76.92 78.57 89.29 71.88 83.33 92.00 7.32 61.54 100.00 83.87 96.00 21.05 45.24 69.57 91.67 89.47 91.67 66.67 75.00
78.60=92.00 95.45 100.00 85.71 40.00 92.31 95.65 80.77 80.00 90.48 100.00 95.65 83.33 70.00 86.21 72.41 75.00 91.30 6.98 70.00 100.00 86.21 96.00 22.22 51.35 62.96 73.33 84.21 95.65 73.91 87.50
79.66=85.71 95.65 100.00 79.17 45.45 92.59 100.00 80.77 76.92 94.44 100.00 95.65 80.00 73.08 92.31 68.75 80.65 92.31 7.14 85.71 100.00 92.86 96.00 30.77 47.50 68.00 91.67 85.71 84.00 66.67 80.00
78.87=96.00 95.24 100.00 85.71 54.55 88.89 100.00 90.48 69.23 100.00 100.00 95.65 75.00 73.33 92.00 72.73 69.44 88.89 6.98 68.18 100.00 86.21 92.59 21.43 42.11 69.57 90.91 90.00 89.29 68.00 72.73
79.57=85.19 91.30 100.00 86.36 38.46 92.59 100.00 90.48 76.47 100.00 100.00 95.83 82.14 75.86 88.46 72.41 86.67 91.67 2.56 76.19 95.45 83.87 88.89 35.71 51.28 59.26 92.31 85.71 95.83 67.86 77.78
89.77=85.71 100.00 87.50 100.00 100.00 100.00 100.00 57.14 100.00 83.33 100.00 100.00 100.00 83.33 100.00 100.00 100.00 100.00 0.00 88.89 100.00 100.00 100.00 85.71 52.94 100.00 100.00 72.73 85.71 100.00 100.00
87.27=87.50 100.00 100.00 100.00 100.00 100.00 100.00 66.67 80.00 100.00 100.00 100.00 100.00 100.00 100.00 85.71 100.00 100.00 0.00 100.00 100.00 100.00 100.00 57.14 46.67 75.00 100.00 72.73 62.50 71.43 100.00
90.48=87.50 100.00 100.00 100.00 100.00 100.00 100.00 57.14 100.00 100.00 100.00 100.00 87.50 100.00 88.89 100.00 87.50 100.00 0.00 88.89 100.00 100.00 88.89 100.00 52.94 100.00 100.00 80.00 85.71 100.00 100.00
89.01=87.50 100.00 100.00 100.00 100.00 100.00 100.00 57.14 83.33 100.00 100.00 87.50 100.00 83.33 100.00 100.00 80.00 100.00 0.00 88.89 100.00 100.00 87.50 100.00 56.25 100.00 100.00 72.73 75.00 100.00 100.00
89.84=87.50 100.00 100.00 100.00 80.00 100.00 100.00 100.00 100.00 100.00 100.00 100.00 77.78 100.00 100.00 100.00 80.00 100.00 0.00 88.89 100.00 83.33 100.00 87.50 56.25 100.00 100.00 63.64 100.00 100.00 80.00
81.84=96.00 100.00 100.00 90.91 53.85 88.46 91.30 80.77 100.00 100.00 96.00 92.86 71.88 70.97 89.29 75.76 92.86 100.00 22.86 55.56 100.00 96.30 92.00 31.58 46.51 87.50 80.00 100.00 68.97 72.73 92.31
80.39=96.00 100.00 95.00 90.91 37.50 92.00 95.45 82.61 100.00 100.00 96.00 92.59 69.44 75.86 89.29 74.19 86.67 96.00 20.00 52.00 94.74 95.83 92.31 33.33 50.00 88.89 80.95 100.00 74.07 64.00 76.47
81.11=96.00 100.00 94.74 91.30 47.06 92.31 95.45 86.96 100.00 100.00 96.15 96.30 72.73 74.07 89.29 73.33 89.66 100.00 23.68 65.00 100.00 92.59 85.71 40.00 50.00 88.89 73.91 95.45 65.52 61.90 76.47
80.00=96.00 100.00 94.74 87.50 44.44 92.59 91.67 86.96 100.00 100.00 91.67 92.86 75.76 69.23 89.29 79.31 86.21 100.00 15.79 52.00 100.00 100.00 88.89 35.29 44.74 88.24 73.91 100.00 70.00 56.52 76.47
80.26=96.00 100.00 94.74 91.30 44.44 92.31 95.65 85.71 100.00 86.67 95.83 89.66 68.57 70.00 89.29 74.19 92.59 100.00 21.05 53.85 100.00 92.86 95.83 37.50 52.78 88.89 77.27 95.45 63.33 56.52 85.71
79.02=100.00 100.00 100.00 91.67 33.33 92.31 95.45 86.96 84.62 92.31 96.30 90.91 70.59 66.67 89.66 88.46 92.59 96.00 14.89 54.55 100.00 96.15 76.92 33.33 38.64 65.00 85.00 84.00 63.33 77.78 92.31
79.22=100.00 100.00 100.00 91.67 30.00 92.31 91.67 82.61 87.50 100.00 89.29 86.36 88.46 67.86 89.29 75.00 92.31 100.00 13.33 70.59 93.33 89.29 81.48 36.84 40.48 68.42 90.48 77.78 70.37 77.78 81.25
78.62=100.00 100.00 95.00 91.67 35.29 92.31 92.00 83.33 87.50 100.00 96.00 90.91 73.33 73.08 86.21 77.78 96.15 100.00 11.11 60.00 100.00 89.66 75.00 35.00 41.86 61.90 85.00 83.33 73.08 70.59 80.00
78.89=100.00 100.00 100.00 95.65 25.00 92.31 91.67 76.00 93.33 92.86 92.59 86.96 82.14 71.43 89.66 75.86 96.30 100.00 11.11 57.89 100.00 92.86 84.00 50.00 40.00 66.67 85.71 86.96 70.37 63.16 75.00
80.07=100.00 100.00 95.00 91.30 40.00 92.00 95.65 82.61 85.71 100.00 92.86 83.33 85.71 78.57 86.21 82.76 96.30 95.83 13.64 50.00 92.86 89.66 84.00 53.33 40.48 65.00 81.82 80.77 73.08 80.95 92.86
81.98=100.00 100.00 100.00 90.91 53.85 92.59 91.30 80.00 100.00 100.00 96.00 92.86 71.43 75.86 86.21 80.00 92.86 96.00 25.64 56.00 100.00 100.00 96.00 30.00 58.33 88.24 73.91 100.00 66.67 66.67 80.00
81.35=96.00 100.00 100.00 95.24 61.54 92.31 91.67 91.67 100.00 100.00 89.29 89.66 72.73 70.97 92.59 78.12 86.67 100.00 19.44 56.00 100.00 96.30 88.89 31.25 50.00 88.24 78.95 95.24 65.38 63.64 80.00
80.99=96.00 100.00 94.74 90.91 40.00 88.89 91.67 84.00 100.00 92.86 96.00 96.30 64.86 74.19 89.29 85.71 92.86 95.83 22.86 60.00 100.00 96.30 88.89 41.18 43.59 88.89 78.95 100.00 75.00 72.22 68.75
80.30=96.00 100.00 100.00 86.96 46.67 92.59 91.67 90.48 100.00 92.31 96.15 92.59 72.73 71.88 89.29 78.12 86.67 100.00 19.44 60.87 100.00 96.15 88.89 31.25 43.59 88.89 76.19 95.24 64.29 59.09 81.25
80.28=96.00 100.00 90.00 91.30 50.00 92.59 95.45 95.24 100.00 92.86 92.00 89.66 77.42 76.92 86.21 77.42 83.33 100.00 25.00 56.00 100.00 89.29 85.71 29.41 46.15 88.24 76.19 100.00 65.52 68.42 72.22
87.83=87.50 100.00 100.00 100.00 100.00 100.00 100.00 80.00 100.00 100.00 100.00 87.50 87.50 100.00 88.89 100.00 88.89 87.50 0.00 88.89 100.00 100.00 100.00 62.50 50.00 100.00 100.00 87.50 57.14 85.71 83.33
87.84=87.50 100.00 87.50 100.00 100.00 100.00 100.00 80.00 100.00 100.00 100.00 100.00 80.00 100.00 80.00 100.00 100.00 87.50 0.00 88.89 100.00 83.33 100.00 83.33 53.85 100.00 100.00 72.73 80.00 75.00 83.33
88.55=87.50 100.00 100.00 100.00 100.00 100.00 100.00 66.67 100.00 100.00 100.00 85.71 87.50 100.00 88.89 100.00 88.89 87.50 0.00 88.89 100.00 100.00 100.00 100.00 53.33 66.67 100.00 88.89 71.43 100.00 83.33
90.07=77.78 100.00 100.00 100.00 100.00 100.00 100.00 80.00 100.00 100.00 100.00 100.00 100.00 100.00 100.00 100.00 100.00 100.00 0.00 87.50 100.00 100.00 100.00 71.43 53.33 66.67 100.00 88.89 66.67 100.00 100.00
87.93=87.50 100.00 100.00 100.00 100.00 100.00 100.00 66.67 100.00 100.00 100.00 100.00 80.00 100.00 100.00 100.00 100.00 77.78 0.00 80.00 100.00 83.33 100.00 85.71 53.33 100.00 100.00 85.71 62.50 80.00 83.33
87.84=100.00 100.00 100.00 100.00 100.00 87.50 100.00 66.67 100.00 100.00 100.00 85.71 70.00 100.00 87.50 100.00 88.89 87.50 0.00 88.89 100.00 83.33 83.33 62.50 56.25 100.00 100.00 100.00 75.00 100.00 100.00
89.68=87.50 100.00 100.00 100.00 80.00 100.00 100.00 50.00 100.00 100.00 100.00 100.00 100.00 100.00 100.00 100.00 100.00 100.00 0.00 80.00 100.00 80.00 100.00 75.00 52.94 100.00 100.00 88.89 85.71 100.00 100.00
90.60=100.00 100.00 87.50 100.00 80.00 100.00 100.00 66.67 100.00 100.00 100.00 100.00 100.00 100.00 100.00 100.00 100.00 100.00 0.00 100.00 100.00 100.00 100.00 80.00 56.25 100.00 100.00 80.00 75.00 100.00 83.33
89.18=87.50 100.00 87.50 100.00 80.00 100.00 100.00 66.67 100.00 100.00 100.00 100.00 80.00 100.00 100.00 100.00 100.00 100.00 0.00 80.00 100.00 100.00 88.89 100.00 53.33 100.00 100.00 85.71 75.00 100.00 80.00
86.95=85.71 100.00 100.00 100.00 66.67 100.00 100.00 66.67 100.00 100.00 100.00 85.71 87.50 100.00 100.00 100.00 87.50 100.00 0.00 80.00 100.00 66.67 100.00 83.33 53.33 100.00 100.00 88.89 60.00 100.00 83.33
80.08=96.00 100.00 100.00 90.91 38.89 92.59 91.67 90.91 100.00 92.86 88.89 89.29 68.57 68.97 88.89 80.65 86.67 100.00 16.67 63.64 100.00 96.15 95.65 33.33 47.50 88.89 69.57 100.00 63.33 65.00 76.92
81.08=92.31 100.00 100.00 95.00 47.06 89.29 91.67 90.91 100.00 92.86 92.00 92.59 70.59 71.43 88.89 80.65 92.86 100.00 22.22 54.17 100.00 100.00 92.31 36.84 47.50 88.89 80.00 87.50 67.86 62.50 85.71
82.08=96.00 100.00 100.00 86.96 50.00 92.31 100.00 86.96 100.00 100.00 92.59 92.59 71.43 73.33 86.21 82.76 89.66 100.00 22.22 66.67 100.00 96.15 88.46 46.15 44.44 88.89 73.91 100.00 70.00 66.67 80.00
79.65=92.31 100.00 100.00 90.91 40.00 92.59 87.50 90.48 100.00 92.86 88.89 86.21 66.67 79.31 89.29 85.19 88.46 95.83 19.44 57.14 100.00 100.00 92.31 29.41 47.62 88.89 65.38 91.30 60.00 66.67 84.62
80.35=96.00 100.00 100.00 90.91 47.06 88.89 100.00 91.67 100.00 100.00 92.59 88.89 66.67 70.00 86.21 88.46 89.29 100.00 23.53 44.83 100.00 100.00 85.19 25.00 48.72 88.24 77.27 90.91 63.33 70.59 76.47
87.27=58.33 100.00 100.00 100.00 100.00 100.00 100.00 75.00 100.00 100.00 100.00 100.00 100.00 71.43 100.00 100.00 100.00 100.00 0.00 100.00 100.00 83.33 88.89 85.71 22.22 100.00 100.00 80.00 83.33 100.00 57.14
87.92=63.64 100.00 100.00 100.00 100.00 100.00 100.00 57.14 100.00 100.00 100.00 100.00 100.00 100.00 100.00 100.00 100.00 100.00 0.00 88.89 100.00 100.00 100.00 71.43 27.27 100.00 100.00 100.00 71.43 83.33 62.50
88.52=58.33 100.00 100.00 100.00 100.00 100.00 100.00 80.00 71.43 100.00 100.00 100.00 87.50 100.00 100.00 100.00 100.00 100.00 0.00 100.00 100.00 100.00 100.00 85.71 22.22 100.00 100.00 100.00 83.33 100.00 55.56
88.63=63.64 100.00 100.00 75.00 80.00 100.00 100.00 80.00 100.00 100.00 100.00 100.00 100.00 100.00 100.00 100.00 100.00 100.00 0.00 88.89 100.00 100.00 88.89 100.00 30.00 100.00 100.00 88.89 85.71 100.00 66.67
89.99=63.64 100.00 100.00 100.00 100.00 100.00 100.00 100.00 100.00 100.00 100.00 100.00 100.00 100.00 100.00 100.00 88.89 100.00 0.00 100.00 100.00 100.00 88.89 100.00 22.22 100.00 100.00 77.78 85.71 100.00 62.50
87.93=63.64 100.00 100.00 75.00 100.00 100.00 100.00 66.67 83.33 100.00 100.00 100.00 100.00 100.00 100.00 100.00 100.00 100.00 0.00 88.89 100.00 100.00 87.50 77.78 30.77 100.00 100.00 100.00 85.71 100.00 66.67
88.41=63.64 100.00 100.00 100.00 100.00 100.00 100.00 66.67 100.00 83.33 100.00 100.00 85.71 100.00 100.00 100.00 100.00 100.00 0.00 80.00 100.00 100.00 100.00 100.00 20.00 100.00 100.00 100.00 85.71 100.00 55.56
87.78=58.33 100.00 100.00 100.00 100.00 100.00 100.00 60.00 100.00 100.00 87.50 100.00 100.00 100.00 100.00 100.00 100.00 100.00 0.00 88.89 100.00 100.00 87.50 85.71 30.00 100.00 100.00 100.00 75.00 85.71 62.50
86.74=63.64 100.00 100.00 100.00 80.00 100.00 100.00 80.00 100.00 100.00 100.00 100.00 80.00 100.00 100.00 90.00 100.00 100.00 0.00 88.89 100.00 100.00 100.00 66.67 22.22 100.00 100.00 88.89 83.33 100.00 45.45
86.97=63.64 100.00 100.00 100.00 100.00 100.00 100.00 66.67 100.00 100.00 100.00 100.00 87.50 80.00 100.00 100.00 100.00 100.00 0.00 80.00 100.00 71.43 100.00 100.00 11.11 100.00 100.00 100.00 85.71 100.00 50.00
77.52=85.71 95.45 100.00 83.33 35.71 89.29 100.00 86.36 78.57 100.00 100.00 95.65 75.86 75.00 92.31 72.73 92.00 88.46 6.82 60.87 100.00 86.67 85.71 18.18 45.95 68.18 73.33 79.17 85.71 76.19 70.00
78.31=88.89 95.24 100.00 83.33 38.46 92.59 100.00 100.00 85.71 100.00 100.00 100.00 79.31 76.67 92.59 75.00 83.87 91.67 7.14 57.69 91.30 86.21 91.67 21.43 44.12 69.57 78.57 81.82 85.71 65.38 63.64
78.47=85.71 95.45 100.00 76.92 38.46 89.29 100.00 95.00 84.62 100.00 96.00 91.30 78.57 77.78 92.59 72.73 78.12 88.46 7.32 75.00 95.45 89.66 96.00 25.00 43.90 68.00 80.00 81.82 80.77 70.83 77.78
78.62=92.00 95.65 100.00 83.33 38.46 92.59 95.45 89.47 76.47 100.00 96.00 100.00 84.00 74.07 92.31 64.71 86.67 92.00 7.50 71.43 95.45 92.86 95.65 19.05 45.71 62.96 70.59 83.33 87.50 74.07 77.78
79.86=88.46 95.24 100.00 83.33 43.75 89.29 95.65 83.33 76.47 100.00 100.00 100.00 76.67 75.00 92.59 81.48 80.00 92.00 5.00 75.00 100.00 89.29 92.31 23.53 44.12 60.71 85.71 82.61 85.71 78.26 100.00
89.74=87.50 100.00 100.00 100.00 100.00 100.00 100.00 66.67 100.00 100.00 100.00 100.00 100.00 100.00 88.89 100.00 100.00 100.00 0.00 80.00 100.00 83.33 100.00 83.33 53.33 100.00 100.00 88.89 66.67 100.00 83.33
89.55=87.50 100.00 100.00 100.00 100.00 100.00 100.00 66.67 100.00 100.00 100.00 100.00 88.89 100.00 100.00 100.00 100.00 100.00 0.00 72.73 100.00 100.00 100.00 80.00 53.33 100.00 100.00 88.89 66.67 100.00 71.43
93.75=87.50 100.00 100.00 100.00 100.00 100.00 100.00 66.67 100.00 100.00 100.00 100.00 100.00 100.00 100.00 100.00 100.00 100.00 100.00 80.00 100.00 71.43 100.00 100.00 57.14 100.00 100.00 88.89 71.43 100.00 83.33
88.19=87.50 100.00 100.00 100.00 80.00 100.00 100.00 57.14 100.00 100.00 100.00 87.50 87.50 100.00 100.00 100.00 100.00 100.00 0.00 66.67 100.00 100.00 100.00 62.50 50.00 100.00 100.00 100.00 75.00 100.00 80.00
89.33=87.50 100.00 100.00 100.00 80.00 100.00 100.00 57.14 100.00 100.00 100.00 100.00 100.00 100.00 100.00 100.00 100.00 100.00 0.00 88.89 100.00 83.33 100.00 71.43 53.85 100.00 100.00 88.89 75.00 100.00 83.33
79.93=92.31 100.00 100.00 90.91 41.18 92.59 95.45 80.95 100.00 93.33 87.50 96.15 71.43 76.92 89.29 85.71 89.66 95.83 19.44 57.69 100.00 100.00 91.67 27.27 48.72 80.00 68.18 87.50 70.37 66.67 81.25
80.76=88.89 100.00 100.00 90.91 57.14 92.59 84.62 87.50 91.67 92.31 92.00 92.31 71.43 73.33 92.59 83.33 92.59 92.31 25.00 66.67 100.00 100.00 85.19 37.50 46.34 88.89 76.19 90.48 66.67 70.00 75.00
80.27=96.00 100.00 100.00 90.91 43.75 89.29 95.65 95.00 100.00 92.86 92.31 92.59 66.67 73.33 92.59 70.59 86.67 100.00 18.92 65.00 100.00 100.00 88.89 31.58 45.00 88.89 69.57 95.24 67.86 57.89 81.25
79.95=88.89 100.00 100.00 90.91 46.67 92.31 100.00 84.00 100.00 100.00 91.30 83.33 71.88 75.00 92.59 78.12 89.29 100.00 22.22 56.52 100.00 100.00 75.86 27.27 45.24 88.24 73.91 95.00 66.67 61.90 81.25
80.16=96.00 100.00 100.00 86.96 42.11 92.59 91.67 86.36 100.00 92.86 96.15 92.86 64.86 70.97 89.29 85.19 92.86 95.45 23.53 60.00 100.00 100.00 88.89 26.32 46.15 87.50 70.83 100.00 64.00 65.00 76.47
87.82=63.64 100.00 100.00 100.00 100.00 100.00 100.00 80.00 100.00 83.33 100.00 87.50 100.00 83.33 100.00 100.00 100.00 100.00 0.00 88.89 100.00 100.00 100.00 83.33 22.22 100.00 100.00 88.89 85.71 100.00 55.56
88.27=63.64 100.00 100.00 100.00 100.00 100.00 100.00 57.14 100.00 100.00 100.00 100.00 100.00 83.33 100.00 100.00 100.00 100.00 0.00 100.00 100.00 100.00 100.00 85.71 25.00 100.00 100.00 100.00 71.43 100.00 50.00
87.48=60.00 100.00 100.00 75.00 100.00 100.00 100.00 66.67 100.00 100.00 100.00 100.00 100.00 100.00 100.00 100.00 100.00 100.00 0.00 80.00 100.00 100.00 100.00 85.71 22.22 100.00 100.00 100.00 66.67 100.00 55.56
87.97=70.00 100.00 100.00 100.00 100.00 100.00 100.00 80.00 100.00 100.00 100.00 100.00 100.00 100.00 88.89 100.00 100.00 100.00 0.00 88.89 100.00 100.00 100.00 66.67 22.22 66.67 100.00 88.89 83.33 100.00 71.43
89.55=63.64 100.00 100.00 100.00 100.00 100.00 100.00 80.00 100.00 100.00 100.00 100.00 100.00 100.00 80.00 100.00 88.89 100.00 0.00 100.00 100.00 100.00 100.00 100.00 22.22 100.00 100.00 100.00 85.71 100.00 55.56
86.09=87.50 100.00 100.00 100.00 100.00 100.00 100.00 66.67 100.00 83.33 87.50 87.50 100.00 100.00 88.89 100.00 100.00 87.50 0.00 80.00 100.00 100.00 100.00 60.00 42.86 100.00 100.00 87.50 66.67 71.43 71.43
90.16=87.50 100.00 100.00 100.00 100.00 100.00 100.00 66.67 100.00 83.33 100.00 100.00 100.00 100.00 100.00 100.00 100.00 87.50 0.00 72.73 100.00 100.00 100.00 100.00 50.00 100.00 100.00 88.89 75.00 100.00 83.33
83.36=87.50 100.00 100.00 50.00 100.00 100.00 100.00 57.14 83.33 100.00 100.00 77.78 83.33 50.00 100.00 88.89 100.00 100.00 0.00 88.89 80.00 80.00 100.00 100.00 50.00 50.00 100.00 100.00 85.71 100.00 71.43
86.41=87.50 100.00 100.00 100.00 100.00 100.00 100.00 66.67 100.00 100.00 100.00 87.50 85.71 80.00 88.89 100.00 100.00 100.00 0.00 88.89 100.00 83.33 100.00 66.67 50.00 66.67 100.00 88.89 71.43 83.33 83.33
88.41=87.50 100.00 100.00 60.00 100.00 100.00 90.91 80.00 100.00 100.00 100.00 77.78 100.00 100.00 88.89 100.00 100.00 100.00 0.00 80.00 100.00 100.00 100.00 100.00 53.33 100.00 100.00 88.89 75.00 75.00 83.33
80.46=100.00 100.00 95.00 88.00 42.86 88.89 88.46 91.30 87.50 100.00 92.59 91.30 80.00 74.07 92.59 81.48 95.83 100.00 13.04 50.00 93.33 92.59 75.86 31.82 45.24 80.00 85.00 87.50 82.61 75.00 92.31
79.42=100.00 100.00 90.48 88.00 40.00 92.31 95.45 83.33 93.33 87.50 96.15 90.48 77.42 75.86 83.87 85.19 88.89 96.00 13.64 61.11 92.86 95.65 75.86 33.33 40.91 81.25 80.95 83.33 80.00 66.67 92.31
78.16=100.00 100.00 89.47 87.50 26.67 95.65 95.83 76.00 94.12 100.00 92.86 91.30 75.86 71.43 78.79 88.00 96.30 100.00 13.33 60.00 87.50 96.15 74.07 30.43 44.19 70.59 77.27 85.71 70.37 75.00 78.57
81.09=100.00 100.00 100.00 91.67 46.15 88.46 100.00 84.00 83.33 100.00 88.89 86.96 85.71 74.07 89.66 88.46 96.30 100.00 11.11 70.59 93.33 96.30 80.00 30.77 41.86 75.00 90.00 80.77 74.07 73.91 92.31
79.19=100.00 100.00 86.36 91.67 42.86 92.00 92.00 90.48 81.25 92.86 92.59 87.50 73.33 70.00 89.66 75.00 92.31 100.00 14.89 50.00 93.33 96.30 80.77 34.78 48.72 70.59 85.00 83.33 82.61 73.68 90.91
89.11=87.50 100.00 100.00 100.00 100.00 100.00 100.00 66.67 100.00 100.00 100.00 100.00 100.00 83.33 100.00 100.00 88.89 100.00 0.00 88.89 100.00 80.00 100.00 100.00 53.33 100.00 83.33 61.54 85.71 100.00 83.33
88.02=87.50 100.00 100.00 100.00 100.00 100.00 100.00 60.00 100.00 100.00 100.00 100.00 100.00 71.43 100.00 100.00 100.00 100.00 0.00 80.00 100.00 100.00 100.00 85.71 50.00 100.00 100.00 66.67 75.00 85.71 66.67
90.54=87.50 100.00 100.00 100.00 100.00 100.00 100.00 57.14 83.33 100.00 100.00 87.50 100.00 100.00 100.00 100.00 100.00 100.00 0.00 80.00 100.00 100.00 100.00 100.00 53.33 100.00 100.00 88.89 85.71 100.00 83.33
89.21=87.50 100.00 100.00 75.00 100.00 100.00 100.00 66.67 100.00 100.00 100.00 100.00 87.50 100.00 100.00 100.00 88.89 100.00 0.00 88.89 100.00 100.00 100.00 85.71 46.67 100.00 100.00 63.64 75.00 100.00 100.00
91.40=77.78 100.00 100.00 100.00 100.00 100.00 100.00 80.00 100.00 100.00 100.00 100.00 100.00 100.00 100.00 100.00 100.00 100.00 0.00 100.00 100.00 100.00 100.00 85.71 53.33 100.00 100.00 61.54 75.00 100.00 100.00
79.57=92.00 100.00 100.00 86.96 50.00 92.31 100.00 95.24 76.92 95.00 100.00 92.00 77.42 70.97 92.59 75.86 81.25 92.00 10.00 78.26 90.91 89.66 92.00 30.77 47.37 68.00 85.71 85.71 84.62 69.57 63.64
79.96=92.00 95.65 100.00 83.33 42.86 96.15 100.00 85.71 84.62 100.00 96.00 95.83 82.14 81.48 92.59 68.75 86.67 92.31 11.11 72.00 100.00 86.67 95.65 30.77 46.15 65.38 78.57 80.00 82.14 74.07 80.00
78.75=88.89 95.65 100.00 79.17 58.33 92.59 100.00 77.27 80.00 100.00 100.00 95.24 82.14 76.00 92.59 70.59 83.33 91.67 7.69 66.67 100.00 86.21 96.00 26.67 46.15 62.96 63.16 85.71 85.71 80.95 70.00
78.58=92.00 95.65 100.00 90.91 38.46 92.59 95.83 72.73 86.67 100.00 95.45 100.00 80.00 72.41 92.59 66.67 86.67 91.67 8.57 72.00 100.00 86.67 95.83 28.57 48.72 62.50 70.59 82.61 82.76 74.07 72.73
79.26=91.67 95.45 100.00 86.96 50.00 96.00 100.00 90.91 78.57 94.74 100.00 100.00 69.70 76.92 92.59 76.67 88.89 91.30 7.32 90.48 90.91 92.86 92.00 25.00 42.11 65.38 68.75 82.61 85.71 60.71 72.73
81.06=92.31 100.00 100.00 88.00 46.67 92.00 91.30 86.96 100.00 92.86 96.15 100.00 67.57 75.86 89.29 80.65 92.86 100.00 18.92 59.09 100.00 100.00 85.71 33.33 51.35 88.89 73.91 95.24 68.97 65.00 80.00
80.35=92.31 100.00 100.00 86.96 50.00 92.59 95.65 86.36 100.00 92.31 92.31 96.30 69.70 77.78 86.21 72.73 92.31 95.45 23.68 48.00 100.00 100.00 87.50 25.00 48.72 94.12 72.73 100.00 67.74 72.22 72.22
80.59=92.31 100.00 100.00 90.91 43.75 92.00 95.65 86.96 100.00 100.00 96.00 89.66 74.19 74.19 83.33 75.76 92.59 100.00 19.44 54.17 100.00 96.15 92.00 30.00 44.74 88.24 72.73 95.24 63.33 68.42 86.67
80.79=96.00 100.00 94.74 90.91 50.00 88.89 95.65 88.00 91.67 92.86 92.31 96.15 68.57 76.67 88.89 78.12 92.59 100.00 21.62 63.64 100.00 100.00 85.71 31.25 51.28 88.89 65.38 100.00 65.52 64.71 84.62
79.81=88.89 100.00 100.00 86.96 46.67 92.31 91.67 87.50 100.00 92.86 85.19 96.00 75.76 73.33 89.29 79.31 92.31 95.83 23.53 48.15 100.00 96.30 91.67 28.57 42.50 83.33 72.73 100.00 68.97 63.16 81.25
80.02=85.71 95.45 100.00 86.36 33.33 89.29 95.65 82.61 82.35 100.00 96.00 100.00 86.21 74.07 92.31 74.19 89.66 91.67 6.98 85.00 100.00 89.66 92.00 26.67 47.22 66.67 91.67 82.61 80.65 67.86 88.89
78.93=88.46 95.24 100.00 86.36 23.08 96.15 100.00 82.61 76.47 100.00 96.15 100.00 80.65 84.00 92.59 73.33 83.87 91.67 7.69 62.50 100.00 92.59 95.65 20.00 48.57 64.00 80.00 86.36 85.71 73.08 80.00
79.65=82.76 95.45 100.00 86.96 46.67 96.15 95.45 80.00 72.22 100.00 100.00 100.00 88.89 80.77 92.31 69.70 86.67 91.30 5.26 77.27 100.00 88.89 90.91 22.22 47.50 62.96 80.00 85.00 75.86 68.00 100.00
78.47=85.71 100.00 100.00 86.96 30.77 92.59 100.00 90.48 76.47 100.00 100.00 100.00 82.14 78.57 92.31 72.41 81.25 91.30 5.71 65.38 95.45 96.15 100.00 19.05 50.00 64.00 71.43 86.36 81.48 66.67 70.00
80.80=85.71 95.45 95.00 86.96 50.00 88.89 100.00 95.00 81.25 100.00 96.15 100.00 92.31 78.57 89.29 69.70 80.65 91.67 9.09 64.00 100.00 85.71 92.00 31.25 52.78 68.00 80.00 86.36 92.31 66.67 100.00
80.66=100.00 100.00 100.00 95.45 40.00 92.00 95.83 87.50 87.50 92.86 92.59 82.61 77.42 71.43 89.66 88.46 96.15 96.00 12.50 63.16 100.00 92.86 83.33 30.77 41.86 81.25 85.00 80.77 82.61 76.19 84.62
79.93=100.00 100.00 95.00 95.45 40.00 96.00 91.30 88.00 83.33 92.31 92.59 86.96 80.65 70.00 89.66 87.50 96.30 100.00 15.56 54.55 93.33 96.30 78.57 47.06 41.46 81.25 80.95 83.33 68.97 76.47 75.00
79.86=100.00 100.00 95.00 95.65 42.86 92.59 95.83 82.61 81.25 92.86 92.86 86.96 75.76 74.07 86.67 85.19 89.29 100.00 11.63 66.67 100.00 92.31 80.77 29.17 46.34 76.47 90.48 82.61 76.00 73.68 80.00
79.96=100.00 100.00 86.36 95.65 42.86 92.00 95.83 84.62 76.47 92.31 88.89 76.92 78.12 76.92 86.67 95.83 96.15 100.00 14.29 68.75 100.00 92.59 75.86 38.10 42.86 76.47 86.96 83.33 66.67 75.00 92.31
79.58=92.31 100.00 95.00 91.30 38.46 88.89 92.00 81.82 90.00 86.67 92.59 95.45 83.33 68.00 89.29 88.46 89.29 96.15 14.29 50.00 100.00 89.29 81.48 33.33 43.90 80.00 86.36 80.00 79.17 77.78 92.31
