61.48=100.00 100.00 100.00 80.95 8.00 53.66 95.00 42.31 35.71 100.00 57.50 66.67 74.07 30.30 56.00 74.07 77.42 84.00 36.54 73.91 16.67 87.50 79.17 21.21 48.15 58.82 69.23 22.73 33.33 61.54 61.54
55.56=92.00 100.00 85.71 68.97 9.52 46.00 86.36 46.15 31.25 70.59 56.10 73.33 58.62 19.05 42.11 75.00 66.67 87.50 35.71 60.00 0.00 88.00 80.95 21.21 45.45 47.83 62.50 20.00 12.50 33.33 100.00
56.65=95.65 100.00 82.61 71.43 3.85 40.98 84.00 52.38 50.00 81.25 68.57 74.19 74.07 16.67 41.67 65.52 74.19 66.67 34.88 60.00 0.00 92.00 90.91 21.43 41.18 62.50 53.33 25.00 0.00 31.25 100.00
56.07=88.46 100.00 80.95 76.92 13.64 40.98 87.50 50.00 25.00 83.33 63.16 65.62 64.29 34.78 61.90 79.17 65.71 77.78 32.61 51.72 0.00 89.29 81.82 18.52 44.12 56.25 60.00 25.00 0.00 52.94 66.67
55.60=88.46 100.00 85.71 74.07 5.71 43.86 74.07 37.50 23.08 88.24 60.00 79.31 62.07 35.29 45.83 68.97 74.19 84.62 32.50 44.12 0.00 75.76 85.00 18.18 48.28 72.73 66.67 8.33 0.00 41.18 100.00
61.44=95.65 100.00 76.19 82.61 9.68 53.33 80.00 77.78 53.33 82.35 59.46 82.14 65.52 58.62 26.32 76.00 85.71 85.71 40.00 80.95 19.05 86.21 77.42 30.00 54.17 75.00 61.54 27.27 0.00 40.00 62.50
57.79=100.00 100.00 72.00 72.00 5.71 46.81 88.00 76.47 33.33 73.68 65.79 73.33 76.92 42.86 23.08 61.76 71.88 70.00 61.54 76.47 0.00 80.00 80.00 13.64 53.57 54.17 52.38 50.00 11.11 58.33 46.67
56.65=91.67 100.00 70.83 68.97 0.00 42.59 80.77 57.14 40.00 100.00 61.54 88.89 55.88 40.91 23.08 58.82 69.70 72.41 50.00 70.59 0.00 75.86 78.57 19.05 48.00 61.90 52.63 61.54 18.18 46.67 50.00
59.60=100.00 100.00 64.00 70.37 0.00 45.28 82.61 70.00 50.00 93.33 62.16 85.71 56.67 61.54 26.32 76.92 75.76 70.97 55.56 62.50 0.00 71.88 90.48 15.00 52.00 57.14 69.23 60.00 0.00 47.06 75.00
59.24=100.00 100.00 76.19 70.00 2.56 45.28 86.96 70.59 25.00 83.33 63.16 88.46 54.05 70.00 28.57 92.00 78.12 58.33 52.00 54.55 0.00 83.87 88.89 22.22 60.87 72.22 56.25 56.25 0.00 30.00 66.67
91.90=100.00 100.00 100.00 100.00 100.00 100.00 100.00 75.00 100.00 75.00 100.00 100.00 85.71 100.00 100.00 100.00 75.00 100.00 66.67 100.00 100.00 50.00 100.00 80.00 66.67 100.00 100.00 100.00 75.00 100.00 100.00
97.47=100.00 100.00 100.00 100.00 100.00 100.00 100.00 75.00 100.00 100.00 100.00 100.00 100.00 100.00 100.00 100.00 100.00 100.00 100.00 100.00 100.00 100.00 100.00 80.00 100.00 66.67 100.00 100.00 100.00 100.00 100.00
95.88=75.00 100.00 100.00 100.00 100.00 100.00 100.00 75.00 100.00 100.00 100.00 100.00 100.00 100.00 88.89 100.00 100.00 100.00 100.00 100.00 100.00 100.00 100.00 66.67 66.67 100.00 100.00 100.00 100.00 100.00 100.00
97.19=100.00 100.00 100.00 100.00 100.00 100.00 100.00 75.00 100.00 100.00 100.00 100.00 100.00 100.00 77.78 100.00 100.00 100.00 100.00 100.00 100.00 100.00 100.00 80.00 100.00 100.00 100.00 100.00 80.00 100.00 100.00
94.81=100.00 100.00 100.00 100.00 100.00 100.00 100.00 75.00 80.00 100.00 100.00 66.67 100.00 100.00 87.50 100.00 100.00 100.00 100.00 100.00 100.00 100.00 100.00 80.00 50.00 100.00 100.00 100.00 100.00 100.00 100.00
94.52=100.00 100.00 100.00 100.00 100.00 100.00 100.00 100.00 100.00 100.00 100.00 66.67 100.00 100.00 100.00 100.00 100.00 100.00 100.00 66.67 100.00 100.00 100.00 100.00 66.67 66.67 100.00 100.00 83.33 100.00 80.00
97.36=100.00 100.00 100.00 100.00 100.00 100.00 100.00 75.00 100.00 100.00 100.00 100.00 100.00 100.00 88.89 100.00 100.00 100.00 100.00 100.00 100.00 100.00 100.00 100.00 66.67 100.00 100.00 87.50 100.00 100.00 100.00
95.13=100.00 100.00 100.00 75.00 100.00 100.00 100.00 100.00 80.00 100.00 75.00 66.67 100.00 100.00 100.00 85.71 100.00 100.00 100.00 100.00 100.00 100.00 100.00 100.00 66.67 100.00 100.00 100.00 100.00 100.00 100.00
96.40=100.00 100.00 100.00 100.00 100.00 100.00 100.00 75.00 100.00 100.00 100.00 100.00 100.00 80.00 100.00 100.00 100.00 100.00 100.00 66.67 100.00 100.00 100.00 100.00 100.00 100.00 66.67 100.00 100.00 100.00 100.00
98.28=100.00 100.00 100.00 100.00 100.00 100.00 100.00 100.00 80.00 100.00 100.00 66.67 100.00 100.00 100.00 100.00 100.00 100.00 100.00 100.00 100.00 100.00 100.00 100.00 100.00 100.00 100.00 100.00 100.00 100.00 100.00
62.02=100.00 100.00 78.26 86.36 14.71 50.00 91.30 56.00 34.48 84.62 80.77 80.77 70.00 35.00 11.76 80.00 75.00 88.89 58.33 66.67 10.00 69.70 84.00 12.50 41.18 89.47 83.33 25.00 56.25 50.00 58.33
56.44=95.65 95.24 80.95 79.17 9.09 35.59 95.00 51.85 50.00 82.35 75.76 84.62 60.61 33.33 14.29 84.62 64.71 69.23 34.48 45.83 0.00 63.89 66.67 16.13 40.00 87.50 83.33 25.00 42.86 37.50 44.44
58.45=91.67 100.00 100.00 80.00 8.11 42.11 81.48 56.00 34.62 83.33 76.67 78.57 60.61 38.46 0.00 80.77 78.57 75.86 54.17 50.00 10.53 58.33 66.67 26.32 44.83 83.33 71.43 40.00 50.00 33.33 56.25
57.90=88.46 84.62 100.00 68.97 8.11 50.00 83.33 66.67 42.11 93.75 58.97 66.67 58.33 31.25 0.00 74.19 74.19 68.75 48.28 56.52 4.35 70.59 83.33 23.08 36.00 93.75 62.50 16.67 61.54 70.00 50.00
60.52=100.00 100.00 100.00 85.71 9.76 47.06 80.77 62.96 47.06 76.19 73.53 71.88 64.10 25.00 0.00 81.48 70.59 75.86 46.67 60.00 4.00 73.53 79.17 19.23 40.91 84.21 77.27 33.33 56.25 54.55 75.00
95.19=100.00 100.00 100.00 100.00 100.00 100.00 100.00 75.00 100.00 100.00 100.00 66.67 100.00 100.00 87.50 100.00 75.00 100.00 66.67 100.00 100.00 80.00 100.00 100.00 100.00 100.00 100.00 100.00 100.00 100.00 100.00
91.64=100.00 100.00 100.00 100.00 100.00 100.00 100.00 100.00 100.00 100.00 100.00 66.67 100.00 80.00 87.50 100.00 60.00 100.00 66.67 50.00 100.00 100.00 100.00 80.00 50.00 100.00 100.00 100.00 100.00 100.00 100.00
97.31=100.00 100.00 100.00 100.00 100.00 100.00 100.00 75.00 100.00 100.00 100.00 100.00 100.00 100.00 100.00 100.00 75.00 100.00 100.00 66.67 100.00 100.00 100.00 100.00 100.00 100.00 100.00 100.00 100.00 100.00 100.00
96.40=100.00 100.00 100.00 100.00 100.00 100.00 100.00 100.00 100.00 80.00 100.00 66.67 100.00 100.00 100.00 100.00 75.00 100.00 100.00 66.67 100.00 100.00 100.00 100.00 100.00 100.00 100.00 100.00 100.00 100.00 100.00
93.33=75.00 100.00 100.00 100.00 100.00 100.00 100.00 66.67 100.00 80.00 100.00 100.00 100.00 80.00 100.00 100.00 75.00 100.00 66.67 100.00 100.00 100.00 100.00 100.00 50.00 100.00 100.00 100.00 100.00 100.00 100.00
56.98=91.67 100.00 78.26 82.61 0.00 37.93 73.91 55.00 23.08 83.33 63.16 64.71 70.00 60.00 52.94 82.61 68.75 63.89 40.00 60.00 0.00 80.00 78.26 18.92 64.71 45.45 60.00 23.53 0.00 43.75 100.00
58.20=100.00 100.00 85.71 74.07 0.00 45.45 79.17 42.11 37.50 93.75 61.11 72.41 68.75 52.17 41.18 73.33 79.31 53.85 41.03 68.18 5.26 88.00 72.00 20.59 54.55 69.23 45.45 41.67 0.00 38.46 100.00
54.88=91.30 95.45 85.00 76.00 0.00 42.11 84.00 42.11 23.81 83.33 64.86 64.71 56.25 58.82 35.00 74.07 60.00 55.00 35.48 60.87 0.00 100.00 76.19 21.21 44.44 71.43 47.62 20.00 0.00 57.14 75.00
56.65=92.00 100.00 81.82 79.17 0.00 48.89 86.96 50.00 38.46 93.75 51.11 60.53 68.97 42.11 28.00 84.00 77.78 51.22 38.24 68.18 0.00 92.31 85.00 22.58 48.15 62.50 55.56 20.00 0.00 53.85 75.00
57.28=88.46 100.00 94.74 74.07 0.00 48.00 84.62 42.86 46.67 80.00 55.81 64.71 67.86 70.59 42.86 81.48 65.71 55.26 40.00 68.18 0.00 82.76 90.48 22.58 57.69 55.00 60.00 7.69 0.00 40.00 87.50
86.56=75.00 100.00 100.00 100.00 100.00 50.00 100.00 100.00 100.00 80.00 66.67 66.67 100.00 100.00 100.00 100.00 75.00 100.00 66.67 40.00 100.00 80.00 100.00 50.00 33.33 100.00 100.00 100.00 100.00 100.00 100.00
91.37=100.00 100.00 100.00 50.00 100.00 60.00 100.00 100.00 100.00 100.00 100.00 100.00 100.00 100.00 100.00 100.00 60.00 100.00 50.00 66.67 100.00 80.00 100.00 80.00 100.00 100.00 100.00 85.71 100.00 100.00 100.00
92.04=100.00 100.00 100.00 75.00 100.00 66.67 100.00 100.00 100.00 100.00 100.00 100.00 100.00 100.00 100.00 100.00 75.00 100.00 66.67 66.67 100.00 100.00 100.00 100.00 20.00 100.00 100.00 100.00 100.00 83.33 100.00
92.96=75.00 100.00 100.00 60.00 100.00 100.00 100.00 100.00 100.00 80.00 100.00 100.00 100.00 100.00 100.00 100.00 75.00 100.00 66.67 66.67 75.00 100.00 100.00 100.00 100.00 100.00 100.00 100.00 83.33 100.00 100.00
91.29=100.00 100.00 100.00 60.00 100.00 100.00 100.00 100.00 66.67 100.00 100.00 66.67 100.00 100.00 80.00 100.00 60.00 100.00 66.67 100.00 100.00 80.00 100.00 100.00 50.00 100.00 100.00 100.00 100.00 100.00 100.00
92.71=100.00 100.00 100.00 100.00 100.00 50.00 100.00 75.00 80.00 100.00 100.00 100.00 100.00 100.00 85.71 100.00 100.00 100.00 66.67 100.00 66.67 100.00 100.00 50.00 100.00 100.00 100.00 100.00 100.00 100.00 100.00
94.62=100.00 100.00 100.00 100.00 100.00 75.00 100.00 75.00 100.00 100.00 100.00 100.00 100.00 100.00 100.00 100.00 100.00 100.00 100.00 100.00 50.00 100.00 100.00 66.67 66.67 100.00 100.00 100.00 100.00 100.00 100.00
94.78=100.00 100.00 100.00 100.00 100.00 60.00 100.00 100.00 100.00 100.00 75.00 100.00 100.00 100.00 100.00 100.00 75.00 100.00 100.00 100.00 100.00 80.00 85.71 75.00 100.00 100.00 100.00 87.50 100.00 100.00 100.00
92.93=100.00 100.00 100.00 100.00 100.00 75.00 100.00 50.00 100.00 100.00 60.00 100.00 100.00 75.00 87.50 100.00 100.00 100.00 66.67 66.67 100.00 100.00 100.00 100.00 100.00 100.00 100.00 100.00 100.00 100.00 100.00
97.31=100.00 100.00 100.00 100.00 100.00 100.00 100.00 100.00 100.00 100.00 100.00 66.67 100.00 100.00 100.00 100.00 100.00 100.00 100.00 100.00 100.00 100.00 100.00 100.00 66.67 100.00 100.00 100.00 83.33 100.00 100.00
83.67=100.00 100.00 100.00 75.00 100.00 37.50 100.00 100.00 75.00 100.00 100.00 100.00 100.00 75.00 85.71 100.00 50.00 100.00 100.00 66.67 0.00 57.14 80.00 100.00 50.00 100.00 100.00 100.00 100.00 66.67 75.00
85.95=100.00 100.00 100.00 75.00 100.00 42.86 100.00 60.00 75.00 100.00 100.00 100.00 83.33 100.00 100.00 100.00 60.00 100.00 100.00 66.67 0.00 80.00 100.00 80.00 66.67 100.00 100.00 100.00 75.00 100.00 100.00
89.82=75.00 100.00 100.00 100.00 100.00 42.86 100.00 60.00 100.00 100.00 100.00 100.00 100.00 100.00 100.00 100.00 100.00 100.00 100.00 100.00 0.00 100.00 100.00 66.67 40.00 100.00 100.00 100.00 100.00 100.00 100.00
87.09=100.00 100.00 100.00 100.00 100.00 37.50 100.00 75.00 100.00 75.00 100.00 100.00 100.00 100.00 85.71 100.00 60.00 100.00 100.00 66.67 0.00 75.00 100.00 100.00 50.00 100.00 100.00 100.00 100.00 75.00 100.00
86.19=100.00 100.00 100.00 50.00 100.00 42.86 100.00 50.00 100.00 100.00 100.00 100.00 100.00 75.00 85.71 100.00 75.00 100.00 100.00 66.67 0.00 100.00 100.00 80.00 66.67 100.00 100.00 100.00 80.00 100.00 100.00
57.91=95.65 100.00 82.61 73.08 9.76 40.74 84.00 63.64 34.78 93.33 70.27 62.16 59.46 60.00 0.00 90.91 75.00 80.00 36.00 50.00 0.00 66.67 87.50 34.78 50.00 75.00 75.00 25.00 0.00 30.00 90.00
59.64=100.00 100.00 80.00 68.97 10.00 43.64 87.50 64.00 50.00 94.44 64.86 69.70 65.71 76.47 0.00 81.48 68.57 69.70 42.86 45.45 4.55 71.43 90.91 21.74 55.00 84.62 75.00 36.36 28.57 22.22 75.00
62.61=95.83 95.45 94.74 71.43 2.78 45.28 92.00 70.83 52.17 93.75 70.59 77.42 58.82 52.94 0.00 82.14 75.00 63.16 51.85 78.57 4.35 85.19 82.61 25.00 37.04 80.00 59.26 25.00 80.00 60.00 77.78
60.87=91.67 95.45 100.00 74.07 2.94 39.34 87.50 80.00 40.00 94.12 62.50 70.00 54.76 76.19 0.00 83.33 63.16 66.67 42.86 66.67 0.00 68.75 90.00 18.52 50.00 84.21 72.73 20.00 50.00 66.67 75.00
61.90=91.30 100.00 100.00 80.00 6.25 43.64 77.78 75.00 30.43 85.00 68.42 65.62 66.67 73.91 0.00 75.00 73.33 74.19 46.15 80.00 4.00 71.88 90.00 19.35 47.62 64.00 71.43 28.57 70.00 72.73 66.67
58.19=100.00 100.00 73.91 66.67 7.89 39.29 91.30 61.11 23.53 87.50 60.00 80.00 59.46 46.15 40.00 84.62 82.14 72.41 48.00 46.43 0.00 88.46 84.00 17.65 64.29 80.00 50.00 46.15 0.00 36.36 66.67
59.13=100.00 100.00 68.18 64.29 5.13 41.07 87.50 81.25 41.18 86.67 63.16 85.19 55.88 50.00 21.05 72.00 78.57 68.75 56.00 52.17 0.00 76.67 87.50 14.81 84.21 77.78 50.00 41.67 0.00 33.33 88.89
56.60=100.00 95.65 68.00 63.33 0.00 48.89 91.67 75.00 47.06 68.75 66.67 80.00 67.86 50.00 23.53 75.86 75.86 59.46 52.63 63.16 0.00 74.19 87.50 23.81 65.00 63.64 60.00 15.38 0.00 33.33 58.33
57.06=100.00 100.00 80.00 61.29 0.00 47.92 84.00 80.00 50.00 75.00 58.14 88.89 58.06 50.00 16.67 68.75 66.67 57.89 41.67 73.68 0.00 79.31 82.14 19.05 56.00 66.67 63.16 41.67 0.00 38.46 63.64
58.77=91.67 100.00 68.00 75.00 2.86 46.94 86.36 81.25 50.00 70.00 53.33 79.31 62.50 60.00 46.67 73.33 73.53 58.33 62.50 60.00 0.00 83.33 88.00 13.04 52.38 59.09 58.82 35.71 0.00 50.00 80.00
56.32=92.00 100.00 94.74 90.91 0.00 37.70 80.00 53.33 33.33 85.00 52.38 52.17 59.26 78.95 26.67 77.27 68.75 57.14 41.67 59.09 0.00 75.76 89.47 25.81 52.17 50.00 53.33 20.00 0.00 55.56 83.33
55.10=95.65 100.00 70.83 76.00 0.00 40.68 80.77 59.09 25.00 84.21 61.54 62.16 70.83 61.11 31.58 73.08 68.57 52.94 28.00 63.64 0.00 78.57 88.89 21.21 57.14 55.56 50.00 20.00 0.00 64.29 66.67
57.03=96.00 95.45 85.00 68.97 0.00 43.86 82.61 60.00 44.44 88.24 56.10 71.88 72.41 56.52 25.00 85.19 70.97 54.76 51.35 78.95 0.00 84.62 73.91 22.58 64.71 55.00 53.33 16.67 0.00 47.06 62.50
54.60=86.36 100.00 75.00 73.08 0.00 41.82 85.19 68.75 30.77 80.00 53.66 70.97 67.74 46.15 16.67 82.14 76.67 57.50 43.33 66.67 0.00 85.71 80.95 22.22 57.89 55.00 61.54 10.00 0.00 26.67 70.00
54.38=90.91 100.00 79.17 76.00 0.00 42.37 75.00 37.50 21.43 88.89 58.54 70.97 71.88 47.83 23.53 84.00 69.70 61.11 41.38 78.95 0.00 77.42 76.92 25.93 52.38 50.00 47.37 10.00 0.00 66.67 60.00
74.14=100.00 100.00 100.00 75.00 100.00 30.00 100.00 75.00 75.00 100.00 100.00 66.67 100.00 80.00 50.00 100.00 50.00 40.00 66.67 66.67 0.00 66.67 100.00 100.00 40.00 66.67 100.00 100.00 0.00 50.00 100.00
85.95=100.00 100.00 100.00 75.00 100.00 33.33 100.00 100.00 75.00 100.00 100.00 50.00 100.00 100.00 77.78 100.00 60.00 66.67 100.00 100.00 0.00 80.00 100.00 80.00 66.67 100.00 100.00 100.00 100.00 100.00 100.00
85.30=60.00 100.00 100.00 75.00 100.00 37.50 100.00 60.00 100.00 80.00 100.00 100.00 83.33 100.00 100.00 100.00 60.00 66.67 100.00 66.67 50.00 100.00 100.00 80.00 50.00 100.00 100.00 100.00 100.00 75.00 100.00
87.93=75.00 100.00 100.00 75.00 100.00 33.33 100.00 60.00 100.00 100.00 100.00 66.67 100.00 100.00 85.71 100.00 60.00 100.00 100.00 100.00 50.00 100.00 100.00 80.00 40.00 100.00 100.00 100.00 100.00 100.00 100.00
83.82=100.00 100.00 100.00 60.00 100.00 20.00 100.00 75.00 100.00 100.00 100.00 50.00 100.00 100.00 75.00 83.33 75.00 66.67 100.00 100.00 0.00 100.00 83.33 60.00 50.00 100.00 100.00 100.00 100.00 100.00 100.00
58.04=100.00 95.65 85.00 83.33 3.70 42.86 100.00 66.67 33.33 78.95 61.90 54.05 58.06 63.16 28.57 95.65 70.59 68.75 37.14 39.13 0.00 73.33 86.96 18.18 50.00 78.95 92.86 12.50 0.00 40.00 80.00
61.42=95.83 100.00 90.00 74.07 3.33 50.00 91.30 80.95 44.00 88.89 71.43 64.71 64.10 80.95 13.04 92.00 72.41 66.67 40.00 52.63 0.00 76.67 90.48 31.03 51.72 82.35 71.43 40.00 0.00 46.15 77.78
