76.81985862741031
80.62600473717296
79.42524007418639
80.3898665911581
80.39106297049574
75.7996614642813
78.19143439565791
77.5827795237234
79.33669638918995
78.21716116826023
98.38709677419355
98.27956989247312
99.35483870967742
98.99641577060932
97.8494623655914
95.3225806451613
97.62672811059909
95.80645161290323
96.82795698924731
94.66973886328725
94.6505376344086
96.66666666666666
94.94623655913978
95.18817204301074
96.14695340501792
78.14631924701344
77.10825633845808
77.39562537566991
78.51743128487864
77.74836274590604
81.39793752200401
78.91752546670942
79.97391326119268
80.02953622902294
79.02736851576982
93.2258064516129
96.93548387096774
96.53225806451613
88.49462365591398
97.1146953405018
98.27188940092167
94.94623655913979
95.91397849462366
95.32258064516131
96.17511520737328
79.97566502531836
78.42463484114532
80.32049179618816
80.33489292224986
79.2042218901822
92.43727598566309
90.7706093189964
90.80645161290323
91.29032258064517
91.0215053763441
88.73655913978493
94.94623655913979
93.6021505376344
95.64516129032258
93.87096774193549
79.16684090355695
79.18460321013599
79.93150604215442
79.57552622233982
79.93866963918599
87.76497695852535
88.87096774193549
89.51612903225806
88.54838709677419
89.13978494623656
77.86822259268469
79.28225284323456
78.4070083269385
78.54082911225005
78.57852301651933
87.95698924731182
90.21505376344085
92.63440860215053
85.39938556067588
92.09677419354838
90.69892473118279
91.02150537634408
91.41705069124424
89.36251920122886
93.70967741935483
78.46465654727517
78.8460663914289
79.02388014803276
79.68239909409128
80.61215276182197
90.21505376344086
91.82795698924733
90.21505376344086
93.4331797235023
88.7557603686636
93.2258064516129
90.86021505376344
87.79569892473118
87.90322580645162
87.8225806451613
80.37186224813121
80.21661536097662
79.60730969622463
81.10301895377471
81.07983505706986
77.07828113846563
78.62113580707874
77.95591921448933
78.33829268882113
77.34123158380372
80.35727921540143
80.17232602694709
79.80882556919123
80.59233245002399
80.71579732586439
91.39784946236558
88.54838709677419
89.6774193548387
91.37096774193549
91.20583717357911
80.41839134282435
80.78080854472799
80.40483082106871
80.57859041915808
80.11754021295381
94.46236559139784
91.20071684587813
91.55913978494623
90.16129032258064
91.45161290322581
79.19359277215202
77.71717081610134
76.73418986684709
79.33949839172104
77.15770517657002
89.83870967741936
89.03225806451613
88.59447004608295
88.06451612903226
95.13056835637481
78.87703802198327
79.13406999248659
76.89651102442325
77.65439020624521
77.35904488581365
81.55032460947417
80.51087296824484
80.67335405383443
81.38687634547512
81.1182970883735
91.55913978494623
89.83870967741936
90.55555555555556
91.58602150537634
87.95698924731182
77.85698741032351
78.27089940873424
78.37367815281083
77.60025293620349
78.19967375197251
82.41925998062968
80.89909224720851
81.25357629170442
80.41360159029632
81.68444229332505
79.13441184596962
80.80802155639945
80.01237385903529
79.22827554162735
79.27504464563881
88.83256528417819
90.96774193548387
89.13978494623655
90.3763440860215
89.42652329749104
81.36103692230299
81.65553864164514
81.25412715299835
81.28346253787599
81.40356027797141
91.20583717357913
90.69892473118279
91.0215053763441
92.36559139784947
91.29032258064517
78.89852802492857
79.03953823806313
80.27007655298169
80.04535778706135
80.0775816016131
91.29032258064517
85.16129032258064
90.64516129032258
88.49462365591397
91.66666666666666
91.01382488479263
88.2258064516129
90.05376344086022
90.3379416282642
89.03225806451614
78.22733687526542
78.33098543457669
79.58583861253233
78.09961990902366
78.44842743596973
92.09677419354838
90.10752688172042
92.09677419354838
89.21658986175116
89.94623655913979
89.51612903225806
87.79569892473118
91.02150537634408
90.752688172043
93.44086021505376
91.55913978494623
91.25960061443934
90.21505376344085
90.0
87.68817204301074
81.46475445815696
81.67128537114681
81.4411522055436
81.84071202653062
82.37227118434481
81.40926084790686
81.72958840362514
80.97367405107516
81.85148890826254
80.27182245236567
88.5215053763441
90.91397849462365
92.63440860215053
91.45161290322581
88.38709677419355
78.81924760436864
79.40887762164009
79.82319690077802
79.38600011497898
80.43527366989727
80.9112491365313
80.22667068653409
79.6586401287419
79.80546156963605
80.40716267538657
88.11827956989247
90.4531490015361
89.30107526881721
89.73118279569891
91.0215053763441
82.63110088259563
80.47700911132081
80.67304524576528
81.38232939758123
81.63713730096201
84.89247311827958
85.75268817204302
87.23118279569893
89.51612903225806
90.96774193548387
80.31769947104803
80.66755872294658
80.10207480170007
80.70190207878122
79.54503124165312
81.86637858937571
80.63236760501117
82.64844357207652
81.87696516947513
81.13595198522897
88.6021505376344
87.23118279569891
92.36559139784946
87.5
88.51766513056836
77.65900472676705
79.34297843518655
78.24296023903429
78.83321839726656
78.38892719248595
90.91397849462366
90.7757296466974
89.247311827957
89.08602150537634
91.82795698924733
89.18586789554531
84.57757296466974
85.86021505376344
89.85663082437276
90.5837173579109
88.94777265745007
90.55555555555556
95.59139784946237
94.94623655913979
89.54301075268818
87.68817204301074
84.64669738863286
89.78494623655914
88.49462365591397
84.94623655913978
92.173579109063
91.3978494623656
90.10752688172043
88.2258064516129
93.5752688172043
89.78494623655914
91.1290322580645
89.0552995391705
90.23809523809524
89.56989247311827
78.56584021840105
79.45134427207476
77.75155093984375
78.38153674354344
78.50961717784956
90.56067588325654
91.3978494623656
90.02304147465438
91.44393241167435
90.75268817204302
79.19978885907922
78.64006666940465
78.81878278188267
77.83273067484319
78.93649288772029
89.62365591397848
91.98924731182795
90.99078341013825
89.13978494623656
90.57347670250896
78.17001263420624
78.35168171636207
79.40274535122278
78.93601258923842
78.0909493726943
80.7345789064204
82.66508811829169
81.17803415564818
81.43190188506874
81.61440167278339
91.12903225806451
87.44239631336406
89.62365591397848
88.6021505376344
90.48387096774194
89.83870967741936
89.66973886328725
91.72043010752688
91.0752688172043
89.78494623655915
81.07354421354368
79.56186968956217
78.3638649328511
80.37128464846778
79.23480496620007
78.03559833969489
78.56217073789888
79.39439152407812
78.44434747707137
78.27499110356946
79.31954090427142
79.91291870557365
79.93891249549127
79.9971750651595
78.67688795894803
91.72043010752687
90.48387096774194
90.21505376344086
88.44086021505376
91.02150537634408
86.23655913978494
87.63440860215053
85.91397849462365
86.61290322580645
90.3225806451613
82.88489901684258
82.4263740486852
82.08305711047309
81.99545609035526
82.3591181476292
79.23996052812141
80.38366625944738
79.246098506874
81.284348549686
81.1274181652439
78.32021175867962
77.36940539392202
78.09938631034281
78.60934560860764
79.26681247094493
91.09831029185868
89.59293394777265
87.1236559139785
86.55913978494624
89.35483870967742
82.30191397428247
81.16600755387847
82.78916406901544
81.99164050174602
81.36318802398334
89.56989247311829
91.0752688172043
91.82795698924733
91.0752688172043
91.23655913978494
78.4123252156367
78.79988150929663
79.0714394579001
78.80794909822175
79.1956964269227
91.0215053763441
92.4731182795699
88.81720430107528
93.51766513056835
90.75268817204302
80.75098388489299
79.48952450778103
79.52313106787611
80.33091404985035
79.49315593975903
90.86021505376345
89.73118279569891
91.36712749615977
88.7557603686636
90.64516129032258
88.38709677419355
91.90476190476191
86.63978494623656
91.20583717357911
90.05376344086021
80.52379882615166
80.40836907517398
80.56227392912857
80.35750100740658
79.71341380504164
80.04807372898448
79.21170465724884
80.26470887329558
80.4084244038274
79.90845863188463
83.3087771743507
81.61739445243174
81.53218217528061
82.49372273035438
82.09573151684302
78.71864286473628
78.7012833641483
79.3878841712886
78.23750186252349
78.6661444659516
82.65714044850696
81.09680879221845
81.31780537605779
81.56903568709502
82.03488068909925
79.37230910202452
79.42014005943656
79.05462478836839
79.53955372522123
78.36221777235593
80.43399970268239
80.22004018212326
78.99100713159393
79.37505368493684
79.60913551770892
90.3225806451613
90.40322580645162
91.82795698924733
90.10752688172043
90.91397849462366
78.47448258914852
79.85273448155483
80.10126078721366
80.17056622900903
79.05260108301806
82.21459117308234
82.29582742309587
81.72293820277692
81.3176598574545
82.71874101904196
87.66129032258064
91.98924731182795
89.59677419354838
88.29493087557603
89.29339477726575
88.97849462365592
90.51075268817205
90.56067588325652
89.94623655913979
89.51612903225806
77.98722766029061
78.70715790842466
78.42086294946434
79.1707249276864
79.1021157933006
80.29477598602317
80.12022199314717
79.76746245081398
79.72064425282441
79.25669933742914
78.88435306633129
79.15015689243864
78.58486767545415
78.79083590004403
77.90312446485129
80.95880752701962
82.42295247147231
81.78850503944295
82.32868213225517
82.34377528239885
90.80645161290323
87.76497695852535
90.28673835125447
90.0
91.3978494623656
81.44738556825605
81.03613222334664
82.16612926975193
80.7076455236409
82.57407866955313
78.92701783529643
79.74295663309275
79.8412799975155
79.35692851635083
80.44601566922056
81.40721232486936
81.0123354854568
82.66342938961543
80.85542053036454
81.95934766908205
77.93676062187672
78.6382314249652
78.8507952923166
78.10788590773575
77.85698167984853
88.49462365591397
91.98924731182795
88.36021505376345
91.7741935483871
90.26881720430109
90.59139784946237
92.2043010752688
89.43548387096774
86.90860215053763
91.07526881720429
80.80696249013775
79.6391567170332
80.76067627261939
80.01585353444653
79.931894691685
78.97754518225332
78.70164592389396
79.62038928495912
78.4782478432881
79.8095025040005
79.6273031679764
78.50218606881648
78.74280902195551
79.07387065289495
78.77099229483522
81.28591058831371
79.275110889905
80.3870581880499
80.24587013689451
80.51838986544197
89.19354838709677
90.64516129032258
88.6021505376344
90.24193548387096
91.02150537634408
90.0
89.38172043010752
90.29185867895546
89.30107526881721
90.10752688172043
78.56104495716247
79.3732106591845
79.23965853334165
80.54209430971052
79.8884271458025
78.16553009137161
79.35928798073465
78.87211682724003
79.2426562807317
79.29867574174948
79.11059934755637
78.13631257501642
78.24866618293083
78.84295738624927
78.89968652954424
86.61290322580645
89.51612903225806
88.46390168970815
86.18279569892474
86.82795698924731
86.82027649769586
88.44086021505376
88.84408602150538
85.96774193548387
86.55913978494624
81.20644127823759
81.83253872591266
83.43744922885297
82.13580777526215
82.28012566612858
88.65591397849462
90.26497695852535
90.75268817204302
89.93855606758832
88.45622119815668
80.28778630844069
79.93809008390582
81.06961319238565
79.98242753370431
80.62699050562982
82.31344050323307
81.8392039196798
81.99992564544235
82.13311656007475
82.99604348786126
91.18279569892474
89.40860215053763
90.86021505376344
90.63748079877114
93.27956989247312
80.42430788725842
80.80634793398295
79.69572684398135
80.0243547227165
79.72393054483857
90.7258064516129
89.94623655913979
88.49462365591398
88.70967741935483
90.10752688172042
79.40554476628668
78.91585112891404
79.40900239511086
79.12379077931509
79.70817023257088
79.3635199176016
80.04440170403241
80.20178604343123
79.43693028103502
80.88642507406229
88.87096774193549
90.0
91.02150537634408
90.56067588325652
93.01075268817203
81.63361435617729
82.60310168114538
81.63201680107446
82.04318071877788
82.27817458009568
79.01448239802764
79.00076528172407
78.39818973269702
79.42089845012504
78.77580207835985
89.89247311827958
88.67895545314902
90.26881720430109
91.72043010752688
92.4731182795699
87.71121351766513
92.28110599078342
88.87096774193549
92.47311827956989
88.9784946236559
90.02304147465438
89.62365591397848
91.79723502304148
89.35483870967742
89.19354838709677
90.44418842805939
90.53763440860214
88.38709677419355
92.23118279569891
87.41935483870968
79.14058343724975
79.48690504470107
79.61165237203183
80.57054713692642
80.906481088839
82.03285959664716
82.49250381850865
81.28481527487574
83.33123531722906
82.6717433454536
79.15747849636415
80.1624596945779
79.5493931200177
80.33899375614311
80.37412714736422
90.74500768049155
89.49820788530467
89.56221198156682
90.51075268817205
90.3225806451613
87.25806451612904
88.44086021505376
89.06810035842292
86.55913978494624
93.44086021505376
88.83256528417819
90.75268817204302
89.13978494623656
90.43010752688173
90.02304147465438
88.13364055299539
86.72043010752687
88.2258064516129
87.63440860215053
89.6774193548387
79.3764127956634
79.22201071413681
79.83977572391315
80.31490648338492
79.29399734030963
79.47847748331792
80.64124871758956
79.19918626035326
79.8002734082177
78.75167011445029
90.37634408602152
90.05376344086021
90.91397849462366
90.80645161290323
89.73118279569891
90.3763440860215
89.83870967741936
90.48387096774194
87.52688172043011
89.6774193548387
82.31077124646801
82.17292463299707
82.14738666287305
80.31383459780238
81.84345135107803
79.10120275547882
78.94475448152751
78.3953545742537
78.90167138721061
77.98555480424933
80.17033326653068
80.72310239749686
80.62151169893424
79.43319072217906
78.78664640464415
