92.25806451612904
92.76881720430109
95.65982404692082
94.31759996276125
95.07296466973885
96.28729693245823
96.99820788530465
98.37429595494112
95.66820276497695
97.72913466461853
96.68807894614348
96.49385560675883
98.2551319648094
98.78508588186008
95.35702648605874
95.78213005632361
98.48426662942792
92.42447516641066
95.68344737699576
95.64132104454686
96.26856118791603
95.65004887585532
95.74617139133268
96.77035330261138
97.08909370199693
97.44623655913979
95.71300563236046
96.21340129404645
97.01228878648234
97.95559279430248
95.64132104454684
96.16615463389655
97.78801843317973
95.1804915514593
96.47977470558115
96.58951263789973
94.28443420378905
95.87429595494112
96.41705069124423
97.5
92.83282130056325
95.19457245263696
96.47977470558116
88.76984126984128
93.80824372759858
93.27060931899642
95.11893124796352
95.14592933947773
94.38172043010752
93.5663082437276
95.3225806451613
96.10459433040079
96.24679979518689
94.93087557603687
93.24244751664108
95.97914630172694
97.04301075268816
95.25985663082437
94.85535074244753
95.62980030721967
95.83973374295954
96.8458781362007
95.21633384536611
96.3540939347391
95.20225294418842
97.28622631848438
95.4658334497044
95.06912442396315
96.32616487455196
96.94060419866871
93.89784946236558
96.7805939580133
95.58604477959317
95.55555555555557
95.11392729134664
96.06374807987712
97.22222222222221
96.08422939068099
97.04301075268816
94.61725550435227
73.92534772736373
73.62592566369707
75.34381452149948
76.79563337584281
77.16066826985964
76.93118516168282
78.03785864720385
76.40353617163187
78.43610155840115
76.5986045134727
77.22819246506408
78.01710131931407
79.23439147793503
76.7344899747484
79.60795649192502
77.89964719676478
78.77488044570323
77.81037737025493
79.37672122116
78.3265447530827
78.64220239317964
78.52405929931766
78.49066827957051
77.96972021273479
78.03190376258775
77.89053328398194
78.68917085234288
78.94514601347787
77.97212570318176
78.71014163928409
78.30426736080331
77.05328958189878
77.53335569106761
77.79235444788884
78.35141295560359
77.73629987626579
76.89590101112616
78.12524280574819
77.51118196965064
78.53280195438552
73.48042772535094
73.69244280795414
75.9617132388171
77.0591166677754
77.02352619103264
77.66818558873403
76.32420665131397
77.13322608974994
76.19903420814238
76.82598579124564
75.88922901408606
77.39071458751341
77.38204738497016
78.79094418883643
76.26707855379283
78.08301566382092
79.24274108184436
77.7060316618974
78.72821414795989
79.623758078073
78.63555644348739
79.40523513847602
79.37296292057724
79.50381031970365
78.89262513734948
79.45649393882553
78.30866689329774
78.59759674006894
79.11288723205055
79.92124785661927
78.73000279873916
79.50141696971507
78.51699849497062
77.51013879378665
79.76360215931768
79.83745621769073
78.41516480842749
78.8024842920459
78.13452780812837
79.50315926978217
93.02483358934971
95.2521761392729
94.21880091234931
94.32411674347158
95.73092677931389
95.21121351766514
96.3594470046083
94.90003723874692
95.76653633105246
94.77563654983011
94.65402876693199
93.0872084904343
95.94086021505377
95.9511008704557
94.95729181213052
95.45664013405948
96.49746311036634
92.91788856304986
95.10752688172043
95.7097472420053
96.33256528417819
95.84869431643625
96.73963133640554
93.3294930875576
96.43369175627241
94.31515616999488
94.72082576921287
96.6497928594703
96.08143648466229
95.09309686729041
95.11369454917842
96.16836568449472
95.52320439417211
94.8041474654378
93.92089093701996
96.22887864823349
94.5951449983708
96.03395708234419
96.1610343061956
96.22887864823349
75.19258929588798
75.52279947933224
77.48755041841919
78.24181754405528
77.38146782990718
78.92220755860839
78.97957305781775
77.58270078137066
80.47603188266339
79.63176112375648
79.6767130516257
78.93917149169965
79.57917775285996
79.1273011954626
80.0453292763494
77.9773485785214
81.35922944731645
79.09704080595512
80.58864332660723
79.25330538591358
80.6501185733716
78.62944195613684
79.14005821724969
79.61015211983678
80.13435505047855
80.2818220758914
79.65584227734027
79.61917551947596
78.83289907086684
79.28047481880594
79.32700816164432
79.70759632566337
80.54708976023447
78.83107250760258
79.99892869986195
78.93093561385191
79.64299136308242
80.89474942741239
79.5868390709688
79.40013061136385
