59.80=91.67 100.00 81.82 82.61 2.50 55.26 76.92 73.68 29.63 81.25 52.63 88.46 57.58 39.13 73.91 80.77 73.33 70.00 56.25 76.47 30.77 79.31 80.77 31.25 33.33 53.12 41.18 40.00 33.33 50.00 36.84
53.45=75.00 87.50 65.38 76.92 2.94 40.82 77.78 56.25 23.08 71.43 60.00 78.57 42.42 33.33 83.33 77.78 70.97 61.29 23.53 54.55 0.00 81.48 73.33 37.50 28.57 61.90 53.85 41.67 46.15 33.33 36.36
56.28=88.46 95.45 70.37 62.50 0.00 46.15 90.91 55.56 25.00 83.33 50.00 81.48 40.62 42.86 85.19 72.73 68.57 58.97 41.18 66.67 0.00 72.73 75.00 38.89 52.94 56.00 63.64 80.00 37.50 0.00 42.11
55.42=84.62 91.30 81.82 71.43 0.00 44.00 76.19 62.50 30.77 84.21 51.16 82.14 50.00 38.10 70.00 85.19 75.00 63.89 58.82 64.71 0.00 76.67 65.52 30.00 35.00 53.57 42.11 50.00 35.71 0.00 63.64
57.94=95.83 100.00 73.08 73.08 0.00 44.23 80.77 68.75 35.71 82.35 55.26 74.19 47.37 41.18 80.77 80.65 73.33 66.67 42.11 50.00 0.00 78.12 84.00 42.86 42.31 66.67 33.33 78.57 41.18 0.00 63.64
53.59=95.24 100.00 78.26 75.00 3.33 56.10 76.92 50.00 16.67 43.33 73.33 87.50 78.12 57.14 25.00 79.17 74.19 66.67 15.00 55.00 15.38 86.36 78.26 9.09 29.63 45.45 61.90 22.22 23.53 50.00 33.33
54.60=83.33 95.45 73.91 60.00 2.63 48.00 90.48 56.00 20.00 65.22 63.16 76.00 60.00 60.00 46.67 68.00 59.52 77.78 43.75 50.00 5.56 88.00 72.00 0.00 36.84 62.50 60.87 76.92 10.00 40.00 40.00
55.33=100.00 100.00 75.00 63.64 0.00 47.17 90.48 43.33 20.00 65.00 69.44 60.53 67.74 90.91 33.33 80.95 51.06 70.97 26.67 47.62 6.67 76.92 85.00 11.11 47.37 51.72 70.59 66.67 17.65 44.44 33.33
56.14=95.65 100.00 85.71 69.57 0.00 43.10 94.74 53.85 28.00 52.00 55.56 63.89 70.97 68.75 36.84 77.27 64.86 64.71 36.84 55.56 0.00 66.67 90.00 6.25 31.82 64.00 72.22 85.71 18.75 45.45 41.67
58.36=91.67 100.00 89.47 57.14 2.86 43.10 90.48 66.67 25.93 81.25 54.35 63.89 63.64 66.67 44.44 72.00 75.00 68.75 25.00 61.11 0.00 80.00 77.78 5.56 40.00 65.22 71.43 93.75 20.00 66.67 45.45
87.23=100.00 100.00 87.50 100.00 100.00 100.00 100.00 80.00 57.14 83.33 77.78 100.00 66.67 71.43 88.89 80.00 88.89 100.00 100.00 100.00 100.00 100.00 100.00 100.00 66.67 60.00 100.00 75.00 62.50 75.00 83.33
90.66=100.00 100.00 100.00 100.00 50.00 88.89 100.00 57.14 100.00 83.33 100.00 87.50 100.00 71.43 87.50 88.89 100.00 100.00 100.00 100.00 100.00 60.00 77.78 100.00 88.89 100.00 100.00 100.00 85.71 100.00 83.33
91.47=100.00 100.00 87.50 100.00 57.14 88.89 100.00 66.67 100.00 100.00 87.50 100.00 85.71 100.00 100.00 81.82 88.89 100.00 100.00 100.00 100.00 71.43 87.50 66.67 100.00 100.00 85.71 100.00 80.00 100.00 100.00
91.45=100.00 100.00 85.71 100.00 100.00 88.89 100.00 57.14 83.33 83.33 100.00 100.00 83.33 83.33 100.00 75.00 80.00 100.00 100.00 100.00 100.00 80.00 100.00 83.33 100.00 100.00 85.71 100.00 85.71 100.00 80.00
91.45=100.00 100.00 87.50 100.00 100.00 100.00 100.00 57.14 83.33 100.00 100.00 100.00 100.00 83.33 88.89 75.00 87.50 100.00 100.00 87.50 100.00 100.00 100.00 75.00 100.00 75.00 100.00 100.00 71.43 83.33 80.00
77.93=70.00 100.00 87.50 75.00 75.00 58.33 100.00 75.00 100.00 75.00 100.00 87.50 100.00 100.00 83.33 90.91 87.50 77.78 100.00 88.89 0.00 60.00 100.00 71.43 53.85 25.00 66.67 100.00 57.14 100.00 50.00
83.24=77.78 100.00 100.00 75.00 60.00 54.55 100.00 44.44 83.33 100.00 100.00 87.50 100.00 100.00 100.00 100.00 88.89 100.00 85.71 100.00 0.00 100.00 100.00 83.33 72.73 33.33 71.43 100.00 62.50 100.00 100.00
85.26=100.00 100.00 100.00 100.00 100.00 58.33 100.00 80.00 100.00 100.00 100.00 77.78 85.71 100.00 71.43 83.33 87.50 100.00 85.71 100.00 0.00 100.00 100.00 80.00 61.54 40.00 85.71 88.89 57.14 100.00 100.00
83.91=87.50 80.00 100.00 100.00 100.00 58.33 100.00 60.00 100.00 100.00 100.00 85.71 100.00 100.00 66.67 100.00 100.00 77.78 83.33 77.78 0.00 100.00 83.33 80.00 87.50 25.00 100.00 87.50 75.00 85.71 100.00
80.81=87.50 100.00 100.00 75.00 100.00 53.85 100.00 57.14 71.43 100.00 100.00 87.50 100.00 80.00 66.67 85.71 80.00 87.50 83.33 100.00 0.00 100.00 83.33 83.33 72.73 50.00 100.00 100.00 60.00 80.00 60.00
81.33=70.00 100.00 100.00 100.00 100.00 58.33 100.00 60.00 100.00 100.00 100.00 87.50 88.89 71.43 100.00 78.57 85.71 87.50 100.00 100.00 0.00 71.43 100.00 33.33 62.50 75.00 85.71 100.00 45.45 100.00 60.00
83.68=70.00 100.00 100.00 100.00 100.00 66.67 90.91 100.00 100.00 71.43 77.78 100.00 88.89 60.00 100.00 100.00 87.50 100.00 100.00 100.00 0.00 71.43 100.00 57.14 77.78 75.00 75.00 88.89 55.56 80.00 100.00
82.48=77.78 83.33 83.33 60.00 80.00 61.54 87.50 100.00 100.00 100.00 87.50 100.00 83.33 100.00 100.00 78.57 80.00 83.33 100.00 100.00 0.00 83.33 100.00 60.00 70.00 75.00 100.00 88.89 66.67 100.00 66.67
87.69=87.50 100.00 100.00 100.00 100.00 70.00 100.00 80.00 100.00 100.00 87.50 87.50 100.00 80.00 100.00 66.67 100.00 87.50 100.00 100.00 0.00 66.67 100.00 100.00 75.00 100.00 100.00 88.89 55.56 85.71 100.00
85.40=87.50 100.00 100.00 75.00 66.67 63.64 100.00 100.00 100.00 83.33 87.50 100.00 100.00 100.00 88.89 100.00 80.00 85.71 100.00 80.00 0.00 83.33 87.50 100.00 85.71 75.00 83.33 87.50 66.67 100.00 80.00
62.83=95.65 100.00 84.21 95.00 0.00 48.94 95.24 72.22 36.36 85.00 61.11 84.00 65.52 68.00 66.67 77.42 65.00 53.49 29.17 88.89 0.00 80.65 82.14 20.00 35.71 54.17 57.89 78.26 47.06 80.00 40.00
61.36=84.00 100.00 88.24 83.33 0.00 45.28 95.65 57.89 26.09 94.12 60.53 86.96 60.00 68.00 77.78 67.65 67.57 39.22 57.14 78.95 0.00 100.00 95.83 26.32 30.00 76.47 40.00 86.36 31.58 50.00 27.27
61.38=95.83 100.00 80.95 90.91 0.00 53.49 74.07 55.00 34.78 94.12 61.54 81.48 59.38 55.56 75.00 62.50 70.59 43.14 40.00 78.95 0.00 80.00 91.30 13.33 81.82 64.71 47.83 88.24 29.41 62.50 36.36
61.74=88.00 100.00 81.82 73.08 0.00 53.49 88.46 69.57 30.43 93.75 67.57 65.52 60.00 73.08 69.70 74.19 76.47 47.73 45.83 83.33 0.00 89.66 84.00 25.00 46.67 75.00 40.91 100.00 27.78 42.86 40.00
61.89=92.00 95.45 72.00 79.17 0.00 50.00 91.67 66.67 47.37 93.75 62.16 84.00 61.29 66.67 81.48 67.74 83.33 44.00 41.67 81.25 0.00 80.00 95.83 21.43 52.63 62.50 52.38 78.26 30.43 50.00 33.33
59.23=92.00 100.00 66.67 76.92 0.00 46.81 71.43 81.82 26.32 86.67 58.82 70.97 55.88 57.14 53.85 76.92 67.65 65.71 45.83 55.56 0.00 80.65 76.00 43.75 43.75 60.00 47.06 76.92 40.00 57.14 53.85
59.50=95.45 95.45 75.00 66.67 0.00 52.38 74.07 57.89 31.82 88.89 54.05 70.97 58.33 60.00 88.00 85.71 53.66 65.71 38.10 57.89 0.00 73.53 75.00 43.75 30.43 70.00 45.45 66.67 26.67 100.00 42.86
59.99=88.46 91.30 75.00 73.08 0.00 46.94 90.91 73.68 16.67 93.75 54.76 78.57 46.34 51.85 69.70 77.78 62.86 60.00 47.83 84.62 0.00 91.67 84.00 46.15 38.89 65.00 50.00 70.59 23.81 55.56 50.00
60.29=91.67 95.45 69.23 74.07 0.00 46.67 77.27 76.47 13.33 71.43 55.00 76.67 50.00 62.50 67.74 74.19 62.16 60.53 44.00 83.33 0.00 80.65 80.77 43.75 33.33 81.25 44.44 72.22 37.50 83.33 60.00
59.64=100.00 100.00 76.00 76.92 0.00 41.18 79.17 57.89 12.50 73.68 58.97 76.67 52.78 60.00 74.07 75.86 65.62 60.00 44.44 83.33 0.00 75.00 71.43 40.00 18.75 62.50 50.00 70.59 30.00 100.00 61.54
84.43=77.78 100.00 100.00 100.00 66.67 55.56 100.00 100.00 100.00 83.33 100.00 75.00 62.50 71.43 70.00 100.00 77.78 100.00 77.78 87.50 0.00 100.00 100.00 57.14 75.00 100.00 100.00 100.00 80.00 100.00 100.00
83.88=70.00 100.00 100.00 100.00 100.00 60.00 100.00 100.00 100.00 100.00 87.50 100.00 100.00 71.43 100.00 76.92 66.67 80.00 75.00 100.00 0.00 100.00 100.00 60.00 62.50 100.00 85.71 88.89 55.56 100.00 60.00
85.47=77.78 100.00 100.00 66.67 100.00 66.67 100.00 80.00 62.50 100.00 100.00 87.50 100.00 80.00 100.00 100.00 70.00 100.00 100.00 87.50 0.00 100.00 100.00 80.00 87.50 42.86 85.71 100.00 75.00 100.00 100.00
81.45=87.50 100.00 100.00 60.00 100.00 70.00 100.00 60.00 100.00 80.00 87.50 75.00 100.00 66.67 100.00 100.00 88.89 87.50 87.50 88.89 0.00 71.43 100.00 66.67 87.50 60.00 100.00 83.33 50.00 83.33 83.33
81.50=77.78 100.00 100.00 100.00 100.00 66.67 100.00 80.00 100.00 83.33 87.50 100.00 87.50 71.43 100.00 100.00 71.43 70.00 100.00 100.00 0.00 83.33 100.00 50.00 77.78 100.00 62.50 83.33 66.67 57.14 50.00
83.85=70.00 100.00 100.00 75.00 100.00 72.73 100.00 50.00 83.33 100.00 87.50 70.00 71.43 100.00 100.00 100.00 100.00 87.50 100.00 80.00 0.00 83.33 83.33 85.71 88.89 25.00 100.00 100.00 85.71 100.00 100.00
79.73=55.56 100.00 87.50 75.00 100.00 58.33 100.00 50.00 83.33 100.00 87.50 87.50 88.89 100.00 55.56 87.50 88.89 100.00 85.71 80.00 0.00 100.00 100.00 80.00 100.00 25.00 100.00 85.71 42.86 100.00 66.67
82.83=87.50 100.00 100.00 75.00 100.00 60.00 100.00 42.86 100.00 83.33 85.71 100.00 88.89 100.00 70.00 88.89 100.00 100.00 100.00 88.89 0.00 100.00 80.00 66.67 62.50 75.00 75.00 100.00 62.50 100.00 75.00
80.77=87.50 100.00 87.50 60.00 80.00 61.54 100.00 50.00 50.00 83.33 100.00 75.00 100.00 80.00 80.00 83.33 87.50 100.00 100.00 72.73 0.00 83.33 100.00 71.43 83.33 100.00 100.00 66.67 75.00 85.71 100.00
81.35=87.50 100.00 100.00 50.00 100.00 63.64 100.00 50.00 71.43 83.33 100.00 100.00 88.89 100.00 66.67 100.00 100.00 70.00 100.00 88.89 0.00 75.00 100.00 83.33 88.89 50.00 100.00 87.50 50.00 100.00 66.67
59.80=91.67 100.00 81.82 82.61 2.50 55.26 76.92 73.68 29.63 81.25 52.63 88.46 57.58 39.13 73.91 80.77 73.33 70.00 56.25 76.47 30.77 79.31 80.77 31.25 33.33 53.12 41.18 40.00 33.33 50.00 36.84
54.26=82.76 87.50 62.96 86.96 3.12 42.86 71.43 47.37 22.22 88.24 60.00 81.48 48.48 26.32 75.00 79.31 73.33 63.33 33.33 72.22 0.00 79.31 77.78 33.33 24.24 61.90 47.06 41.67 30.77 33.33 44.44
56.14=91.67 95.45 79.17 71.43 2.63 45.28 80.00 50.00 23.53 83.33 53.66 84.62 47.06 35.00 84.00 69.70 64.86 62.16 31.25 70.59 0.00 75.00 75.00 42.86 40.00 56.00 50.00 53.33 21.43 62.50 38.89
56.88=91.30 100.00 78.26 68.97 0.00 44.90 76.19 68.75 25.00 88.24 56.41 84.62 52.50 23.53 77.78 91.67 70.00 60.53 43.75 65.00 0.00 74.19 78.26 29.41 36.00 59.26 45.00 45.45 20.00 50.00 58.33
60.82=95.83 100.00 79.17 76.00 0.00 43.14 86.96 68.42 41.67 92.86 56.76 75.86 55.26 33.33 75.00 92.59 75.86 62.16 50.00 65.00 0.00 80.65 77.78 46.67 40.00 70.00 42.86 60.00 27.78 60.00 53.85
53.59=95.24 100.00 78.26 75.00 3.33 56.10 76.92 50.00 16.67 43.33 73.33 87.50 78.12 57.14 25.00 79.17 74.19 66.67 15.00 55.00 15.38 86.36 78.26 9.09 29.63 45.45 61.90 22.22 23.53 50.00 33.33
54.59=86.36 100.00 70.83 60.61 0.00 48.98 100.00 46.43 16.67 72.73 64.86 73.08 60.00 64.71 45.00 78.26 65.79 75.86 38.89 61.11 0.00 82.76 72.00 0.00 33.33 65.22 60.00 63.64 9.09 30.77 45.45
54.91=100.00 100.00 94.74 68.97 0.00 50.00 83.33 53.85 15.38 72.22 71.43 63.89 74.19 61.54 44.44 73.08 63.16 71.88 29.41 47.37 0.00 67.86 85.00 5.26 44.00 55.56 51.85 52.63 20.00 45.45 35.71
57.61=100.00 100.00 100.00 73.08 0.00 44.64 90.48 59.26 28.57 76.47 58.54 72.73 65.71 50.00 55.56 90.48 72.73 69.70 33.33 66.67 0.00 75.00 86.36 0.00 34.48 66.67 59.09 55.00 17.39 38.46 45.45
59.62=95.83 100.00 94.74 68.97 2.38 47.06 90.48 60.00 24.00 83.33 56.82 65.71 64.71 56.25 50.00 75.00 77.42 70.97 42.11 64.71 0.00 85.71 80.77 0.00 44.00 65.22 68.18 86.67 26.32 55.56 45.45
87.23=100.00 100.00 87.50 100.00 100.00 100.00 100.00 80.00 57.14 83.33 77.78 100.00 66.67 71.43 88.89 80.00 88.89 100.00 100.00 100.00 100.00 100.00 100.00 100.00 66.67 60.00 100.00 75.00 62.50 75.00 83.33
89.33=100.00 100.00 87.50 100.00 57.14 88.89 100.00 57.14 100.00 83.33 100.00 87.50 100.00 71.43 87.50 88.89 100.00 100.00 100.00 100.00 100.00 60.00 77.78 83.33 88.89 100.00 100.00 100.00 83.33 83.33 83.33
92.71=100.00 100.00 87.50 100.00 80.00 88.89 100.00 66.67 83.33 100.00 77.78 100.00 100.00 100.00 100.00 100.00 87.50 100.00 100.00 100.00 100.00 83.33 100.00 66.67 100.00 100.00 85.71 100.00 66.67 100.00 100.00
92.14=100.00 100.00 85.71 75.00 100.00 88.89 100.00 66.67 62.50 100.00 100.00 100.00 83.33 100.00 100.00 90.91 80.00 100.00 100.00 87.50 100.00 100.00 100.00 83.33 100.00 100.00 100.00 100.00 85.71 100.00 66.67
91.57=100.00 100.00 87.50 100.00 100.00 100.00 100.00 57.14 100.00 100.00 100.00 100.00 100.00 83.33 87.50 100.00 100.00 100.00 100.00 87.50 100.00 100.00 100.00 75.00 88.89 75.00 83.33 87.50 62.50 83.33 80.00
78.48=87.50 100.00 100.00 100.00 100.00 77.78 100.00 75.00 71.43 50.00 77.78 87.50 88.89 80.00 62.50 83.33 100.00 77.78 100.00 80.00 0.00 100.00 83.33 83.33 53.33 20.00 66.67 100.00 83.33 83.33 60.00
83.59=87.50 100.00 100.00 75.00 60.00 54.55 100.00 44.44 83.33 100.00 100.00 87.50 100.00 100.00 100.00 100.00 88.89 100.00 85.71 88.89 0.00 100.00 100.00 83.33 80.00 33.33 83.33 100.00 55.56 100.00 100.00
85.72=100.00 100.00 100.00 100.00 100.00 61.54 100.00 80.00 100.00 100.00 100.00 87.50 85.71 100.00 71.43 90.91 87.50 100.00 85.71 87.50 0.00 100.00 100.00 83.33 69.23 40.00 100.00 88.89 71.43 83.33 83.33
84.29=87.50 80.00 100.00 100.00 100.00 58.33 100.00 75.00 100.00 100.00 100.00 85.71 100.00 100.00 75.00 100.00 100.00 77.78 83.33 77.78 0.00 100.00 83.33 83.33 77.78 20.00 100.00 87.50 75.00 85.71 100.00
82.35=87.50 100.00 100.00 75.00 100.00 53.85 100.00 57.14 83.33 100.00 100.00 87.50 100.00 80.00 83.33 77.78 80.00 100.00 100.00 88.89 0.00 100.00 71.43 71.43 88.89 33.33 100.00 100.00 66.67 100.00 66.67
79.38=66.67 100.00 100.00 100.00 100.00 63.64 100.00 50.00 83.33 100.00 87.50 87.50 100.00 57.14 88.89 88.89 70.00 87.50 100.00 100.00 0.00 100.00 100.00 50.00 75.00 75.00 85.71 66.67 50.00 100.00 27.27
85.30=77.78 100.00 100.00 100.00 100.00 66.67 90.91 75.00 75.00 83.33 85.71 100.00 88.89 66.67 100.00 100.00 80.00 100.00 100.00 100.00 0.00 100.00 100.00 57.14 80.00 100.00 85.71 88.89 62.50 80.00 100.00
83.44=87.50 83.33 100.00 75.00 80.00 66.67 87.50 100.00 83.33 100.00 100.00 100.00 83.33 100.00 100.00 81.82 72.73 100.00 100.00 100.00 0.00 83.33 100.00 60.00 72.73 75.00 100.00 88.89 55.56 100.00 50.00
87.19=87.50 100.00 100.00 100.00 100.00 70.00 100.00 80.00 80.00 100.00 87.50 87.50 100.00 83.33 100.00 66.67 80.00 100.00 100.00 100.00 0.00 80.00 100.00 80.00 85.71 100.00 100.00 88.89 62.50 83.33 100.00
85.38=87.50 100.00 100.00 75.00 66.67 63.64 100.00 100.00 83.33 71.43 87.50 87.50 100.00 83.33 88.89 90.91 80.00 85.71 100.00 80.00 0.00 100.00 100.00 100.00 77.78 100.00 83.33 87.50 66.67 100.00 100.00
60.35=95.45 100.00 88.24 90.48 0.00 47.83 95.00 60.87 34.62 83.33 61.76 90.91 75.00 54.17 63.64 70.97 74.29 56.76 40.91 94.12 0.00 79.17 74.19 12.50 32.00 65.00 52.63 45.45 44.44 71.43 15.62
59.98=91.30 100.00 85.00 86.96 2.63 44.44 91.67 61.90 23.81 94.12 60.00 90.48 56.67 52.17 68.97 68.57 71.43 51.28 54.55 82.35 0.00 96.15 76.67 20.00 22.73 68.42 52.38 65.00 14.29 50.00 55.56
59.80=95.65 100.00 90.00 80.00 0.00 53.49 83.33 60.87 29.17 84.21 64.86 77.78 63.64 50.00 67.74 70.97 78.79 53.85 44.00 75.00 0.00 88.89 77.78 15.79 50.00 60.00 50.00 50.00 20.00 71.43 46.67
63.01=81.48 100.00 90.00 79.17 0.00 51.11 92.00 64.00 36.84 83.33 70.59 65.52 64.29 62.96 75.86 72.73 83.87 59.46 40.00 83.33 0.00 86.67 75.00 30.00 48.15 75.00 47.83 59.09 25.00 83.33 66.67
64.73=100.00 100.00 94.74 82.61 2.63 52.17 88.00 70.37 45.45 88.24 67.57 75.86 68.75 54.17 77.78 75.00 80.65 65.62 43.48 77.78 0.00 78.12 77.42 31.25 42.42 70.59 66.67 60.00 20.00 71.43 77.78
60.44=79.31 95.45 69.23 76.92 5.13 48.89 90.91 81.25 27.78 84.62 60.61 62.86 54.05 46.67 62.50 80.00 75.86 71.88 45.45 45.83 0.00 80.00 69.23 50.00 36.36 94.12 52.94 72.22 36.84 50.00 66.67
59.63=80.77 95.45 81.82 68.97 0.00 50.00 70.37 41.67 30.00 80.00 57.14 75.86 60.53 55.00 88.00 88.46 58.97 69.70 42.11 61.11 0.00 72.73 75.00 50.00 44.83 70.00 50.00 75.00 26.32 83.33 45.45
61.34=92.00 95.45 76.00 80.00 2.86 46.00 95.24 66.67 14.29 83.33 57.50 70.00 48.84 50.00 69.70 87.50 62.86 61.54 47.83 80.00 0.00 81.48 80.77 46.15 48.00 65.00 61.54 75.00 31.58 70.00 54.55
61.32=84.62 95.45 69.23 74.07 2.56 44.44 77.27 81.25 13.33 83.33 57.89 75.00 52.50 55.56 75.86 82.14 65.71 60.53 50.00 83.33 0.00 82.76 75.00 43.75 34.48 76.47 42.11 72.73 35.29 87.50 66.67
60.59=88.46 95.45 72.00 80.00 0.00 41.86 82.61 68.75 14.29 75.00 57.89 67.65 53.66 52.38 63.64 81.48 67.65 61.54 44.44 68.75 0.00 80.00 78.57 46.15 33.33 65.00 60.00 80.00 38.89 71.43 87.50
81.41=70.00 100.00 100.00 100.00 57.14 63.64 100.00 80.00 100.00 100.00 100.00 100.00 66.67 83.33 63.64 100.00 87.50 70.00 100.00 87.50 0.00 100.00 100.00 50.00 77.78 100.00 100.00 100.00 66.67 100.00 0.00
84.27=70.00 100.00 100.00 100.00 100.00 66.67 100.00 100.00 100.00 100.00 87.50 100.00 100.00 83.33 88.89 90.00 66.67 80.00 85.71 100.00 0.00 100.00 100.00 42.86 54.55 100.00 85.71 80.00 55.56 100.00 75.00
86.80=77.78 100.00 100.00 66.67 100.00 66.67 100.00 100.00 100.00 100.00 100.00 87.50 100.00 100.00 100.00 91.67 72.73 100.00 100.00 77.78 0.00 100.00 100.00 66.67 87.50 50.00 100.00 100.00 62.50 100.00 83.33
84.51=87.50 100.00 100.00 75.00 100.00 70.00 100.00 75.00 100.00 83.33 87.50 75.00 100.00 80.00 100.00 100.00 88.89 100.00 100.00 88.89 0.00 71.43 85.71 75.00 88.89 60.00 100.00 88.89 55.56 83.33 100.00
86.26=77.78 100.00 100.00 100.00 80.00 66.67 100.00 100.00 100.00 100.00 87.50 100.00 87.50 83.33 85.71 100.00 75.00 100.00 100.00 100.00 0.00 100.00 100.00 57.14 72.73 75.00 83.33 100.00 62.50 80.00 100.00
83.32=63.64 100.00 100.00 60.00 100.00 72.73 100.00 42.86 100.00 100.00 87.50 77.78 75.00 100.00 100.00 100.00 100.00 87.50 100.00 77.78 0.00 83.33 83.33 85.71 80.00 20.00 100.00 100.00 85.71 100.00 100.00
82.70=83.33 100.00 100.00 75.00 100.00 58.33 100.00 40.00 83.33 100.00 87.50 87.50 100.00 100.00 66.67 100.00 88.89 100.00 85.71 80.00 0.00 100.00 80.00 80.00 88.89 50.00 100.00 71.43 57.14 100.00 100.00
84.82=87.50 100.00 100.00 75.00 100.00 60.00 100.00 50.00 100.00 100.00 100.00 87.50 87.50 100.00 70.00 100.00 100.00 100.00 100.00 100.00 0.00 100.00 80.00 71.43 70.00 75.00 85.71 100.00 71.43 83.33 75.00
84.03=87.50 100.00 100.00 75.00 100.00 61.54 100.00 50.00 83.33 83.33 100.00 75.00 71.43 100.00 80.00 77.78 100.00 87.50 85.71 72.73 0.00 100.00 100.00 71.43 87.50 100.00 100.00 100.00 80.00 75.00 100.00
85.64=100.00 100.00 100.00 75.00 100.00 58.33 100.00 40.00 100.00 83.33 100.00 100.00 88.89 100.00 66.67 100.00 100.00 87.50 100.00 80.00 0.00 100.00 100.00 75.00 90.00 50.00 100.00 100.00 60.00 100.00 100.00
61.36=79.31 95.24 80.95 70.37 5.56 47.73 70.37 65.00 31.58 88.24 52.63 80.00 52.17 69.23 67.57 88.46 64.86 66.67 42.11 56.25 0.00 82.14 79.17 53.85 40.00 65.00 46.67 81.82 33.33 83.33 62.50
60.42=88.46 100.00 77.27 80.00 0.00 46.00 66.67 60.00 28.57 71.43 60.00 79.31 51.35 42.86 75.00 85.71 57.50 59.46 47.06 50.00 0.00 75.76 90.91 36.36 34.62 66.67 50.00 78.95 36.84 87.50 88.89
61.56=76.67 95.24 72.00 79.17 0.00 52.27 73.08 76.47 16.67 72.73 60.00 71.88 52.78 45.00 80.65 78.12 68.57 69.70 50.00 66.67 0.00 78.12 72.00 66.67 41.38 53.85 61.54 80.00 41.67 77.78 77.78
61.43=92.00 100.00 72.00 76.00 0.00 46.81 74.07 68.75 20.00 83.33 60.61 80.00 50.00 57.89 63.89 84.62 68.57 61.54 41.67 43.48 0.00 83.33 85.19 33.33 39.29 76.47 60.00 93.75 35.00 80.00 72.73
60.89=92.31 100.00 73.08 73.08 0.00 42.22 84.00 78.57 25.00 80.00 56.41 67.74 60.61 39.13 72.73 85.19 69.70 65.79 57.14 50.00 0.00 80.00 80.77 41.67 42.86 66.67 46.15 68.75 27.27 75.00 85.71
83.69=63.64 100.00 100.00 75.00 100.00 66.67 100.00 80.00 71.43 83.33 77.78 87.50 100.00 71.43 100.00 80.00 72.73 100.00 100.00 100.00 0.00 66.67 100.00 100.00 87.50 75.00 100.00 85.71 50.00 100.00 100.00
86.19=87.50 100.00 83.33 100.00 100.00 72.73 100.00 80.00 100.00 83.33 87.50 100.00 100.00 100.00 77.78 100.00 80.00 100.00 100.00 100.00 0.00 100.00 87.50 50.00 88.89 60.00 100.00 88.89 44.44 100.00 100.00
85.78=70.00 100.00 100.00 100.00 100.00 63.64 100.00 66.67 100.00 100.00 87.50 87.50 100.00 100.00 77.78 100.00 80.00 85.71 100.00 100.00 0.00 100.00 100.00 60.00 87.50 75.00 100.00 77.78 54.55 85.71 100.00
85.60=77.78 100.00 100.00 66.67 80.00 70.00 100.00 100.00 83.33 83.33 100.00 77.78 100.00 100.00 80.00 91.67 80.00 100.00 100.00 100.00 0.00 83.33 100.00 66.67 66.67 75.00 100.00 100.00 71.43 100.00 100.00
88.19=77.78 100.00 100.00 100.00 80.00 66.67 100.00 100.00 100.00 100.00 100.00 85.71 87.50 100.00 100.00 100.00 70.00 87.50 100.00 100.00 0.00 83.33 100.00 80.00 77.78 100.00 100.00 87.50 50.00 100.00 100.00
80.60=70.00 100.00 87.50 66.67 100.00 60.00 100.00 50.00 83.33 83.33 100.00 100.00 70.00 80.00 46.15 100.00 100.00 85.71 85.71 80.00 0.00 80.00 100.00 100.00 81.82 33.33 75.00 100.00 80.00 100.00 100.00
85.29=85.71 100.00 100.00 100.00 100.00 53.33 100.00 66.67 80.00 100.00 100.00 85.71 100.00 100.00 85.71 100.00 88.89 100.00 100.00 77.78 0.00 100.00 77.78 83.33 81.82 20.00 85.71 100.00 71.43 100.00 100.00
88.43=87.50 100.00 100.00 100.00 100.00 57.14 100.00 50.00 100.00 100.00 100.00 100.00 100.00 100.00 54.55 100.00 100.00 87.50 100.00 88.89 0.00 100.00 83.33 85.71 100.00 66.67 100.00 100.00 80.00 100.00 100.00
83.05=77.78 100.00 100.00 100.00 100.00 66.67 100.00 66.67 75.00 100.00 100.00 87.50 87.50 100.00 77.78 87.50 100.00 100.00 100.00 72.73 0.00 100.00 75.00 80.00 90.00 0.00 85.71 87.50 57.14 100.00 100.00
86.02=87.50 100.00 100.00 60.00 100.00 61.54 100.00 66.67 100.00 100.00 100.00 87.50 87.50 100.00 77.78 90.00 100.00 87.50 100.00 80.00 0.00 100.00 75.00 85.71 90.00 50.00 100.00 100.00 80.00 100.00 100.00
60.10=95.83 95.45 72.00 67.86 5.00 47.73 83.33 75.00 27.27 76.19 56.41 57.89 54.29 55.00 67.65 78.57 64.71 63.64 47.62 61.11 0.00 85.19 83.33 33.33 44.44 56.52 53.33 82.35 33.33 63.64 75.00
60.61=96.00 100.00 75.00 76.92 0.00 47.92 76.92 55.00 11.11 83.33 58.33 75.00 52.63 50.00 71.43 83.33 69.70 60.00 41.18 62.50 0.00 67.57 84.00 43.75 28.00 82.35 44.44 81.25 23.53 100.00 77.78
61.94=92.00 95.65 81.82 80.00 0.00 51.06 82.61 68.42 5.56 87.50 52.50 82.76 56.41 59.09 69.70 75.76 63.89 64.86 50.00 64.71 0.00 70.59 72.41 35.71 43.48 87.50 56.25 70.59 28.57 83.33 87.50
59.44=91.67 95.45 79.17 79.17 0.00 48.84 87.50 68.42 27.78 73.68 51.22 75.00 52.63 57.14 75.76 72.73 71.88 64.10 50.00 55.56 0.00 76.47 75.00 46.15 32.14 72.22 52.94 75.00 27.78 57.14 50.00
62.20=96.00 95.45 85.71 66.67 0.00 46.94 90.91 66.67 30.77 83.33 53.85 74.19 50.00 42.11 71.88 79.31 70.59 64.10 56.52 83.33 0.00 70.59 72.00 33.33 50.00 68.42 50.00 78.95 25.00 85.71 85.71
78.66=77.78 100.00 100.00 100.00 80.00 66.67 100.00 80.00 36.36 100.00 100.00 87.50 50.00 75.00 75.00 80.00 88.89 100.00 100.00 88.89 0.00 50.00 100.00 80.00 66.67 66.67 85.71 70.00 66.67 100.00 66.67
84.46=87.50 100.00 87.50 100.00 100.00 63.64 100.00 50.00 100.00 83.33 87.50 77.78 100.00 100.00 72.73 100.00 87.50 100.00 87.50 100.00 0.00 50.00 66.67 66.67 100.00 100.00 100.00 100.00 83.33 100.00 66.67
83.24=100.00 100.00 75.00 75.00 100.00 63.64 83.33 66.67 71.43 100.00 100.00 77.78 62.50 100.00 87.50 100.00 100.00 100.00 100.00 80.00 0.00 83.33 100.00 83.33 88.89 66.67 83.33 100.00 71.43 85.71 75.00
84.66=100.00 100.00 75.00 100.00 66.67 50.00 100.00 66.67 71.43 100.00 87.50 100.00 87.50 100.00 75.00 100.00 100.00 100.00 100.00 100.00 0.00 71.43 100.00 60.00 100.00 50.00 100.00 100.00 80.00 83.33 100.00
84.03=100.00 100.00 85.71 100.00 100.00 66.67 100.00 57.14 83.33 100.00 87.50 100.00 70.00 80.00 66.67 100.00 80.00 87.50 85.71 87.50 0.00 71.43 100.00 100.00 80.00 100.00 100.00 80.00 85.71 100.00 50.00
62.86=82.76 95.45 85.71 79.17 3.12 55.81 92.00 78.57 27.27 88.24 60.98 68.75 70.97 64.00 69.70 81.48 82.14 56.41 40.00 88.89 0.00 82.14 79.31 23.53 42.86 68.75 68.75 61.90 33.33 41.67 75.00
62.60=95.83 95.24 76.00 80.00 0.00 44.90 87.50 61.90 31.82 78.26 73.53 76.67 60.61 71.43 80.77 68.97 73.53 61.76 47.83 77.27 0.00 88.89 78.57 31.58 41.38 65.00 55.00 64.71 41.67 40.00 90.00
65.17=92.31 100.00 72.00 82.61 3.12 50.00 86.96 59.26 34.78 75.00 66.67 72.41 58.62 75.00 77.42 71.43 82.76 77.78 43.48 77.78 0.00 89.29 77.42 35.29 41.38 61.11 57.89 59.09 47.06 100.00 92.31
63.03=92.31 100.00 79.17 83.33 0.00 48.00 80.77 56.00 50.00 68.18 67.57 91.30 58.97 50.00 79.31 73.33 85.71 73.33 43.48 80.00 0.00 88.89 79.31 20.00 35.48 66.67 62.50 65.00 36.36 57.14 81.82
63.03=92.31 95.65 77.27 86.96 2.63 48.98 95.65 69.57 33.33 78.26 69.44 76.67 60.00 69.23 86.36 75.00 80.00 70.00 34.78 87.50 0.00 85.19 75.00 25.00 40.00 54.17 55.56 61.90 38.46 62.50 66.67
78.69=87.50 80.00 100.00 75.00 80.00 66.67 90.91 33.33 57.14 83.33 100.00 100.00 87.50 75.00 72.73 72.73 100.00 70.00 100.00 100.00 0.00 66.67 100.00 44.44 85.71 100.00 85.71 83.33 75.00 100.00 66.67
83.01=87.50 100.00 85.71 66.67 100.00 66.67 100.00 57.14 80.00 83.33 100.00 87.50 85.71 100.00 87.50 90.00 80.00 100.00 100.00 88.89 0.00 66.67 100.00 66.67 100.00 66.67 100.00 100.00 66.67 100.00 60.00
80.46=100.00 100.00 85.71 75.00 80.00 66.67 100.00 57.14 83.33 100.00 87.50 100.00 70.00 33.33 100.00 100.00 77.78 87.50 100.00 80.00 0.00 50.00 100.00 75.00 88.89 66.67 100.00 71.43 83.33 100.00 75.00
85.46=100.00 100.00 75.00 100.00 100.00 66.67 100.00 66.67 71.43 100.00 100.00 100.00 85.71 100.00 100.00 81.82 88.89 100.00 100.00 70.00 0.00 83.33 85.71 66.67 87.50 40.00 100.00 100.00 100.00 100.00 80.00
85.75=87.50 100.00 100.00 100.00 80.00 58.33 100.00 57.14 100.00 100.00 100.00 85.71 71.43 83.33 80.00 88.89 88.89 100.00 100.00 100.00 0.00 83.33 85.71 85.71 88.89 100.00 75.00 100.00 83.33 100.00 75.00
79.94=87.50 100.00 100.00 75.00 100.00 60.00 100.00 100.00 66.67 100.00 100.00 66.67 87.50 80.00 87.50 81.82 66.67 75.00 100.00 87.50 0.00 71.43 100.00 60.00 83.33 60.00 85.71 85.71 50.00 100.00 60.00
85.78=77.78 83.33 100.00 100.00 100.00 66.67 100.00 100.00 100.00 83.33 100.00 100.00 100.00 80.00 100.00 100.00 80.00 87.50 87.50 100.00 0.00 44.44 100.00 100.00 77.78 75.00 71.43 77.78 66.67 100.00 100.00
84.38=77.78 100.00 100.00 100.00 80.00 53.85 100.00 100.00 100.00 100.00 100.00 77.78 100.00 57.14 100.00 100.00 80.00 100.00 87.50 88.89 0.00 62.50 100.00 50.00 100.00 60.00 85.71 100.00 71.43 83.33 100.00
83.81=77.78 100.00 100.00 50.00 100.00 66.67 100.00 100.00 83.33 83.33 100.00 100.00 100.00 80.00 85.71 100.00 80.00 100.00 75.00 100.00 0.00 80.00 80.00 50.00 71.43 75.00 100.00 100.00 60.00 100.00 100.00
84.37=77.78 100.00 100.00 66.67 100.00 66.67 100.00 100.00 83.33 80.00 87.50 100.00 100.00 100.00 100.00 80.00 72.73 100.00 100.00 100.00 0.00 50.00 100.00 75.00 77.78 60.00 100.00 100.00 54.55 100.00 83.33
59.55=95.83 91.30 75.00 73.08 5.88 46.34 79.17 50.00 31.25 82.35 52.63 75.86 51.22 52.63 67.57 81.48 72.73 70.59 40.91 64.71 0.00 72.73 83.33 33.33 44.00 58.33 47.06 70.59 26.09 70.00 80.00
60.68=92.00 95.24 77.27 80.00 0.00 47.62 80.77 68.42 22.73 66.67 57.14 66.67 51.22 52.38 74.19 84.00 64.71 56.10 48.15 73.33 0.00 76.67 84.62 38.46 29.17 76.47 53.33 68.75 25.00 100.00 70.00
60.79=92.00 100.00 78.26 74.07 0.00 48.94 86.96 86.67 15.38 83.33 63.89 77.78 48.78 47.83 75.00 88.89 65.79 60.53 47.62 56.25 0.00 83.87 83.33 41.67 36.67 61.90 47.37 72.22 26.32 77.78 55.56
62.06=92.00 95.45 81.82 76.00 2.50 45.65 80.00 42.11 20.00 88.89 56.41 74.19 56.10 66.67 81.25 79.31 70.59 70.59 50.00 73.33 0.00 70.59 80.00 36.36 52.17 68.42 69.23 70.59 36.00 60.00 77.78
60.93=92.00 100.00 85.00 80.00 0.00 47.73 84.00 60.00 21.43 93.75 52.78 70.59 51.22 60.00 75.00 92.00 67.65 62.16 47.83 57.89 0.00 72.73 76.67 50.00 48.00 61.90 40.00 80.00 28.57 57.14 72.73
82.25=87.50 100.00 100.00 40.00 80.00 61.54 100.00 50.00 100.00 100.00 100.00 100.00 80.00 100.00 71.43 100.00 100.00 100.00 70.00 85.71 0.00 83.33 100.00 80.00 100.00 33.33 85.71 88.89 66.67 85.71 100.00
81.07=70.00 100.00 100.00 100.00 100.00 66.67 100.00 57.14 100.00 100.00 100.00 100.00 70.00 100.00 62.50 83.33 87.50 100.00 85.71 66.67 0.00 100.00 71.43 83.33 80.00 0.00 100.00 88.89 40.00 100.00 100.00
82.50=87.50 83.33 100.00 100.00 100.00 54.55 100.00 50.00 83.33 100.00 100.00 100.00 80.00 100.00 50.00 83.33 87.50 100.00 100.00 80.00 0.00 100.00 100.00 85.71 81.82 66.67 66.67 80.00 57.14 100.00 80.00
84.77=77.78 100.00 100.00 60.00 100.00 61.54 100.00 80.00 80.00 80.00 100.00 87.50 100.00 100.00 66.67 100.00 100.00 100.00 85.71 100.00 0.00 83.33 100.00 83.33 90.00 60.00 100.00 87.50 44.44 100.00 100.00
84.89=77.78 100.00 100.00 100.00 80.00 61.54 100.00 57.14 100.00 83.33 100.00 77.78 85.71 83.33 66.67 100.00 100.00 100.00 100.00 72.73 0.00 100.00 100.00 85.71 100.00 33.33 100.00 100.00 66.67 100.00 100.00
84.02=87.50 100.00 85.71 66.67 80.00 63.64 90.91 80.00 83.33 66.67 100.00 77.78 85.71 100.00 100.00 100.00 88.89 100.00 100.00 100.00 0.00 66.67 100.00 71.43 100.00 60.00 100.00 88.89 85.71 100.00 75.00
81.04=100.00 100.00 87.50 100.00 80.00 66.67 100.00 50.00 75.00 100.00 77.78 100.00 87.50 66.67 100.00 100.00 100.00 87.50 100.00 87.50 0.00 50.00 60.00 66.67 100.00 66.67 85.71 100.00 57.14 100.00 60.00
78.27=77.78 100.00 100.00 100.00 100.00 70.00 100.00 42.86 50.00 83.33 100.00 66.67 80.00 80.00 66.67 87.50 88.89 100.00 87.50 77.78 0.00 66.67 83.33 100.00 85.71 50.00 83.33 100.00 62.50 85.71 50.00
83.22=87.50 100.00 100.00 100.00 100.00 66.67 81.82 66.67 100.00 100.00 87.50 87.50 75.00 80.00 100.00 100.00 75.00 87.50 85.71 88.89 0.00 62.50 75.00 75.00 100.00 75.00 100.00 87.50 75.00 100.00 60.00
87.10=100.00 100.00 85.71 100.00 100.00 66.67 100.00 66.67 83.33 100.00 87.50 87.50 75.00 100.00 100.00 100.00 80.00 100.00 100.00 100.00 0.00 66.67 71.43 85.71 100.00 75.00 100.00 100.00 83.33 85.71 100.00
61.76=88.46 91.30 77.27 76.92 2.70 51.06 86.36 59.09 23.08 88.24 56.10 63.89 51.61 53.85 72.73 81.48 69.70 69.70 48.15 83.33 0.00 80.65 80.77 35.71 32.14 65.00 50.00 92.86 47.37 71.43 63.64
61.68=87.50 95.45 81.82 76.00 0.00 47.83 86.96 52.63 21.43 82.35 53.85 74.19 56.76 48.00 81.25 82.76 68.57 61.54 47.62 71.43 0.00 73.53 78.57 53.85 40.00 63.64 47.06 77.78 42.11 80.00 77.78
62.11=92.00 100.00 65.38 68.97 0.00 48.89 95.00 63.16 23.81 78.95 53.85 75.86 53.66 52.38 79.31 79.31 64.86 67.57 50.00 66.67 0.00 81.25 79.17 42.86 43.48 75.00 52.94 75.00 28.57 87.50 80.00
61.43=95.45 95.65 72.00 74.07 0.00 52.38 91.30 66.67 18.75 70.00 56.76 75.00 52.63 52.38 73.53 82.14 66.67 63.89 53.85 68.75 0.00 86.21 86.36 45.45 45.83 70.00 53.33 64.71 26.09 77.78 66.67
63.22=96.00 95.24 82.61 76.92 0.00 44.90 79.17 61.90 13.33 94.12 56.76 78.57 54.55 55.56 70.97 86.21 73.53 63.16 47.83 64.71 0.00 75.00 88.00 46.15 52.00 61.90 50.00 93.75 31.58 77.78 87.50
64.02=95.65 100.00 80.95 74.07 0.00 52.27 91.30 82.35 36.00 89.47 68.57 70.37 68.97 60.00 65.00 88.00 68.42 56.41 44.00 70.83 0.00 85.71 80.00 26.32 50.00 66.67 50.00 63.16 33.33 66.67 100.00
64.19=88.89 100.00 73.08 79.17 0.00 46.81 82.14 64.71 47.06 84.21 62.86 86.96 61.11 61.54 78.57 67.74 76.47 60.00 56.52 88.89 0.00 82.76 80.65 28.57 44.44 63.16 61.11 56.52 50.00 83.33 72.73
63.88=88.89 100.00 73.08 79.17 5.88 51.06 87.50 68.42 50.00 84.21 69.44 82.14 62.86 55.00 77.42 80.77 73.53 61.11 40.74 64.00 0.00 82.76 74.19 23.53 48.00 80.00 64.71 68.42 41.67 66.67 75.00
63.13=92.31 100.00 78.26 85.71 0.00 48.98 84.62 66.67 31.82 77.27 73.53 76.92 57.58 72.73 87.50 65.71 70.27 68.75 45.83 77.78 0.00 81.25 82.14 25.00 39.13 59.09 57.89 60.00 27.78 62.50 100.00
62.69=92.31 100.00 82.61 82.61 0.00 51.06 84.62 68.18 35.00 84.21 64.10 78.57 62.86 63.64 74.19 74.19 74.29 64.52 43.48 82.35 0.00 80.00 70.97 25.00 55.56 52.00 45.00 66.67 28.57 80.00 76.92
61.15=100.00 95.45 76.19 79.17 2.63 44.44 79.17 63.16 37.50 88.89 60.00 60.53 51.43 50.00 75.00 84.62 59.46 56.76 40.74 75.00 0.00 69.44 81.82 50.00 38.46 65.00 56.25 66.67 40.91 83.33 63.64
59.58=95.83 100.00 79.17 80.00 0.00 43.75 71.43 57.89 28.57 62.96 57.89 68.75 51.35 57.89 69.70 78.57 64.71 56.41 42.86 58.82 0.00 80.00 88.00 33.33 40.91 65.00 53.85 75.00 31.82 85.71 66.67
60.43=82.14 95.45 69.23 83.33 0.00 46.51 72.00 66.67 25.00 69.57 51.28 85.19 50.00 54.55 66.67 80.65 70.97 58.97 52.38 64.29 0.00 71.43 78.26 42.86 34.78 60.87 53.33 80.00 36.84 100.00 70.00
62.29=92.00 100.00 69.23 80.00 0.00 45.65 84.00 75.00 20.00 63.64 60.00 74.07 51.35 40.00 73.53 73.33 70.59 60.00 52.17 75.00 0.00 75.00 86.96 54.55 33.33 72.22 75.00 84.21 29.17 83.33 77.78
60.14=91.67 95.45 78.26 76.00 0.00 45.65 82.61 64.71 12.50 65.22 58.82 81.48 52.78 55.00 69.70 82.76 64.86 58.54 33.33 52.63 0.00 75.76 87.50 41.67 32.00 66.67 66.67 66.67 33.33 83.33 88.89
81.54=100.00 100.00 87.50 50.00 100.00 61.54 100.00 80.00 62.50 100.00 77.78 100.00 85.71 100.00 88.89 100.00 100.00 87.50 77.78 88.89 0.00 66.67 100.00 66.67 75.00 50.00 100.00 85.71 83.33 85.71 66.67
85.75=100.00 100.00 87.50 100.00 80.00 72.73 100.00 80.00 100.00 100.00 100.00 87.50 85.71 100.00 80.00 100.00 100.00 85.71 100.00 88.89 0.00 83.33 85.71 75.00 100.00 33.33 100.00 77.78 80.00 100.00 75.00
85.28=87.50 100.00 87.50 100.00 80.00 66.67 100.00 80.00 83.33 83.33 87.50 87.50 85.71 80.00 80.00 100.00 100.00 100.00 100.00 100.00 0.00 66.67 83.33 71.43 100.00 100.00 100.00 75.00 83.33 75.00 100.00
81.68=87.50 100.00 100.00 75.00 80.00 61.54 90.91 66.67 80.00 100.00 100.00 100.00 85.71 100.00 66.67 100.00 70.00 100.00 85.71 80.00 0.00 83.33 62.50 66.67 100.00 100.00 100.00 87.50 66.67 85.71 50.00
83.45=75.00 100.00 100.00 100.00 100.00 61.54 100.00 100.00 62.50 100.00 87.50 100.00 87.50 80.00 87.50 100.00 100.00 100.00 71.43 88.89 0.00 66.67 100.00 44.44 100.00 60.00 100.00 88.89 66.67 83.33 75.00
59.49=84.00 100.00 80.95 72.00 0.00 50.00 76.92 57.14 39.13 88.24 57.14 69.70 59.46 54.17 59.46 84.00 76.67 66.67 58.82 56.25 0.00 75.86 80.00 9.09 50.00 55.56 72.22 63.64 38.89 63.64 44.44
59.21=95.65 100.00 80.95 70.83 0.00 45.83 86.96 61.90 22.58 70.00 54.35 69.70 58.33 58.33 75.00 76.00 75.00 54.29 50.00 50.00 0.00 80.00 82.61 6.25 46.67 57.69 72.22 81.25 40.00 71.43 41.67
