59.799618502525206
54.67464093715228
57.57157120924772
58.63583510687483
60.012702288911136
53.585643320823536
57.05912754778403
56.56909645822758
59.35724950349772
60.56843262947953
87.22990271377368
90.09472606246801
93.06963645673322
92.25399152818508
91.14695340501794
79.97242900468707
83.74656705301868
88.0747567844342
84.87681673165545
84.47516641065029
77.452636968766
83.13608434576177
84.17306707629288
90.60547875064003
88.15668202764977
60.93055060428239
60.948873721343496
60.1520820225458
63.42778482183548
64.62737807553705
60.910973129662636
59.31698219420216
61.9999323127433
60.81522516587345
59.315627865447894
84.14571987152631
83.59506085312536
85.86102965135223
84.41244239631338
84.24824279662988
83.44179118372668
77.60357026486058
79.40301633850021
84.48377787087466
84.20477372090274
61.17928779366801
59.78546806266513
60.83185175513795
61.12947665240326
59.92090005855107
83.36341078276561
86.88137131685518
84.73525578364288
83.90262067681425
86.36082555437395
79.71277826116535
84.53637760089374
87.07699110924919
83.1076898012382
86.45748516716259
60.64751539620391
60.66872281040709
61.15230752645224
61.01855544978019
61.3839269868942
79.94716752781268
84.45980542754737
82.74263371037566
87.04163220292251
85.49539170506912
62.19806001186308
62.156276459832284
64.96624114260197
63.80823036489616
64.57282238146301
79.2033772678934
81.91604989992085
81.16301261462552
84.95601173020529
82.35013194690615
78.83500907694456
83.17320672159383
80.28545826932924
81.31720430107526
84.95257430741303
61.01820078824755
61.45788613904976
62.438959186220124
63.11297574098308
61.94963560447947
