87.03230461294979
90.09344598054275
89.08974538006798
87.52141227947679
87.0449890611181
84.15898617511522
87.37199180747568
90.7757296466974
92.19371130661453
93.55990783410138
89.57245263696876
89.7998417353256
89.53242098403388
93.58900060512963
93.46611274030629
94.69406041986687
93.19170972396779
91.33221617092583
93.17797793604244
92.79825908858166
92.80559046688079
93.82872503840245
93.74342503374763
94.71675278126891
93.42899036447425
92.63184843830005
95.26241679467486
91.84925289763999
92.55504352278547
91.65514592933947
92.56353861192571
94.13722478238607
90.87429595494112
93.12083973374295
94.22683051715309
93.58038914490528
91.80619559651817
91.91337336498627
95.8384536610343
94.19959968347067
89.64019851116625
84.96159754224271
89.2455662616953
92.69073220686124
90.93701996927803
93.58550947260625
92.79267327654425
94.30619559651818
94.37403993855608
93.7647209421403
94.18586789554531
93.51254480286738
92.32590885816691
91.53074524042266
93.13340781082717
95.1419727226179
92.8968253968254
95.20679141646885
93.89133268165526
93.52627659079272
95.16129032258064
94.63634036214683
95.98566308243727
93.01203277009729
91.98238141786528
95.71044546850997
95.45698924731182
94.54557091653867
95.26881720430107
94.82718894009216
93.49078341013825
95.23809523809526
94.14874551971326
96.08934971838198
94.96927803379415
94.68766001024065
94.50716845878136
94.15898617511522
95.19329237071173
93.75448028673834
81.14439324116744
87.78673835125448
87.41935483870968
85.26113671274962
88.06451612903226
92.06989247311827
90.75268817204302
96.74347158218127
88.76344086021506
91.93548387096774
90.4032258064516
90.21505376344085
94.59293394777265
86.55529953917049
92.11981566820276
90.88709677419355
90.10752688172042
92.57168458781362
91.1290322580645
90.50691244239631
89.99999999999999
89.00537634408602
95.1305683563748
91.34408602150538
93.33333333333333
90.64516129032258
90.23809523809524
89.59293394777265
90.75268817204302
90.16129032258064
89.6774193548387
89.73118279569891
90.56067588325654
94.03225806451613
91.29032258064517
91.12903225806451
90.96390168970814
92.09677419354838
92.36559139784946
91.36712749615975
87.7956989247312
88.27956989247312
85.75268817204302
93.08755760368663
85.94086021505376
85.07680491551459
86.56938044034818
86.67434715821814
87.87250384024578
87.25806451612904
94.62365591397848
87.15053763440861
86.89964157706093
88.97849462365592
91.03686635944702
91.3978494623656
90.86021505376345
87.63440860215053
86.34408602150538
89.24731182795698
90.53763440860214
88.06451612903226
88.0568356374808
93.17204301075267
91.82027649769586
88.87096774193549
89.78494623655915
91.22887864823349
91.3978494623656
91.3978494623656
91.3978494623656
86.82795698924733
90.64516129032258
90.86021505376344
89.89247311827958
90.75268817204302
88.44086021505377
89.32411674347159
86.37096774193549
89.93855606758832
86.66236093655449
88.65079365079367
88.27188940092167
84.86303123399897
88.54163757389564
89.02969790066565
89.57745659358564
86.33128520225294
87.82130056323605
90.46338965693805
93.15249266862169
89.14874551971327
90.53763440860216
91.74603174603176
89.01561699948797
90.75594656239817
92.52560163850487
91.80875576036867
91.59626216077828
91.66748126425544
90.46594982078854
92.29134664618536
91.22119815668204
92.81618023553509
90.74686961783736
91.06374807987713
87.58704557091654
93.34229390681004
89.95903737839222
90.72871572871571
92.59682074198203
92.6850300237397
91.11751152073732
91.33512544802866
93.2078853046595
90.14336917562726
92.46031746031747
91.12519201228878
92.5358422939068
89.86431131592423
88.54838709677419
85.39938556067588
85.5657962109575
88.10035842293907
86.55145929339477
87.36303123399897
85.25089605734766
91.91756272401435
83.79032258064517
83.54838709677419
86.74731182795698
87.68817204301077
90.0268817204301
88.2258064516129
84.78494623655915
86.82795698924731
91.58602150537634
89.38172043010752
88.24500768049155
86.18791602662571
88.62007168458781
87.93010752688171
87.66129032258064
89.81182795698925
87.73297491039426
86.4336917562724
87.76497695852535
88.49462365591398
91.55913978494623
89.62365591397848
90.40322580645162
87.98387096774194
90.59139784946235
90.26881720430107
90.96774193548386
91.7626728110599
90.61827956989247
91.18279569892472
91.72043010752687
90.10752688172042
