59.80=91.67 100.00 81.82 82.61 2.50 55.26 76.92 73.68 29.63 81.25 52.63 88.46 57.58 39.13 73.91 80.77 73.33 70.00 56.25 76.47 30.77 79.31 80.77 31.25 33.33 53.12 41.18 40.00 33.33 50.00 36.84
54.24=75.00 91.30 62.96 83.33 2.86 40.00 80.00 55.56 29.41 75.00 67.74 78.57 41.94 27.78 76.19 65.71 70.97 70.37 28.57 63.64 0.00 76.67 61.11 37.50 26.47 48.00 63.64 43.75 42.86 50.00 44.44
54.73=88.00 95.45 73.08 68.97 0.00 45.28 90.91 50.00 30.77 73.68 50.00 88.00 50.00 42.86 84.00 67.65 70.59 63.89 33.33 72.22 0.00 77.42 75.00 33.33 42.86 48.15 53.85 64.29 31.25 0.00 31.82
56.78=81.48 91.30 78.26 71.43 2.13 44.90 72.73 61.11 26.67 87.50 57.89 81.48 51.35 27.27 75.00 75.86 72.41 74.19 52.63 58.82 0.00 71.88 79.17 33.33 35.00 46.67 46.67 57.14 26.67 55.56 63.64
58.87=96.00 100.00 76.00 70.37 0.00 45.10 80.77 59.09 41.67 100.00 57.14 76.67 48.65 40.00 80.77 75.76 77.78 64.86 56.25 52.94 0.00 78.12 84.00 44.44 34.62 58.33 36.84 55.00 40.00 40.00 53.85
53.59=95.24 100.00 78.26 75.00 3.33 56.10 76.92 50.00 16.67 43.33 73.33 87.50 78.12 57.14 25.00 79.17 74.19 66.67 15.00 55.00 15.38 86.36 78.26 9.09 29.63 45.45 61.90 22.22 23.53 50.00 33.33
52.74=90.48 100.00 80.95 61.29 0.00 45.28 90.91 56.00 18.18 63.64 60.00 76.00 58.06 55.56 35.00 68.00 68.57 70.97 33.33 52.38 0.00 82.14 72.00 5.00 30.43 57.69 55.56 64.29 9.09 38.46 35.71
54.58=100.00 100.00 72.00 67.86 0.00 46.30 90.48 44.83 26.92 81.25 73.53 63.89 73.33 75.00 20.00 76.00 58.54 70.00 33.33 47.62 0.00 70.37 88.89 11.76 45.45 48.48 59.09 55.00 15.79 36.36 40.00
55.84=100.00 100.00 95.00 70.83 0.00 43.10 95.00 60.87 33.33 75.00 58.14 65.71 68.75 47.83 35.29 76.19 72.73 68.75 31.58 55.56 0.00 78.57 86.36 6.67 22.73 57.14 61.90 75.00 15.00 42.86 31.25
56.97=91.30 100.00 89.47 60.00 0.00 42.37 90.48 54.55 25.00 81.25 56.82 67.65 65.62 55.56 44.44 66.67 77.42 62.86 31.58 63.16 0.00 88.46 77.78 5.00 35.71 60.00 71.43 87.50 20.00 55.56 38.46
87.23=100.00 100.00 87.50 100.00 100.00 100.00 100.00 80.00 57.14 83.33 77.78 100.00 66.67 71.43 88.89 80.00 88.89 100.00 100.00 100.00 100.00 100.00 100.00 100.00 66.67 60.00 100.00 75.00 62.50 75.00 83.33
89.64=100.00 100.00 87.50 100.00 50.00 88.89 100.00 66.67 100.00 83.33 100.00 100.00 85.71 62.50 87.50 90.00 100.00 100.00 100.00 100.00 100.00 60.00 77.78 83.33 88.89 100.00 100.00 100.00 83.33 100.00 83.33
92.32=100.00 100.00 87.50 100.00 80.00 88.89 100.00 80.00 100.00 100.00 77.78 100.00 85.71 100.00 100.00 84.62 87.50 100.00 100.00 100.00 100.00 83.33 87.50 66.67 100.00 100.00 85.71 100.00 66.67 100.00 100.00
91.21=100.00 100.00 85.71 100.00 100.00 88.89 90.91 57.14 71.43 83.33 100.00 100.00 83.33 83.33 100.00 90.00 88.89 100.00 100.00 88.89 100.00 80.00 100.00 83.33 100.00 100.00 100.00 100.00 85.71 100.00 66.67
90.38=100.00 100.00 87.50 100.00 100.00 100.00 100.00 66.67 66.67 100.00 100.00 100.00 77.78 100.00 87.50 100.00 100.00 100.00 100.00 72.73 100.00 100.00 100.00 75.00 100.00 66.67 100.00 87.50 71.43 62.50 80.00
77.79=77.78 100.00 77.78 75.00 75.00 50.00 100.00 75.00 83.33 100.00 100.00 77.78 88.89 100.00 83.33 90.91 87.50 77.78 80.00 100.00 0.00 60.00 100.00 71.43 50.00 40.00 80.00 100.00 66.67 83.33 60.00
84.52=77.78 100.00 100.00 75.00 60.00 54.55 100.00 66.67 83.33 100.00 100.00 87.50 100.00 100.00 100.00 100.00 88.89 100.00 85.71 88.89 0.00 100.00 100.00 83.33 72.73 33.33 100.00 100.00 62.50 100.00 100.00
85.73=100.00 100.00 100.00 100.00 100.00 58.33 100.00 80.00 100.00 100.00 100.00 77.78 85.71 100.00 71.43 83.33 87.50 100.00 85.71 87.50 0.00 100.00 100.00 83.33 61.54 40.00 100.00 88.89 66.67 100.00 100.00
83.64=77.78 80.00 100.00 100.00 100.00 58.33 100.00 60.00 100.00 100.00 100.00 85.71 100.00 100.00 66.67 100.00 100.00 87.50 83.33 77.78 0.00 100.00 80.00 83.33 87.50 16.67 100.00 87.50 75.00 85.71 100.00
83.60=87.50 100.00 100.00 75.00 100.00 53.85 100.00 57.14 83.33 100.00 100.00 87.50 100.00 80.00 80.00 87.50 80.00 87.50 100.00 100.00 0.00 100.00 100.00 83.33 88.89 37.50 100.00 100.00 62.50 100.00 60.00
78.29=53.85 100.00 100.00 66.67 100.00 58.33 100.00 66.67 83.33 100.00 100.00 87.50 88.89 66.67 100.00 91.67 75.00 87.50 100.00 100.00 0.00 71.43 100.00 33.33 60.00 75.00 85.71 70.00 45.45 100.00 60.00
83.71=70.00 100.00 100.00 100.00 100.00 66.67 90.91 100.00 100.00 83.33 87.50 100.00 88.89 60.00 100.00 90.91 80.00 100.00 100.00 100.00 0.00 71.43 100.00 57.14 71.43 100.00 85.71 88.89 55.56 80.00 66.67
83.17=63.64 100.00 100.00 60.00 80.00 61.54 88.89 100.00 100.00 100.00 100.00 100.00 85.71 100.00 100.00 78.57 72.73 100.00 100.00 100.00 0.00 83.33 100.00 75.00 57.14 75.00 100.00 80.00 66.67 100.00 50.00
86.65=87.50 100.00 100.00 100.00 100.00 70.00 100.00 80.00 100.00 100.00 87.50 87.50 100.00 80.00 100.00 66.67 80.00 87.50 100.00 100.00 0.00 80.00 87.50 80.00 75.00 100.00 100.00 88.89 62.50 85.71 100.00
85.29=87.50 100.00 100.00 75.00 66.67 63.64 100.00 100.00 100.00 83.33 87.50 100.00 100.00 100.00 88.89 90.91 80.00 85.71 100.00 80.00 0.00 100.00 87.50 100.00 83.33 75.00 83.33 87.50 71.43 100.00 66.67
62.54=100.00 100.00 100.00 90.48 0.00 50.00 95.24 72.22 34.62 88.24 70.97 84.00 67.86 65.38 74.07 75.00 70.27 53.49 31.82 88.89 0.00 88.89 84.62 28.57 31.25 54.17 61.11 58.62 35.00 53.33 30.77
59.19=84.00 100.00 93.33 86.96 2.56 44.44 95.65 55.56 21.74 88.89 62.16 86.36 56.25 56.00 66.67 67.65 67.57 43.75 52.17 77.78 0.00 96.15 88.46 27.78 21.43 68.75 38.10 62.50 33.33 66.67 22.22
59.61=95.83 100.00 80.95 90.91 0.00 53.49 74.07 55.00 36.00 88.89 61.54 78.57 62.07 50.00 77.78 62.50 72.73 45.65 37.93 77.78 0.00 82.76 87.50 11.76 56.25 61.11 44.00 69.57 30.77 62.50 40.00
60.39=84.62 100.00 85.71 73.08 0.00 52.27 92.00 72.73 29.17 88.24 70.59 65.52 64.29 70.83 70.97 72.73 83.87 45.65 39.29 88.24 0.00 86.67 84.00 26.09 35.71 73.33 43.48 70.00 14.29 55.56 33.33
62.26=92.00 95.45 81.82 79.17 2.94 48.98 95.65 68.00 45.45 93.75 68.57 77.78 66.67 58.33 72.41 70.97 86.21 52.27 38.46 87.50 0.00 80.00 85.19 23.53 40.00 64.71 57.14 87.50 22.22 60.00 27.27
59.12=88.46 100.00 66.67 76.92 0.00 45.10 80.00 75.00 26.32 84.62 59.38 75.86 52.63 46.43 54.29 76.92 71.88 65.71 42.86 56.25 0.00 79.31 76.00 50.00 43.75 58.33 38.10 85.71 40.00 62.50 53.85
58.75=87.50 91.30 75.00 68.97 0.00 48.89 80.00 57.89 26.09 88.24 57.14 73.33 58.82 52.38 80.77 81.48 57.89 66.67 40.00 57.89 0.00 71.43 70.37 46.67 22.22 70.00 43.48 85.71 23.53 100.00 37.50
59.42=88.89 91.30 78.26 74.07 0.00 46.00 90.91 81.25 15.00 93.33 54.76 65.62 47.06 46.15 64.71 77.78 62.86 58.54 55.00 80.00 0.00 85.19 84.00 41.67 35.29 61.90 47.06 68.75 30.00 66.67 50.00
59.54=81.48 95.45 69.23 71.43 0.00 47.73 73.91 81.25 10.00 78.95 56.41 76.67 48.78 52.63 71.88 72.41 67.65 61.54 47.83 75.00 0.00 85.19 84.00 46.67 29.17 72.22 50.00 63.16 37.50 87.50 50.00
59.97=91.67 100.00 70.37 80.00 0.00 41.18 73.08 78.57 15.38 78.95 57.89 76.67 52.63 63.16 68.75 76.67 70.00 63.16 38.89 90.91 0.00 76.67 77.78 40.00 17.65 66.67 57.14 72.22 30.00 71.43 61.54
86.32=77.78 100.00 100.00 100.00 66.67 60.00 100.00 100.00 100.00 83.33 100.00 87.50 83.33 71.43 77.78 100.00 77.78 100.00 77.78 87.50 0.00 100.00 100.00 66.67 75.00 100.00 100.00 100.00 83.33 100.00 100.00
83.93=70.00 100.00 100.00 100.00 100.00 60.00 100.00 100.00 83.33 100.00 87.50 100.00 100.00 71.43 100.00 84.62 66.67 80.00 85.71 88.89 0.00 100.00 100.00 60.00 62.50 100.00 85.71 100.00 55.56 100.00 60.00
86.21=77.78 100.00 100.00 66.67 100.00 66.67 100.00 100.00 71.43 100.00 100.00 87.50 100.00 80.00 100.00 100.00 66.67 100.00 100.00 87.50 0.00 100.00 100.00 66.67 87.50 42.86 100.00 100.00 71.43 100.00 100.00
84.78=87.50 100.00 100.00 100.00 100.00 70.00 100.00 75.00 100.00 83.33 77.78 75.00 100.00 62.50 100.00 100.00 88.89 100.00 100.00 88.89 0.00 100.00 85.71 75.00 87.50 60.00 100.00 88.89 55.56 83.33 83.33
84.89=70.00 100.00 100.00 100.00 100.00 66.67 100.00 80.00 100.00 100.00 87.50 100.00 87.50 83.33 100.00 90.91 75.00 100.00 100.00 100.00 0.00 100.00 100.00 50.00 70.00 75.00 83.33 100.00 62.50 50.00 100.00
84.16=70.00 100.00 100.00 75.00 100.00 72.73 100.00 50.00 100.00 100.00 87.50 70.00 71.43 100.00 100.00 100.00 100.00 87.50 100.00 77.78 0.00 83.33 83.33 85.71 88.89 20.00 100.00 100.00 85.71 100.00 100.00
81.10=55.56 100.00 100.00 75.00 80.00 58.33 100.00 44.44 83.33 100.00 87.50 87.50 88.89 100.00 62.50 87.50 88.89 100.00 85.71 80.00 0.00 100.00 100.00 80.00 100.00 33.33 100.00 85.71 50.00 100.00 100.00
83.73=87.50 100.00 100.00 75.00 100.00 60.00 100.00 37.50 83.33 83.33 100.00 100.00 88.89 100.00 70.00 100.00 100.00 100.00 100.00 88.89 0.00 100.00 80.00 71.43 62.50 75.00 85.71 100.00 71.43 100.00 75.00
76.65=77.78 100.00 100.00 75.00 57.14 61.54 100.00 50.00 57.14 83.33 100.00 75.00 71.43 100.00 72.73 77.78 87.50 87.50 87.50 72.73 0.00 83.33 100.00 71.43 100.00 100.00 100.00 66.67 75.00 85.71 0.00
82.14=87.50 100.00 100.00 75.00 100.00 63.64 100.00 44.44 83.33 71.43 100.00 100.00 88.89 100.00 66.67 87.50 100.00 87.50 100.00 80.00 0.00 75.00 100.00 71.43 88.89 40.00 100.00 100.00 60.00 100.00 75.00
59.46=85.19 100.00 78.26 63.33 5.88 46.15 73.08 68.42 33.33 88.89 52.63 80.00 56.10 71.43 73.33 78.57 66.67 61.54 42.86 52.94 0.00 75.86 80.00 38.46 28.57 59.09 38.89 90.91 33.33 57.14 62.50
59.05=88.46 100.00 80.95 74.07 0.00 45.28 66.67 57.14 21.05 87.50 56.67 74.19 50.00 50.00 68.97 80.77 57.50 61.11 38.10 43.48 0.00 73.53 86.96 45.45 27.27 71.43 47.37 87.50 38.10 87.50 63.64
61.63=75.86 100.00 72.00 66.67 0.00 51.11 76.00 75.00 20.00 84.21 60.00 69.70 50.00 47.37 79.31 80.00 68.57 65.71 47.83 58.82 0.00 83.33 74.07 70.00 37.50 56.00 61.54 86.67 44.00 85.71 63.64
60.85=95.83 100.00 72.00 76.00 0.00 46.67 74.07 68.75 20.00 93.33 61.76 82.14 51.28 50.00 66.67 80.00 66.67 61.11 40.00 45.00 0.00 83.33 88.46 38.46 45.45 65.22 52.94 100.00 35.00 62.50 63.64
60.16=88.89 100.00 70.37 70.37 0.00 40.82 84.00 90.91 20.00 77.78 57.89 77.78 50.00 41.67 74.07 79.31 65.71 64.10 60.00 47.62 0.00 80.00 84.00 43.75 28.57 65.22 46.67 66.67 31.58 71.43 85.71
81.48=70.00 100.00 100.00 75.00 80.00 66.67 100.00 80.00 50.00 83.33 87.50 85.71 83.33 83.33 87.50 100.00 72.73 85.71 100.00 100.00 0.00 75.00 100.00 60.00 100.00 75.00 100.00 100.00 50.00 100.00 75.00
85.98=87.50 100.00 100.00 100.00 100.00 72.73 100.00 100.00 83.33 83.33 87.50 100.00 100.00 83.33 77.78 100.00 80.00 87.50 100.00 100.00 0.00 100.00 100.00 60.00 88.89 60.00 100.00 80.00 50.00 83.33 100.00
84.57=70.00 100.00 100.00 100.00 100.00 63.64 100.00 66.67 71.43 100.00 87.50 87.50 100.00 100.00 87.50 90.91 80.00 75.00 100.00 100.00 0.00 100.00 100.00 66.67 85.71 75.00 100.00 87.50 60.00 100.00 66.67
84.08=70.00 100.00 100.00 66.67 80.00 70.00 100.00 100.00 83.33 83.33 87.50 87.50 100.00 100.00 80.00 84.62 80.00 100.00 100.00 100.00 0.00 83.33 100.00 66.67 71.43 75.00 100.00 100.00 57.14 100.00 80.00
85.47=77.78 100.00 100.00 100.00 80.00 66.67 100.00 100.00 83.33 100.00 75.00 85.71 87.50 83.33 100.00 100.00 77.78 83.33 87.50 100.00 0.00 83.33 100.00 80.00 75.00 100.00 100.00 100.00 60.00 83.33 80.00
81.26=63.64 100.00 100.00 66.67 60.00 60.00 100.00 50.00 100.00 83.33 100.00 100.00 80.00 80.00 57.14 100.00 88.89 83.33 100.00 88.89 0.00 100.00 100.00 100.00 100.00 33.33 66.67 100.00 57.14 100.00 100.00
82.69=85.71 100.00 100.00 75.00 100.00 53.33 100.00 66.67 33.33 83.33 100.00 85.71 100.00 100.00 85.71 100.00 88.89 87.50 100.00 77.78 0.00 80.00 100.00 71.43 100.00 20.00 85.71 100.00 83.33 100.00 100.00
86.03=87.50 100.00 100.00 100.00 100.00 53.33 100.00 66.67 100.00 71.43 100.00 100.00 100.00 100.00 54.55 88.89 100.00 87.50 100.00 88.89 0.00 100.00 83.33 85.71 100.00 50.00 85.71 100.00 80.00 100.00 83.33
82.45=70.00 100.00 100.00 100.00 100.00 66.67 100.00 66.67 50.00 100.00 100.00 87.50 87.50 100.00 77.78 100.00 87.50 100.00 100.00 72.73 0.00 83.33 100.00 80.00 100.00 0.00 100.00 100.00 42.86 83.33 100.00
87.23=87.50 100.00 100.00 75.00 100.00 61.54 100.00 66.67 100.00 100.00 100.00 100.00 88.89 100.00 77.78 90.00 100.00 77.78 100.00 80.00 0.00 100.00 100.00 85.71 100.00 33.33 100.00 100.00 80.00 100.00 100.00
59.86=92.00 95.45 69.23 64.52 0.00 47.92 83.33 84.62 14.29 82.35 52.50 63.89 52.78 59.09 72.41 78.57 68.75 61.11 45.83 76.92 0.00 79.31 84.00 33.33 33.33 72.22 38.10 73.68 35.00 55.56 85.71
59.93=96.00 100.00 75.00 74.07 0.00 45.10 74.07 81.82 15.79 88.24 51.22 77.42 54.29 54.55 67.74 74.07 66.67 57.89 50.00 62.50 0.00 73.53 88.00 42.11 31.58 73.68 45.00 75.00 25.00 87.50 50.00
60.58=88.00 95.65 81.82 80.00 0.00 48.98 82.61 72.22 5.26 86.67 48.84 82.76 54.29 55.00 65.62 67.57 65.71 62.16 54.55 57.89 0.00 73.33 73.33 35.71 41.18 82.35 50.00 71.43 29.41 80.00 85.71
59.58=100.00 100.00 79.17 70.37 0.00 42.86 84.00 75.00 20.00 80.00 55.26 77.78 48.72 60.87 75.86 76.67 76.67 59.52 42.11 56.25 0.00 86.21 84.62 43.75 12.50 66.67 58.82 66.67 36.84 63.64 46.15
60.60=96.00 95.45 81.82 68.97 0.00 46.00 90.91 73.33 22.22 93.75 51.22 76.67 51.43 52.63 70.97 75.86 75.00 59.52 53.57 66.67 0.00 72.22 86.36 26.32 42.11 60.87 50.00 72.73 27.78 71.43 66.67
81.64=87.50 100.00 87.50 75.00 100.00 66.67 100.00 80.00 50.00 100.00 100.00 100.00 55.56 100.00 87.50 75.00 88.89 100.00 85.71 88.89 0.00 57.14 100.00 83.33 71.43 66.67 100.00 77.78 71.43 100.00 75.00
83.21=87.50 100.00 87.50 100.00 100.00 63.64 100.00 50.00 100.00 71.43 87.50 77.78 100.00 100.00 72.73 100.00 100.00 100.00 100.00 100.00 0.00 50.00 66.67 62.50 100.00 66.67 85.71 100.00 83.33 100.00 66.67
79.99=100.00 100.00 75.00 75.00 100.00 63.64 83.33 66.67 62.50 83.33 100.00 77.78 62.50 80.00 77.78 100.00 88.89 100.00 100.00 72.73 0.00 80.00 100.00 66.67 100.00 66.67 80.00 85.71 71.43 100.00 60.00
82.54=100.00 100.00 75.00 100.00 66.67 50.00 90.91 66.67 57.14 100.00 87.50 100.00 87.50 100.00 60.00 81.82 100.00 100.00 100.00 100.00 0.00 71.43 100.00 62.50 100.00 60.00 100.00 100.00 83.33 83.33 75.00
81.81=100.00 100.00 85.71 100.00 75.00 66.67 90.91 80.00 83.33 100.00 87.50 100.00 80.00 83.33 88.89 88.89 88.89 77.78 87.50 87.50 0.00 83.33 75.00 62.50 100.00 66.67 83.33 80.00 83.33 100.00 50.00
61.94=80.00 95.45 80.95 79.17 2.38 48.00 100.00 81.82 23.08 88.89 59.52 77.78 69.23 66.67 64.52 64.71 74.19 56.10 40.00 84.21 0.00 78.57 76.67 21.05 28.57 57.89 63.16 81.25 33.33 55.56 87.50
62.88=95.83 100.00 75.00 76.92 0.00 47.83 84.62 68.42 30.43 81.82 72.22 79.31 66.67 80.00 87.50 57.58 71.43 55.00 44.44 80.95 0.00 88.46 80.00 33.33 45.00 66.67 55.00 65.00 37.50 60.00 62.50
64.81=91.67 100.00 66.67 90.48 3.23 48.98 95.24 69.57 39.13 88.89 69.70 75.00 62.96 73.91 68.75 64.86 77.42 60.00 39.29 93.33 0.00 92.31 82.14 22.73 47.83 59.09 55.56 59.09 40.00 71.43 100.00
60.92=100.00 100.00 76.00 80.77 0.00 51.11 83.33 65.00 36.36 72.73 64.86 87.50 62.50 45.83 79.31 63.64 82.76 52.38 48.00 80.00 0.00 82.76 82.14 20.00 35.29 63.16 58.82 73.68 26.32 57.14 57.14
61.42=92.31 95.45 72.73 82.61 2.50 52.17 88.00 63.16 32.00 85.71 71.43 73.33 62.07 64.00 82.61 68.75 75.00 58.33 31.03 88.24 0.00 85.71 82.76 22.22 35.00 55.00 55.56 73.91 28.57 57.14 66.67
79.38=87.50 80.00 100.00 100.00 80.00 66.67 90.91 33.33 62.50 83.33 100.00 100.00 87.50 75.00 80.00 88.89 100.00 70.00 85.71 100.00 0.00 57.14 80.00 50.00 100.00 100.00 75.00 85.71 75.00 100.00 66.67
83.47=77.78 100.00 100.00 50.00 100.00 66.67 100.00 57.14 40.00 100.00 100.00 100.00 88.89 100.00 100.00 100.00 80.00 100.00 100.00 88.89 0.00 80.00 100.00 75.00 100.00 50.00 100.00 100.00 83.33 100.00 50.00
83.15=100.00 100.00 85.71 75.00 80.00 66.67 100.00 66.67 62.50 100.00 87.50 100.00 77.78 75.00 100.00 100.00 87.50 87.50 85.71 87.50 0.00 57.14 100.00 75.00 85.71 100.00 85.71 85.71 83.33 100.00 80.00
86.16=100.00 100.00 85.71 100.00 100.00 66.67 100.00 80.00 71.43 100.00 100.00 100.00 100.00 100.00 100.00 81.82 88.89 87.50 100.00 70.00 0.00 100.00 85.71 60.00 87.50 40.00 85.71 100.00 100.00 100.00 80.00
84.05=77.78 100.00 100.00 100.00 80.00 58.33 100.00 66.67 57.14 100.00 77.78 85.71 75.00 83.33 88.89 88.89 87.50 100.00 100.00 100.00 0.00 83.33 100.00 85.71 85.71 100.00 85.71 85.71 85.71 100.00 66.67
80.25=100.00 100.00 100.00 60.00 100.00 55.56 100.00 80.00 66.67 100.00 87.50 66.67 88.89 62.50 100.00 80.00 72.73 75.00 100.00 100.00 0.00 100.00 100.00 50.00 80.00 60.00 85.71 100.00 83.33 83.33 50.00
83.37=77.78 83.33 100.00 75.00 100.00 61.54 100.00 100.00 80.00 83.33 100.00 100.00 87.50 80.00 100.00 100.00 72.73 87.50 100.00 100.00 0.00 50.00 100.00 100.00 85.71 75.00 83.33 77.78 57.14 100.00 66.67
81.87=77.78 100.00 100.00 100.00 66.67 50.00 100.00 100.00 83.33 100.00 100.00 75.00 100.00 50.00 100.00 100.00 72.73 100.00 87.50 88.89 0.00 83.33 100.00 50.00 83.33 60.00 85.71 85.71 66.67 71.43 100.00
83.63=77.78 100.00 100.00 50.00 100.00 66.67 100.00 80.00 71.43 83.33 100.00 100.00 100.00 50.00 100.00 100.00 80.00 77.78 100.00 88.89 0.00 66.67 75.00 100.00 75.00 100.00 100.00 100.00 75.00 100.00 75.00
84.70=77.78 100.00 100.00 75.00 100.00 63.64 100.00 100.00 71.43 80.00 87.50 100.00 100.00 100.00 100.00 90.00 72.73 100.00 87.50 100.00 0.00 66.67 85.71 100.00 66.67 75.00 100.00 100.00 54.55 100.00 71.43
60.22=95.83 95.45 75.00 76.00 0.00 46.81 73.08 66.67 28.57 87.50 52.63 81.48 56.76 68.18 64.86 81.48 72.73 58.54 43.48 62.50 0.00 80.00 80.00 29.41 38.10 61.54 47.06 83.33 30.43 75.00 54.55
59.43=92.00 100.00 73.91 74.07 0.00 47.62 80.77 72.22 22.73 65.00 51.35 62.86 54.05 44.00 73.33 84.62 62.86 60.53 48.15 58.82 0.00 82.14 88.00 35.71 28.57 81.25 53.33 65.00 21.05 100.00 58.33
60.39=92.00 100.00 73.91 74.07 0.00 48.98 83.33 70.59 11.11 93.75 63.89 80.77 50.00 52.17 74.19 82.76 69.44 54.76 58.33 50.00 0.00 83.33 80.77 35.71 36.84 65.00 50.00 81.25 30.00 75.00 50.00
61.18=95.65 95.45 72.00 73.08 0.00 48.89 80.00 50.00 7.14 94.12 61.11 76.67 53.85 50.00 69.44 79.31 70.59 64.86 48.15 66.67 0.00 75.00 75.00 41.67 52.63 65.00 66.67 72.22 36.00 77.78 77.78
59.11=91.67 100.00 75.00 74.07 0.00 47.73 83.33 66.67 21.05 87.50 46.34 70.59 50.00 52.38 80.00 81.48 68.75 62.16 48.00 64.71 0.00 74.19 85.19 46.67 42.11 65.00 42.86 77.27 30.00 44.44 53.33
82.42=70.00 100.00 100.00 60.00 80.00 57.14 100.00 57.14 57.14 100.00 100.00 100.00 100.00 100.00 75.00 100.00 88.89 100.00 77.78 85.71 0.00 80.00 100.00 83.33 100.00 40.00 85.71 100.00 57.14 100.00 100.00
80.12=63.64 100.00 100.00 100.00 100.00 66.67 100.00 57.14 62.50 100.00 100.00 100.00 77.78 83.33 66.67 100.00 87.50 100.00 85.71 66.67 0.00 100.00 57.14 83.33 100.00 0.00 85.71 100.00 40.00 100.00 100.00
83.88=100.00 83.33 100.00 100.00 100.00 54.55 100.00 42.86 71.43 100.00 100.00 100.00 88.89 100.00 50.00 80.00 87.50 100.00 100.00 100.00 0.00 100.00 100.00 85.71 100.00 60.00 66.67 88.89 57.14 100.00 83.33
86.17=77.78 100.00 100.00 60.00 100.00 61.54 100.00 80.00 57.14 100.00 100.00 87.50 100.00 100.00 75.00 87.50 100.00 100.00 85.71 100.00 0.00 83.33 100.00 85.71 100.00 50.00 100.00 100.00 80.00 100.00 100.00
82.97=70.00 100.00 100.00 75.00 80.00 58.33 100.00 66.67 100.00 83.33 100.00 70.00 100.00 100.00 70.00 80.00 100.00 100.00 100.00 88.89 0.00 75.00 100.00 75.00 100.00 60.00 100.00 100.00 60.00 100.00 60.00
84.85=100.00 100.00 85.71 100.00 80.00 63.64 90.91 66.67 62.50 80.00 100.00 87.50 77.78 100.00 100.00 100.00 88.89 87.50 100.00 100.00 0.00 100.00 100.00 71.43 100.00 60.00 100.00 77.78 75.00 100.00 75.00
79.54=100.00 100.00 87.50 100.00 100.00 66.67 90.91 75.00 75.00 100.00 77.78 100.00 87.50 62.50 100.00 100.00 100.00 70.00 87.50 77.78 0.00 62.50 60.00 57.14 100.00 66.67 85.71 83.33 66.67 85.71 40.00
79.44=77.78 100.00 100.00 100.00 100.00 58.33 90.91 42.86 28.57 83.33 100.00 71.43 100.00 100.00 85.71 87.50 87.50 100.00 87.50 77.78 0.00 80.00 85.71 100.00 100.00 50.00 71.43 100.00 71.43 75.00 50.00
80.97=100.00 100.00 85.71 100.00 66.67 66.67 81.82 66.67 57.14 100.00 87.50 100.00 77.78 80.00 100.00 100.00 87.50 85.71 100.00 100.00 0.00 71.43 50.00 66.67 100.00 60.00 100.00 87.50 71.43 100.00 60.00
84.29=100.00 100.00 85.71 100.00 100.00 66.67 90.00 66.67 57.14 100.00 87.50 87.50 70.00 100.00 100.00 100.00 80.00 100.00 100.00 88.89 0.00 80.00 80.00 71.43 100.00 66.67 85.71 100.00 83.33 85.71 80.00
60.70=85.19 95.45 81.82 76.92 2.63 50.00 82.61 66.67 13.33 93.75 57.50 68.75 52.94 55.56 69.70 79.31 63.89 61.54 46.67 83.33 0.00 85.19 81.48 37.50 29.41 76.47 40.00 92.86 33.33 62.50 55.56
60.49=87.50 91.30 81.82 76.00 0.00 47.06 86.96 60.00 18.75 82.35 55.00 71.88 56.76 54.17 70.97 82.76 66.67 64.86 46.15 66.67 0.00 73.53 88.00 46.15 26.67 65.00 44.44 84.62 42.86 72.73 63.64
62.72=100.00 95.24 60.71 67.86 0.00 47.83 100.00 55.56 23.81 83.33 50.00 79.31 53.85 55.00 81.48 79.31 63.89 62.50 58.33 63.16 0.00 80.00 76.92 46.67 50.00 70.59 58.82 86.67 31.58 80.00 81.82
61.52=95.45 95.45 66.67 67.86 2.78 50.00 82.61 65.22 17.39 73.68 57.89 80.00 59.46 52.17 70.59 84.62 66.67 57.89 55.17 68.75 0.00 85.71 90.48 37.50 35.71 73.68 66.67 75.00 30.43 66.67 75.00
62.49=96.00 100.00 82.61 66.67 0.00 46.00 83.33 68.75 14.29 100.00 56.76 72.41 56.10 47.37 72.41 86.21 72.73 58.14 48.00 66.67 0.00 72.73 87.50 37.50 52.94 65.00 50.00 93.75 33.33 62.50 87.50
65.73=95.45 95.45 72.00 76.92 0.00 50.00 95.45 78.57 35.71 100.00 77.42 73.08 74.07 75.00 57.50 88.00 73.53 52.27 43.33 84.21 0.00 88.46 88.89 23.81 68.75 57.89 47.62 75.00 26.67 62.50 100.00
61.38=92.31 95.24 73.08 76.00 0.00 47.83 85.19 69.23 31.82 89.47 62.86 90.48 60.61 69.57 65.62 65.62 73.53 50.00 38.71 88.89 0.00 80.65 89.29 22.22 36.84 61.11 50.00 69.57 50.00 60.00 57.14
63.12=88.46 100.00 63.33 86.36 2.78 50.00 91.30 69.23 47.37 80.95 69.44 81.48 68.00 72.73 76.67 65.62 73.53 47.83 35.71 57.69 0.00 85.71 82.14 22.22 68.75 64.71 57.89 90.00 37.50 75.00 44.44
61.47=92.00 100.00 68.00 90.00 0.00 50.00 91.67 73.33 32.00 85.00 73.53 76.92 61.54 64.00 75.86 63.16 68.57 55.00 44.44 68.42 0.00 75.76 88.00 6.25 43.75 61.11 45.45 66.67 22.73 62.50 100.00
61.66=92.00 100.00 73.08 85.71 0.00 51.06 88.00 68.42 33.33 84.21 67.57 77.78 63.33 66.67 71.88 61.11 76.47 54.05 44.00 82.35 0.00 80.00 82.14 14.29 60.00 48.00 47.37 76.19 31.58 66.67 64.29
61.43=100.00 95.45 76.19 76.00 0.00 46.81 76.00 73.33 27.78 88.24 55.26 62.16 55.88 50.00 70.97 75.00 59.46 52.50 45.16 71.43 0.00 68.57 90.48 47.06 50.00 61.90 50.00 73.68 45.00 100.00 60.00
59.46=92.00 100.00 79.17 76.92 0.00 47.83 86.96 66.67 23.81 73.91 53.49 67.74 55.88 58.82 73.33 71.88 63.64 51.22 50.00 55.56 0.00 75.76 88.00 15.38 31.25 63.64 53.33 84.62 33.33 87.50 61.54
58.90=82.14 95.45 69.23 79.17 0.00 48.84 85.71 83.33 17.65 84.21 52.38 76.67 51.35 52.63 60.00 75.00 71.88 57.89 51.85 52.94 0.00 77.42 82.61 37.50 33.33 60.87 50.00 82.35 26.09 72.73 54.55
60.82=92.00 100.00 69.23 80.00 0.00 50.00 87.50 82.35 21.05 86.67 59.46 73.08 57.14 52.38 75.00 68.75 65.71 60.00 57.69 57.89 0.00 80.00 85.19 41.67 27.78 65.00 64.29 76.47 25.00 62.50 61.54
59.49=95.65 95.45 78.26 79.17 0.00 46.81 82.61 83.33 15.00 88.24 51.28 75.86 52.78 55.00 65.52 80.00 60.00 53.33 40.91 47.62 0.00 73.53 91.30 33.33 22.22 66.67 75.00 78.95 31.25 66.67 58.33
80.31=83.33 100.00 100.00 60.00 57.14 61.54 88.89 80.00 50.00 100.00 77.78 100.00 87.50 75.00 88.89 100.00 77.78 100.00 77.78 100.00 0.00 57.14 100.00 55.56 85.71 100.00 100.00 85.71 80.00 100.00 60.00
81.49=100.00 100.00 87.50 75.00 57.14 70.00 100.00 80.00 83.33 100.00 100.00 87.50 87.50 100.00 77.78 88.89 88.89 85.71 83.33 100.00 0.00 80.00 100.00 55.56 100.00 50.00 66.67 85.71 75.00 85.71 75.00
84.31=87.50 100.00 87.50 100.00 57.14 66.67 100.00 80.00 80.00 83.33 87.50 87.50 85.71 100.00 100.00 100.00 100.00 100.00 100.00 100.00 0.00 66.67 83.33 50.00 100.00 100.00 85.71 66.67 83.33 75.00 100.00
79.58=87.50 100.00 100.00 60.00 66.67 61.54 90.91 60.00 57.14 100.00 85.71 100.00 100.00 100.00 85.71 87.50 77.78 100.00 85.71 88.89 0.00 83.33 62.50 50.00 100.00 66.67 100.00 100.00 66.67 85.71 57.14
80.51=75.00 100.00 100.00 75.00 80.00 61.54 100.00 100.00 66.67 100.00 63.64 100.00 87.50 100.00 85.71 100.00 100.00 100.00 71.43 100.00 0.00 80.00 80.00 40.00 100.00 60.00 100.00 88.89 50.00 55.56 75.00
59.87=91.30 100.00 77.27 73.91 0.00 50.00 86.36 70.59 33.33 83.33 54.55 63.89 56.76 61.90 60.61 91.30 70.59 60.00 57.14 75.00 0.00 75.00 71.43 7.69 50.00 53.33 56.52 70.59 41.18 62.50 50.00
57.52=91.67 100.00 70.83 71.43 6.90 46.81 95.00 60.87 25.93 56.52 56.82 63.89 57.14 65.22 73.08 80.77 67.65 55.56 45.00 44.44 0.00 76.67 76.92 6.67 54.55 57.69 61.90 81.25 27.78 62.50 41.67
60.19=91.30 100.00 85.71 72.00 0.00 60.53 95.24 72.73 24.00 73.68 55.56 58.54 61.11 75.00 68.97 73.08 78.57 58.82 66.67 52.38 0.00 67.65 73.08 5.26 50.00 69.57 63.16 60.00 36.36 71.43 45.45
61.44=95.83 100.00 85.71 73.91 0.00 55.56 90.48 68.18 28.57 72.73 60.47 61.54 61.29 76.47 65.62 80.77 80.00 59.46 57.14 57.14 0.00 88.89 76.92 10.00 50.00 66.67 70.00 77.78 28.00 62.50 42.86
60.90=95.65 100.00 86.36 72.00 0.00 53.33 95.24 68.42 23.08 65.22 60.98 65.71 63.64 60.87 64.86 83.33 75.76 62.16 55.00 54.17 0.00 75.86 81.82 5.26 44.44 72.73 55.00 81.25 27.78 54.55 83.33
82.60=66.67 100.00 100.00 100.00 100.00 66.67 100.00 100.00 62.50 100.00 87.50 100.00 100.00 60.00 70.00 81.82 77.78 85.71 75.00 87.50 0.00 50.00 100.00 75.00 100.00 60.00 100.00 100.00 54.55 100.00 100.00
82.44=77.78 100.00 100.00 60.00 80.00 66.67 100.00 80.00 57.14 100.00 87.50 100.00 85.71 60.00 85.71 100.00 77.78 100.00 87.50 88.89 0.00 44.44 100.00 100.00 75.00 75.00 100.00 100.00 66.67 100.00 100.00
85.61=87.50 100.00 100.00 100.00 100.00 61.54 100.00 80.00 66.67 100.00 100.00 85.71 85.71 100.00 87.50 100.00 72.73 100.00 100.00 100.00 0.00 71.43 83.33 75.00 88.89 100.00 85.71 88.89 50.00 100.00 83.33
83.61=77.78 100.00 100.00 100.00 80.00 63.64 100.00 100.00 71.43 100.00 100.00 87.50 100.00 80.00 100.00 90.00 53.85 100.00 100.00 100.00 0.00 83.33 100.00 66.67 71.43 75.00 75.00 87.50 45.45 83.33 100.00
86.99=100.00 100.00 100.00 75.00 100.00 61.54 100.00 100.00 83.33 100.00 100.00 87.50 100.00 83.33 87.50 75.00 80.00 100.00 100.00 100.00 0.00 83.33 100.00 100.00 90.00 75.00 100.00 100.00 40.00 75.00 100.00
62.92=85.71 95.45 77.27 79.17 2.70 54.55 91.67 76.47 36.84 85.00 72.22 74.19 62.96 67.86 81.48 63.89 75.86 50.00 43.48 85.00 0.00 72.73 82.14 30.77 28.57 72.22 47.37 83.33 31.58 60.00 80.00
63.27=92.00 100.00 64.29 83.33 0.00 50.00 100.00 70.00 35.00 85.00 65.71 80.77 60.71 76.00 81.48 62.86 86.21 43.75 43.33 78.95 0.00 80.65 86.21 23.81 60.00 68.75 55.00 76.19 22.22 62.50 66.67
62.71=95.83 100.00 73.91 80.00 0.00 48.84 95.00 65.00 33.33 100.00 70.27 73.33 56.25 68.97 77.42 70.97 70.27 46.51 37.93 100.00 0.00 83.33 84.62 21.05 45.00 75.00 64.71 60.00 18.75 50.00 77.78
64.89=91.30 100.00 65.38 86.96 0.00 51.06 95.65 76.47 30.77 80.95 68.57 79.31 66.67 76.92 81.48 77.78 86.21 50.00 35.71 83.33 0.00 85.19 85.19 31.58 41.18 61.11 50.00 89.47 33.33 75.00 75.00
64.42=92.00 100.00 62.07 79.17 3.03 50.00 95.45 72.73 40.91 75.00 65.79 81.48 65.52 65.38 81.48 67.74 69.70 62.50 34.38 78.95 0.00 83.33 88.46 27.78 42.86 71.43 68.75 94.44 26.67 66.67 83.33
81.13=58.33 100.00 100.00 75.00 100.00 58.33 100.00 57.14 83.33 100.00 100.00 87.50 85.71 80.00 75.00 83.33 100.00 87.50 85.71 87.50 0.00 83.33 100.00 75.00 83.33 66.67 85.71 100.00 50.00 100.00 66.67
78.68=77.78 100.00 87.50 75.00 100.00 61.54 100.00 80.00 36.36 100.00 77.78 83.33 87.50 100.00 62.50 100.00 75.00 85.71 75.00 72.73 0.00 71.43 83.33 66.67 80.00 66.67 100.00 100.00 33.33 100.00 100.00
82.11=77.78 83.33 87.50 100.00 80.00 53.85 100.00 80.00 44.44 100.00 87.50 100.00 88.89 100.00 63.64 87.50 100.00 85.71 100.00 70.00 0.00 83.33 100.00 85.71 100.00 33.33 100.00 77.78 75.00 100.00 100.00
82.81=77.78 100.00 100.00 100.00 80.00 61.54 100.00 57.14 62.50 100.00 100.00 100.00 100.00 100.00 62.50 100.00 80.00 100.00 100.00 80.00 0.00 100.00 100.00 80.00 71.43 66.67 100.00 87.50 75.00 75.00 50.00
75.76=70.00 100.00 100.00 60.00 80.00 58.33 100.00 50.00 37.50 100.00 87.50 100.00 88.89 100.00 54.55 100.00 100.00 85.71 100.00 88.89 0.00 57.14 100.00 80.00 85.71 33.33 83.33 100.00 42.86 71.43 33.33
63.23=96.00 90.91 65.38 86.36 0.00 54.55 91.67 72.22 30.00 85.00 60.98 72.41 57.14 72.41 73.53 79.31 75.00 50.00 36.00 78.95 0.00 80.00 96.15 18.18 50.00 65.00 50.00 84.21 50.00 50.00 88.89
64.66=96.00 100.00 78.26 80.00 0.00 48.98 95.65 71.43 45.45 88.24 68.57 79.17 67.74 71.43 77.78 66.67 74.29 48.65 44.44 80.00 0.00 83.87 90.91 25.00 46.67 59.09 47.83 95.45 33.33 62.50 76.92
65.75=96.00 100.00 69.23 83.33 0.00 46.00 88.46 60.87 46.67 83.33 63.89 82.61 57.58 70.00 84.00 58.82 86.21 52.50 50.00 71.43 0.00 85.71 91.67 25.00 65.22 72.22 61.54 78.26 41.18 66.67 100.00
63.15=95.65 100.00 72.00 76.92 0.00 54.76 92.00 76.92 37.50 80.95 75.76 76.92 58.33 73.08 82.14 63.33 81.25 46.15 30.77 77.78 0.00 75.00 92.31 30.00 36.36 57.89 50.00 76.19 35.00 83.33 69.23
62.53=95.24 100.00 69.23 77.27 0.00 55.00 91.67 70.59 31.25 75.00 71.43 71.43 57.58 65.52 85.71 56.76 76.67 47.62 41.38 88.24 0.00 86.21 86.21 15.79 52.94 50.00 57.89 84.21 35.00 62.50 80.00
60.46=78.57 95.65 82.61 70.37 0.00 56.82 90.00 68.42 38.10 70.00 63.89 63.16 65.38 65.22 68.97 80.95 70.59 61.76 48.15 47.83 0.00 88.89 90.00 6.25 45.00 64.00 52.00 100.00 22.22 75.00 44.44
61.76=100.00 100.00 78.26 62.96 0.00 53.19 88.46 61.54 28.57 68.42 70.59 65.71 60.61 70.83 75.00 79.17 71.88 58.97 40.00 64.71 0.00 82.76 67.86 4.55 68.75 73.68 66.67 93.75 23.81 62.50 71.43
58.53=95.65 100.00 83.33 68.97 0.00 54.35 90.48 57.69 26.32 75.00 55.56 67.65 67.86 60.87 65.38 67.74 71.43 52.50 40.00 55.56 0.00 75.86 72.00 11.76 35.29 69.57 68.18 87.50 30.00 36.36 71.43
60.93=95.83 100.00 94.74 64.29 0.00 56.10 90.91 71.43 27.78 60.87 63.41 63.89 64.86 68.18 71.88 90.48 73.53 53.85 41.67 61.11 0.00 68.75 83.33 10.53 73.68 72.73 71.43 82.35 22.22 46.15 42.86
59.25=100.00 100.00 84.21 58.62 3.57 56.82 84.62 55.56 24.00 66.67 65.71 66.67 58.97 76.47 54.05 93.75 70.59 66.67 32.00 52.94 0.00 77.42 78.26 0.00 44.44 61.54 73.68 82.35 34.78 62.50 50.00
75.62=54.55 100.00 100.00 66.67 75.00 66.67 100.00 100.00 50.00 71.43 70.00 85.71 83.33 80.00 83.33 100.00 72.73 50.00 100.00 100.00 0.00 66.67 100.00 75.00 83.33 60.00 100.00 80.00 36.36 83.33 50.00
84.03=100.00 100.00 100.00 75.00 100.00 61.54 100.00 100.00 50.00 83.33 100.00 100.00 100.00 80.00 71.43 100.00 72.73 100.00 100.00 100.00 0.00 57.14 100.00 80.00 75.00 60.00 100.00 100.00 55.56 83.33 100.00
83.19=70.00 100.00 100.00 100.00 66.67 58.33 100.00 80.00 71.43 100.00 100.00 75.00 100.00 100.00 87.50 100.00 77.78 85.71 100.00 100.00 0.00 100.00 100.00 60.00 85.71 50.00 85.71 75.00 50.00 100.00 100.00
85.56=87.50 100.00 100.00 100.00 100.00 61.54 100.00 100.00 71.43 66.67 70.00 87.50 100.00 100.00 75.00 100.00 80.00 83.33 100.00 100.00 0.00 66.67 100.00 100.00 88.89 75.00 100.00 100.00 55.56 83.33 100.00
83.24=87.50 100.00 100.00 75.00 100.00 61.54 100.00 80.00 83.33 100.00 77.78 75.00 71.43 100.00 58.33 83.33 72.73 100.00 100.00 100.00 0.00 100.00 100.00 66.67 100.00 60.00 100.00 100.00 44.44 83.33 100.00
62.76=88.00 95.24 70.83 86.36 0.00 53.33 90.91 59.09 22.73 64.00 71.88 57.89 68.97 72.00 63.64 76.92 71.88 64.52 37.04 83.33 0.00 82.76 85.71 23.53 87.50 38.71 50.00 85.00 43.75 75.00 75.00
64.68=92.00 100.00 70.83 90.91 3.03 51.06 95.24 68.18 33.33 81.82 70.59 72.41 66.67 70.00 84.62 67.65 68.57 55.56 43.48 80.95 0.00 77.42 92.00 27.78 43.75 76.47 55.56 94.12 28.57 62.50 80.00
64.14=96.00 100.00 72.00 80.00 4.17 55.81 85.19 75.00 36.84 78.26 66.67 75.00 58.06 76.00 66.67 66.67 75.76 50.00 34.62 78.95 0.00 82.76 88.46 13.33 44.44 76.47 50.00 90.48 31.58 87.50 91.67
65.05=100.00 100.00 63.64 85.71 0.00 47.83 80.77 78.26 31.82 90.00 72.73 84.62 62.07 59.09 84.00 58.97 78.79 50.00 44.00 89.47 0.00 89.29 92.31 26.32 45.00 55.00 52.94 90.91 30.43 100.00 72.73
62.72=95.65 100.00 70.83 77.27 0.00 48.00 84.62 60.00 32.00 77.27 70.27 70.37 62.96 76.00 80.00 63.64 76.67 53.49 35.71 72.73 0.00 92.31 80.65 23.53 41.18 52.38 62.50 85.00 35.29 75.00 88.89
60.00=91.67 100.00 80.95 57.14 0.00 54.55 95.24 52.17 38.89 50.00 68.57 57.14 64.71 65.00 67.74 90.48 74.19 63.89 42.86 58.82 0.00 85.19 78.26 6.67 61.11 69.57 68.42 86.67 23.08 50.00 57.14
60.16=100.00 100.00 73.91 76.00 0.00 60.98 95.65 60.00 18.52 58.33 60.00 61.54 62.86 77.78 74.19 83.33 75.00 56.10 45.83 57.14 0.00 82.14 81.82 5.88 38.89 64.00 70.59 92.86 25.93 50.00 55.56
61.00=95.45 100.00 89.47 69.23 0.00 66.67 100.00 57.89 18.75 65.22 60.53 57.14 56.10 80.00 67.57 90.48 68.57 58.54 55.00 58.82 0.00 85.19 90.48 5.00 50.00 64.00 60.00 63.16 27.27 55.56 75.00
58.99=95.65 100.00 94.44 72.00 0.00 60.53 90.00 60.87 19.35 59.26 61.54 67.65 64.52 66.67 64.71 68.42 67.57 57.89 41.67 52.63 0.00 75.86 70.37 10.53 50.00 80.00 70.00 76.47 22.73 70.00 37.50
60.02=95.83 100.00 94.12 66.67 0.00 55.00 95.65 54.55 36.84 72.22 60.53 66.67 65.62 59.09 70.97 83.33 69.44 57.58 50.00 48.00 0.00 73.33 80.00 5.26 54.55 83.33 70.00 85.00 22.73 44.44 40.00
63.00=95.45 95.45 72.00 79.17 0.00 50.00 86.96 71.43 30.00 87.50 52.27 56.41 51.43 58.06 71.43 76.92 67.65 69.44 46.15 69.23 0.00 82.14 86.96 33.33 76.92 61.90 46.67 76.19 33.33 77.78 90.91
63.85=100.00 100.00 78.26 74.07 0.00 53.33 83.33 78.95 29.41 88.24 52.38 70.00 54.05 65.22 82.76 75.86 65.71 60.98 48.15 69.23 0.00 78.79 80.77 45.45 55.56 56.00 56.25 88.89 40.00 70.00 77.78
60.17=92.00 100.00 64.00 70.37 0.00 52.27 80.00 68.42 12.50 88.89 58.33 68.57 57.14 60.00 82.14 75.00 74.19 55.00 42.11 66.67 0.00 69.70 80.77 27.27 30.77 66.67 47.37 82.35 25.00 77.78 90.00
63.46=100.00 95.45 72.00 64.52 0.00 45.83 95.45 73.33 21.05 87.50 54.76 78.57 54.05 58.62 70.97 77.78 73.33 60.53 39.13 83.33 0.00 89.66 79.31 35.29 43.48 66.67 53.33 83.33 40.00 70.00 100.00
60.96=88.46 90.91 75.00 67.86 0.00 50.00 84.00 73.68 16.67 73.68 48.84 67.65 50.00 66.67 74.19 71.88 82.14 58.54 45.45 76.92 0.00 80.00 86.36 26.32 50.00 70.00 64.29 75.00 31.58 63.64 80.00
76.16=70.00 100.00 100.00 50.00 100.00 50.00 100.00 100.00 66.67 71.43 63.64 62.50 100.00 66.67 71.43 100.00 75.00 55.56 100.00 100.00 0.00 57.14 100.00 75.00 77.78 50.00 85.71 62.50 50.00 100.00 100.00
80.89=77.78 100.00 100.00 50.00 100.00 61.54 100.00 100.00 80.00 71.43 100.00 85.71 100.00 50.00 87.50 90.00 75.00 70.00 87.50 100.00 0.00 50.00 100.00 66.67 100.00 75.00 83.33 100.00 46.15 100.00 100.00
79.65=77.78 100.00 83.33 75.00 75.00 57.14 100.00 100.00 80.00 100.00 66.67 100.00 100.00 100.00 66.67 100.00 80.00 62.50 83.33 100.00 0.00 60.00 83.33 66.67 75.00 60.00 100.00 100.00 41.67 100.00 75.00
76.70=85.71 100.00 100.00 75.00 100.00 50.00 100.00 100.00 50.00 71.43 87.50 66.67 83.33 57.14 62.50 100.00 77.78 100.00 100.00 100.00 0.00 50.00 66.67 66.67 66.67 60.00 75.00 85.71 40.00 100.00 100.00
86.06=87.50 100.00 100.00 100.00 100.00 66.67 90.91 100.00 66.67 100.00 87.50 87.50 100.00 100.00 87.50 100.00 80.00 100.00 77.78 100.00 0.00 83.33 100.00 66.67 77.78 100.00 100.00 87.50 45.45 100.00 75.00
58.79=88.46 100.00 90.00 68.00 0.00 57.14 90.48 57.89 33.33 72.22 64.10 54.76 67.57 64.00 74.19 80.95 62.86 62.86 48.15 50.00 0.00 84.62 70.83 0.00 45.00 60.00 72.22 66.67 26.32 60.00 50.00
59.87=88.46 95.65 72.73 68.97 0.00 60.00 91.67 66.67 23.81 81.25 62.16 64.86 61.76 60.00 65.52 80.00 64.10 62.16 50.00 57.14 0.00 76.67 76.00 6.67 39.13 75.00 63.64 88.89 33.33 62.50 57.14
60.76=88.46 100.00 80.95 65.52 0.00 59.52 92.00 71.43 23.08 93.75 60.47 57.50 60.61 61.90 75.00 75.00 76.67 58.33 45.83 66.67 0.00 75.00 79.17 6.67 46.67 69.57 57.14 93.33 33.33 60.00 50.00
60.00=92.00 100.00 85.00 66.67 0.00 60.98 95.45 63.64 25.00 65.00 60.98 63.89 56.76 69.57 78.57 75.00 80.00 62.16 40.00 50.00 0.00 76.92 73.91 0.00 60.00 69.57 69.57 87.50 12.00 60.00 60.00
60.83=95.65 100.00 80.00 65.52 0.00 56.82 95.65 70.00 22.22 75.00 56.82 63.89 65.71 66.67 72.41 79.17 75.76 56.76 45.45 73.33 0.00 71.88 79.17 5.56 57.14 65.22 60.87 88.89 21.74 58.33 60.00
79.54=87.50 83.33 100.00 40.00 100.00 53.33 90.91 33.33 80.00 100.00 87.50 85.71 85.71 75.00 71.43 100.00 100.00 75.00 100.00 100.00 0.00 100.00 87.50 100.00 88.89 100.00 75.00 85.71 50.00 80.00 50.00
75.42=70.00 100.00 100.00 60.00 100.00 50.00 100.00 50.00 50.00 100.00 77.78 87.50 100.00 80.00 75.00 87.50 100.00 75.00 80.00 100.00 0.00 80.00 100.00 83.33 83.33 20.00 66.67 85.71 42.86 83.33 50.00
77.43=87.50 100.00 87.50 100.00 100.00 53.85 100.00 66.67 28.57 100.00 100.00 85.71 88.89 83.33 71.43 100.00 100.00 87.50 100.00 88.89 0.00 55.56 85.71 50.00 100.00 0.00 66.67 100.00 37.50 100.00 75.00
80.41=87.50 100.00 100.00 75.00 80.00 53.85 100.00 57.14 40.00 80.00 87.50 87.50 100.00 83.33 62.50 80.00 100.00 85.71 100.00 100.00 0.00 100.00 100.00 71.43 83.33 60.00 75.00 85.71 57.14 100.00 100.00
79.75=70.00 100.00 87.50 100.00 100.00 58.33 100.00 57.14 62.50 83.33 77.78 71.43 77.78 100.00 77.78 83.33 100.00 62.50 100.00 88.89 0.00 100.00 100.00 75.00 83.33 50.00 100.00 85.71 40.00 80.00 100.00
63.94=88.00 95.45 81.82 76.92 0.00 50.00 80.00 83.33 14.29 92.86 54.76 75.00 50.00 53.12 70.59 78.57 73.33 57.50 40.74 60.00 0.00 85.19 82.14 40.00 66.67 77.78 52.63 85.71 38.10 77.78 100.00
62.81=88.00 100.00 69.23 76.92 0.00 57.50 77.78 66.67 21.05 83.33 51.28 75.00 55.56 61.90 71.43 85.71 74.19 63.16 42.86 60.00 0.00 78.79 84.62 37.50 53.33 63.16 60.00 84.21 26.09 77.78 100.00
58.94=95.45 95.45 85.00 74.07 0.00 53.85 87.50 52.38 9.09 80.00 57.50 73.33 51.35 66.67 78.12 70.00 75.00 64.10 39.29 71.43 0.00 71.88 80.00 22.73 28.57 60.87 44.44 71.43 17.65 75.00 75.00
62.76=95.65 91.30 66.67 67.86 0.00 51.22 76.00 66.67 9.09 93.75 56.41 79.31 47.50 68.18 69.44 82.14 74.19 58.54 56.00 53.33 0.00 78.79 100.00 41.18 52.94 71.43 41.18 100.00 30.00 83.33 83.33
61.23=92.00 95.45 68.00 73.08 0.00 48.94 84.00 68.42 15.79 88.89 59.46 74.19 52.38 66.67 77.42 86.21 66.67 59.52 45.45 75.00 0.00 74.29 80.77 25.00 41.67 57.14 69.23 72.22 23.53 66.67 90.00
80.70=75.00 100.00 100.00 75.00 80.00 53.85 90.91 100.00 75.00 62.50 85.71 75.00 75.00 80.00 100.00 90.91 72.73 85.71 100.00 100.00 0.00 57.14 100.00 66.67 100.00 100.00 75.00 100.00 40.00 85.71 100.00
76.38=55.56 100.00 83.33 100.00 100.00 50.00 100.00 75.00 71.43 83.33 77.78 54.55 87.50 71.43 85.71 100.00 63.64 55.56 85.71 100.00 0.00 83.33 100.00 66.67 77.78 42.86 100.00 80.00 50.00 66.67 100.00
77.14=77.78 100.00 80.00 75.00 100.00 60.00 100.00 75.00 80.00 71.43 77.78 75.00 83.33 50.00 54.55 100.00 77.78 75.00 100.00 100.00 0.00 60.00 100.00 66.67 57.14 100.00 75.00 100.00 40.00 100.00 80.00
81.82=100.00 100.00 100.00 100.00 100.00 57.14 100.00 75.00 50.00 83.33 87.50 87.50 100.00 71.43 100.00 100.00 70.00 63.64 100.00 100.00 0.00 83.33 100.00 66.67 100.00 75.00 85.71 71.43 45.45 80.00 83.33
78.43=63.64 100.00 80.00 75.00 100.00 50.00 100.00 80.00 50.00 83.33 70.00 63.64 100.00 57.14 100.00 100.00 85.71 71.43 100.00 80.00 0.00 60.00 100.00 60.00 80.00 100.00 100.00 85.71 50.00 85.71 100.00
79.59=87.50 100.00 100.00 75.00 60.00 61.54 83.33 37.50 50.00 83.33 100.00 100.00 70.00 100.00 62.50 57.14 88.89 85.71 100.00 80.00 0.00 100.00 100.00 100.00 85.71 50.00 80.00 100.00 85.71 100.00 83.33
78.84=100.00 100.00 100.00 60.00 100.00 46.67 100.00 80.00 66.67 100.00 87.50 70.00 83.33 80.00 42.86 88.89 88.89 85.71 100.00 80.00 0.00 83.33 100.00 80.00 85.71 33.33 100.00 100.00 42.86 83.33 75.00
83.88=77.78 100.00 87.50 75.00 100.00 58.33 100.00 66.67 45.45 100.00 100.00 75.00 87.50 83.33 75.00 100.00 72.73 87.50 100.00 100.00 0.00 100.00 100.00 100.00 100.00 100.00 100.00 83.33 50.00 100.00 75.00
78.84=70.00 100.00 100.00 75.00 100.00 61.54 90.00 50.00 40.00 100.00 87.50 71.43 85.71 100.00 77.78 100.00 87.50 100.00 100.00 80.00 0.00 83.33 100.00 66.67 100.00 0.00 85.71 88.89 42.86 100.00 100.00
78.45=85.71 100.00 87.50 60.00 100.00 50.00 100.00 50.00 100.00 100.00 100.00 70.00 66.67 83.33 75.00 77.78 87.50 100.00 100.00 80.00 0.00 100.00 80.00 100.00 70.00 33.33 75.00 100.00 50.00 100.00 50.00
64.89=88.89 95.65 70.83 80.00 0.00 54.76 95.83 69.23 42.11 90.00 69.44 62.86 62.86 75.00 88.46 67.86 88.89 52.27 33.33 72.73 0.00 86.67 91.30 25.00 62.50 43.48 47.62 100.00 27.27 66.67 100.00
65.13=92.31 100.00 68.00 90.91 0.00 51.06 88.00 73.68 26.92 76.19 64.10 84.62 60.00 77.78 80.00 68.57 81.25 59.46 36.00 72.73 0.00 83.33 87.50 33.33 50.00 57.14 40.00 100.00 41.18 75.00 100.00
64.40=88.89 100.00 66.67 95.24 0.00 50.00 88.46 66.67 36.36 80.95 72.22 73.08 63.33 76.92 84.62 62.86 80.00 50.00 37.50 78.95 0.00 86.67 95.65 26.67 47.37 55.00 58.82 94.12 40.00 66.67 72.73
64.10=85.71 100.00 64.29 82.61 0.00 55.81 95.65 62.50 37.50 85.00 77.42 76.92 65.52 64.52 83.33 63.89 78.79 52.50 43.48 94.44 0.00 86.67 92.31 26.32 38.89 61.11 55.00 80.95 29.41 66.67 80.00
65.47=88.46 100.00 69.57 83.33 0.00 50.00 91.67 66.67 31.82 75.00 74.29 81.48 55.56 79.17 72.73 70.37 80.65 51.16 41.38 72.73 0.00 85.19 92.00 25.00 68.75 75.00 66.67 90.00 33.33 66.67 90.91
79.63=70.00 100.00 83.33 100.00 100.00 63.64 100.00 100.00 57.14 71.43 70.00 71.43 71.43 50.00 87.50 100.00 70.00 83.33 100.00 100.00 0.00 57.14 100.00 100.00 57.14 75.00 100.00 100.00 44.44 85.71 100.00
76.84=77.78 100.00 71.43 50.00 100.00 53.85 100.00 100.00 42.86 71.43 63.64 66.67 66.67 62.50 100.00 100.00 77.78 66.67 87.50 100.00 0.00 50.00 100.00 100.00 100.00 100.00 100.00 83.33 50.00 80.00 60.00
80.24=63.64 100.00 83.33 60.00 100.00 57.14 100.00 100.00 60.00 100.00 100.00 85.71 87.50 57.14 100.00 90.00 72.73 85.71 100.00 100.00 0.00 83.33 83.33 37.50 75.00 75.00 100.00 87.50 42.86 100.00 100.00
82.73=53.85 100.00 83.33 100.00 100.00 53.85 90.91 100.00 66.67 83.33 77.78 85.71 88.89 71.43 85.71 100.00 88.89 85.71 100.00 88.89 0.00 80.00 100.00 75.00 83.33 100.00 100.00 85.71 50.00 85.71 100.00
80.39=77.78 100.00 100.00 100.00 100.00 58.33 100.00 100.00 71.43 71.43 87.50 83.33 77.78 60.00 87.50 100.00 75.00 85.71 85.71 100.00 0.00 57.14 100.00 75.00 80.00 75.00 85.71 70.00 44.44 83.33 100.00
76.78=100.00 100.00 85.71 75.00 44.44 63.64 100.00 66.67 33.33 83.33 75.00 87.50 77.78 100.00 100.00 100.00 88.89 44.44 87.50 88.89 0.00 36.36 66.67 62.50 83.33 100.00 85.71 100.00 83.33 100.00 60.00
79.10=87.50 100.00 100.00 75.00 100.00 61.54 100.00 66.67 83.33 83.33 87.50 85.71 83.33 75.00 88.89 77.78 88.89 77.78 100.00 88.89 0.00 50.00 100.00 62.50 85.71 100.00 85.71 100.00 66.67 57.14 33.33
80.67=87.50 100.00 100.00 75.00 80.00 66.67 100.00 80.00 71.43 83.33 100.00 85.71 66.67 100.00 100.00 100.00 80.00 87.50 87.50 100.00 0.00 42.86 100.00 55.56 100.00 66.67 100.00 77.78 83.33 83.33 40.00
82.33=87.50 100.00 85.71 75.00 100.00 63.64 100.00 80.00 62.50 100.00 87.50 77.78 75.00 62.50 88.89 100.00 88.89 100.00 100.00 87.50 0.00 75.00 100.00 80.00 100.00 66.67 85.71 100.00 62.50 100.00 60.00
79.30=100.00 83.33 85.71 100.00 100.00 66.67 100.00 57.14 50.00 83.33 100.00 100.00 80.00 83.33 80.00 100.00 70.00 87.50 75.00 85.71 0.00 60.00 100.00 66.67 100.00 50.00 100.00 71.43 62.50 100.00 60.00
78.75=77.78 100.00 100.00 100.00 100.00 50.00 100.00 100.00 80.00 83.33 70.00 75.00 87.50 100.00 83.33 90.00 87.50 50.00 100.00 100.00 0.00 71.43 100.00 50.00 85.71 75.00 66.67 66.67 20.00 71.43 100.00
82.40=77.78 100.00 100.00 100.00 100.00 58.33 100.00 100.00 66.67 100.00 87.50 77.78 100.00 83.33 83.33 91.67 80.00 100.00 66.67 100.00 0.00 100.00 100.00 66.67 55.56 60.00 100.00 85.71 50.00 83.33 80.00
82.17=70.00 100.00 71.43 100.00 100.00 66.67 100.00 100.00 62.50 71.43 87.50 100.00 87.50 100.00 85.71 90.91 72.73 83.33 100.00 88.89 0.00 50.00 100.00 66.67 71.43 75.00 100.00 100.00 45.45 100.00 100.00
74.63=70.00 83.33 100.00 50.00 75.00 58.33 100.00 80.00 50.00 42.86 75.00 85.71 57.14 66.67 87.50 100.00 75.00 66.67 100.00 100.00 0.00 60.00 100.00 42.86 66.67 100.00 85.71 75.00 60.00 100.00 100.00
79.28=63.64 100.00 100.00 100.00 100.00 63.64 100.00 66.67 80.00 100.00 77.78 75.00 75.00 57.14 83.33 75.00 70.00 83.33 77.78 100.00 0.00 80.00 100.00 100.00 83.33 60.00 75.00 66.67 44.44 100.00 100.00
59.69=91.67 100.00 88.89 61.54 0.00 55.81 95.65 60.87 31.58 78.95 64.86 55.81 60.61 63.16 75.86 80.77 70.97 58.33 33.33 52.94 0.00 81.48 83.33 9.09 58.82 51.61 75.00 80.00 23.08 42.86 63.64
61.86=95.65 100.00 88.89 61.29 0.00 57.14 91.30 69.57 28.00 71.43 53.66 63.89 70.59 76.19 75.86 79.17 78.12 56.76 45.83 47.37 0.00 73.33 86.36 11.11 80.00 61.54 60.87 92.86 31.82 63.64 45.45
61.20=100.00 100.00 84.21 67.74 3.85 60.00 87.50 68.42 24.14 70.59 65.79 58.54 53.85 85.71 61.29 100.00 70.59 58.54 39.13 63.16 0.00 85.71 80.00 0.00 50.00 61.54 63.16 93.33 23.81 66.67 50.00
59.11=88.46 100.00 81.82 67.86 0.00 56.82 82.61 66.67 16.67 66.67 60.00 58.97 66.67 73.68 63.64 78.57 77.42 63.89 40.91 57.89 0.00 75.86 75.00 13.33 52.38 65.22 66.67 85.71 25.00 66.67 37.50
60.66=95.45 100.00 80.00 64.29 0.00 58.97 84.62 66.67 28.00 54.55 66.67 66.67 62.16 70.00 69.44 78.95 82.76 52.78 47.83 50.00 0.00 92.00 73.08 4.55 70.00 72.73 75.00 88.24 26.09 54.55 44.44
