59.799618502525206
54.60013696031284
55.22536905013229
56.28963919178002
59.67297561780626
53.585643320823536
53.261080906096815
56.42340777447335
57.468334975623335
57.99788787526147
87.22990271377368
90.65796210957502
91.41425778522552
90.58348461574269
91.02406554019458
81.92652329749106
87.9656007075362
89.9321556579621
89.07834101382488
88.31285202252944
85.01499396660687
87.84806591258203
87.80977982590883
90.62724014336918
89.52636968766002
61.48441758345338
58.554230022830396
59.47499416640075
61.317824521343
62.217313687424785
59.28947726585797
59.29820825902164
59.89879572160795
60.368169280218105
59.58151940899733
85.09821719499139
87.81618023553509
90.6810035842294
89.0603034957874
87.10049806824003
83.98710608388028
85.14464925755249
82.69811729489149
86.45382395382396
86.13764371828888
60.80540213718855
59.14267747506114
61.807290130502246
60.4241249948085
60.23996823945367
85.46094586417168
91.26309174696271
90.02781268910302
88.35036826972312
89.55325140809013
82.90916073174138
86.08294930875577
90.86091328026811
86.01987618116651
90.35458269329237
60.35559820763356
61.427826780769045
61.22842326588966
59.872840831373395
61.75904016854323
85.74849881301495
87.14378811153004
85.28766931992739
87.99771912675139
87.80442675603966
63.124830867553364
64.95380386177915
64.38287181635899
61.86007702913108
61.135668212661955
82.92615091002189
85.8358934971838
85.52355350742448
88.03228133873296
88.24500768049155
84.61981566820278
89.5412651864265
85.98694316436253
88.11699948796722
90.21773029837547
59.709491723904044
59.39911953324625
61.38592907239941
60.94734407678765
59.66697305761456
83.45715216682959
84.88607270865336
85.8457850393334
89.73118279569891
88.10524600847181
87.08641716706234
81.74219150025601
83.86584741423451
85.10112647209422
88.5279057859703
61.19835142575618
61.74729385068265
64.66053042276344
61.95536707220893
62.88098741692603
65.41219357893837
63.680602711418516
63.35362002780214
62.25560471655983
63.377231323338336
60.1525586327098
59.98777891662273
59.625914864674506
62.7691431265223
61.15576064207689
84.4636456733231
83.51382488479261
87.4321556579621
82.42435879532653
84.68894009216591
59.43624695337154
58.56793956940017
59.45757415969505
62.28010035904617
60.82964042543604
85.54217288088255
88.21812596006144
88.45336563078497
88.5705155059994
89.70022808732487
62.26708736813435
63.76342576277428
64.78068956512006
65.72134215907583
64.47652897545919
84.50658660336079
81.27845273006564
85.86661546338965
85.95366103430621
81.24389051808406
63.176427261216126
64.45548190035566
66.11991621997525
65.33952981219736
64.8825944699922
60.20062071206841
59.67023231921491
58.22734747008755
58.90731293336018
58.90500338978118
77.46031746031748
87.28203695945633
86.58346134152586
89.16399013173205
88.63391984359725
63.7630813419541
65.76468293006334
65.08741982427726
64.79241090145764
63.536844552869965
60.598515311413195
60.511557014509
62.05971280191699
59.503412757874884
60.303052154189736
63.011904388803586
63.93312511348899
59.57717372388461
64.30090208075087
60.412047521337435
81.80805753386399
85.5121312379377
84.82288320997998
81.4989759344598
90.60757343015408
58.43844472968246
60.192617179661
60.00453518686632
60.09053627502794
59.08727979839093
79.73475607251699
78.42805939580133
81.43287715868361
82.36431131592421
81.81259600614439
63.33802089086374
62.53259008001413
60.19113329778805
61.80354323217085
60.626282089655525
84.08834892705859
81.51177675371223
80.53507424475167
84.83591677140065
82.60112647209422
82.35535074244751
81.31941535167341
80.4592540076411
81.37544355286292
81.34152585765489
65.75506444832634
65.08609164215657
65.37467752110548
64.64835385250731
65.49920225267991
83.94137224782388
82.29646697388633
83.096169063911
86.74777731229344
84.37403993855607
78.54256854256855
82.78673835125448
85.76537262021135
87.12621607782897
79.62237583205327
81.50665642601126
86.14509146767212
84.25126844481684
80.67972350230416
82.38607270865334
59.61266524820785
60.38747380339441
59.070380474886754
60.09279048079425
60.66749970495965
