46.09870037991641
47.78772905605777
52.98311695592777
55.19649913152507
54.23924558614858
64.50616904463058
64.48139040446732
68.87653450883825
67.33780591877758
67.13500620466564
82.35529379593441
81.98509090602447
81.39710098057321
85.99362305155351
82.17494330574826
62.97121681737067
63.1520837462133
63.59367016249608
64.70005927495806
65.93139653868398
59.182549992147514
64.73923550054771
62.73478950199598
63.2402295185696
65.44156911464604
63.37100481218128
64.79304456227534
61.96962652731884
67.40483234714003
61.52686202686203
64.0208493710518
66.3024067435832
65.4313245234298
63.78567975513677
62.274767028636994
80.87559024157024
80.76083828584424
83.05194322097157
80.57223231770743
81.53099389959357
51.82679343030022
54.12857500265408
55.76357271257077
55.32700807831791
52.11457475214407
69.03363303363304
69.43575070903007
68.9814885968732
69.61183688106765
69.13143719026073
64.73876123876124
67.64834715442004
69.4407158029449
63.91058219386393
66.13167039887686
63.71589710598998
67.49365503777267
66.01936951936953
65.36218231240856
65.43248782389054
64.93806084101394
63.59899794312749
64.73750473548044
64.37456987456987
65.45487845487844
82.17773569607338
82.25298056710298
80.28068439212137
82.5608060603893
82.66975898066633
56.413854131887994
53.62700008214317
52.29065481812329
52.81098103407808
54.140989322788556
80.9257016765352
81.75157735017227
81.81918496285012
81.72786105561767
84.1688341956263
82.35622325334161
85.68701310729173
84.4790154343024
84.59980327549988
83.4470173722972
65.06274281274281
65.20457898059709
66.24798645514758
65.09626484626484
63.787557339593526
55.49716849355195
52.28072069656139
51.57923982026382
52.5658877255686
54.49662900640514
51.77051135140537
52.73952555079014
52.44412415517671
54.97470499299506
53.218514905749956
68.55942496285435
68.00305890690507
65.64246864246864
69.86502562294417
68.34348984348985
54.290840812226854
56.03197541735962
54.47119437245988
54.54555340983313
56.350287544214666
83.20853143971743
83.05860658486283
84.85345124115743
85.12092957187028
83.19122544783417
82.09796667834296
80.9975425529724
82.25708529780928
81.88641423935542
82.72757005371915
80.57230823871691
81.49041192593229
83.66221144233766
82.88598533323467
82.42144017370262
56.266517393637834
56.465442075059016
54.35658633913419
56.00736827936161
54.76662070491125
82.3738172798068
82.67059841404924
81.41569469534463
82.46671388467054
83.6585761292239
60.331747563648015
65.23429640534904
66.8607087984916
66.23693400616477
68.08741281210916
51.50726610773827
51.07075050769903
53.53000031993512
51.55122364884782
51.52070805549207
69.28373893313164
66.21489621489621
67.64824255816158
68.13775113775112
65.81252564349731
86.73695296659098
84.63997155632069
85.01587741067378
83.87348210520395
86.238962943595
68.7274477659093
66.05089355089356
69.36664742999585
66.63979632603113
70.9482827378755
81.80121219047155
81.85143512781045
80.81128770411932
81.55790451378688
81.76957390073608
51.24531986936131
53.04088750483725
52.24030564312774
51.35983990227236
53.7830937332009
67.2228104778712
68.15473628935167
67.13466448081833
64.52742129665207
67.60888407720986
85.16137732236804
84.37364239977957
84.9433684914752
84.2425118410472
84.92450473767455
52.40991721958049
53.60488194826857
54.114166277996176
51.698287908616976
51.87005256299404
83.01808209387396
83.06555473184433
83.63193031995127
82.93109000628648
83.92396257125955
73.54938625979351
68.62829905137596
70.87008740247607
70.7158397158397
72.67943167943167
54.40375087125142
53.35743103050796
55.79244550723996
56.20748299288532
54.84460210742659
69.16761016761018
67.03464873487498
66.12911447526831
67.93861693861693
70.44312525081756
83.55694589869393
84.59797318132635
83.98122350116873
84.31438669292919
83.67329127700644
84.23703952103573
83.37206804335882
83.27305620208693
84.02507409088169
83.18696236436745
84.2239711150166
84.19639802921536
85.60131471026924
86.78496980646302
83.07573852941798
68.11988890948167
66.16520533262614
67.00807525807527
68.39493839493839
67.03439936132244
54.190461522942336
53.75460403730435
54.2451501425297
52.1539953289256
55.3323870969532
81.64345769733957
83.74293479270855
83.82902253603612
81.97907014131114
84.04870796029404
66.71717623753823
64.29349006950817
67.7519531750301
64.21960935785656
64.94312098158252
70.1011211011211
67.34908420678842
67.78858321166014
69.19321459414338
70.0000165151987
84.99276040833554
86.31345375272501
84.93479227898138
84.6302439787198
84.71023205579051
54.452179798736175
55.08343161718348
53.75116851474318
55.120357030381285
54.23474107898971
83.8391053324966
83.2153694721568
84.49725033506886
84.88262911970938
84.6615945378746
65.88357234308651
66.79552285321515
66.82040182040183
64.67092095938249
66.6515608574432
51.08891145430643
52.64396649102532
53.705375791452184
52.58214568116512
51.96896732949986
70.8099678099678
68.75867744491228
67.33731383326524
68.83171529325375
70.45909645909647
53.60429458532496
54.95755208133725
54.80502066404196
54.72083943673786
56.10349312724361
71.37064108128646
70.68624641612259
71.50773956138327
73.11788877286615
73.78679629227379
54.67356393021665
55.298507397346704
54.145607858575225
55.289232657150684
52.32062502126803
51.229562450198316
53.7599510458313
52.28920193266
54.58879542778271
52.89088973487157
82.6698407371782
82.48252070096558
83.44332848887505
84.87803558802605
82.16944918355968
65.78994082840238
66.99067891173155
64.54516288929244
64.95693487798749
64.52241427038999
82.83559477885508
82.14714593310687
81.79046020133184
81.59738641264003
83.35362928331492
51.369858742385325
53.153310227272456
54.193328060236034
52.948519673524075
50.6579929622916
72.08015513897867
72.79181929181928
68.95607986784457
69.6432627201858
69.93009768009769
69.95524560909178
69.72585107200491
66.58513708513708
70.0349338946624
66.78483482329636
55.66684396912609
54.96892888408725
55.000087321056604
55.26870980280619
55.27109466965617
52.88261029145763
52.64905648407672
53.82910885429082
53.77697905631213
51.44834948224213
68.15380132687824
67.3027151660755
69.94221543453503
69.008214008214
68.40062802958731
81.96010307334431
83.61059795038125
82.62537555720458
82.06720948338001
82.68013899122496
55.90683626722073
56.76411213479369
56.75382516318818
54.46172531789345
55.62748312522068
68.22329854527996
65.64039806347499
67.10578894789421
69.10712387028177
67.52788181229477
85.64890820195654
84.10134759527472
85.6923396851356
85.95220061354854
85.4035638886794
68.76807270948733
68.36738902123517
68.67399433939086
69.22525225561664
69.01860407064027
54.0536111919429
56.67781876419647
55.333583074785665
54.412336256274884
54.94891578744877
83.12976244072934
82.19038666210612
82.54223355300992
83.2901821393129
84.44195373571416
83.72500326537002
83.43099376345387
83.68755089873213
83.28541016550066
82.58790254491612
82.8850816300209
82.39945034854536
83.66479008673579
82.84387217793982
83.04532892023961
67.48036126769159
65.51834276834278
68.01722391815271
68.06496281496281
68.21210438631253
67.96954541185309
69.57836607836607
66.34948384948386
67.8528522759292
69.81858337740691
85.0786537428595
84.59811758853198
84.80785424123123
85.36452624140169
83.8756012517027
84.85406631155618
81.95040419081859
83.58803818895508
84.79754629103854
83.63854503042404
82.0016565424996
83.96864905753925
83.93935829194226
83.37237853438138
82.42932809430786
69.72846108140226
74.50498778826953
71.98580850099067
71.50855862668199
74.00074868900779
85.65034789242934
85.7078136134459
86.51136282679506
86.31834096283966
85.39388123717727
55.24309782658466
53.432728279947916
53.43767236303762
54.13235234811542
56.042602639806624
84.05962672055787
85.09358485049125
85.70193868342237
84.29943530312667
85.03552412631954
82.86503608455264
83.40341958060462
83.23903597113315
83.5922923693226
83.04174175828142
67.31472976495601
68.65936840936841
69.1379133686826
65.14205816807628
68.6266102318734
53.34276583964268
54.41975064624504
54.875253261924
55.43365328220594
56.06605597135744
83.10304744473595
81.33014635598585
84.27850643574627
85.748097348657
83.68455441782424
53.359642404924195
52.522520621071166
54.46030088581266
52.26545203889809
53.186076596078465
71.5960364421903
70.48759764751668
70.9836916807624
69.3755389909236
71.63540305847998
82.87696319054977
82.37830109347136
83.12761878247707
82.88756684029367
82.44219038747497
84.20079109189612
84.29048540700124
85.74415929655272
85.21117113549836
86.77916683882391
71.52301596157277
70.61689574615272
68.41720459028151
71.40713735736361
70.88077076002772
55.18457938721248
56.26749229282129
52.99811293720574
55.476154801321385
55.098640298952745
84.59948362478728
83.78531581276283
83.96010083298724
82.55145484295281
84.1194628715467
66.16084208189471
68.33132648225526
67.25319125319126
67.12472997088382
66.9350765531999
55.103415050325026
55.72059046239112
54.70159420128132
54.88520892824842
54.65275092227421
71.6116319577858
68.85443211759002
70.62362398787738
72.34812915379717
74.25557775557776
65.47177822177821
69.64676098160261
70.19895062202752
69.91632876926995
67.05375996552468
84.10798701576267
84.47203892929066
83.21452794380872
83.27076937246025
84.75368134947797
87.65359863734476
84.9372340567268
84.90516500381945
85.64089731284302
85.55239651328006
53.096878506082724
53.2896970998869
52.13060596721043
53.73699501714816
54.653873446901684
54.43469843425319
57.86353430771356
55.38832793760986
56.30519571145186
54.129561352805496
84.9181989255221
84.64767410885534
86.56160212733207
84.96588347880322
86.85185706172845
84.62135456907504
85.09024974522713
84.87278012665008
83.95441210373338
86.01147637672379
70.56673009983322
72.13410948026332
70.42884892884892
70.67250848698814
69.00918036212153
68.22706378588732
65.65849149130882
67.1062271062271
67.06866662749016
66.61621756561028
70.1041181041181
71.44077717154642
68.29533463017626
71.29196444581059
73.4431401931402
84.43178493994165
84.20140594104632
84.49715719172733
84.54944246037363
84.39896306096593
66.12867198161315
68.15306915306915
67.33597598982213
67.714468035735
65.33619450724713
68.62748545149117
68.22244422244422
69.41316526610646
67.56434400057881
67.32151182151182
53.85066817785281
53.11103492178748
55.43375486920211
55.41873856262325
55.96429913559936
72.59643134643134
73.38632757256238
71.8611772842542
73.3686142916912
72.51659627451482
83.92929871077618
83.77387919296707
84.41615123253608
84.24225992313632
84.17155845662633
82.37715831970417
84.6873199701254
81.95975129762935
84.31604617631052
84.61489644884502
52.32376919341672
53.17223818872452
53.570683838842925
55.46556600600007
52.73127081081356
56.79108821637995
52.87789975124226
55.35430607910961
54.1324752363421
55.014824541973866
70.08824508824506
66.3614392143804
71.23173621250544
70.6960816960817
69.99684076607153
52.653865110268804
51.234170921503306
51.39256826120934
52.518446177042435
51.828883110562494
70.66414433519697
72.83867929456164
71.01914751914751
71.48677199992989
71.64191656296919
56.2816065678652
54.608108698654064
55.720567861922945
54.53993715121219
53.378722630866
55.75159105684601
54.03318126025901
54.244119756563194
54.86146519081316
56.01146641370501
84.09429372194316
83.59747669440453
83.54891958482098
84.26846609372213
85.13596198461643
53.578918082526094
53.90603985995745
53.78586242962596
53.28239364364037
54.959257162303736
84.31472190718442
83.8626892212865
84.31518109447377
85.05682020739178
83.35318857401496
70.36925656043302
66.17962216265384
69.04861315155433
69.43531468531468
68.34786781845605
68.34457501562765
64.43650546484555
67.44225219225218
66.49547461085922
67.03878038290993
53.67524556053967
51.684200340884566
53.15110455079081
50.99290304440341
52.941595835149684
82.39953511202617
85.07476166764093
85.04494840318846
83.77597668268066
83.56154692466909
54.10965549486108
54.69001305490584
55.620505091525104
54.37234074800214
55.913370783732766
86.85350215791988
85.29863219789391
84.86486731759416
86.29091615695567
85.66767279847775
68.88467380572645
66.96150217304063
67.6907161465985
65.41853659161352
66.76319193626887
84.71585112249558
84.32640377008084
86.4092985485579
84.69154028739644
85.64768855552376
54.630479324482025
52.53121656608977
55.04161806324162
50.79925902348685
52.654716544221365
83.70691089493185
82.18853153409
84.3332209982603
83.84828388382806
84.64365010370011
68.75999000999
72.43556443556443
72.8554266246574
70.34492305080539
69.43096085201348
83.55220641997255
84.53835048548076
85.00994772738044
85.00693314518035
84.82871810521252
51.48685341619911
50.785860895348655
50.57623016333424
51.56179165228939
49.88234529760411
85.69480445462821
85.5235287389967
84.45197675627541
85.49902828641814
84.34100132224687
57.13925410656142
53.777842305348855
54.960802050561
53.22926317477709
55.62483348992041
67.85510216279445
68.04896273317325
65.03722346030038
69.09480768893725
69.86780313703392
66.82479486325641
66.40538634316916
73.29029304029304
70.66993225477388
69.55069930069929
53.95453356755996
54.52952288147983
54.12767417679302
56.144074144930684
53.85506962498307
85.05653761839758
84.16795881079042
84.14697573205552
84.14839434731077
83.58357457815663
85.92065504419635
84.90426859002712
85.21770411589415
84.82316828470674
84.63608274581125
67.21263961356841
69.59838452146144
68.11719713035504
72.43605843760642
70.0438218141838
53.350473413226446
55.66765967696489
55.04797258067965
54.958017298693655
55.955705594312604
54.00874778308329
52.675092389573585
54.15035224460864
53.58806919443976
51.870378061295675
85.49018513438614
86.28075852992501
84.96521110071954
85.44475810765404
85.11874987625166
68.09704121921317
68.40509490509488
67.46459096459098
67.71734698050487
68.81625815109977
69.1973002256403
67.47410282025666
68.84074221404539
69.19682454297839
69.9680255641794
71.46230591931949
69.96183906591146
68.65207172494621
69.29695304695304
68.81187829264752
84.88537563888839
84.95777902999862
83.63020823098792
83.81741533849178
83.54763702334553
51.88285943006528
52.554366715253884
52.99030550451697
52.154567856564704
52.742751279045635
85.57942328238826
84.43904007532252
86.67768766387485
86.10754666994248
86.28982107834216
81.68680289703153
83.9735372127013
83.6465737630896
84.13235549875226
84.14003725363574
84.73176406166404
86.32422570020807
85.64282612812025
85.48719781977701
86.70600156769483
84.20229883238932
84.48950860602444
84.39155179450486
85.96433403065936
83.9929150311902
53.060072506645156
53.909760881407855
52.38446380694534
51.50336431476941
50.53526190723265
85.57765506568794
84.52750115646043
84.60358336590772
86.19937504628477
84.04401713499118
55.75454890081317
53.36587215620267
56.49239733831303
55.70351014499259
56.12096377157877
67.87219191065344
69.06969739662047
68.88311688311688
67.29769275470633
70.32725607725607
69.8972073677956
70.25599928636366
64.13454673980989
63.51631454465463
70.28575446674995
55.094636917773386
55.01817725661135
55.898979704029045
53.84899644069163
54.96297568241768
69.28188842329114
69.65594234825004
70.17305715466252
71.18896450457535
71.2296114882445
86.10265207788429
83.91480590801856
84.78214599826889
84.295528391325
84.22832384466106
52.54498971920045
52.88885617902941
53.985466201265
54.1707056196039
53.33137489281757
85.39375618692121
85.59584726088654
86.22293084254264
86.31976068175163
85.60952722491184
86.66847848772116
84.9963686190764
86.15321863692336
85.71715166630622
85.36185918550767
67.01328799405721
71.35093538939692
71.95171394718906
68.22031994096771
68.68315168993901
56.702425858041785
53.71001110118343
53.326622064131
54.13681911210305
53.288741713509516
54.121002888359236
54.23994912454642
54.776976423172975
56.2876508331974
57.175211910109965
83.57471491092592
84.16126992401105
83.71094335264375
84.81140327746664
84.81311060139353
67.73768966076658
66.81018981018981
67.4187671303056
66.59805152112844
68.97440031852987
65.0619950687824
67.48688490996183
69.96787708600046
69.45770920884044
66.64799177695106
55.92477082123944
56.023821267510236
56.60892980626846
54.88417356616223
56.04897993998918
85.72065249851629
85.28436570970507
86.6764806599291
86.58383272809327
85.58187142433391
70.38697413697413
69.87995630100893
70.29652273317431
69.68973761281453
73.08561950869644
66.04977375565612
69.8411865911866
67.52126908443888
72.70694991283227
69.1616097577636
82.13125985178854
84.6043382605064
85.12143880040999
83.95362704692306
83.93657025676553
69.3020868020868
69.26111938126704
70.93201243201243
71.72872449188239
70.1854015768043
84.1310947250871
84.72821560038754
84.38639548379963
86.21034244243963
84.8464873817934
69.76485693793387
68.23331684060429
66.97333806544333
66.13453087887477
69.63372738372739
51.80384152770176
52.887574271658984
51.79763175877934
52.49725133384804
51.11464685410138
55.61044009827468
52.75250465485976
51.19168517581534
53.46882412680584
53.1019499856604
86.84301717785364
86.08041780928181
86.22238349488885
86.1937088605343
86.65675056863435
55.306745473927215
56.65021392762429
56.95216774836922
56.23041439872103
55.30236028144485
84.73377999312746
84.92235932150197
84.49604160624641
84.26997620013815
86.18147043081552
66.31217312099665
66.81020286902641
69.18359418359418
66.13780663780663
69.49459941767634
52.31599237319079
51.26678654769452
54.09624700782926
52.40231073866463
53.66668096782824
67.25487910782029
69.28650434532787
67.66753696278583
68.80534422842116
70.9799239222316
56.38040881795347
55.91362848037574
55.91098337581714
56.766545664109785
52.659646649966554
85.64752201570491
85.34933998419352
85.82924163502872
85.6920813765896
87.37980508681865
70.73450908066292
72.89717961776785
70.66444666444667
70.48534798534797
71.49542124542124
69.5886560649004
68.06617251526754
72.44285804693045
67.83472510395586
68.37253859765171
53.33433514698696
54.53933638534734
55.98946918932178
51.69925169668829
55.78784077278025
82.25343356862767
85.23253758625276
83.98024722756803
85.00958559579658
84.39167660684689
69.24245412706951
68.71997446997446
68.12149389072465
67.40737332842596
68.35166141048494
53.60088045728399
55.78536041239066
52.82783318485142
54.79933609894141
54.60078917223216
68.37437562437563
70.83312564760529
68.94022644022644
68.9400876900877
69.13048063048062
52.8198730675107
52.828439872803436
51.85564454747567
52.92305167114646
52.460111857773825
56.18052690343712
56.156747522115445
57.53586255298878
57.1157355685147
54.81103481156548
85.34909475976967
84.83966385417921
84.65661438928883
83.62244766823238
83.91921933746177
55.32777956997229
56.22285277010222
54.74895014631443
55.739029921144194
54.96573781949332
66.87933205425465
64.83641936243747
67.97215780699943
69.41830718301307
67.93205813794049
52.37036150069791
52.53276269067813
53.93708870447379
52.07704094493392
54.09589656195991
50.63439034524282
51.17713939703388
52.64885528935975
51.001628712939294
51.884080561928286
83.7196384891074
84.22097292244946
83.90605038104444
84.19830459953107
84.1891221226182
54.15218175472428
54.73561657045819
55.60190665301095
54.8324926467067
56.04471219518902
85.77289372002399
84.59406460412652
83.52905764835364
84.56104692190665
84.67707312533462
83.32933951682463
82.03402633856314
84.17282301594042
83.76622410428078
83.85654222335575
53.031332066626184
52.936094333316234
54.40235246493465
51.774622720562235
53.05578426863101
55.45952728835558
57.37524988739975
54.547775371501515
54.408541620579676
54.34654225670864
67.93841138750642
66.20806116959965
69.15568832876525
71.25457875457874
68.49736374736375
53.89907394872863
53.78483871363129
54.29836641999868
55.410214306082366
54.98578801174658
84.8321585865644
83.89134787574893
84.0235984808502
85.75262280388502
83.73264515643653
68.84875255463488
69.9093521188663
65.39346550885011
66.63890248303204
69.404767746873
54.869245440945186
55.9655374211377
55.76097608863691
55.88421731381908
55.261385228163036
86.1883918785562
84.37656849117911
87.2072123187865
85.7751092943996
87.2475756098047
69.4403220948827
69.4647852147852
73.3511576143155
68.27205147793383
68.54886290180409
66.48556747425526
67.33794310264899
68.99680711445417
68.36346986346986
70.66673070519224
83.24123604690405
85.37136652080686
84.35669082710045
83.57414808075681
84.41951509896259
51.63472726579367
51.080315703481496
50.641875324537864
51.75981397429827
50.990679579212554
64.41395103005009
68.6908533899484
68.1671890201302
67.62231942596316
67.61644495855022
53.32210112880976
51.734985920196166
54.10656022178175
51.85763671775817
52.92471651860792
52.9728100934734
54.29826378256387
54.70236414043273
55.38869910992673
54.02591862664459
84.87216030113147
83.56522522752577
84.50815121212834
83.65284561962342
83.1936779911893
68.17273965350887
69.56823731823732
74.48256896446941
67.62152214301535
68.6570800993878
51.46261918543103
49.35364691952544
49.928389536689124
51.98621669221294
50.62097102752745
71.06585897762368
66.45503275534236
66.14358190828779
72.43808479102596
70.84928746467207
82.77623250634682
83.49677776511547
83.68692397544505
84.71736910650938
83.45897682799327
54.25955850664115
51.80546902989074
54.115232922990984
53.36789616802715
54.93550241634556
84.57936872077143
83.06513378262605
82.96855590098029
83.81869501856404
83.86923860453271
85.31074137420886
87.52795944496349
86.75019773959998
86.52426542656359
85.77566460556457
56.18090040046886
55.08886049019828
55.847342020724916
53.16892334205775
53.98418974656464
53.784218587348725
54.35376201655324
53.134510748704606
55.929946886566995
54.07892131979764
71.3830955369417
71.09223547482658
70.98954891262584
71.15829761781178
69.88235846606888
84.19416468398369
83.023537224597
82.28454458140098
84.18919633196842
85.11270315908324
84.35493428686425
84.0276679077584
83.52726925637143
83.11576213868426
85.12381932851092
69.84130085600674
68.35700354526266
65.96813324010277
65.68404245327322
68.45896135036406
70.66013900629287
69.04447350035586
69.44689711997404
70.68615785923477
68.95408437716131
51.734297984393244
51.536570302681795
53.07964110900059
52.358756636722404
50.13189941842468
84.49988112889996
86.53262833591485
84.12118704110844
85.9752535443176
83.55374426980761
85.19749242713044
86.23576295367198
85.1741668072342
86.5876833269665
86.50096959218178
66.97926825760834
67.375746835261
63.49771595925441
67.7044197632433
67.14409412397028
53.84011140898166
53.89899638248897
54.121715566831895
54.30597062565388
54.92062527189938
51.71470800277607
52.15764254624957
52.75859661362162
52.978566778233365
52.895969546914905
55.117749765799154
54.656812682584864
55.23815399625116
55.41747322851778
55.44754581603418
54.41708607461582
54.844273755094655
54.46120696994942
54.276925467154506
54.77366953783958
85.0378797725785
84.69111592807711
84.72367845432862
84.85293466026974
85.19714804657649
55.07406644617109
53.431271780648444
52.197656100042614
54.442431747589275
54.00185297049496
65.8451270951271
68.79981129981131
65.22097434993364
67.22270213446684
68.41099071868304
50.42035735427019
50.03201963362405
50.23625917756663
50.88990630495078
51.1598740053134
68.4811165455962
71.94269619269619
70.13737243149008
71.11122851507467
70.57303807303806
54.67419733424734
53.66651296701582
54.17561305643156
54.58936114955405
54.19588444840058
85.53276744292464
84.18934511414864
86.16285436534304
84.85096528725964
84.70137606961852
68.83443536432343
67.44645826772523
70.68894931112126
70.17542286773055
72.42080594116794
84.25291917206658
85.59306207406945
85.41193805929456
83.68898867928398
84.56177725849075
54.580558011124815
54.3407142525385
53.67919507967863
54.126650564909674
55.718562586996576
67.83845664007606
68.22789390097081
68.67527733704205
68.65211284442054
67.5302679776364
84.56194707623621
84.32812361092904
85.23893631044143
85.82864452369097
85.71450450927706
70.53219153897886
68.5483127983128
70.44105512121706
68.13905865376452
69.14964120846473
84.03121722156015
84.67183308871807
83.01975116651231
85.01992664132459
85.70082484925305
85.89762912327808
86.11127597892303
86.52179719410013
86.0568459946288
86.43029162629067
50.71864160858468
53.47197422989279
52.22291274325981
52.5547941984112
52.011658122601204
85.57848138075573
84.60365727786542
84.79402191855726
84.31529168484396
84.55739453185274
73.46354889454437
71.74551880999844
68.24813246080214
68.04145000298847
66.73523083251588
85.00879271425829
86.95805009998867
86.2346643195655
86.91135008782067
85.91435424806467
56.35872507823128
56.24727737796325
54.25864510536833
55.17080824019899
55.40123375737808
53.083847309139045
53.87291305795193
56.85810046110118
55.72006742344452
54.48648214574626
53.81631378844617
54.786465652965035
54.5754470309081
54.558086722778874
52.70516638056011
69.57567432567434
68.20873784335322
67.94099691158515
69.7829679119272
68.55314456785044
67.14659699275084
66.47468494301074
68.49386510924973
70.97919815227507
70.18940888171657
56.00892413463764
55.248832184848105
55.67704553845612
55.30076332732918
55.33936630215506
70.41163717074647
68.10909895322851
69.74203724882457
69.5661234190646
70.64079384667619
66.59105851413544
68.49785044015813
68.6841961457346
66.4162399678594
63.70887050685812
82.97008771044256
84.69790943094111
84.38262283366448
83.40889978482261
84.4522325336805
83.33706219952946
84.67739699241247
84.57057743399729
83.68377983583984
84.59016479009334
70.29144831776411
67.88081363081363
68.55521426788394
66.78732378732379
69.37652141724539
83.86031425773031
83.86342828138494
84.51281690445778
84.66793392233973
84.41162282981763
54.758317713539974
52.21852450258832
53.00766483339197
54.165515305314116
52.0932819661914
68.4438264164985
69.23374353941155
65.38595805903498
66.59720834720835
66.42824269747348
84.47756120348973
84.69442598628117
85.06821839085474
83.84488212298406
84.96955784286102
54.364441425625756
52.49060125394968
52.41203971898133
52.34108545713605
53.8776713191429
64.8630935429578
67.21999091908594
65.78543188837305
66.07842459199925
71.20278012585705
50.85433319381878
53.74753062422746
52.12491302590136
52.57180272347497
52.60877780607116
55.18611223922012
54.05715670322203
54.27005485478363
56.18846395012822
55.22125902225095
85.20190479389096
86.60974125501393
86.70280848733533
87.72972285183525
86.03320942770812
83.30011646420316
84.51918415790765
81.49156939749939
83.50781257455465
84.38363026854334
67.63170163170163
69.63887282308335
66.05400155400156
68.17482605378532
70.76965342349958
53.79769093862925
54.427175591444104
53.806832184121795
54.66059472765831
54.77288154451691
49.469394428968144
50.32489357430337
48.593536970293336
48.74908541164481
48.94230357248726
85.11718196994453
84.99151664667264
85.353007270309
86.64071299555938
85.25688026878787
53.48360157025005
51.893572790893586
51.64311608670255
52.32881942047944
52.18182603213888
49.234800356909666
50.93757055249957
51.69883441280616
49.46561590568963
50.21120699672788
71.08450737296891
69.7000907589143
68.79612054612055
68.25669378384312
71.81111196495812
84.65435896431373
83.85705198720203
84.73818407915813
83.11919225094981
85.19300596336795
84.29743648049765
84.53092935219632
84.07607847436947
84.65240391125694
84.60977742455476
