93.07429130009776
79.01177675371224
89.7361867523158
91.65223665223665
90.19713261648747
90.61362472652797
84.83230926779315
93.51335940045617
87.5634222408416
90.4710701484895
91.4336917562724
87.17357910906297
93.54838709677419
84.00537634408602
83.38453661034306
88.49462365591398
89.32411674347159
84.08602150537634
84.6415770609319
86.98924731182795
79.6774193548387
84.77342549923195
80.3609831029186
79.87455197132616
76.92780337941628
84.76958525345621
84.54545454545455
91.05990783410141
89.34075780849976
88.78078015174789
87.89810547875064
94.54301075268818
90.33538146441373
84.1034771679933
94.56221198156683
91.84331797235023
79.6236559139785
90.13440860215053
82.16589861751153
84.46236559139786
91.29032258064518
84.81182795698925
87.60368663594468
85.9600614439324
90.56067588325654
88.56758832565284
84.63820229949263
82.89985104501233
84.86687147977469
87.58401992272961
78.6021505376344
88.1336405529954
88.62519201228879
0.05288207297726071
86.18279569892472
96.0931899641577
88.11827956989248
92.36559139784947
86.78955453149003
87.11981566820275
84.43385467579016
87.80209933435741
88.569799376251
85.24193548387099
0.047908016608112426
86.5284178187404
90.45698924731182
91.80107526881721
92.8763440860215
89.43548387096774
86.19303635432668
91.75999627612534
86.60464087883442
86.69436298468557
87.30542754736305
89.94623655913979
89.46236559139786
90.04992319508449
86.72043010752687
93.33333333333333
79.46236559139784
84.40092165898618
88.27956989247312
89.51612903225808
81.41321044546851
91.12821766047574
89.53393380812734
87.96722990271378
87.181841456035
90.41474654377882
83.49462365591398
83.24372759856631
86.47465437788019
93.6021505376344
86.87403993855607
86.747311827957
93.19508448540708
90.3763440860215
95.752688172043
87.09677419354838
89.01177675371224
91.97516641065027
94.38009123492994
91.64571987152631
91.2173579109063
91.71763720150818
91.49117907182423
89.70814132104456
86.21479774705581
87.59728622631849
93.25757575757576
89.61055969120487
91.88556067588327
91.65642601126471
92.45135688684076
89.40860215053763
93.03763440860214
92.23118279569891
92.09677419354838
85.86021505376345
92.97363031234
91.16743471582183
91.55017921146955
89.1346646185356
89.12907880649816
88.44086021505377
90.75268817204302
80.99462365591398
86.04838709677419
87.04301075268816
91.09062980030723
83.8871433226272
86.77628822790113
89.10487362100267
88.06067588325651
86.58218125960062
89.40860215053763
95.66308243727599
93.67895545314899
88.44086021505376
89.12698412698413
87.81455104035749
88.50707536191406
90.01373178792534
90.69636456733231
90.68903318903318
90.96634548247451
90.34905059098607
92.24142345110086
89.64541730670764
86.7741935483871
80.91141833077319
82.97491039426524
85.88709677419355
0.05288207297726071
86.58474142345112
88.73236978075687
89.90271377368151
91.3799283154122
85.4075315365638
88.52790578597029
90.5593958013313
93.56246799795187
90.14132820584433
91.63070800167574
91.63524647395614
87.52944188428059
0.047908016608112426
91.20956104827073
88.1704138155751
78.88888888888887
77.86738351254479
82.57296466973887
88.81720430107528
82.06989247311827
89.07031140902109
90.54147465437791
86.7942093748545
91.25064004096262
90.09472606246801
85.5837173579109
88.18740399385563
92.36559139784947
84.70046082949308
86.60522273425501
91.69226830517155
89.60701484895034
88.6879160266257
93.46867290415678
89.09847321137643
87.2273425499232
85.23809523809524
90.67204301075267
82.93010752688171
86.60906298003071
82.04301075268816
88.64823348694317
93.03379416282642
88.38709677419355
85.43010752688171
89.42396313364056
87.86482334869432
87.5768049155146
79.50251361541686
84.60317460317461
79.100102406554
84.78494623655914
89.668458781362
85.99462365591398
85.752688172043
86.47849462365592
89.05913978494623
94.48540706605223
89.73118279569891
87.5
86.3978494623656
77.68433179723503
83.2258064516129
91.27240143369175
78.94009216589862
90.9267793138761
91.49339012242237
92.83154121863801
90.63317506865894
90.57964436996696
86.8196946422753
93.4331797235023
88.59062980030723
92.67781501652469
90.64213564213564
84.01433691756272
82.68817204301074
82.55376344086021
82.52688172043011
87.95698924731182
84.58106409719313
87.2506167667458
86.27077223851418
91.1968766001024
84.49878974072523
85.40578597030209
82.30019084857796
93.60424521714846
86.55913978494623
90.9126984126984
79.29339477726576
84.69278033794163
89.59293394777265
90.96774193548387
91.74347158218126
91.79851510496671
90.24519387422612
89.5246241213983
88.59447004608298
92.38414810995455
84.56989247311827
92.55376344086021
89.91935483870968
86.47977470558116
82.2043010752688
92.98131080389145
87.63650328166457
87.55504352278547
84.21112042079783
95.01536098310291
92.79697900665643
93.4018759018759
91.39261276358052
90.51412744961132
93.46390168970815
91.12519201228878
90.29185867895546
88.84408602150538
92.57680491551459
85.99078341013825
90.69252432155659
90.0268817204301
91.6231438812084
90.33538146441373
90.37250384024578
85.61443932411674
93.97849462365592
90.752688172043
90.47619047619048
85.66820276497695
82.43727598566309
84.87711213517665
86.21863799283155
87.68817204301074
86.42601126472094
92.95698924731182
88.14132104454684
85.69892473118279
86.94316436251921
91.71274961597543
90.43906810035843
89.94623655913979
93.87096774193549
89.78494623655914
85.77956989247312
86.68970814132105
91.29032258064515
91.82795698924731
94.08602150537634
93.54070660522274
89.16666666666666
91.18279569892472
87.25806451612904
87.63440860215053
88.41397849462366
91.26984126984128
88.62868314481219
91.17383512544804
90.1099706744868
86.20281152539216
96.63594470046083
92.90322580645162
95.01536098310291
94.40860215053763
89.80030721966206
87.43715961457899
91.4077410045152
89.75934459805428
89.13419913419915
90.38716659684403
84.46236559139786
85.53763440860214
88.87096774193549
88.76344086021506
80.78725038402457
90.4147465437788
90.15745007680492
89.52508960573476
91.69482846902201
86.41739980449658
93.00912349299446
91.27240143369175
93.86712749615977
89.92191500256017
94.4546850998464
90.68612391193037
91.82795698924731
87.5268817204301
92.84946236559139
88.91193036354326
96.04454685099847
93.57142857142857
88.32565284178187
93.41013824884793
95.48387096774194
88.05218079411628
94.13210445468512
89.28559791463017
88.80300702881348
92.93708979192849
90.34143276078761
86.82539682539682
87.41353628450403
88.80056323604711
89.4930875576037
87.79267327654426
88.907508262347
90.22494530559045
87.6152073732719
87.4615975422427
85.53763440860216
86.68970814132105
88.11827956989247
86.66666666666667
88.27700972862263
92.90322580645162
92.8904249871992
92.76881720430107
90.79877112135176
89.2089093701997
89.13291905227389
90.95354466322209
92.37455197132616
92.0020481310804
91.28462039752361
93.41397849462365
86.13799283154121
87.6574500768049
85.82786389238001
86.22073267234558
90.60803891449054
91.27240143369175
90.35714285714285
91.67818740399387
89.65053763440861
85.75268817204302
85.53763440860214
85.23809523809524
83.80440348182283
86.34408602150538
93.09756551692035
92.886119257087
91.92396313364056
92.08397337429595
89.65810175487594
94.13978494623656
94.48540706605223
92.81362007168458
94.89247311827958
94.431643625192
89.69068565842761
89.40848577945353
92.4372759856631
89.5404505888377
88.98233486943165
89.99231950844853
94.51612903225806
96.7741935483871
91.50537634408602
96.3978494623656
91.33128520225293
88.86456733230928
93.17285760834147
89.9436763952893
89.81520271842852
96.53225806451613
90.23809523809526
92.76497695852535
95.3225806451613
95.3225806451613
91.04454685099846
90.26881720430107
89.97311827956989
88.69815668202766
93.76344086021506
93.1515616999488
90.84101382488478
87.5268817204301
88.62763580505515
93.36626635013731
92.07245263696876
89.21240050272309
90.79586184424895
89.48494158171579
90.00337476143928
89.89328771586837
91.3120839733743
91.67260159195641
90.51715309779826
91.95852534562212
90.62933482288321
87.87622771493741
90.40578597030209
91.07363962202673
87.1415770609319
92.9538472280408
90.83449704417447
91.85181306149049
93.19636456733232
92.42191500256017
86.43997579481452
91.69098822324628
93.24884792626729
91.63722478238608
88.10117302052785
87.83462057655606
89.4833123865382
90.62083973374295
92.33731322441001
92.01996927803378
93.89400921658988
94.44700460829493
90.10752688172043
91.82795698924731
86.15207373271889
91.1592887399339
89.05017921146954
85.49027137736816
84.97486384583159
88.35078899595028
88.8192989805893
96.02476376669925
89.32411674347159
92.58320532514081
92.42913000977516
89.45340501792116
89.03225806451614
93.00691244239631
88.6021505376344
87.86738351254479
94.20378904249871
97.04301075268818
91.58602150537634
92.97491039426524
95.48387096774194
90.43650793650794
89.15642601126473
92.39375320020481
93.11153004701393
89.8882837592515
91.83307731694829
90.28208350788998
90.30849974398362
92.17229902713774
85.57778243262112
90.70916538658474
88.14737234092073
92.22315319089515
91.50281618023556
88.53558627752176
92.61776753712239
90.59139784946238
91.96224922031374
92.57680491551459
91.77291346646186
92.90322580645162
93.51766513056836
91.59754224270354
95.82437275985662
91.47465437788019
91.76395289298516
91.62826420890939
91.69063910999394
94.67485919098823
92.14669738863287
85.88453661034308
90.02688172043011
87.8725038402458
93.20020481310806
87.49837080482241
89.05483405483406
94.0693804403482
89.82451240515756
95.53763440860216
90.1957361634781
90.89861751152074
91.05083088954056
88.76856118791603
87.2990271377368
89.60922589954848
86.4336917562724
88.25268817204302
88.84024577572966
85.96774193548387
87.44623655913979
90.21505376344085
85.94086021505376
93.78648233486943
91.55913978494623
92.63440860215054
94.22555043522786
91.10471070148488
91.28648233486943
92.09642508029603
91.83563748079877
92.67025089605735
87.77777777777779
91.25448028673834
90.7497788949402
92.04138155751059
89.65437788018436
91.09831029185868
89.35832984220083
91.73835125448029
90.06016385048643
89.42331861686701
86.22201275427084
93.042638365219
87.8405017921147
93.1614532420984
85.77956989247313
88.78648233486943
88.11443932411674
88.49462365591397
87.65232974910394
93.67895545314902
90.99462365591398
94.1321044546851
94.93087557603687
94.24731182795698
95.15663547921612
87.0673323092678
89.38346599636922
91.58730158730158
90.48259088581668
89.43420378904251
90.43266769073223
88.80696364567333
86.9905273937532
90.55380998929385
91.7162407484988
89.70174091141834
89.48668714797749
91.45033282130056
91.56041986687148
86.14055299539172
88.45878136200717
87.1774193548387
90.05376344086021
83.45878136200717
92.25806451612904
91.66666666666666
90.51075268817203
88.6021505376344
84.56989247311827
89.51356886840759
93.48566308243728
91.76360377973282
92.64208909370201
94.48924731182797
90.21505376344086
96.09831029185868
94.91551459293395
97.38863287250385
95.24193548387096
92.04254526835173
89.76702508960574
91.29206814690686
92.4561281012894
90.91909882232463
91.60138248847927
90.2252944188428
93.05811571940605
92.56144393241169
89.26267281105991
86.15207373271889
91.38888888888889
89.78494623655915
87.09677419354838
88.79032258064517
92.82991202346042
92.67153097798258
93.18100358422939
90.51459293394777
92.78673835125447
88.33333333333333
87.04301075268816
87.75985663082437
84.6505376344086
86.92780337941628
91.5436624307592
92.1710189452125
91.96236559139786
88.94905273937533
92.51245170600008
86.66980868593774
89.45980542754737
89.32667690732207
93.5279057859703
93.13492063492063
91.04838709677419
92.01228878648233
94.78494623655915
90.56067588325652
88.33333333333333
90.59011776753715
93.96429735139414
91.85320951449982
93.98617511520739
92.19150025601638
90.29185867895546
90.07808499743984
90.92549923195084
91.78955453149003
92.28238607270865
91.95084485407065
94.6236559139785
97.52688172043011
94.32411674347159
92.17357910906297
90.3942652329749
92.06989247311827
94.51612903225806
91.61290322580645
86.97132616487454
87.5268817204301
90.3405017921147
89.58781362007169
87.93010752688171
86.54121863799283
91.12903225806451
93.27956989247312
90.26881720430107
89.05529953917049
89.35483870967742
82.6992272960015
93.85397756365498
91.5847414234511
86.82481496997627
90.07180095889773
90.87673974770749
90.98170646557746
94.35483870967742
92.42272960014895
90.92503374761438
93.38930782479169
94.59421402969791
92.33870967741937
93.30994274542661
91.98726900339804
88.83512544802866
88.42293906810035
86.22887864823349
89.62365591397848
85.6989247311828
88.38709677419355
96.12903225806451
88.19892473118279
89.94623655913978
86.57706093189964
93.67895545314899
90.094726062468
94.99231950844855
97.36559139784947
94.30107526881721
91.72043010752687
88.19508448540707
88.32565284178187
89.62365591397848
90.59139784946235
93.72468928920541
89.07147511986221
91.59137457524555
92.66885444304799
89.43036354326676
91.96748591909882
93.20374965536256
90.77188940092167
92.54992319508447
92.04173067076293
87.41935483870968
89.83870967741936
89.83870967741936
88.19892473118279
89.89247311827957
88.67895545314902
95.66308243727599
94.24731182795698
94.59293394777266
96.63978494623655
92.5456174649723
91.24807987711215
91.8876553553973
91.17243867243867
92.38863287250385
91.43497183819765
89.40313270958433
92.25550435227855
88.58422939068102
90.44546850998465
91.56041986687148
87.31066424614812
94.10487362100265
90.12637899734673
90.18561187916026
