99.16666666666666
94.7948717948718
97.34848484848484
98.33333333333334
100.0
95.4468524251806
95.09920634920636
96.55545112781955
98.19852941176471
97.17424242424242
95.48631924723468
95.12977759082185
95.54181213152734
87.47933181821763
86.84360194599115
88.2173493357522
89.04592500138952
89.17929292929293
88.40511497958306
89.23729928435927
97.14285714285715
97.49188311688312
97.23376623376623
97.609243697479
97.20015278838808
94.16666666666666
94.28571428571429
97.14285714285714
96.07142857142858
100.0
100.0
90.9090909090909
97.73809523809523
96.66666666666666
90.9090909090909
87.38892686261107
85.60120435120434
88.56060606060606
88.44155844155844
90.3030303030303
88.45939719302527
81.6005149433365
89.40968508615568
89.04511953072654
89.21389428700586
90.9090909090909
98.33333333333333
100.0
97.5
88.26446280991735
85.88078588078588
88.17788272333728
88.33624708624708
85.08824508824509
89.0909090909091
89.75102084676554
87.48647753212067
88.27793963435175
81.75825988736536
81.71850261843868
90.9090909090909
100.0
97.80219780219781
100.0
100.0
89.0338392610429
89.38118178900523
88.63287126585
89.20354787276949
88.80062151847535
89.39393939393939
89.61038961038962
89.39393939393939
89.39393939393939
88.31168831168831
89.18685881831779
88.39118020431619
88.66368492565641
75.46042363433668
88.83086180958522
87.69230769230768
89.65367965367965
89.61038961038962
88.02139037433155
89.5021645021645
100.0
100.0
99.16666666666666
100.0
97.5
81.76236074139801
82.29563322913707
88.61895025963072
88.97986435446444
89.7625031567304
81.9674987020038
89.35589411489553
88.85487528344672
88.85823631165246
81.59002670548819
90.9090909090909
100.0
100.0
88.26446280991735
89.39393939393939
90.9090909090909
89.39393939393939
89.39393939393939
90.9090909090909
89.39393939393939
96.9047619047619
100.0
100.0
99.16666666666666
100.0
81.60559495665878
81.5602336499406
81.58983451536643
81.95403561517114
88.86970771545239
90.3409090909091
89.61038961038962
89.39393939393939
90.3030303030303
87.9781003310415
89.03554778554779
89.0909090909091
89.00432900432901
87.9781003310415
80.58035714285715
89.39393939393939
80.75396825396825
89.39393939393939
81.94444444444444
87.57575757575758
89.42974159360713
81.95475826264311
89.19999631462082
81.74064992941364
89.02393500219587
85.97402597402598
89.39393939393939
90.9090909090909
89.39393939393939
90.9090909090909
89.61038961038962
88.58416093710211
89.73484848484848
88.8888888888889
81.66666666666667
90.20979020979021
88.87052341597796
86.45021645021644
87.69355644355645
89.61038961038962
89.39393939393939
89.39393939393939
89.39393939393939
89.39393939393939
89.39393939393939
89.22979797979798
90.25974025974027
90.3409090909091
89.69155844155844
88.51731601731602
100.0
96.33333333333334
100.0
100.0
100.0
90.3409090909091
88.3429070929071
89.0422077922078
88.44155844155844
88.99225774225773
86.03771228771228
89.23351158645276
90.3030303030303
90.3409090909091
90.3409090909091
88.66140847054488
89.64029641985812
89.43467247038676
88.86137633647914
70.53070037538825
97.16666666666666
97.14285714285714
90.9090909090909
89.5104895104895
98.33333333333333
88.31168831168831
89.69155844155844
90.25974025974027
88.46736596736596
90.25974025974027
75.95356782623864
82.09708883553422
75.93040631893547
88.99765176162691
81.97022956339727
81.66666666666667
89.39393939393939
90.20979020979021
89.39393939393939
90.9090909090909
89.20454545454545
89.69155844155844
90.9090909090909
90.3409090909091
89.14862914862915
81.26564909034845
81.96466486687181
81.23705331935146
81.77913442940039
81.06361857879138
89.20454545454545
89.04761904761905
88.28463203463204
88.70320855614973
89.56043956043958
88.39160839160839
87.30462519936204
89.73484848484848
89.07563025210084
89.6037296037296
82.73809523809524
90.9090909090909
90.25974025974027
90.25974025974027
83.33333333333333
85.95779220779221
89.33080808080808
88.39285714285714
82.77777777777777
90.9090909090909
100.0
100.0
100.0
90.9090909090909
99.23076923076924
90.15151515151514
99.16666666666666
99.16666666666666
97.5
96.42857142857142
81.90272244163366
75.26535563944017
81.40291463175541
81.78602467557072
81.77393244551631
88.99225774225773
82.8125
90.25974025974027
89.69155844155844
81.4423076923077
90.3030303030303
90.9090909090909
88.0061115355233
87.2498334998335
90.3409090909091
100.0
90.15151515151514
100.0
88.56749311294766
99.16666666666666
83.33333333333333
89.69696969696969
90.25974025974027
90.9090909090909
90.3409090909091
81.54802302968687
81.48426263452859
81.5992075728431
75.26414881757158
81.81249095382834
90.15151515151514
88.8888888888889
89.39393939393939
89.39393939393939
87.95454545454545
81.9327196008427
81.38576444502844
82.11698954944296
81.77039007092198
82.27900604686319
81.86274509803921
82.3529411764706
89.83957219251337
81.75770308123249
88.94628099173553
81.9084732267962
82.28014184397163
81.57765657655806
82.08571549187052
82.46481563639948
81.6188381612281
81.44764821172491
81.44586894586894
81.78550482789477
81.0774959742351
81.56254925137904
81.9295084284099
81.44827097505669
81.57765657655806
82.28303181175852
82.14582428716167
81.59898242368178
81.80712001112501
81.65468409586056
81.25545405488745
89.61038961038962
83.33333333333333
90.9090909090909
80.625
89.0909090909091
81.59460857986606
81.9162466553861
75.97008547008546
82.30092592592592
81.95887799564271
90.9090909090909
88.63636363636364
90.9090909090909
89.61038961038962
90.9090909090909
90.9090909090909
89.69155844155844
89.77272727272727
89.65367965367965
82.2875816993464
89.39393939393939
90.15151515151514
87.17532467532467
83.33333333333333
81.94444444444444
90.9090909090909
90.3409090909091
90.9090909090909
82.3529411764706
90.9090909090909
89.69155844155844
89.00432900432901
90.9090909090909
89.72498090145149
82.8125
81.76990668062096
82.11698954944296
81.76903007579843
81.92196995202644
75.95356782623864
96.55244755244755
90.9090909090909
90.9090909090909
100.0
99.23076923076924
90.9090909090909
90.9090909090909
83.33333333333333
90.9090909090909
90.9090909090909
90.9090909090909
100.0
89.0909090909091
90.08264462809917
100.0
88.50744843391902
82.8125
87.96602906897024
89.65367965367965
90.9090909090909
75.77741407528642
81.43693165672066
81.96467391304348
75.6427532278596
81.79548415110726
90.9090909090909
89.19022154316272
89.16666666666666
90.3409090909091
89.0422077922078
90.9090909090909
89.61038961038962
99.16666666666666
90.9090909090909
100.0
90.9090909090909
89.61038961038962
89.61038961038962
89.61038961038962
90.9090909090909
89.08549783549783
89.69155844155844
89.73484848484848
83.33333333333333
90.9090909090909
90.3030303030303
90.9090909090909
90.3409090909091
88.91108891108891
90.9090909090909
81.91610493203011
82.27939475975404
81.2498375503034
82.12838326820089
82.0991143142425
89.39393939393939
82.29166666666667
87.27272727272727
81.94444444444444
90.9090909090909
82.12338377379938
81.92494543299898
81.92550320313138
82.28705757665385
82.25246373696882
99.16666666666666
99.16666666666666
100.0
100.0
90.9090909090909
82.28011313220941
82.12362096138692
75.61910070605722
75.96066631780917
75.96028154851685
81.95060632948831
81.99222951591985
81.39262294752416
75.45803360772966
81.80169205363305
99.23076923076924
100.0
100.0
99.16666666666666
97.5
100.0
96.9047619047619
96.66666666666667
99.16666666666666
96.7948717948718
82.18253968253968
90.3409090909091
83.33333333333333
82.73809523809524
82.09706959706959
80.95238095238095
90.9090909090909
83.33333333333333
88.63636363636364
90.9090909090909
76.4423076923077
90.20979020979021
82.29166666666667
89.65367965367965
90.9090909090909
82.14285714285715
90.9090909090909
90.9090909090909
89.77272727272727
83.33333333333333
90.9090909090909
90.15151515151514
97.03296703296704
100.0
96.33333333333333
82.11296378454763
75.95430987452264
81.77730659022784
82.3026988573207
82.11790478602789
96.57142857142858
90.9090909090909
90.9090909090909
99.16666666666666
99.16666666666666
90.25974025974027
90.25974025974027
90.25974025974027
89.69155844155844
89.6037296037296
90.25974025974027
81.62202380952381
89.08549783549783
90.9090909090909
88.46736596736596
75.65159397092171
75.61583924349883
75.9642515869224
75.46861782110228
75.80331463689154
88.31168831168831
90.9090909090909
90.9090909090909
90.9090909090909
89.01515151515152
90.9090909090909
97.73809523809523
100.0
99.16666666666666
100.0
80.75396825396825
81.18686868686869
89.77272727272727
90.9090909090909
90.9090909090909
89.04761904761905
90.9090909090909
83.33333333333333
90.9090909090909
82.73809523809524
75.6303873431533
70.05289064438603
75.77991056562485
75.27600886111524
75.79707005551812
76.92307692307692
90.9090909090909
90.3030303030303
83.33333333333333
90.3409090909091
97.14285714285714
100.0
97.16666666666666
90.9090909090909
100.0
90.9090909090909
83.33333333333333
88.9423076923077
90.3409090909091
82.21726190476191
90.9090909090909
89.61038961038962
83.33333333333333
90.9090909090909
90.9090909090909
81.70138888888889
82.77777777777777
83.33333333333333
76.92307692307692
75.92948717948717
75.28873817693693
75.31981696115434
75.67081482845754
75.39800496642023
75.19976894194666
100.0
90.9090909090909
98.46153846153847
100.0
90.9090909090909
89.77272727272727
83.33333333333333
89.39393939393939
89.39393939393939
90.9090909090909
90.9090909090909
82.63888888888889
90.9090909090909
90.9090909090909
90.9090909090909
100.0
98.57142857142858
83.33333333333333
90.9090909090909
90.9090909090909
82.8125
82.77777777777777
76.92307692307692
76.92307692307692
82.73809523809524
75.953916754918
75.80331463689154
75.28540367023253
65.85261437908497
75.4730966249732
90.9090909090909
100.0
90.9090909090909
99.16666666666666
89.61038961038962
90.15151515151514
83.33333333333333
83.33333333333333
86.74242424242424
90.9090909090909
90.9090909090909
82.14285714285715
90.9090909090909
90.15151515151514
90.9090909090909
82.77777777777777
76.92307692307692
76.92307692307692
82.73809523809524
83.33333333333333
74.95343062734368
75.8171031096563
75.34559643255295
75.6923076923077
75.17077125772778
76.4423076923077
90.9090909090909
90.9090909090909
70.87912087912089
76.37362637362638
76.12998376608168
76.143919106104
70.53533434650456
70.38019250253294
70.37356868213124
100.0
100.0
100.0
88.3916083916084
100.0
76.37362637362638
82.73809523809524
76.41025641025641
75.89285714285714
83.33333333333333
76.41025641025641
76.37362637362638
76.92307692307692
82.29166666666667
76.41025641025641
100.0
88.78394332939787
90.08264462809917
90.9090909090909
98.57142857142858
