93.37=77.78 100.00 100.00 100.00 100.00 100.00 100.00 80.00 83.33 100.00 100.00 100.00 80.00 100.00 77.78 100.00 88.89 87.50 100.00 88.89 100.00 100.00 77.78 66.67 100.00 100.00 100.00 100.00 85.71 100.00 100.00
95.14=87.50 100.00 100.00 100.00 100.00 100.00 100.00 80.00 100.00 100.00 100.00 100.00 80.00 100.00 100.00 100.00 100.00 100.00 100.00 88.89 100.00 100.00 100.00 85.71 100.00 75.00 100.00 66.67 85.71 100.00 100.00
94.05=87.50 83.33 100.00 100.00 100.00 100.00 100.00 80.00 80.00 100.00 87.50 100.00 100.00 100.00 100.00 100.00 100.00 100.00 100.00 100.00 100.00 100.00 85.71 100.00 100.00 75.00 100.00 61.54 75.00 100.00 100.00
95.79=100.00 100.00 100.00 100.00 100.00 100.00 100.00 80.00 80.00 100.00 87.50 100.00 100.00 100.00 88.89 100.00 100.00 100.00 100.00 88.89 100.00 100.00 100.00 85.71 100.00 100.00 100.00 72.73 85.71 100.00 100.00
95.37=100.00 100.00 100.00 100.00 100.00 100.00 100.00 80.00 100.00 83.33 100.00 100.00 100.00 100.00 100.00 100.00 100.00 100.00 100.00 100.00 100.00 100.00 88.89 85.71 100.00 100.00 100.00 63.64 83.33 100.00 71.43
91.34=87.50 100.00 100.00 100.00 100.00 100.00 100.00 57.14 83.33 100.00 100.00 100.00 85.71 100.00 80.00 87.50 100.00 100.00 85.71 100.00 100.00 100.00 87.50 83.33 88.89 50.00 100.00 100.00 71.43 100.00 83.33
92.10=100.00 100.00 100.00 75.00 100.00 100.00 100.00 60.00 100.00 100.00 100.00 100.00 87.50 83.33 87.50 100.00 100.00 87.50 100.00 88.89 75.00 100.00 100.00 66.67 100.00 100.00 100.00 88.89 71.43 100.00 83.33
93.84=87.50 100.00 100.00 75.00 100.00 100.00 100.00 66.67 100.00 100.00 100.00 100.00 87.50 100.00 100.00 87.50 100.00 70.00 100.00 100.00 100.00 80.00 100.00 100.00 100.00 100.00 100.00 100.00 75.00 100.00 80.00
94.61=100.00 100.00 100.00 100.00 100.00 100.00 100.00 66.67 83.33 100.00 100.00 100.00 87.50 100.00 100.00 87.50 88.89 100.00 100.00 88.89 100.00 100.00 100.00 100.00 100.00 100.00 85.71 77.78 66.67 100.00 100.00
95.35=100.00 100.00 100.00 100.00 100.00 100.00 100.00 57.14 100.00 100.00 87.50 100.00 100.00 83.33 100.00 100.00 100.00 100.00 100.00 88.89 100.00 100.00 100.00 100.00 83.33 100.00 100.00 88.89 66.67 100.00 100.00
72.28=100.00 95.65 100.00 80.95 16.67 95.65 100.00 87.50 63.64 70.59 89.66 95.45 52.50 58.06 70.27 87.50 83.33 95.83 28.95 44.44 100.00 100.00 64.52 20.83 43.33 50.00 60.00 76.00 82.35 57.14 70.00
74.77=100.00 100.00 90.48 75.00 25.93 95.83 100.00 72.22 53.85 93.33 83.87 90.91 63.89 69.23 80.00 76.67 92.86 100.00 18.18 48.00 100.00 96.15 80.77 42.86 42.50 78.57 80.00 76.00 55.56 58.33 76.92
79.02=96.00 100.00 100.00 87.50 21.74 92.00 100.00 86.36 76.92 92.86 92.59 95.24 62.86 73.08 82.76 82.14 96.15 100.00 18.75 46.43 100.00 100.00 86.96 38.46 46.34 70.59 93.33 85.71 70.37 63.64 90.91
77.32=100.00 100.00 100.00 80.77 33.33 95.65 95.65 81.82 61.11 100.00 86.21 91.30 70.97 70.37 81.25 77.78 85.19 100.00 16.33 46.15 100.00 100.00 91.30 40.74 44.74 70.59 93.33 77.78 80.00 40.00 84.62
78.15=100.00 100.00 100.00 84.00 27.27 91.67 95.45 80.00 50.00 100.00 89.29 95.24 64.71 67.86 86.67 82.14 92.59 100.00 18.37 57.14 100.00 100.00 85.00 29.41 48.65 61.90 88.89 86.96 100.00 56.00 83.33
78.00=92.00 95.65 100.00 86.36 18.18 92.31 100.00 80.77 63.64 100.00 85.71 95.00 67.65 83.33 86.21 82.14 86.21 85.71 18.92 63.64 100.00 96.15 92.31 25.00 52.94 69.57 81.82 77.27 100.00 69.57 70.00
77.46=88.46 95.65 100.00 95.00 13.79 88.00 100.00 80.00 78.57 100.00 88.89 95.65 66.67 73.33 89.29 81.48 80.00 91.67 15.15 76.00 95.24 96.15 79.31 30.00 48.72 78.95 84.62 81.82 86.36 52.63 70.00
77.42=88.89 95.45 100.00 90.00 21.43 95.83 100.00 75.00 76.47 100.00 92.59 92.00 67.65 78.26 92.59 76.00 82.76 92.00 13.33 78.26 100.00 96.15 82.76 23.81 44.44 68.18 62.50 73.91 95.65 71.43 72.73
78.72=88.89 95.45 95.00 90.00 19.23 92.59 100.00 80.00 73.33 100.00 96.15 100.00 71.43 77.78 89.29 84.62 86.67 91.67 18.52 68.97 100.00 96.30 82.76 26.67 50.00 83.33 80.00 77.27 83.33 53.57 87.50
80.72=85.71 100.00 100.00 90.00 15.15 92.31 100.00 84.00 85.71 100.00 82.76 100.00 69.44 78.26 92.59 92.00 89.29 91.67 29.63 80.77 95.24 96.15 77.42 33.33 51.22 93.75 61.90 82.61 100.00 73.68 77.78
77.58=100.00 100.00 90.48 90.48 28.57 92.31 95.24 80.00 61.54 100.00 75.00 96.30 62.16 64.52 82.76 73.33 88.46 100.00 31.58 41.18 100.00 100.00 88.00 43.75 61.29 88.24 71.43 90.48 78.95 53.85 75.00
79.53=100.00 100.00 86.36 90.48 38.10 95.83 100.00 90.48 77.78 92.86 81.48 88.46 66.67 76.67 85.71 78.12 96.00 100.00 19.05 41.94 94.74 96.00 85.19 53.33 57.14 88.89 75.00 95.24 85.71 57.69 70.59
79.64=100.00 100.00 95.00 90.91 58.33 92.31 95.45 81.48 81.82 100.00 88.46 96.30 61.76 76.92 89.29 70.97 96.15 100.00 23.53 44.83 100.00 92.00 88.89 31.82 47.62 88.24 72.73 94.74 75.00 57.69 76.47
79.85=100.00 100.00 94.74 90.91 33.33 92.31 90.91 85.00 90.00 100.00 89.29 96.30 71.43 76.92 83.33 80.65 95.83 100.00 19.44 40.62 100.00 100.00 92.31 25.93 53.85 100.00 70.00 100.00 84.21 36.67 81.25
79.30=100.00 100.00 90.48 90.91 46.15 92.31 100.00 80.95 91.67 100.00 85.71 96.00 63.64 66.67 78.12 74.19 92.31 95.24 24.32 40.00 100.00 100.00 91.67 30.43 51.28 93.33 75.00 100.00 81.82 55.56 70.59
93.79=85.71 100.00 100.00 100.00 100.00 100.00 90.91 100.00 71.43 100.00 100.00 100.00 100.00 83.33 100.00 100.00 100.00 100.00 100.00 80.00 100.00 100.00 100.00 100.00 66.67 100.00 100.00 54.55 75.00 100.00 100.00
92.60=77.78 83.33 85.71 100.00 100.00 100.00 100.00 75.00 100.00 100.00 100.00 87.50 100.00 100.00 100.00 88.89 100.00 87.50 85.71 100.00 100.00 83.33 100.00 66.67 85.71 100.00 100.00 80.00 83.33 100.00 100.00
93.37=87.50 100.00 100.00 100.00 66.67 100.00 100.00 66.67 100.00 100.00 100.00 100.00 100.00 62.50 88.89 100.00 100.00 100.00 100.00 88.89 100.00 83.33 100.00 83.33 100.00 100.00 100.00 100.00 83.33 83.33 100.00
95.03=77.78 100.00 100.00 100.00 100.00 100.00 90.91 80.00 80.00 100.00 100.00 100.00 100.00 100.00 87.50 100.00 100.00 87.50 100.00 88.89 100.00 100.00 100.00 100.00 100.00 100.00 100.00 87.50 85.71 100.00 80.00
96.71=87.50 100.00 100.00 100.00 100.00 100.00 100.00 66.67 100.00 100.00 100.00 100.00 100.00 100.00 88.89 100.00 87.50 100.00 100.00 100.00 100.00 100.00 100.00 87.50 100.00 100.00 100.00 80.00 100.00 100.00 100.00
89.72=70.00 100.00 100.00 75.00 100.00 100.00 100.00 75.00 100.00 100.00 100.00 100.00 100.00 100.00 100.00 100.00 100.00 87.50 0.00 88.89 80.00 100.00 100.00 100.00 50.00 100.00 100.00 100.00 75.00 100.00 80.00
90.34=58.33 100.00 100.00 100.00 100.00 100.00 100.00 80.00 71.43 100.00 87.50 100.00 100.00 100.00 88.89 100.00 100.00 100.00 0.00 100.00 100.00 100.00 100.00 85.71 42.86 100.00 100.00 100.00 85.71 100.00 100.00
93.18=63.64 100.00 100.00 100.00 100.00 100.00 100.00 100.00 100.00 100.00 100.00 100.00 100.00 100.00 100.00 100.00 100.00 100.00 100.00 80.00 100.00 100.00 100.00 66.67 40.00 100.00 100.00 80.00 83.33 75.00 100.00
88.76=63.64 100.00 100.00 100.00 100.00 88.89 100.00 80.00 100.00 83.33 100.00 100.00 88.89 100.00 100.00 100.00 100.00 100.00 0.00 88.89 100.00 100.00 100.00 100.00 22.22 100.00 100.00 66.67 83.33 85.71 100.00
92.36=63.64 100.00 100.00 100.00 100.00 100.00 100.00 80.00 100.00 100.00 100.00 100.00 87.50 100.00 100.00 100.00 88.89 100.00 100.00 100.00 100.00 100.00 88.89 100.00 33.33 100.00 100.00 88.89 75.00 85.71 71.43
80.76=100.00 100.00 90.48 86.96 38.89 92.00 100.00 89.47 91.67 100.00 96.15 96.30 69.70 74.07 82.14 72.73 92.00 100.00 28.21 46.43 100.00 100.00 88.00 34.62 55.56 93.75 68.18 95.24 85.71 55.17 80.00
80.85=100.00 100.00 95.00 83.33 41.18 92.00 95.65 94.44 92.31 100.00 86.21 96.30 63.16 68.97 92.59 88.00 88.89 100.00 22.22 37.14 100.00 95.83 92.31 47.62 62.86 87.50 78.95 95.45 78.26 53.57 76.47
79.32=96.00 100.00 95.00 83.33 28.57 92.31 100.00 89.47 78.57 100.00 84.00 95.83 72.73 75.00 89.29 80.65 86.21 100.00 23.68 45.45 100.00 100.00 91.30 32.00 60.61 84.21 78.95 90.91 78.26 51.72 75.00
80.66=100.00 100.00 90.48 86.96 35.00 89.29 100.00 90.00 76.92 100.00 95.83 92.59 75.76 81.48 92.31 80.00 89.29 100.00 25.00 43.33 100.00 100.00 96.00 39.13 59.46 88.89 76.19 95.00 80.95 44.12 76.47
79.93=100.00 100.00 95.00 86.96 35.00 88.89 91.30 94.44 80.00 100.00 92.59 96.30 72.73 75.86 92.59 80.00 89.29 100.00 27.59 40.74 100.00 95.83 88.46 40.91 59.46 77.78 69.57 100.00 75.00 55.17 76.47
77.57=81.48 95.24 100.00 90.48 22.73 92.31 100.00 78.26 70.59 100.00 92.31 95.65 68.57 90.48 92.59 74.07 81.25 90.91 14.29 60.71 100.00 96.15 91.67 24.00 52.78 78.95 72.22 75.00 95.45 56.52 70.00
77.67=85.71 95.45 100.00 81.82 20.00 88.89 100.00 94.74 81.25 95.24 96.15 91.67 69.70 81.48 88.89 78.57 83.33 92.00 17.14 58.06 100.00 96.00 92.31 33.33 48.65 70.00 64.71 73.91 95.45 63.16 70.00
79.03=81.48 100.00 100.00 90.48 21.74 92.59 100.00 83.33 83.33 100.00 82.14 95.65 63.89 72.41 89.29 81.48 89.29 91.67 21.05 68.97 100.00 96.30 92.00 22.73 51.43 83.33 75.00 89.47 86.36 66.67 77.78
78.70=85.71 95.45 100.00 85.71 23.53 96.00 100.00 86.36 68.75 94.74 89.29 95.00 67.65 88.00 88.89 78.57 83.87 92.31 12.82 76.92 100.00 89.29 100.00 30.43 51.28 69.57 64.71 80.95 96.00 81.25 66.67
79.15=92.31 95.65 100.00 85.71 20.00 88.89 100.00 95.00 78.57 100.00 92.31 95.65 68.57 73.33 92.59 80.00 83.33 92.00 22.22 78.26 95.00 85.71 95.83 17.39 55.26 70.83 46.15 95.24 90.91 81.25 85.71
94.43=63.64 100.00 100.00 100.00 100.00 100.00 100.00 80.00 100.00 100.00 100.00 100.00 100.00 83.33 100.00 100.00 100.00 100.00 100.00 100.00 100.00 100.00 87.50 75.00 54.55 100.00 100.00 100.00 83.33 100.00 100.00
92.42=63.64 100.00 100.00 100.00 100.00 100.00 100.00 80.00 100.00 100.00 100.00 87.50 87.50 100.00 100.00 100.00 100.00 100.00 100.00 100.00 100.00 100.00 100.00 66.67 50.00 75.00 100.00 100.00 71.43 100.00 83.33
88.02=63.64 100.00 100.00 100.00 100.00 100.00 100.00 66.67 83.33 100.00 100.00 87.50 100.00 100.00 88.89 100.00 100.00 100.00 0.00 100.00 100.00 100.00 100.00 85.71 30.00 75.00 100.00 72.73 75.00 100.00 100.00
89.14=63.64 100.00 100.00 100.00 100.00 100.00 100.00 80.00 100.00 100.00 100.00 100.00 100.00 100.00 100.00 100.00 100.00 100.00 0.00 88.89 100.00 83.33 87.50 85.71 30.00 100.00 85.71 72.73 85.71 100.00 100.00
89.15=63.64 100.00 100.00 100.00 80.00 100.00 100.00 100.00 83.33 83.33 100.00 100.00 88.89 100.00 100.00 100.00 100.00 87.50 0.00 88.89 100.00 100.00 87.50 85.71 41.67 100.00 100.00 87.50 85.71 100.00 100.00
80.71=100.00 100.00 94.74 90.91 38.89 92.00 90.91 82.61 80.00 100.00 89.29 92.59 63.16 74.19 89.29 85.19 96.15 95.24 27.03 48.28 100.00 92.00 95.65 33.33 48.78 100.00 76.47 100.00 76.00 57.69 91.67
80.36=100.00 100.00 90.48 86.96 38.89 92.31 100.00 90.48 75.00 88.24 91.67 89.66 75.76 83.33 86.21 75.76 92.31 95.45 30.00 46.67 100.00 100.00 88.89 33.33 60.00 100.00 78.95 95.24 65.52 66.67 73.33
81.04=100.00 95.45 94.44 82.61 31.82 92.00 91.30 80.95 84.62 100.00 88.89 100.00 58.54 80.77 89.29 84.62 92.86 100.00 25.64 51.72 100.00 100.00 88.46 47.83 55.26 94.12 75.00 100.00 82.61 68.42 75.00
80.32=96.00 100.00 100.00 90.48 42.11 92.31 95.45 85.00 73.33 93.75 80.65 92.86 67.65 76.92 88.89 82.14 92.59 100.00 26.83 54.17 100.00 96.00 100.00 40.00 55.26 88.89 71.43 95.45 78.26 57.14 76.47
80.75=96.00 100.00 100.00 90.91 35.00 92.59 95.45 90.48 85.71 100.00 96.15 96.00 72.22 75.00 89.29 81.48 92.31 100.00 27.03 48.15 100.00 100.00 88.46 35.71 55.88 83.33 76.19 100.00 75.00 56.52 68.42
78.16=88.89 95.45 100.00 86.36 23.81 92.59 100.00 83.33 84.62 100.00 92.59 95.65 71.43 76.67 92.59 68.97 85.71 92.00 13.51 56.25 100.00 96.30 95.83 29.63 44.44 73.68 70.59 94.44 95.65 64.71 57.14
80.00=85.19 100.00 100.00 90.48 25.00 89.29 100.00 91.30 64.71 100.00 86.21 95.45 71.88 78.57 92.00 76.67 83.33 95.65 20.59 73.08 100.00 100.00 92.31 33.33 52.63 80.00 70.59 95.00 95.45 72.22 69.23
79.00=88.00 95.45 94.74 86.36 20.00 85.71 100.00 80.00 73.68 100.00 92.31 90.91 75.00 82.14 92.31 77.78 89.29 91.67 13.51 76.92 100.00 95.83 96.00 25.81 52.50 78.95 61.90 90.00 100.00 72.22 70.00
77.69=85.19 95.65 100.00 86.36 17.39 92.59 100.00 79.17 76.92 100.00 89.66 95.45 63.64 76.00 92.59 70.00 85.71 91.30 11.11 68.97 100.00 92.86 91.30 23.33 52.63 62.50 72.22 94.12 100.00 75.00 66.67
78.75=85.19 95.65 100.00 90.48 19.05 92.59 100.00 94.74 75.00 100.00 88.89 91.30 68.75 72.41 92.31 78.57 81.25 92.31 11.43 72.00 100.00 95.83 100.00 25.93 47.22 77.27 61.11 95.00 95.83 68.42 72.73
89.90=58.33 100.00 100.00 100.00 100.00 100.00 100.00 66.67 100.00 100.00 100.00 100.00 100.00 100.00 100.00 90.00 100.00 100.00 0.00 100.00 100.00 100.00 100.00 77.78 41.67 100.00 100.00 100.00 85.71 100.00 66.67
87.33=63.64 100.00 100.00 100.00 100.00 100.00 100.00 80.00 83.33 100.00 100.00 100.00 100.00 83.33 100.00 100.00 88.89 100.00 0.00 88.89 100.00 100.00 88.89 85.71 27.27 100.00 85.71 62.50 85.71 100.00 83.33
89.81=63.64 100.00 100.00 100.00 100.00 100.00 100.00 80.00 100.00 100.00 100.00 100.00 100.00 100.00 80.00 100.00 100.00 100.00 0.00 100.00 100.00 100.00 88.89 85.71 30.77 100.00 100.00 80.00 75.00 100.00 100.00
89.60=63.64 100.00 100.00 100.00 100.00 100.00 100.00 66.67 83.33 100.00 100.00 100.00 80.00 100.00 100.00 100.00 100.00 100.00 0.00 88.89 100.00 100.00 100.00 100.00 40.00 100.00 100.00 80.00 75.00 100.00 100.00
90.94=70.00 100.00 100.00 100.00 100.00 100.00 100.00 66.67 100.00 100.00 100.00 100.00 100.00 100.00 100.00 100.00 100.00 100.00 0.00 100.00 100.00 100.00 100.00 100.00 33.33 100.00 100.00 80.00 85.71 100.00 83.33
79.79=100.00 100.00 90.48 95.65 25.00 91.67 100.00 82.61 68.42 92.86 88.89 100.00 64.10 68.97 89.29 92.00 92.59 100.00 15.69 66.67 100.00 96.30 90.00 36.67 48.78 75.00 73.91 86.36 100.00 63.16 78.57
79.60=100.00 100.00 95.00 95.24 23.08 95.83 100.00 70.37 81.25 93.33 89.66 100.00 68.57 71.43 92.31 81.48 89.29 100.00 12.82 56.52 100.00 96.30 87.50 37.50 42.86 60.00 78.95 90.00 100.00 73.68 84.62
78.64=100.00 100.00 100.00 91.67 24.00 88.46 91.67 78.26 66.67 93.33 92.86 95.24 64.52 66.67 89.29 64.52 100.00 100.00 13.64 52.17 100.00 100.00 91.67 34.48 42.86 61.11 84.21 79.17 100.00 71.43 100.00
79.33=95.83 100.00 100.00 91.67 20.83 92.00 95.65 90.91 78.57 93.33 92.86 95.24 63.89 70.83 92.86 84.00 86.67 100.00 14.58 48.00 100.00 96.00 90.48 29.41 43.90 68.75 84.21 95.00 95.00 57.89 90.91
78.77=100.00 100.00 90.00 91.67 26.32 92.00 95.65 76.92 61.11 100.00 92.86 86.96 68.75 67.86 89.66 78.57 92.59 100.00 15.56 55.00 100.00 100.00 91.30 32.35 45.95 64.71 86.36 86.36 100.00 70.00 83.33
87.78=87.50 100.00 100.00 75.00 100.00 100.00 100.00 75.00 50.00 100.00 100.00 100.00 100.00 100.00 100.00 100.00 77.78 87.50 0.00 80.00 100.00 100.00 100.00 75.00 56.25 100.00 100.00 100.00 85.71 100.00 71.43
89.55=87.50 100.00 100.00 75.00 100.00 100.00 90.91 60.00 83.33 100.00 87.50 100.00 100.00 100.00 100.00 100.00 87.50 100.00 0.00 100.00 100.00 100.00 100.00 85.71 52.94 100.00 100.00 80.00 85.71 100.00 100.00
89.03=77.78 100.00 100.00 100.00 100.00 100.00 100.00 60.00 71.43 100.00 87.50 100.00 100.00 100.00 100.00 100.00 88.89 100.00 0.00 100.00 100.00 100.00 100.00 75.00 50.00 100.00 100.00 63.64 85.71 100.00 100.00
89.29=87.50 100.00 100.00 100.00 100.00 100.00 100.00 75.00 45.45 100.00 100.00 100.00 100.00 100.00 100.00 100.00 80.00 100.00 0.00 100.00 100.00 83.33 100.00 66.67 50.00 100.00 100.00 100.00 80.00 100.00 100.00
88.71=87.50 100.00 100.00 100.00 100.00 100.00 100.00 80.00 71.43 100.00 100.00 100.00 77.78 100.00 100.00 100.00 88.89 100.00 0.00 88.89 100.00 83.33 100.00 85.71 56.25 100.00 83.33 77.78 85.71 100.00 83.33
80.13=100.00 100.00 95.00 91.67 20.00 92.31 91.67 81.82 85.71 100.00 96.15 100.00 66.67 71.43 96.30 91.67 92.59 100.00 11.63 63.16 100.00 92.59 95.24 30.30 45.00 55.00 85.71 86.96 100.00 60.87 84.62
79.70=95.83 100.00 90.48 91.67 22.22 100.00 92.00 87.50 55.00 100.00 92.86 100.00 59.46 75.86 89.29 100.00 92.59 100.00 16.33 63.16 100.00 96.00 90.48 36.67 46.34 81.25 85.71 77.27 100.00 54.17 78.57
78.52=100.00 100.00 95.00 95.65 28.57 96.00 95.65 78.26 57.14 93.33 86.21 86.96 60.00 73.33 100.00 88.46 92.86 100.00 10.00 57.14 100.00 100.00 94.44 28.57 40.00 64.71 84.21 86.36 100.00 64.71 76.47
79.34=95.83 100.00 90.48 84.00 25.00 96.00 95.45 79.17 64.29 100.00 96.30 95.24 58.97 64.52 92.86 91.30 92.00 100.00 12.50 76.47 100.00 96.30 95.45 33.33 42.86 61.90 86.67 87.50 94.44 65.00 85.71
78.07=100.00 100.00 100.00 91.30 16.67 92.00 91.67 77.27 57.89 100.00 92.86 90.91 67.57 74.07 86.67 95.65 89.29 100.00 12.77 60.00 100.00 100.00 84.00 33.33 47.37 64.71 88.89 82.61 100.00 44.00 78.57
79.15=100.00 100.00 90.00 84.00 28.57 92.59 100.00 75.00 90.00 100.00 91.30 96.30 65.71 75.86 92.59 75.00 100.00 100.00 28.12 43.75 100.00 100.00 92.00 40.00 54.05 83.33 62.50 95.24 80.95 41.67 75.00
79.52=100.00 100.00 90.48 87.50 35.00 92.59 95.65 84.21 80.00 100.00 92.31 92.86 71.88 80.77 88.89 76.47 88.46 100.00 21.62 46.43 95.00 100.00 87.50 45.00 55.88 88.24 77.27 82.61 78.26 53.85 76.47
79.56=100.00 100.00 90.48 87.50 30.00 89.29 100.00 79.17 81.82 100.00 86.21 96.30 64.86 70.37 89.29 88.46 88.89 100.00 20.69 43.33 100.00 100.00 96.00 41.67 50.00 87.50 77.78 91.67 81.82 52.00 81.25
78.97=100.00 100.00 95.00 90.48 33.33 89.29 90.91 72.73 75.00 92.31 92.59 92.59 63.16 66.67 89.29 80.77 92.31 95.65 22.86 44.83 94.44 100.00 95.65 43.48 53.85 84.21 69.57 94.44 94.12 51.85 86.67
79.72=100.00 100.00 95.00 87.50 35.00 92.00 100.00 82.61 84.62 92.86 88.89 96.15 65.71 73.08 86.21 80.00 92.31 100.00 27.27 48.28 100.00 100.00 96.00 29.17 46.88 88.24 84.21 100.00 73.91 53.33 72.22
89.10=63.64 100.00 100.00 100.00 80.00 100.00 100.00 80.00 100.00 100.00 87.50 100.00 100.00 100.00 100.00 91.67 100.00 100.00 0.00 88.89 100.00 100.00 100.00 77.78 30.00 100.00 100.00 100.00 100.00 100.00 62.50
88.79=63.64 100.00 100.00 100.00 80.00 100.00 100.00 50.00 83.33 100.00 100.00 100.00 87.50 100.00 87.50 100.00 100.00 100.00 50.00 100.00 100.00 100.00 100.00 85.71 36.36 100.00 100.00 100.00 71.43 85.71 71.43
89.05=63.64 100.00 100.00 100.00 75.00 100.00 100.00 66.67 83.33 100.00 100.00 100.00 100.00 100.00 100.00 100.00 100.00 87.50 0.00 100.00 100.00 100.00 100.00 75.00 45.45 75.00 100.00 88.89 100.00 100.00 100.00
91.01=63.64 100.00 100.00 75.00 100.00 100.00 100.00 80.00 100.00 100.00 100.00 100.00 100.00 100.00 100.00 100.00 100.00 87.50 75.00 88.89 100.00 100.00 100.00 85.71 33.33 100.00 100.00 80.00 85.71 100.00 66.67
88.57=63.64 100.00 100.00 100.00 100.00 100.00 100.00 66.67 100.00 100.00 100.00 100.00 100.00 100.00 100.00 100.00 100.00 100.00 0.00 100.00 100.00 100.00 100.00 66.67 30.00 100.00 100.00 72.73 83.33 62.50 100.00
78.48=82.76 100.00 100.00 82.61 13.04 92.31 100.00 86.96 72.73 100.00 92.59 95.65 62.16 77.78 96.00 82.14 80.00 90.48 21.88 74.07 100.00 96.15 91.67 23.33 48.48 72.73 66.67 94.12 100.00 75.00 61.54
79.14=88.00 95.24 95.00 90.00 22.73 92.59 95.45 100.00 76.92 100.00 86.21 100.00 71.88 77.78 92.31 71.43 83.33 95.45 22.58 71.43 100.00 100.00 95.83 30.77 57.14 64.00 50.00 85.71 100.00 80.00 61.54
79.08=82.14 95.65 94.74 86.96 17.39 92.59 100.00 90.48 64.71 95.00 92.31 90.91 74.19 80.00 92.31 85.19 92.86 91.67 19.35 79.17 100.00 100.00 100.00 24.00 47.22 73.91 61.90 93.75 92.59 73.91 66.67
78.96=85.19 95.45 94.74 86.96 18.18 88.89 100.00 90.48 76.92 100.00 100.00 95.65 60.00 75.86 92.59 88.00 86.67 92.00 28.57 76.92 100.00 96.00 96.00 30.00 46.67 65.22 52.00 89.47 95.65 80.00 63.64
78.78=85.71 95.65 100.00 82.61 23.53 88.89 100.00 100.00 75.00 100.00 92.59 91.67 67.65 76.92 89.66 75.86 92.59 91.30 19.23 74.07 100.00 92.86 100.00 30.43 47.22 76.19 48.15 85.00 95.83 76.92 66.67
78.69=95.83 100.00 95.00 91.30 31.25 92.00 91.67 73.91 58.82 92.86 92.86 100.00 57.89 64.52 92.86 88.46 92.59 100.00 12.00 54.55 100.00 96.30 95.45 37.04 41.86 61.11 84.21 86.36 100.00 58.82 100.00
79.80=100.00 100.00 100.00 87.50 30.00 92.31 91.67 79.17 80.00 92.31 85.19 100.00 65.79 73.08 89.66 92.00 92.86 100.00 13.04 46.15 100.00 100.00 95.00 31.25 43.90 61.11 85.00 90.91 100.00 65.00 90.91
78.91=100.00 100.00 90.48 88.00 29.41 92.00 95.65 83.33 68.42 100.00 89.29 90.48 63.89 64.71 92.86 86.96 96.00 100.00 12.77 66.67 100.00 96.30 95.24 29.63 40.48 57.89 88.24 83.33 100.00 52.00 92.31
78.66=100.00 95.65 100.00 91.67 27.27 91.67 95.45 80.95 55.56 100.00 96.15 90.91 69.70 70.00 86.67 76.67 96.30 100.00 12.20 63.16 100.00 100.00 91.67 33.33 43.90 41.67 88.89 79.17 100.00 60.00 100.00
79.61=100.00 100.00 100.00 91.67 28.57 91.67 91.30 83.33 87.50 92.31 92.59 100.00 69.70 65.38 81.25 85.19 96.00 100.00 14.29 50.00 92.86 100.00 95.24 31.43 40.91 59.09 89.47 86.36 100.00 61.90 90.00
90.39=58.33 100.00 100.00 100.00 100.00 100.00 100.00 100.00 100.00 100.00 100.00 100.00 88.89 100.00 100.00 100.00 100.00 100.00 0.00 88.89 100.00 100.00 100.00 75.00 36.36 100.00 100.00 88.89 85.71 100.00 80.00
90.14=63.64 100.00 87.50 100.00 100.00 100.00 100.00 75.00 100.00 100.00 100.00 100.00 100.00 100.00 100.00 90.00 100.00 100.00 0.00 100.00 100.00 100.00 88.89 100.00 41.67 100.00 100.00 72.73 75.00 100.00 100.00
89.57=70.00 100.00 100.00 100.00 100.00 100.00 100.00 80.00 100.00 100.00 100.00 100.00 100.00 100.00 100.00 90.91 100.00 87.50 0.00 100.00 100.00 100.00 100.00 85.71 33.33 100.00 100.00 63.64 85.71 100.00 80.00
89.53=63.64 100.00 100.00 100.00 100.00 100.00 100.00 80.00 100.00 100.00 100.00 100.00 100.00 100.00 100.00 90.91 100.00 100.00 0.00 88.89 100.00 83.33 100.00 85.71 35.71 100.00 100.00 88.89 83.33 75.00 100.00
88.06=63.64 100.00 100.00 100.00 80.00 88.89 100.00 80.00 100.00 83.33 100.00 100.00 100.00 100.00 100.00 90.00 100.00 100.00 0.00 100.00 100.00 100.00 100.00 100.00 20.00 100.00 85.71 72.73 85.71 100.00 80.00
88.99=87.50 100.00 100.00 100.00 100.00 100.00 100.00 80.00 71.43 100.00 100.00 100.00 100.00 66.67 100.00 100.00 87.50 100.00 0.00 100.00 100.00 100.00 100.00 66.67 53.33 100.00 100.00 80.00 80.00 85.71 100.00
87.17=87.50 100.00 100.00 100.00 66.67 87.50 90.91 66.67 83.33 100.00 100.00 100.00 100.00 80.00 100.00 100.00 100.00 100.00 0.00 100.00 100.00 100.00 100.00 100.00 50.00 100.00 100.00 58.33 60.00 71.43 100.00
91.51=87.50 100.00 100.00 100.00 100.00 100.00 100.00 75.00 100.00 100.00 100.00 100.00 100.00 100.00 100.00 100.00 100.00 100.00 0.00 100.00 80.00 100.00 100.00 100.00 56.25 100.00 85.71 66.67 85.71 100.00 100.00
92.08=77.78 100.00 100.00 75.00 100.00 100.00 100.00 80.00 100.00 100.00 100.00 100.00 100.00 80.00 88.89 100.00 100.00 100.00 40.00 100.00 100.00 100.00 100.00 85.71 61.54 100.00 100.00 80.00 85.71 100.00 100.00
87.20=87.50 100.00 100.00 75.00 100.00 100.00 100.00 57.14 83.33 100.00 100.00 100.00 100.00 80.00 100.00 100.00 88.89 87.50 0.00 88.89 100.00 100.00 100.00 100.00 56.25 75.00 100.00 66.67 85.71 100.00 71.43
87.36=70.00 100.00 100.00 75.00 80.00 100.00 100.00 80.00 66.67 100.00 100.00 100.00 77.78 100.00 88.89 100.00 100.00 100.00 0.00 80.00 100.00 100.00 100.00 87.50 50.00 66.67 100.00 100.00 100.00 85.71 100.00
90.43=63.64 100.00 100.00 100.00 100.00 100.00 100.00 57.14 100.00 100.00 100.00 100.00 100.00 100.00 100.00 100.00 100.00 100.00 0.00 100.00 100.00 100.00 100.00 100.00 40.00 100.00 100.00 80.00 100.00 100.00 62.50
88.25=63.64 100.00 100.00 100.00 66.67 100.00 100.00 66.67 100.00 100.00 100.00 100.00 100.00 83.33 100.00 100.00 87.50 100.00 0.00 88.89 100.00 100.00 100.00 100.00 41.67 66.67 100.00 87.50 100.00 100.00 83.33
88.43=63.64 100.00 100.00 100.00 80.00 88.89 100.00 80.00 100.00 100.00 100.00 100.00 100.00 62.50 100.00 100.00 100.00 100.00 0.00 100.00 100.00 100.00 100.00 85.71 22.22 100.00 100.00 72.73 100.00 85.71 100.00
87.84=58.33 100.00 100.00 100.00 100.00 100.00 100.00 80.00 100.00 100.00 100.00 100.00 100.00 100.00 100.00 100.00 100.00 100.00 0.00 100.00 100.00 100.00 100.00 85.71 33.33 66.67 85.71 72.73 83.33 100.00 57.14
80.11=95.83 100.00 95.00 84.62 27.78 92.31 95.65 76.92 85.71 100.00 92.59 100.00 65.71 73.08 96.30 81.48 92.59 100.00 13.33 73.33 93.33 100.00 95.00 25.71 41.86 61.90 90.00 86.36 100.00 62.50 84.62
78.94=95.83 100.00 90.48 88.00 21.74 92.00 95.83 80.77 78.57 92.31 96.00 90.48 75.00 70.00 86.67 85.19 96.15 100.00 17.95 75.00 100.00 100.00 88.00 25.00 41.86 60.00 90.00 90.91 100.00 50.00 73.33
79.29=95.83 100.00 90.48 88.00 18.52 92.31 95.65 80.00 77.78 100.00 95.83 86.96 69.70 71.43 92.59 91.67 89.29 100.00 16.28 63.16 100.00 100.00 90.91 23.08 40.91 65.00 89.47 90.91 100.00 56.52 85.71
78.79=100.00 100.00 90.48 91.67 20.83 92.31 95.83 83.33 65.00 92.86 92.31 100.00 72.22 73.08 92.59 84.00 89.29 100.00 14.29 70.59 93.33 100.00 90.48 33.33 43.90 61.90 86.36 90.48 100.00 43.33 78.57
78.27=100.00 100.00 95.00 88.00 25.00 91.67 95.65 77.27 81.25 92.86 96.30 91.30 69.70 70.83 86.67 83.33 96.30 100.00 12.77 61.11 92.86 92.31 90.48 21.88 39.02 59.09 89.47 87.50 90.48 56.52 91.67
89.90=87.50 100.00 100.00 100.00 100.00 100.00 100.00 66.67 100.00 100.00 100.00 100.00 100.00 100.00 88.89 100.00 100.00 100.00 0.00 100.00 80.00 100.00 100.00 75.00 50.00 100.00 100.00 88.89 100.00 66.67 83.33
89.35=100.00 100.00 100.00 100.00 100.00 100.00 90.91 60.00 100.00 83.33 100.00 100.00 100.00 100.00 100.00 100.00 100.00 100.00 0.00 100.00 100.00 100.00 88.89 80.00 57.14 75.00 100.00 80.00 100.00 54.55 100.00
88.87=87.50 100.00 100.00 60.00 100.00 100.00 90.91 66.67 100.00 83.33 100.00 100.00 88.89 100.00 88.89 100.00 100.00 100.00 0.00 100.00 100.00 100.00 100.00 100.00 50.00 100.00 100.00 88.89 100.00 66.67 83.33
87.95=87.50 100.00 100.00 100.00 80.00 100.00 100.00 50.00 100.00 100.00 100.00 100.00 100.00 100.00 88.89 100.00 100.00 100.00 0.00 100.00 100.00 100.00 100.00 66.67 53.85 100.00 100.00 72.73 100.00 60.00 66.67
84.89=77.78 100.00 100.00 100.00 100.00 100.00 100.00 66.67 100.00 80.00 100.00 100.00 100.00 75.00 100.00 80.00 100.00 87.50 0.00 87.50 100.00 100.00 100.00 37.50 50.00 75.00 85.71 88.89 100.00 60.00 80.00
80.36=96.00 100.00 90.48 90.48 33.33 92.31 100.00 84.21 84.62 100.00 82.76 95.83 63.89 71.43 86.21 75.76 92.31 100.00 27.03 60.87 100.00 96.00 100.00 40.00 53.85 88.89 64.00 95.45 84.21 60.00 81.25
81.30=92.00 100.00 100.00 90.48 35.00 88.89 91.30 82.61 80.00 93.33 89.29 96.15 70.97 76.67 86.21 75.00 100.00 100.00 30.00 56.00 100.00 100.00 96.00 38.46 58.82 93.75 71.43 100.00 78.26 69.57 80.00
80.48=96.00 100.00 94.74 83.33 33.33 92.59 100.00 85.71 84.62 92.31 85.71 95.65 67.57 74.19 92.31 73.53 88.00 95.65 35.14 55.17 95.00 95.83 88.46 29.63 62.07 88.24 78.95 100.00 80.00 66.67 84.62
79.14=95.83 100.00 90.48 87.50 40.00 92.00 100.00 81.82 71.43 100.00 89.29 96.15 60.00 75.86 88.89 82.76 96.15 95.83 25.00 48.28 100.00 100.00 95.83 27.27 60.61 84.21 77.78 95.24 66.67 48.48 80.00
79.63=100.00 100.00 95.00 86.96 35.29 88.89 95.65 78.26 72.73 100.00 92.00 92.59 64.86 67.74 92.31 80.00 88.89 95.45 27.78 50.00 100.00 100.00 100.00 37.50 51.28 84.21 77.78 95.00 82.61 57.14 78.57
89.79=87.50 100.00 100.00 100.00 100.00 100.00 100.00 66.67 100.00 100.00 100.00 100.00 100.00 100.00 87.50 100.00 100.00 100.00 0.00 100.00 100.00 100.00 100.00 83.33 50.00 75.00 100.00 72.73 85.71 75.00 100.00
89.61=87.50 100.00 100.00 100.00 100.00 100.00 100.00 80.00 100.00 100.00 100.00 100.00 100.00 100.00 87.50 100.00 100.00 100.00 0.00 100.00 100.00 100.00 88.89 71.43 57.14 75.00 100.00 61.54 83.33 85.71 100.00
89.85=87.50 100.00 100.00 100.00 100.00 100.00 100.00 57.14 100.00 100.00 100.00 100.00 87.50 83.33 100.00 100.00 100.00 100.00 0.00 88.89 80.00 100.00 100.00 100.00 53.33 100.00 100.00 72.73 75.00 100.00 100.00
87.43=87.50 100.00 100.00 100.00 66.67 100.00 100.00 66.67 100.00 100.00 100.00 100.00 100.00 83.33 100.00 100.00 100.00 100.00 0.00 100.00 100.00 100.00 100.00 100.00 42.86 66.67 100.00 66.67 75.00 75.00 80.00
89.75=77.78 100.00 100.00 100.00 100.00 100.00 83.33 60.00 100.00 100.00 100.00 100.00 100.00 100.00 100.00 100.00 88.89 100.00 0.00 100.00 100.00 100.00 100.00 100.00 53.33 100.00 100.00 66.67 85.71 66.67 100.00
78.17=92.00 95.65 95.00 86.36 21.74 92.31 100.00 94.74 85.71 100.00 88.46 91.67 82.14 74.07 92.59 74.19 76.67 92.31 11.43 46.43 100.00 92.86 92.00 25.93 52.78 71.43 70.59 88.24 100.00 58.33 77.78
80.13=95.65 100.00 95.00 83.33 31.58 92.59 100.00 95.24 85.71 100.00 89.29 95.65 75.76 70.97 88.89 78.57 86.21 92.00 16.28 60.87 95.45 96.15 92.31 36.36 53.12 69.57 61.90 89.47 100.00 83.33 72.73
79.81=85.19 95.24 95.00 86.36 23.81 92.31 100.00 95.24 83.33 100.00 92.59 95.83 68.57 79.31 92.31 84.00 82.76 88.89 12.82 61.90 100.00 96.30 88.46 33.33 50.00 65.22 59.09 86.36 100.00 80.00 100.00
78.75=85.19 95.65 100.00 90.91 22.73 92.31 100.00 100.00 69.23 100.00 96.15 100.00 63.89 75.00 92.00 75.00 78.57 92.31 16.67 57.14 90.91 92.59 92.31 24.14 54.05 76.19 50.00 85.71 100.00 85.00 87.50
79.22=85.71 91.67 100.00 81.82 15.79 92.31 100.00 94.74 86.67 94.74 83.33 100.00 82.76 76.00 92.59 73.33 77.42 88.89 16.67 70.00 95.24 96.15 96.00 29.17 50.00 78.95 54.17 90.48 91.30 80.95 88.89
86.86=87.50 100.00 100.00 100.00 66.67 100.00 100.00 66.67 83.33 83.33 100.00 100.00 100.00 83.33 100.00 77.78 80.00 87.50 0.00 100.00 100.00 100.00 100.00 100.00 53.33 100.00 85.71 75.00 62.50 100.00 100.00
89.71=87.50 100.00 100.00 100.00 100.00 100.00 100.00 50.00 83.33 100.00 100.00 87.50 100.00 71.43 100.00 100.00 100.00 100.00 0.00 100.00 100.00 100.00 100.00 100.00 57.14 100.00 85.71 72.73 85.71 100.00 100.00
90.34=87.50 100.00 100.00 100.00 100.00 100.00 100.00 60.00 100.00 100.00 100.00 100.00 100.00 83.33 100.00 100.00 100.00 100.00 0.00 100.00 100.00 100.00 100.00 100.00 60.00 75.00 85.71 80.00 83.33 85.71 100.00
89.52=87.50 100.00 87.50 100.00 80.00 100.00 100.00 80.00 100.00 83.33 100.00 100.00 87.50 100.00 100.00 100.00 100.00 100.00 0.00 100.00 100.00 100.00 100.00 100.00 53.33 100.00 100.00 63.64 66.67 85.71 100.00
90.06=87.50 100.00 100.00 100.00 100.00 88.89 100.00 66.67 83.33 100.00 100.00 100.00 100.00 83.33 100.00 87.50 80.00 100.00 50.00 100.00 100.00 100.00 100.00 100.00 61.54 100.00 100.00 61.54 75.00 66.67 100.00
87.24=100.00 100.00 100.00 100.00 66.67 100.00 100.00 66.67 100.00 100.00 100.00 100.00 100.00 83.33 100.00 100.00 100.00 87.50 0.00 88.89 100.00 100.00 87.50 50.00 58.82 100.00 100.00 77.78 80.00 57.14 100.00
89.48=87.50 100.00 100.00 100.00 100.00 100.00 100.00 57.14 100.00 100.00 100.00 85.71 85.71 80.00 100.00 100.00 80.00 100.00 100.00 88.89 100.00 71.43 100.00 50.00 62.50 75.00 100.00 87.50 100.00 62.50 100.00
88.28=100.00 100.00 100.00 100.00 80.00 100.00 100.00 60.00 100.00 100.00 100.00 100.00 100.00 83.33 100.00 100.00 100.00 100.00 0.00 100.00 100.00 83.33 100.00 57.14 56.25 66.67 100.00 100.00 100.00 66.67 83.33
85.81=85.71 100.00 100.00 75.00 100.00 100.00 90.91 66.67 83.33 100.00 87.50 100.00 100.00 83.33 100.00 100.00 87.50 87.50 0.00 100.00 100.00 100.00 100.00 37.50 50.00 100.00 100.00 100.00 66.67 75.00 83.33
88.37=100.00 100.00 100.00 100.00 100.00 100.00 90.91 66.67 100.00 83.33 100.00 100.00 100.00 83.33 88.89 100.00 100.00 100.00 0.00 100.00 100.00 80.00 100.00 80.00 43.75 100.00 100.00 72.73 100.00 66.67 83.33
81.26=100.00 100.00 95.00 90.91 28.57 88.46 95.45 88.24 85.71 100.00 86.21 96.00 66.67 70.00 89.29 77.42 89.66 100.00 33.33 59.09 100.00 96.15 92.31 44.44 56.10 94.12 78.95 100.00 82.61 60.71 73.68
80.01=96.00 100.00 100.00 80.00 28.57 92.59 100.00 90.48 83.33 86.67 88.89 96.30 66.67 72.00 88.00 79.31 83.87 96.00 31.25 65.22 100.00 86.21 100.00 37.50 55.56 88.24 70.00 100.00 73.91 59.26 84.62
79.14=100.00 100.00 79.17 90.91 33.33 92.31 100.00 94.44 80.00 93.33 88.00 95.83 64.71 78.57 92.59 75.86 86.21 92.00 25.00 41.94 100.00 96.15 96.00 40.91 55.26 83.33 68.18 100.00 84.21 42.86 82.35
78.81=100.00 100.00 90.48 91.30 30.00 88.89 95.24 78.95 85.71 92.86 80.65 96.15 71.88 73.08 88.89 73.33 83.33 95.65 31.25 62.50 100.00 92.59 95.83 29.03 51.35 83.33 68.18 100.00 81.25 53.57 77.78
80.75=96.00 100.00 95.00 90.48 30.00 88.89 100.00 80.95 91.67 100.00 88.89 92.59 69.70 70.00 89.29 78.57 89.29 100.00 28.21 48.15 100.00 96.00 96.00 34.78 54.05 93.33 77.27 100.00 85.71 57.14 81.25
87.72=100.00 100.00 100.00 75.00 100.00 100.00 100.00 80.00 83.33 100.00 100.00 100.00 87.50 100.00 100.00 100.00 100.00 87.50 0.00 80.00 100.00 100.00 100.00 100.00 42.86 75.00 100.00 53.33 85.71 85.71 83.33
88.52=87.50 100.00 100.00 100.00 100.00 100.00 100.00 66.67 100.00 100.00 100.00 100.00 77.78 83.33 100.00 100.00 100.00 87.50 0.00 100.00 100.00 100.00 85.71 75.00 56.25 100.00 100.00 63.64 75.00 85.71 100.00
90.68=87.50 100.00 100.00 100.00 100.00 88.89 100.00 80.00 100.00 100.00 100.00 100.00 100.00 100.00 100.00 87.50 100.00 100.00 0.00 100.00 100.00 100.00 100.00 85.71 56.25 100.00 100.00 72.73 85.71 83.33 83.33
87.62=87.50 100.00 100.00 100.00 100.00 100.00 100.00 80.00 100.00 100.00 100.00 100.00 77.78 80.00 88.89 85.71 100.00 87.50 0.00 100.00 100.00 83.33 100.00 100.00 41.67 100.00 100.00 57.14 66.67 80.00 100.00
90.77=87.50 100.00 100.00 100.00 100.00 100.00 100.00 80.00 83.33 100.00 100.00 100.00 100.00 100.00 100.00 100.00 88.89 87.50 0.00 88.89 100.00 100.00 100.00 100.00 50.00 75.00 100.00 72.73 100.00 100.00 100.00
87.49=100.00 100.00 100.00 100.00 100.00 100.00 100.00 60.00 100.00 100.00 100.00 100.00 100.00 83.33 100.00 88.89 88.89 87.50 0.00 100.00 80.00 100.00 100.00 60.00 52.94 100.00 85.71 100.00 66.67 75.00 83.33
88.40=100.00 100.00 100.00 100.00 100.00 100.00 100.00 50.00 83.33 83.33 100.00 100.00 100.00 100.00 100.00 100.00 88.89 100.00 0.00 88.89 100.00 80.00 100.00 100.00 53.33 100.00 100.00 100.00 66.67 62.50 83.33
88.92=87.50 100.00 100.00 100.00 100.00 100.00 100.00 66.67 100.00 100.00 100.00 100.00 100.00 100.00 87.50 100.00 100.00 100.00 0.00 80.00 100.00 83.33 100.00 80.00 53.33 100.00 100.00 88.89 83.33 62.50 83.33
92.85=100.00 100.00 100.00 100.00 100.00 100.00 100.00 66.67 100.00 100.00 100.00 100.00 87.50 100.00 80.00 100.00 100.00 100.00 100.00 100.00 80.00 100.00 100.00 80.00 57.14 100.00 100.00 88.89 100.00 66.67 71.43
87.92=87.50 100.00 100.00 100.00 100.00 100.00 100.00 57.14 100.00 100.00 100.00 100.00 88.89 100.00 88.89 100.00 100.00 100.00 0.00 100.00 100.00 100.00 100.00 57.14 53.33 66.67 100.00 80.00 100.00 62.50 83.33
87.35=63.64 100.00 100.00 100.00 100.00 100.00 100.00 57.14 75.00 83.33 100.00 100.00 100.00 100.00 100.00 100.00 88.89 100.00 0.00 87.50 100.00 100.00 100.00 100.00 33.33 75.00 85.71 100.00 100.00 75.00 83.33
92.13=63.64 100.00 100.00 100.00 100.00 100.00 100.00 80.00 100.00 100.00 100.00 85.71 100.00 83.33 100.00 100.00 100.00 100.00 100.00 87.50 100.00 100.00 100.00 100.00 41.67 75.00 100.00 70.00 83.33 85.71 100.00
91.87=63.64 100.00 100.00 100.00 100.00 100.00 100.00 66.67 100.00 100.00 100.00 100.00 100.00 100.00 100.00 100.00 100.00 100.00 0.00 100.00 100.00 100.00 100.00 85.71 46.15 100.00 100.00 100.00 85.71 100.00 100.00
94.26=63.64 100.00 100.00 100.00 100.00 100.00 100.00 75.00 83.33 100.00 100.00 100.00 100.00 100.00 100.00 100.00 100.00 87.50 100.00 100.00 100.00 100.00 100.00 87.50 50.00 75.00 100.00 100.00 100.00 100.00 100.00
89.32=63.64 100.00 100.00 100.00 100.00 100.00 100.00 75.00 100.00 100.00 100.00 100.00 88.89 100.00 100.00 100.00 88.89 100.00 0.00 100.00 100.00 100.00 100.00 77.78 22.22 100.00 100.00 66.67 100.00 85.71 100.00
80.19=100.00 100.00 90.00 86.96 35.00 92.31 100.00 72.73 92.31 100.00 88.89 92.59 68.57 75.00 86.21 84.00 78.12 95.83 26.47 60.87 100.00 100.00 92.31 33.33 55.56 89.47 78.95 100.00 78.95 53.57 77.78
80.26=96.00 100.00 90.00 84.00 33.33 92.31 100.00 90.00 91.67 92.31 89.29 95.83 64.86 72.41 89.29 75.86 86.21 100.00 26.47 56.00 100.00 100.00 92.31 33.33 54.05 88.89 72.73 95.24 77.27 60.87 87.50
79.61=95.83 100.00 90.48 87.50 22.73 92.59 95.45 80.00 76.92 100.00 85.19 96.30 73.53 80.00 92.31 78.12 92.31 100.00 27.27 46.15 100.00 100.00 95.65 37.50 53.66 88.89 73.68 95.24 80.95 51.72 77.78
80.14=96.00 100.00 82.61 90.91 26.32 88.00 100.00 90.48 84.62 100.00 88.89 92.31 67.57 76.67 89.29 79.31 96.00 95.65 28.12 52.00 100.00 100.00 92.31 34.62 51.35 88.89 73.91 100.00 80.95 65.22 72.22
79.35=96.00 100.00 95.00 90.48 33.33 92.59 95.24 81.82 91.67 100.00 89.29 100.00 66.67 66.67 92.31 75.00 89.29 100.00 21.88 53.57 95.00 100.00 85.19 27.27 58.82 83.33 82.35 95.24 76.00 53.57 72.22
88.36=87.50 100.00 100.00 100.00 100.00 100.00 100.00 60.00 100.00 100.00 100.00 100.00 87.50 83.33 100.00 100.00 87.50 100.00 0.00 100.00 80.00 100.00 100.00 100.00 50.00 100.00 100.00 70.00 75.00 75.00 83.33
87.15=87.50 100.00 100.00 100.00 80.00 100.00 90.91 66.67 83.33 80.00 100.00 100.00 100.00 100.00 100.00 100.00 100.00 100.00 0.00 100.00 100.00 100.00 100.00 83.33 41.67 75.00 100.00 66.67 100.00 75.00 71.43
85.65=87.50 100.00 100.00 100.00 75.00 100.00 100.00 80.00 100.00 83.33 100.00 100.00 88.89 100.00 100.00 87.50 100.00 70.00 0.00 100.00 100.00 100.00 100.00 75.00 53.85 100.00 75.00 62.50 83.33 66.67 66.67
87.16=87.50 100.00 100.00 100.00 100.00 100.00 100.00 60.00 100.00 100.00 100.00 100.00 100.00 83.33 87.50 100.00 100.00 100.00 0.00 88.89 80.00 100.00 100.00 66.67 50.00 100.00 85.71 88.89 80.00 60.00 83.33
89.83=87.50 100.00 100.00 100.00 100.00 100.00 100.00 66.67 100.00 100.00 100.00 100.00 87.50 100.00 100.00 87.50 100.00 100.00 0.00 88.89 100.00 100.00 88.89 100.00 53.33 100.00 100.00 88.89 85.71 66.67 83.33
78.64=85.19 95.65 100.00 82.61 15.00 86.21 100.00 90.00 61.11 100.00 89.29 95.65 76.67 81.48 92.00 73.33 89.29 88.46 14.71 77.78 100.00 100.00 92.00 27.59 52.78 68.00 64.71 93.75 100.00 64.52 80.00
77.59=85.19 95.45 100.00 90.48 18.18 88.46 95.24 82.61 76.92 100.00 92.59 91.67 70.59 78.57 92.31 75.00 85.19 92.00 11.43 65.00 95.45 96.15 96.00 22.58 51.43 70.83 68.42 89.47 94.74 69.57 63.64
79.95=85.71 95.65 94.44 83.33 16.00 89.29 100.00 95.24 86.67 100.00 96.30 100.00 80.65 77.78 86.21 75.00 82.76 92.00 20.00 66.67 100.00 96.30 95.65 28.00 52.78 72.73 70.59 90.00 100.00 76.00 72.73
76.76=85.71 95.45 95.00 83.33 16.67 92.31 95.24 80.95 78.57 100.00 92.86 92.00 76.92 74.07 92.31 65.62 92.59 92.00 10.81 70.59 95.45 89.66 95.83 26.09 45.71 70.83 56.52 80.95 100.00 78.26 57.14
78.01=84.62 91.30 100.00 90.48 23.81 88.46 100.00 95.00 72.22 100.00 88.46 100.00 80.65 81.48 92.00 67.74 81.48 92.31 12.50 57.14 95.00 96.30 95.65 25.81 51.43 80.95 50.00 90.00 100.00 60.71 72.73
89.28=63.64 100.00 100.00 100.00 100.00 100.00 100.00 75.00 100.00 100.00 85.71 100.00 100.00 83.33 100.00 100.00 100.00 100.00 0.00 80.00 100.00 100.00 100.00 66.67 38.46 100.00 100.00 100.00 100.00 75.00 100.00
89.70=70.00 100.00 100.00 100.00 100.00 100.00 100.00 80.00 100.00 100.00 87.50 100.00 100.00 100.00 100.00 100.00 100.00 100.00 0.00 100.00 100.00 100.00 100.00 80.00 38.46 75.00 100.00 88.89 85.71 75.00 100.00
90.46=63.64 100.00 100.00 100.00 100.00 88.89 100.00 100.00 83.33 100.00 100.00 100.00 100.00 100.00 100.00 100.00 100.00 100.00 0.00 100.00 100.00 100.00 100.00 100.00 30.00 100.00 100.00 80.00 75.00 100.00 83.33
92.45=63.64 100.00 100.00 100.00 100.00 100.00 100.00 66.67 100.00 100.00 100.00 100.00 100.00 100.00 100.00 100.00 100.00 100.00 100.00 100.00 100.00 83.33 100.00 80.00 50.00 100.00 100.00 88.89 75.00 75.00 83.33
87.93=63.64 100.00 100.00 100.00 66.67 100.00 100.00 75.00 100.00 100.00 100.00 100.00 100.00 100.00 100.00 100.00 100.00 87.50 0.00 100.00 100.00 100.00 100.00 100.00 22.22 100.00 100.00 66.67 75.00 85.71 83.33
81.22=100.00 100.00 90.48 91.30 41.18 92.31 100.00 86.36 90.91 92.31 92.59 92.31 65.79 71.43 86.21 85.19 92.86 100.00 27.27 65.22 95.00 96.00 82.76 42.86 54.29 88.89 75.00 100.00 84.21 61.54 73.68
80.40=100.00 100.00 90.48 90.91 31.25 89.29 100.00 85.00 91.67 100.00 82.76 96.00 65.71 70.00 88.89 80.00 92.59 95.83 29.41 66.67 100.00 96.15 100.00 42.86 50.00 88.89 78.95 90.91 72.73 53.33 72.22
81.28=100.00 100.00 90.48 90.91 36.84 89.29 100.00 86.36 85.71 92.86 88.89 92.59 68.57 71.43 85.71 82.14 92.86 96.00 26.47 56.00 100.00 96.00 100.00 41.67 57.14 88.24 77.27 100.00 81.82 68.00 76.47
79.47=100.00 100.00 90.00 86.96 31.58 89.29 95.45 73.68 85.71 100.00 96.00 100.00 69.70 78.57 92.59 75.86 83.33 92.00 25.00 43.33 100.00 92.31 96.00 33.33 50.00 87.50 71.43 100.00 78.95 62.50 82.35
80.70=100.00 100.00 95.00 86.36 33.33 88.89 95.00 75.00 85.71 92.86 96.15 92.31 64.86 70.37 92.59 83.33 86.21 100.00 33.33 59.09 100.00 100.00 95.65 37.93 52.78 84.21 70.00 100.00 86.36 62.07 82.35
77.97=85.71 95.45 95.00 83.33 20.00 92.00 100.00 80.95 91.67 100.00 89.66 91.30 68.97 75.00 89.29 72.41 85.71 92.00 11.11 59.09 100.00 92.86 92.31 28.57 47.37 69.57 72.22 89.47 100.00 76.19 70.00
77.97=88.46 95.65 100.00 85.71 4.76 92.31 95.24 90.91 85.71 90.00 92.59 95.65 78.12 70.00 92.59 77.78 77.42 91.67 17.14 73.68 100.00 92.59 95.83 23.08 54.05 68.00 52.17 84.21 90.91 94.12 66.67
