76.32616487455198
78.41328026811897
81.6016152306475
78.7271330819718
84.20728017502213
76.33978029139321
75.18759018759017
77.51885211562632
77.61904761904763
78.19496811432295
80.29185867895545
74.79262672811059
80.95238095238095
76.42857142857143
82.35791090629799
81.55529953917049
88.22580645161288
81.70506912442396
82.38095238095238
85.32258064516128
85.21121351766513
87.95698924731182
83.08755760368662
82.2004608294931
85.43010752688173
73.64561513755062
80.05120327700973
83.49808793357181
82.43343573988736
75.44897754575173
72.33841427389815
83.61111111111113
84.11395056556347
86.90919295758006
81.10773634967182
80.04608294930875
78.46390168970815
87.5268817204301
87.65745007680492
89.56989247311827
85.80156402737047
89.247311827957
88.17204301075267
89.00153609831028
87.68817204301075
75.53123399897592
88.71049201694363
84.67974677652096
88.05929733349089
84.18935902806872
83.27188940092165
86.18279569892472
86.7741935483871
88.73271889400922
86.47465437788019
84.7990271377368
91.12903225806451
88.07219662058372
89.03225806451611
88.9605734767025
82.13159242191502
87.32334869431645
88.18274915049109
83.9362519201229
87.82304612949777
85.48387096774192
75.07296466973884
79.59677419354838
87.58064516129032
81.72043010752687
75.33957082344178
84.37997486384583
86.07294139552204
84.29420937485455
86.07643252804543
84.32795698924731
81.61290322580645
82.30030721966206
84.91039426523297
83.95161290322581
85.98014888337467
89.75038402457758
89.30107526881721
91.03686635944699
88.33333333333334
87.95524368105012
82.71833005703974
85.81669226830518
89.12174742819906
88.35208698111924
90.04992319508449
93.2757296466974
88.01075268817203
93.24884792626727
90.75268817204302
83.54326676907323
84.94239631336406
87.58832565284177
89.42396313364056
86.60522273425498
92.1966981644401
89.90271377368154
89.92784992784993
88.86573104315039
89.37522155264092
79.27305669241153
83.36149513568868
87.10317460317461
88.8871433226272
86.84203789042498
86.26502190184057
89.71768374994183
89.87957383118676
88.90799164992714
88.78392217101893
83.62903225806451
86.00230414746544
87.79569892473118
83.89784946236558
81.88172043010752
73.50141793690182
85.12905553228134
85.76548899129546
85.49841735325606
86.25192012288787
88.62519201228878
92.44239631336406
87.95698924731182
91.04838709677419
90.64516129032258
80.17951845750706
82.92463808592842
85.96518177163338
84.715821812596
85.7651398780431
86.98924731182795
92.03917050691244
86.18279569892472
87.46159754224269
85.3584229390681
82.42828855732083
83.7799655541591
85.03153656379465
87.66501419727228
85.75385188288415
75.5211097146581
87.25899548480193
82.2273425499232
79.61824018275631
90.35586277521762
82.58064516129032
93.9247311827957
90.45698924731182
85.64132104454684
91.93548387096774
83.89912954429083
88.48310291858678
84.65427941234393
87.38853440466345
88.02611367127494
80.02481389578165
86.9108132011358
86.94316436251921
86.69087185216216
82.93231857747986
88.18986832269565
90.8383372899502
90.08714403875695
88.73271889400921
89.00537634408602
85.752688172043
88.49462365591397
90.17665130568356
92.33870967741936
91.9047619047619
75.24065540194572
88.47018572825026
85.76618721780012
86.51900966417095
84.13408276311502
87.21198156682027
86.5821812596006
88.16820276497694
89.97311827956989
90.26497695852535
87.06907787552949
87.24142345110087
89.18448934577968
88.68490828168248
90.83311849440882
87.21198156682027
89.51612903225806
88.57142857142856
90.0
90.56067588325652
86.97900665642601
89.51612903225808
88.7557603686636
88.70199692780338
88.58422939068102
77.11410453345937
85.59267793138761
88.71689242656984
87.67094912256204
86.00230414746544
88.00342130987292
90.05376344086022
86.09831029185867
90.05376344086021
85.9062980030722
84.69150025601638
83.03379416282641
85.36866359447004
87.59856630824372
84.19354838709677
91.71554252199412
90.56067588325652
86.92780337941628
87.84946236559139
89.94623655913978
83.45149474181731
86.65514592933948
84.77261090164316
86.70506912442397
90.1465111948983
80.97502516023094
87.07491433297886
84.70499930177348
88.04659498207886
84.46027091188382
91.07526881720429
91.55913978494623
91.98924731182795
89.78494623655914
89.19354838709677
83.9811711585905
87.07898732092279
90.55427547363031
87.75846017781501
89.29015429015429
88.53337522692361
90.31233998975937
89.4457245263697
88.53174603174602
87.75601638504864
91.02406554019457
93.72759856630825
89.89247311827957
89.27419354838709
88.76344086021506
83.16517711679002
86.33070334683238
86.98180851406657
87.45473164828003
85.56451612903226
87.784178187404
91.29032258064517
93.44086021505376
90.26881720430107
92.90322580645162
87.62044407205698
90.91909882232463
88.39851904368034
86.93245822278082
89.99674160964484
83.4152585765489
88.48019364148395
85.57987711213518
84.93878880975656
88.65335381464413
87.80593958013314
85.93701996927804
81.48745519713262
84.76958525345621
84.51612903225806
79.30445003025649
89.47260624679981
86.01302819044756
87.38946537333635
88.29446539123958
85.11136712749615
90.24193548387096
91.15207373271889
87.76881720430107
93.54838709677419
88.110599078341
91.09831029185868
93.46774193548387
93.08243727598567
91.29032258064517
85.88325652841782
91.98028673835125
86.74731182795698
92.92114695340503
87.71505376344086
88.37557603686636
88.01075268817203
84.14234511008705
83.37173579109063
85.60931899641577
88.46390168970815
88.2258064516129
90.62724014336918
90.94086021505377
91.36200716845877
87.68305171530979
87.25806451612904
90.26881720430107
89.64669738863286
88.44086021505376
86.1877733782
89.05776123518059
85.71044546850997
83.91276286437576
86.17453335195269
84.54301075268818
89.48028673835125
88.7557603686636
89.11290322580643
88.58422939068102
81.9114962488034
88.3786016850533
86.54761904761905
90.10752688172043
86.22493993461737
89.33982683982683
93.33333333333334
92.0353302611367
91.0752688172043
93.89400921658986
82.42063492063491
90.86021505376345
88.2642089093702
90.03118745054229
89.99419934903806
75.63236047107016
87.21326164874552
89.1983196015454
85.69252432155659
90.94935530419401
88.58585858585859
91.71274961597543
91.09447004608293
94.51612903225806
92.01228878648233
88.252688172043
91.06758832565284
90.45698924731182
87.81362007168458
90.77188940092167
88.27819134270747
91.63943583298422
90.2521761392729
91.36328725038402
88.73353349159802
82.72110505981475
90.65505283247218
86.89836149513569
88.83768561187917
90.18772446191801
88.27700972862263
90.15954475631895
90.3808825583019
89.06588930782479
91.38879042104848
88.65207373271889
92.03917050691244
87.52688172043011
95.16129032258064
92.84562211981567
87.29227761485826
83.17204301075267
87.82130056323604
88.94265232974911
88.84408602150538
78.40038361385612
89.05913978494621
86.95980542754737
88.83768561187917
89.34064143741563
88.02611367127496
89.6192338127822
91.34152585765489
90.02432155657964
92.08129683936134
83.23472823472824
89.91423451100869
88.94137224782388
90.59733277475213
87.52269236140202
94.15933528836754
91.1699948796723
92.28110599078342
95.56067588325652
93.22196620583718
84.76690871852162
88.80137783363588
87.48454054905669
89.53798889282761
89.90911418330772
90.61443932411674
88.85944700460828
89.21146953405018
91.2826420890937
91.52329749103943
89.57471739729804
86.95410324442582
88.59831029185867
85.62714167552878
90.42626728110599
88.70967741935483
90.99078341013825
90.40322580645162
92.01612903225806
88.12724014336919
90.88779500069823
90.82518735744543
90.85986594051111
90.95703579574547
89.59735604896895
89.91551459293395
92.27598566308244
93.45878136200717
88.43701996927804
88.41013824884793
85.79877112135178
85.02304147465438
88.44086021505376
87.25806451612904
82.1505376344086
92.64592933947775
92.59088581669226
88.55862775217614
92.12749615975423
92.58192524321558
89.45212493599591
92.18244121469928
92.5
90.0580691709724
90.79237071172555
79.11715863328767
88.62637362637363
90.37890424987198
91.54971372713308
87.51338267467298
86.1968766001024
86.41788319207673
90.0832053251408
88.78347458992621
89.04726993436671
87.60786081613571
88.48428453267162
87.89298515104966
89.60026532607178
90.48259088581669
88.83256528417817
86.49129544290834
87.41923846762558
87.66001024065541
87.55469440953311
88.34217753572592
90.37459851975981
91.2308569566634
90.92899036447425
92.4641577060932
89.6774193548387
92.8904249871992
89.53405017921148
89.80286738351255
91.26344086021506
89.15942427802011
91.0099846390169
91.7089093701997
91.16301261462552
88.31403363661428
85.09216589861751
90.1171856817018
88.26211422985618
89.37894542733251
92.43983614951358
89.99615975422427
94.78494623655914
92.22734254992321
93.70199692780338
90.99078341013825
92.1415770609319
91.57706093189965
92.1146953405018
91.84587813620071
90.90501792114695
87.8960107992366
87.87484916517175
90.21761392729135
91.11111111111113
90.46164409067634
88.04436875264365
91.88546220804287
91.6524872976486
91.99692780337944
92.59846784040333
86.68935902806871
89.51868919610855
90.10845785039334
90.60666036472489
88.3857003211842
84.34852839379374
89.68091048736211
89.64413722478238
90.66133687101429
89.67322999581063
87.38351254480285
91.4784946236559
86.12903225806451
88.94777265745007
90.66308243727597
85.06183959409766
89.94322881419654
92.0583717357911
88.51545407997023
89.09880442138505
90.81539700754287
90.4083461341526
91.40168970814133
92.47905320485965
91.44649257552483
83.95545314900154
88.81417865288833
90.331541218638
91.11485288904642
91.60138248847927
88.56467904855
89.46108550947261
89.10650281618024
90.02048131080389
88.81883349625285
92.09677419354838
93.41013824884793
90.56067588325654
88.49078341013825
90.07680491551459
86.2826420890937
89.83486943164363
86.65898617511522
86.23271889400922
85.8794162826421
86.2408917247627
89.51182330214587
90.22994926220733
92.57028813480426
91.3460643299353
84.70267188009123
87.46753246753248
88.15786364173462
87.50826234697202
90.01058976865428
86.68074756784434
91.60568821859144
87.41795838570032
87.1863799283154
92.04650188521155
88.19066238421077
93.30645161290323
93.10631125147253
91.98284690220176
90.70264860587442
90.39938556067588
95.3225806451613
93.51254480286738
96.04454685099846
93.3026113671275
89.40092165898618
89.3010752688172
92.8494623655914
91.98924731182797
88.30645161290322
89.41861006377134
92.42959549411164
91.5014376304699
90.5030721966206
92.20046082949308
89.7140762463343
90.29255690546012
90.12544802867384
89.32923707117256
90.85509472606246
82.57585876800464
87.68315018315019
90.83589349718383
89.80798771121351
88.68407578084998
92.90322580645162
92.08397337429597
92.89554531490015
94.40092165898618
96.12135176651306
84.42012288786482
85.68612391193037
89.66973886328726
88.38709677419355
88.97849462365592
86.63466461853558
88.50358422939067
88.6753479495415
92.07757296466974
88.66568914956011
90.16129032258064
91.53225806451613
92.20430107526882
90.82949308755761
91.57706093189964
91.948110923443
91.95842687778173
91.2826420890937
91.30184331797236
91.61360145231114
85.2529907368617
89.2249685798073
89.10475724991855
91.1591723688498
91.64071591490946
90.21505376344085
94.86175115207374
93.51766513056836
96.58218125960062
95.1036866359447
88.41721238580324
93.16436251920125
93.054973700135
92.70353302611367
91.51433691756273
90.8294930875576
91.09831029185867
93.19508448540707
96.58218125960062
94.6774193548387
90.84126984126985
90.13440860215053
89.75119862216636
91.04920169436298
87.11469534050181
92.80123997865935
90.86149513568868
92.33230926779315
93.38325652841782
93.00691244239633
86.04454685099846
85.39938556067588
89.00153609831028
88.78648233486943
86.17511520737328
86.80235535074246
90.85858585858584
89.59747242005307
90.51203277009729
91.42985151049666
85.50260671228413
89.33249546152771
89.34797281571475
90.81203742494064
89.72340383630707
90.13440860215054
91.61290322580645
89.15514592933948
91.36328725038403
92.01228878648233
86.78955453149003
89.02457757296466
86.82027649769586
89.42396313364056
85.34562211981567
92.74961597542242
97.19662058371736
92.43727598566309
90.1574500768049
91.20583717357911
84.81182795698925
85.4800307219662
86.7741935483871
86.82795698924733
86.41321044546851
90.88069636456734
92.85714285714286
91.80701019410698
93.45959595959596
90.72324628776242
88.38069636456734
91.35048643113161
89.72222222222221
88.58550947260623
92.15565796210959
90.71977305848273
91.48408043569334
92.91951775822744
93.16389703486477
92.21326164874553
92.74193548387096
95.1804915514593
93.86328725038402
93.6021505376344
94.43164362519201
88.24884792626729
88.77112135176651
89.78494623655915
86.60522273425501
85.34562211981567
91.82027649769586
92.97491039426524
89.78494623655915
89.18458781362007
89.59293394777265
89.43932411674348
87.51920122887864
87.6958525345622
89.02457757296467
87.01228878648233
90.45826932923708
91.06677372806405
91.1028487641391
92.1833542801285
93.04403481822837
92.07745659358562
93.08930316994835
92.74915049108598
91.7204301075269
91.28217660475725
93.03379416282641
93.27956989247313
93.51766513056835
95.88325652841782
91.82027649769586
90.1152073732719
95.84741423451099
90.95494111623145
91.47465437788019
92.28110599078342
89.97205576097582
89.99615975422427
90.89047153563283
91.27880184331796
90.33724340175955
90.04992319508449
89.12360936554487
89.10952846436717
90.32851557045105
91.00870455709166
91.56428696751276
93.26676907322067
92.04931269447398
92.33696411115767
92.62498254433739
