59.463667105867486
52.38824717911982
54.15385724492853
54.61885994990889
58.74503636546582
53.82762816767991
53.471211562450534
51.98922474322498
54.36337908717628
58.78283140048799
91.43113159242193
91.19943676395289
90.9662291113904
92.01356886840757
93.03996183028443
75.49187371768018
84.31003584229391
83.64025759187051
83.99356020323764
79.81556973492458
80.70771522384426
85.26743865453543
84.79344132569939
88.12049062049063
85.96599636922217
63.257099226896514
60.804632744996326
59.599529136516395
63.446199551068545
66.31961345884301
59.352766358053955
60.24305785171119
62.286973813562874
60.79321150262652
63.38106262830386
84.64716287296932
84.16643392449846
87.75089605734767
83.91798165991716
84.39184471442537
82.69759810082391
81.1530047013918
83.36917562724015
81.64804729320859
85.82279727441018
63.295900514137514
62.41984757087806
63.327830980907
62.681509209290894
61.463209866126924
83.83168802523642
86.73963133640554
86.26285900479449
85.58976865428478
86.19687660010241
81.50097214613342
82.91858678955452
84.51170693106178
79.23165544133286
86.70250896057348
60.03711032334812
61.96703582644251
62.95382238519983
62.20297296764894
63.339188079977504
80.05848989719956
81.07096308709212
84.32493134106036
79.60177815016525
85.45413367994014
63.619921473939755
65.03283038682291
66.3489687184263
66.18640130906961
64.04960195188215
82.65262515262516
85.00756412046734
83.07987711213518
86.55785970302101
86.00200874394423
78.56595913047526
86.7265351136319
78.85816692268303
84.64797747055812
84.39580133128521
63.7247015878841
61.35126518586386
62.16376629184597
63.514848467174325
63.447374074997484
85.66145324209842
81.8582134711167
83.05811571940605
85.77543424317619
83.10774351096931
85.52727738211611
82.99411162314388
80.6605222734255
84.75520894875733
86.52713773681516
64.91939867961989
64.35540256985433
63.80945797893466
64.24596434292691
65.38642111217385
65.30772329638407
64.67947307992904
65.86026558369123
65.25508577119665
65.76040224471292
65.0767635154636
62.42770991340739
64.08700469374966
65.58445697625358
64.71079990437141
82.0465555949427
82.43843969650422
86.62698412698414
80.25601638504864
84.22269486785616
61.27306157302168
60.607471597989615
60.786961604492646
64.17842560412966
62.33751202724292
84.32440319537095
82.53712237583206
84.61073872364196
84.5259579130547
85.27596955016311
62.70242080381263
67.74724681376004
66.47930251205116
67.66225141241618
67.5571187620172
80.78136916846593
79.4832497251852
80.78715191618416
82.88722030657516
82.48056602895312
65.26811734341086
67.30325387724682
67.33652415583244
68.27896833432563
67.16998870962672
61.35728068163799
61.658723728259595
61.81503097461005
61.82915779735337
61.506866346406326
75.71044546850999
81.34362053716893
81.54075315365637
83.88760880696366
81.88893543732254
65.54137530093112
67.25023934079316
66.06793943242458
69.05493237428708
68.4252414454119
61.76880767192583
61.21279900267014
61.88162254612362
63.13260802712941
62.99029153215082
65.49088806979643
65.13864909906243
64.35638692663944
66.53283795800029
64.5496350426037
75.83798817669785
81.00584898971996
79.61713913326818
79.4726062467998
83.60255336061786
60.996650085192385
60.400483146312006
62.452701121659494
62.56631723280893
62.43197834758471
77.29379043895173
77.44751664106504
80.40532048596565
79.89749497814014
78.60424521714842
66.39307789334806
65.74627751176337
62.17031402254374
65.46266529003107
65.5947282633504
80.28883303076852
76.33337988176699
81.87403993855608
83.78217660475727
79.76553016875597
79.57594376949217
79.42396313364057
81.13001693646855
79.93488590262784
77.49280289602869
67.25123895177933
67.28828526037829
67.29131035214553
67.7565047803006
68.34188442430232
80.78341013824884
80.39880370525533
82.02735436606406
82.5249213152439
81.66381109929496
74.12954429083462
79.20989404860374
79.247311827957
82.63312852022531
76.66282642089092
79.45458663200598
82.3560489689522
84.00124069478908
75.21739908836682
79.62976092008351
60.86038524355375
63.25944832509253
61.59569498413606
63.03070147205651
63.47613937740751
61.22972742016733
63.72947415569196
62.99783990547367
61.265518088484484
64.34103945655694
79.39708141321044
80.690895126379
82.40399385560676
83.56712284131638
80.87813620071685
64.92746698302173
64.16957547238103
66.43684763006836
66.53635549309631
64.92017509460851
64.85272269793809
65.65553602489723
66.15678981333224
66.45628934119362
68.02423911894373
74.92249685798073
82.12208042853204
80.43446696672501
82.12947446818416
81.34352206932851
63.706173212851226
62.274993572677346
63.908253224803495
63.408190263502945
61.71865360557641
80.4707747449683
80.27137736815158
78.73399897593445
81.45638411767445
79.88479262672811
66.66190320747835
68.01713009118846
67.45118488416946
66.67329841190497
66.64816739204745
61.11328983508359
63.08668262250917
63.48456099100655
62.88092401734463
63.48512234413944
77.55858836504
80.89466089466089
76.38702695154308
79.30491551459293
74.47307173113624
65.23416288068591
66.95590430786268
67.69671757094657
66.93906716247805
66.44231494750477
73.37429595494113
75.56899193995969
78.23703178541888
76.20828096634548
74.07415165479682
74.21381485897615
83.01075268817205
81.19117441698089
81.72350946544495
82.45601173020528
76.32842963488125
79.78174155593511
77.06721593818368
79.6594982078853
78.16261695293954
76.26698570246957
75.37587860168506
77.51396453009357
79.49809151422055
80.49858743407133
80.85509472606248
75.79739257158612
78.93743353420773
80.52023245571631
80.68984778662198
80.57446138091298
78.3230926779314
76.62919517758228
78.81941535167343
77.70993343573988
68.19743939376426
68.11100315630675
65.20361110159155
66.47348350830825
67.88272162617793
76.47802913931946
78.36715256070094
78.61879160266255
80.02176139272913
75.87720523204395
67.70349657222611
68.44109813890378
66.28126680288219
68.25309165875471
67.55666687089607
79.2919983242564
81.88616043454752
81.51404151404152
79.30584648326582
82.4059095026837
66.22389712084814
65.5724553957804
67.51560631234302
67.17634922023358
66.75071662868731
62.77955706922848
61.989830866279306
61.91449322834982
60.91219448306689
64.08164646597767
79.39196108550948
80.75082623469721
82.37525019783085
80.5253527834173
80.27870874645069
77.60194106968301
79.74741208612174
78.6020341665503
77.81635031635034
80.6487061325771
66.39872625704103
67.9229956749248
64.9366103874406
67.75546955855057
66.50015119089245
65.75036616855361
67.41816210616241
66.96189615595397
67.64984987066163
65.59799272715169
66.43948710356077
66.32772635341927
67.70872400023799
67.11433425451494
64.15922015279601
76.15184099055067
75.89186798864219
80.78853046594983
81.61371782339523
81.41321044546851
79.69209106305881
79.38812083973374
79.85884187497092
80.82000436839147
76.82667690732207
