99.17=100.00 100.00 100.00 100.00 100.00 91.67 100.00 100.00 100.00 100.00
94.79=100.00 100.00 100.00 100.00 100.00 100.00 84.62 83.33 80.00 100.00
97.35=100.00 100.00 100.00 91.67 100.00 90.91 90.91 100.00 100.00 100.00
97.14=100.00 100.00 100.00 100.00 100.00 100.00 100.00 71.43 100.00 100.00
100.00=100.00 100.00 100.00 100.00 100.00 100.00 100.00 100.00 100.00 100.00
95.45=100.00 100.00 86.67 100.00 100.00 94.12 73.68 100.00 100.00 100.00
94.94=93.75 100.00 86.67 93.75 100.00 100.00 82.35 92.86 100.00 100.00
97.27=100.00 100.00 100.00 100.00 93.75 100.00 78.95 100.00 100.00 100.00
97.53=100.00 100.00 100.00 88.24 93.75 100.00 93.33 100.00 100.00 100.00
96.19=100.00 100.00 100.00 81.25 100.00 95.00 93.33 92.31 100.00 100.00
95.49=97.96 100.00 89.09 92.00 93.62 92.00 90.20 100.00 100.00 100.00
95.18=96.00 100.00 90.74 90.38 97.83 91.67 89.80 100.00 97.83 97.56
95.76=100.00 100.00 94.23 90.00 93.75 91.84 92.16 97.78 97.87 100.00
95.40=100.00 100.00 90.74 97.96 93.62 89.58 82.14 100.00 100.00 100.00
87.83=97.96 100.00 88.89 97.87 97.87 92.00 93.88 97.67 100.00 100.00 0.00
94.57=96.08 95.65 90.38 87.04 93.88 93.88 95.65 95.56 100.00 97.62
96.17=92.45 97.83 95.83 94.12 95.92 94.00 94.00 100.00 100.00 97.56
95.41=97.96 97.83 92.45 92.45 95.65 86.79 95.65 97.78 100.00 97.56
95.66=96.08 100.00 94.12 88.89 95.83 90.20 93.88 100.00 100.00 97.62
96.43=97.92 100.00 94.12 88.68 95.92 95.92 94.12 100.00 100.00 97.62
96.43=92.86 100.00 92.86 83.33 100.00 95.24 100.00 100.00 100.00 100.00
97.40=100.00 100.00 92.86 100.00 100.00 95.45 92.86 92.86 100.00 100.00
94.95=100.00 100.00 92.86 100.00 100.00 95.00 76.47 92.31 92.86 100.00
96.40=100.00 100.00 92.86 83.33 100.00 95.00 92.86 100.00 100.00 100.00
94.54=100.00 100.00 100.00 87.50 100.00 90.00 75.00 92.86 100.00 100.00
94.17=100.00 100.00 66.67 100.00 100.00 100.00 91.67 83.33 100.00 100.00
94.29=85.71 85.71 100.00 100.00 100.00 100.00 100.00 71.43 100.00 100.00
97.14=100.00 100.00 100.00 100.00 100.00 100.00 100.00 71.43 100.00 100.00
96.07=100.00 100.00 85.71 100.00 100.00 100.00 91.67 83.33 100.00 100.00
100.00=100.00 100.00 100.00 100.00 100.00 100.00 100.00 100.00 100.00 100.00
100.00=100.00 100.00 100.00 100.00 100.00 100.00 100.00 100.00 100.00 100.00
99.17=100.00 100.00 100.00 100.00 100.00 91.67 100.00 100.00 100.00 100.00
96.90=100.00 100.00 85.71 91.67 100.00 100.00 91.67 100.00 100.00 100.00
96.67=100.00 100.00 100.00 91.67 100.00 91.67 100.00 83.33 100.00 100.00
98.33=100.00 100.00 100.00 91.67 100.00 100.00 91.67 100.00 100.00 100.00
93.57=100.00 100.00 100.00 82.35 100.00 100.00 66.67 86.67 100.00 100.00
91.36=100.00 86.67 92.86 83.33 100.00 100.00 57.89 100.00 92.86 100.00
97.00=100.00 100.00 100.00 87.50 100.00 95.00 87.50 100.00 100.00 100.00
97.52=100.00 100.00 100.00 100.00 100.00 100.00 82.35 92.86 100.00 100.00
97.83=100.00 100.00 100.00 83.33 100.00 95.00 100.00 100.00 100.00 100.00
95.55=96.00 97.83 95.92 96.00 95.92 90.00 88.46 97.83 100.00 97.56
86.78=98.00 100.00 92.31 88.89 95.83 93.88 90.20 95.45 100.00 100.00 0.00
96.17=96.08 100.00 94.23 90.20 95.92 95.92 94.00 97.78 100.00 97.62
95.65=98.00 100.00 96.00 88.68 95.92 86.79 93.48 100.00 100.00 97.62
95.77=98.00 100.00 94.23 92.00 92.00 92.16 93.88 100.00 97.83 97.62
97.50=100.00 100.00 100.00 91.67 100.00 100.00 100.00 83.33 100.00 100.00
98.33=100.00 100.00 100.00 100.00 100.00 91.67 91.67 100.00 100.00 100.00
100.00=100.00 100.00 100.00 100.00 100.00 100.00 100.00 100.00 100.00 100.00
98.33=100.00 100.00 100.00 100.00 100.00 100.00 100.00 83.33 100.00 100.00
98.33=100.00 100.00 100.00 91.67 100.00 91.67 100.00 100.00 100.00 100.00
92.57=100.00 100.00 92.86 83.33 100.00 100.00 80.00 85.71 92.86 90.91
93.55=100.00 100.00 86.67 100.00 93.33 94.74 75.00 85.71 100.00 100.00
95.00=100.00 100.00 100.00 100.00 93.33 90.91 80.00 85.71 100.00 100.00
90.27=92.86 100.00 81.25 87.50 100.00 84.21 76.92 80.00 100.00 100.00
96.20=100.00 100.00 100.00 92.86 100.00 95.00 81.25 92.86 100.00 100.00
96.08=97.96 100.00 89.09 93.88 94.00 90.38 97.92 100.00 100.00 97.62
94.88=96.08 97.83 94.12 92.16 95.92 91.67 87.76 95.65 100.00 97.62
94.77=95.92 100.00 82.76 92.00 95.92 93.75 92.00 97.73 100.00 97.62
96.52=98.04 97.83 96.08 94.23 95.83 93.88 94.00 97.83 100.00 97.50
96.55=98.04 100.00 92.45 94.12 95.92 93.75 95.83 100.00 100.00 95.35
100.00=100.00 100.00 100.00 100.00 100.00 100.00 100.00 100.00 100.00 100.00
100.00=100.00 100.00 100.00 100.00 100.00 100.00 100.00 100.00 100.00 100.00
97.80=85.71 100.00 100.00 100.00 100.00 100.00 92.31 100.00 100.00 100.00
100.00=100.00 100.00 100.00 100.00 100.00 100.00 100.00 100.00 100.00 100.00
100.00=100.00 100.00 100.00 100.00 100.00 100.00 100.00 100.00 100.00 100.00
88.30=100.00 100.00 94.23 97.83 97.87 91.84 91.67 100.00 97.92 100.00 0.00
87.63=100.00 100.00 94.12 88.24 95.74 94.00 91.84 100.00 100.00 100.00 0.00
87.08=100.00 100.00 84.21 93.75 97.87 88.46 93.62 100.00 100.00 100.00 0.00
88.52=100.00 100.00 94.00 95.65 100.00 88.46 95.65 100.00 100.00 100.00 0.00
88.31=97.92 100.00 95.92 95.74 97.87 90.20 93.75 100.00 100.00 100.00 0.00
98.33=100.00 100.00 100.00 100.00 100.00 100.00 100.00 83.33 100.00 100.00
97.74=100.00 100.00 85.71 91.67 100.00 100.00 100.00 100.00 100.00 100.00
95.66=100.00 85.71 100.00 100.00 100.00 90.91 100.00 80.00 100.00 100.00
96.90=100.00 100.00 85.71 100.00 100.00 100.00 100.00 83.33 100.00 100.00
97.14=100.00 100.00 100.00 100.00 100.00 100.00 100.00 71.43 100.00 100.00
88.06=100.00 100.00 95.83 93.48 97.87 90.00 91.49 100.00 100.00 100.00 0.00
88.01=100.00 100.00 97.87 93.48 97.87 89.80 91.49 100.00 100.00 97.56 0.00
88.20=100.00 100.00 92.31 95.65 97.87 95.65 88.68 100.00 100.00 100.00 0.00
81.95=100.00 100.00 100.00 97.78 97.83 97.78 92.16 97.83 100.00 100.00 0.00 0.00
88.46=98.04 100.00 97.96 97.78 97.87 91.67 89.80 100.00 100.00 100.00 0.00
96.09=100.00 100.00 100.00 93.75 100.00 94.74 85.71 86.67 100.00 100.00
95.06=100.00 100.00 100.00 87.50 100.00 100.00 76.47 86.67 100.00 100.00
96.07=100.00 100.00 92.86 93.33 100.00 95.00 86.67 92.86 100.00 100.00
95.47=100.00 93.33 100.00 100.00 100.00 100.00 82.35 92.31 86.67 100.00
96.12=100.00 100.00 100.00 88.24 100.00 100.00 91.67 81.25 100.00 100.00
100.00=100.00 100.00 100.00 100.00 100.00 100.00 100.00 100.00 100.00 100.00
100.00=100.00 100.00 100.00 100.00 100.00 100.00 100.00 100.00 100.00 100.00
98.33=100.00 100.00 100.00 91.67 100.00 91.67 100.00 100.00 100.00 100.00
100.00=100.00 100.00 100.00 100.00 100.00 100.00 100.00 100.00 100.00 100.00
97.50=100.00 100.00 100.00 100.00 100.00 91.67 100.00 83.33 100.00 100.00
88.85=97.96 97.83 100.00 100.00 95.83 90.00 95.74 100.00 100.00 100.00 0.00
89.40=98.00 100.00 100.00 97.87 95.65 95.83 96.00 100.00 100.00 100.00 0.00
88.37=98.04 100.00 100.00 95.45 95.83 95.74 93.62 95.74 100.00 97.62 0.00
81.21=96.08 100.00 100.00 95.74 97.92 95.56 93.88 97.83 100.00 97.56 0.00 0.00
89.78=98.04 100.00 100.00 100.00 97.83 95.83 95.92 100.00 100.00 100.00 0.00
89.42=100.00 100.00 100.00 97.78 97.87 95.65 92.31 100.00 100.00 100.00 0.00
89.37=100.00 100.00 97.92 95.65 97.87 97.92 96.00 97.73 100.00 100.00 0.00
88.87=97.96 100.00 100.00 100.00 97.78 91.67 90.20 100.00 100.00 100.00 0.00
88.87=98.00 100.00 100.00 97.83 97.87 91.84 92.00 100.00 100.00 100.00 0.00
89.05=100.00 100.00 97.92 97.67 97.87 95.74 90.38 100.00 100.00 100.00 0.00
99.17=100.00 100.00 100.00 100.00 100.00 91.67 100.00 100.00 100.00 100.00
100.00=100.00 100.00 100.00 100.00 100.00 100.00 100.00 100.00 100.00 100.00
100.00=100.00 100.00 100.00 100.00 100.00 100.00 100.00 100.00 100.00 100.00
96.46=100.00 100.00 100.00 100.00 100.00 84.62 100.00 100.00 80.00 100.00
98.33=100.00 100.00 100.00 100.00 100.00 100.00 100.00 83.33 100.00 100.00
89.39=100.00 100.00 100.00 100.00 100.00 100.00 100.00 83.33 100.00 100.00 0.00
89.39=100.00 100.00 100.00 100.00 100.00 100.00 100.00 83.33 100.00 100.00 0.00
97.50=100.00 100.00 100.00 100.00 100.00 100.00 91.67 83.33 100.00 100.00
90.91=100.00 100.00 100.00 100.00 100.00 100.00 100.00 100.00 100.00 100.00 0.00
89.39=100.00 100.00 100.00 100.00 100.00 100.00 100.00 83.33 100.00 100.00 0.00
96.90=100.00 85.71 100.00 100.00 100.00 100.00 100.00 83.33 100.00 100.00
100.00=100.00 100.00 100.00 100.00 100.00 100.00 100.00 100.00 100.00 100.00
100.00=100.00 100.00 100.00 100.00 100.00 100.00 100.00 100.00 100.00 100.00
99.17=100.00 100.00 100.00 100.00 100.00 91.67 100.00 100.00 100.00 100.00
99.23=100.00 100.00 100.00 100.00 100.00 100.00 92.31 100.00 100.00 100.00
88.82=98.00 100.00 100.00 97.73 97.83 91.84 93.75 97.87 100.00 100.00 0.00
81.96=100.00 100.00 100.00 97.78 97.87 95.74 92.16 100.00 100.00 100.00 0.00 0.00
88.49=100.00 100.00 100.00 97.78 97.87 88.24 93.62 100.00 95.92 100.00 0.00
89.62=100.00 100.00 100.00 97.83 97.87 97.83 92.31 100.00 100.00 100.00 0.00
88.69=100.00 100.00 97.96 97.78 97.87 90.20 91.84 100.00 100.00 100.00 0.00
98.82=100.00 100.00 100.00 100.00 100.00 100.00 88.24 100.00 100.00 100.00
89.16=100.00 100.00 100.00 100.00 100.00 95.00 92.86 92.86 100.00 100.00 0.00
89.39=100.00 100.00 100.00 100.00 100.00 100.00 83.33 100.00 100.00 100.00 0.00
96.99=100.00 100.00 100.00 87.50 100.00 100.00 82.35 100.00 100.00 100.00
96.78=93.33 93.33 92.86 100.00 100.00 100.00 88.24 100.00 100.00 100.00
96.61=93.75 100.00 100.00 93.75 100.00 100.00 92.86 85.71 100.00 100.00
86.21=100.00 100.00 100.00 93.33 100.00 93.75 80.00 81.25 100.00 100.00 0.00
86.29=100.00 100.00 100.00 87.50 100.00 100.00 75.00 86.67 100.00 100.00 0.00
87.92=100.00 100.00 100.00 93.75 100.00 100.00 86.67 86.67 100.00 100.00 0.00
84.50=100.00 100.00 92.86 92.86 100.00 100.00 68.75 75.00 100.00 100.00 0.00
89.39=100.00 100.00 100.00 100.00 100.00 100.00 100.00 83.33 100.00 100.00 0.00
88.10=85.71 100.00 100.00 100.00 100.00 100.00 100.00 83.33 100.00 100.00 0.00
98.33=100.00 100.00 100.00 100.00 100.00 100.00 100.00 83.33 100.00 100.00
86.49=100.00 100.00 100.00 100.00 100.00 100.00 100.00 71.43 80.00 100.00 0.00
89.39=100.00 100.00 100.00 100.00 100.00 100.00 100.00 83.33 100.00 100.00 0.00
89.41=100.00 100.00 97.96 100.00 95.83 97.83 94.12 97.83 100.00 100.00 0.00
88.87=98.04 100.00 100.00 100.00 95.83 95.56 90.57 100.00 100.00 97.56 0.00
88.82=98.00 100.00 97.96 97.78 95.92 93.75 95.74 100.00 97.83 100.00 0.00
89.17=97.87 100.00 96.00 100.00 95.56 95.74 97.92 100.00 97.83 100.00 0.00
88.85=97.96 100.00 100.00 97.78 95.83 93.62 92.16 100.00 100.00 100.00 0.00
92.75=100.00 100.00 85.71 100.00 100.00 90.91 90.91 80.00 80.00 100.00
89.39=100.00 100.00 100.00 100.00 100.00 100.00 100.00 83.33 100.00 100.00 0.00
90.91=100.00 100.00 100.00 100.00 100.00 100.00 100.00 100.00 100.00 100.00 0.00
89.09=100.00 100.00 100.00 100.00 100.00 100.00 100.00 80.00 100.00 100.00 0.00
90.91=100.00 100.00 100.00 100.00 100.00 100.00 100.00 100.00 100.00 100.00 0.00
98.04=100.00 100.00 100.00 100.00 100.00 100.00 87.50 100.00 92.86 100.00
89.19=100.00 100.00 100.00 88.24 100.00 100.00 100.00 92.86 100.00 100.00 0.00
89.73=100.00 93.33 100.00 100.00 100.00 100.00 93.75 100.00 100.00 100.00 0.00
87.71=100.00 100.00 100.00 100.00 93.33 100.00 71.43 100.00 100.00 100.00 0.00
81.67=100.00 100.00 86.67 100.00 100.00 100.00 93.33 100.00 100.00 100.00 0.00 0.00
89.56=100.00 100.00 100.00 100.00 100.00 100.00 92.86 92.31 100.00 100.00 0.00
87.42=100.00 100.00 100.00 93.75 100.00 100.00 81.25 86.67 100.00 100.00 0.00
86.57=100.00 100.00 100.00 87.50 100.00 93.33 78.57 100.00 92.86 100.00 0.00
86.51=100.00 100.00 100.00 85.71 100.00 94.12 86.67 92.31 92.86 100.00 0.00
88.95=100.00 100.00 100.00 93.33 100.00 100.00 92.86 92.31 100.00 100.00 0.00
89.39=100.00 100.00 100.00 100.00 100.00 100.00 100.00 83.33 100.00 100.00 0.00
95.48=100.00 85.71 85.71 100.00 100.00 100.00 100.00 83.33 100.00 100.00
89.39=100.00 100.00 100.00 100.00 100.00 100.00 100.00 83.33 100.00 100.00 0.00
88.31=100.00 100.00 100.00 100.00 100.00 100.00 100.00 71.43 100.00 100.00 0.00
97.50=100.00 100.00 100.00 100.00 100.00 100.00 91.67 83.33 100.00 100.00
89.36=100.00 100.00 100.00 100.00 100.00 94.74 88.24 100.00 100.00 100.00 0.00
90.26=100.00 100.00 92.86 100.00 100.00 100.00 100.00 100.00 100.00 100.00 0.00
99.38=100.00 100.00 100.00 100.00 100.00 100.00 93.75 100.00 100.00 100.00
98.04=93.75 100.00 100.00 100.00 100.00 100.00 93.75 92.86 100.00 100.00
87.42=100.00 100.00 100.00 100.00 100.00 93.75 81.25 86.67 100.00 100.00 0.00
98.57=100.00 100.00 100.00 100.00 100.00 100.00 85.71 100.00 100.00 100.00
95.56=83.33 100.00 100.00 100.00 100.00 100.00 92.31 100.00 80.00 100.00
100.00=100.00 100.00 100.00 100.00 100.00 100.00 100.00 100.00 100.00 100.00
100.00=100.00 100.00 100.00 100.00 100.00 100.00 100.00 100.00 100.00 100.00
100.00=100.00 100.00 100.00 100.00 100.00 100.00 100.00 100.00 100.00 100.00
87.16=93.75 100.00 100.00 93.75 100.00 100.00 84.62 86.67 100.00 100.00 0.00
87.14=93.75 100.00 100.00 92.86 100.00 100.00 93.33 85.71 92.86 100.00 0.00
87.91=100.00 100.00 100.00 87.50 100.00 100.00 86.67 92.86 100.00 100.00 0.00
87.87=100.00 100.00 92.86 93.75 100.00 93.33 86.67 100.00 100.00 100.00 0.00
88.39=100.00 100.00 100.00 100.00 100.00 100.00 92.31 80.00 100.00 100.00 0.00
93.68=93.75 87.50 100.00 92.86 92.86 90.00 87.50 92.31 100.00 100.00
95.89=100.00 93.33 100.00 93.75 100.00 100.00 78.95 100.00 92.86 100.00
90.30=100.00 100.00 100.00 100.00 100.00 100.00 93.33 100.00 100.00 100.00 0.00
98.33=100.00 100.00 100.00 100.00 100.00 100.00 83.33 100.00 100.00 100.00
89.05=100.00 100.00 100.00 100.00 100.00 100.00 86.67 92.86 100.00 100.00 0.00
88.06=95.92 100.00 100.00 93.33 95.83 90.20 95.74 100.00 100.00 97.62 0.00
89.40=96.08 100.00 100.00 97.73 95.92 95.74 97.92 100.00 100.00 100.00 0.00
89.41=98.04 100.00 100.00 100.00 95.92 94.00 97.96 100.00 100.00 97.62 0.00
89.04=97.96 97.78 97.96 100.00 95.83 95.83 94.12 100.00 100.00 100.00 0.00
74.61=98.04 100.00 100.00 95.12 95.74 87.50 93.48 100.00 100.00 100.00 0.00 0.00 0.00
97.17=100.00 100.00 100.00 100.00 100.00 91.67 100.00 80.00 100.00 100.00
95.71=100.00 100.00 85.71 100.00 100.00 100.00 100.00 71.43 100.00 100.00
100.00=100.00 100.00 100.00 100.00 100.00 100.00 100.00 100.00 100.00 100.00
89.51=100.00 100.00 100.00 100.00 100.00 84.62 100.00 100.00 100.00 100.00 0.00
98.33=100.00 100.00 100.00 100.00 100.00 91.67 91.67 100.00 100.00 100.00
88.31=100.00 100.00 92.86 100.00 100.00 100.00 78.57 100.00 100.00 100.00 0.00
89.12=93.75 100.00 100.00 93.75 100.00 100.00 100.00 92.86 100.00 100.00 0.00
88.44=100.00 100.00 100.00 100.00 100.00 100.00 80.00 92.86 100.00 100.00 0.00
87.89=93.75 100.00 92.31 93.33 100.00 94.12 93.33 100.00 100.00 100.00 0.00
86.54=100.00 100.00 92.86 93.33 93.33 100.00 100.00 85.71 86.67 100.00 0.00
82.11=98.00 100.00 100.00 97.56 95.83 95.92 97.96 100.00 100.00 100.00 0.00 0.00
88.79=98.00 93.33 97.83 100.00 95.92 95.65 96.00 100.00 100.00 100.00 0.00
88.95=100.00 97.83 100.00 95.35 95.74 91.67 97.92 100.00 100.00 100.00 0.00
89.04=97.96 100.00 100.00 100.00 95.92 92.00 95.74 97.78 100.00 100.00 0.00
89.03=98.04 97.83 100.00 100.00 91.84 95.74 95.83 100.00 100.00 100.00 0.00
89.09=100.00 100.00 100.00 100.00 100.00 100.00 100.00 80.00 100.00 100.00 0.00
89.39=100.00 100.00 100.00 100.00 100.00 100.00 100.00 83.33 100.00 100.00 0.00
90.21=100.00 100.00 100.00 100.00 100.00 100.00 92.31 100.00 100.00 100.00 0.00
89.39=100.00 100.00 100.00 100.00 100.00 100.00 100.00 83.33 100.00 100.00 0.00
89.39=100.00 100.00 100.00 100.00 100.00 100.00 100.00 83.33 100.00 100.00 0.00
89.20=100.00 100.00 100.00 100.00 100.00 100.00 81.25 100.00 100.00 100.00 0.00
96.94=100.00 100.00 100.00 93.33 93.75 100.00 82.35 100.00 100.00 100.00
88.51=100.00 100.00 100.00 100.00 100.00 100.00 81.25 92.31 100.00 100.00 0.00
89.69=100.00 100.00 100.00 93.75 100.00 100.00 92.86 100.00 100.00 100.00 0.00
86.74=100.00 100.00 100.00 87.50 100.00 100.00 80.00 86.67 100.00 100.00 0.00
88.43=100.00 100.00 100.00 97.83 97.87 88.00 91.11 100.00 97.92 100.00 0.00
81.78=100.00 100.00 100.00 97.83 97.83 91.84 93.88 100.00 100.00 100.00 0.00 0.00
88.30=100.00 100.00 100.00 97.67 95.74 90.20 90.00 97.67 100.00 100.00 0.00
89.21=100.00 100.00 100.00 100.00 97.87 93.88 91.84 97.73 100.00 100.00 0.00
88.05=98.00 100.00 100.00 91.67 97.83 91.84 93.48 97.78 97.92 100.00 0.00
88.17=100.00 100.00 100.00 87.50 100.00 100.00 82.35 100.00 100.00 100.00 0.00
88.40=100.00 100.00 86.67 100.00 100.00 100.00 92.86 92.86 100.00 100.00 0.00
88.85=100.00 100.00 92.86 100.00 100.00 100.00 91.67 92.86 100.00 100.00 0.00
88.70=93.75 100.00 100.00 93.75 100.00 88.24 100.00 100.00 100.00 100.00 0.00
89.61=100.00 100.00 100.00 100.00 100.00 100.00 85.71 100.00 100.00 100.00 0.00
88.56=100.00 93.33 100.00 100.00 93.33 100.00 87.50 100.00 100.00 100.00 0.00
87.87=100.00 100.00 92.86 100.00 100.00 100.00 73.68 100.00 100.00 100.00 0.00
88.64=100.00 100.00 100.00 100.00 100.00 87.50 87.50 100.00 100.00 100.00 0.00
89.08=100.00 100.00 100.00 100.00 100.00 94.12 92.86 92.86 100.00 100.00 0.00
89.60=100.00 100.00 100.00 92.31 93.33 100.00 100.00 100.00 100.00 100.00 0.00
90.91=100.00 100.00 100.00 100.00 100.00 100.00 100.00 100.00 100.00 100.00 0.00
90.91=100.00 100.00 100.00 100.00 100.00 100.00 100.00 100.00 100.00 100.00 0.00
89.51=100.00 100.00 100.00 100.00 100.00 100.00 93.75 100.00 100.00 90.91 0.00
90.21=100.00 100.00 100.00 100.00 100.00 100.00 100.00 92.31 100.00 100.00 0.00
89.65=100.00 100.00 100.00 100.00 100.00 100.00 93.33 92.86 100.00 100.00 0.00
85.00=100.00 100.00 92.86 93.33 100.00 100.00 76.47 85.71 86.67 100.00 0.00
87.32=93.75 100.00 100.00 93.33 100.00 88.89 91.67 92.86 100.00 100.00 0.00
88.99=100.00 100.00 100.00 93.75 100.00 100.00 92.31 92.86 100.00 100.00 0.00
87.34=100.00 100.00 100.00 86.67 100.00 100.00 81.25 92.86 100.00 100.00 0.00
89.23=100.00 100.00 100.00 88.24 100.00 100.00 93.33 100.00 100.00 100.00 0.00
100.00=100.00 100.00 100.00 100.00 100.00 100.00 100.00 100.00 100.00 100.00
99.23=100.00 100.00 100.00 100.00 100.00 100.00 92.31 100.00 100.00 100.00
99.17=100.00 100.00 100.00 100.00 100.00 91.67 100.00 100.00 100.00 100.00
99.23=100.00 100.00 100.00 100.00 100.00 100.00 92.31 100.00 100.00 100.00
99.23=100.00 100.00 100.00 100.00 100.00 100.00 92.31 100.00 100.00 100.00
99.17=100.00 100.00 100.00 100.00 100.00 91.67 100.00 100.00 100.00 100.00
97.17=100.00 100.00 100.00 100.00 100.00 91.67 100.00 100.00 80.00 100.00
99.17=100.00 100.00 100.00 100.00 100.00 91.67 100.00 100.00 100.00 100.00
98.33=100.00 100.00 100.00 100.00 100.00 100.00 100.00 83.33 100.00 100.00
96.43=85.71 100.00 100.00 100.00 100.00 78.57 100.00 100.00 100.00 100.00
88.98=98.04 97.78 100.00 97.67 95.65 95.74 93.88 100.00 100.00 100.00 0.00
81.23=100.00 97.83 100.00 100.00 95.65 91.30 90.00 100.00 100.00 100.00 0.00 0.00
88.26=94.23 100.00 100.00 97.67 95.56 93.62 92.00 97.73 100.00 100.00 0.00
88.87=96.08 97.83 100.00 100.00 93.62 97.87 92.16 100.00 100.00 100.00 0.00
89.01=98.04 97.83 100.00 100.00 95.92 93.62 95.83 100.00 97.83 100.00 0.00
89.64=93.75 100.00 100.00 100.00 100.00 100.00 100.00 92.31 100.00 100.00 0.00
89.77=93.75 100.00 100.00 100.00 100.00 100.00 93.75 100.00 100.00 100.00 0.00
90.26=100.00 100.00 92.86 100.00 100.00 100.00 100.00 100.00 100.00 100.00 0.00
89.73=100.00 100.00 100.00 93.33 100.00 100.00 93.75 100.00 100.00 100.00 0.00
89.55=100.00 100.00 100.00 100.00 100.00 100.00 93.33 91.67 100.00 100.00 0.00
89.65=100.00 100.00 100.00 93.33 100.00 100.00 100.00 92.86 100.00 100.00 0.00
89.61=100.00 100.00 100.00 100.00 100.00 100.00 92.86 92.86 100.00 100.00 0.00
87.39=100.00 100.00 100.00 82.35 100.00 100.00 92.31 86.67 100.00 100.00 0.00
87.13=100.00 100.00 100.00 92.31 100.00 93.75 86.67 92.86 92.86 100.00 0.00
88.64=100.00 100.00 100.00 87.50 100.00 100.00 87.50 100.00 100.00 100.00 0.00
100.00=100.00 100.00 100.00 100.00 100.00 100.00 100.00 100.00 100.00 100.00
90.15=100.00 100.00 100.00 100.00 100.00 91.67 100.00 100.00 100.00 100.00 0.00
100.00=100.00 100.00 100.00 100.00 100.00 100.00 100.00 100.00 100.00 100.00
89.39=100.00 100.00 100.00 100.00 100.00 100.00 100.00 83.33 100.00 100.00 0.00
99.17=100.00 100.00 100.00 100.00 100.00 91.67 100.00 100.00 100.00 100.00
90.26=100.00 100.00 92.86 100.00 100.00 100.00 100.00 100.00 100.00 100.00 0.00
89.70=100.00 93.33 100.00 100.00 100.00 100.00 93.33 100.00 100.00 100.00 0.00
89.19=100.00 100.00 92.86 100.00 100.00 100.00 88.24 100.00 100.00 100.00 0.00
89.73=100.00 100.00 100.00 100.00 100.00 93.75 93.33 100.00 100.00 100.00 0.00
90.34=100.00 100.00 100.00 100.00 100.00 100.00 93.75 100.00 100.00 100.00 0.00
88.34=100.00 100.00 97.87 95.56 97.83 93.62 93.88 97.73 100.00 95.24 0.00
89.06=100.00 100.00 100.00 97.73 97.87 90.20 93.88 100.00 100.00 100.00 0.00
89.05=100.00 100.00 100.00 97.83 97.83 95.65 88.24 100.00 100.00 100.00 0.00
89.00=97.96 100.00 100.00 97.78 97.87 93.88 93.75 97.73 100.00 100.00 0.00
89.24=96.08 100.00 100.00 97.83 97.87 95.74 94.12 100.00 100.00 100.00 0.00
90.91=100.00 100.00 100.00 100.00 100.00 100.00 100.00 100.00 100.00 100.00 0.00
87.07=100.00 100.00 100.00 100.00 100.00 77.78 100.00 80.00 100.00 100.00 0.00
89.39=100.00 100.00 100.00 100.00 100.00 100.00 100.00 83.33 100.00 100.00 0.00
89.39=100.00 100.00 100.00 100.00 100.00 100.00 100.00 83.33 100.00 100.00 0.00
87.95=100.00 100.00 100.00 100.00 100.00 87.50 100.00 80.00 100.00 100.00 0.00
88.61=98.04 97.83 100.00 97.83 95.83 91.49 93.75 100.00 100.00 100.00 0.00
88.64=94.34 95.74 100.00 97.67 95.65 95.74 95.83 100.00 100.00 100.00 0.00
88.48=98.00 100.00 100.00 95.65 95.83 91.84 92.00 100.00 100.00 100.00 0.00
89.02=98.00 100.00 100.00 100.00 95.83 91.67 93.75 100.00 100.00 100.00 0.00
89.41=96.08 100.00 100.00 97.78 95.92 97.78 96.00 100.00 100.00 100.00 0.00
86.76=100.00 100.00 100.00 88.24 100.00 93.75 92.86 92.86 86.67 100.00 0.00
89.84=100.00 100.00 100.00 88.24 100.00 100.00 100.00 100.00 100.00 100.00 0.00
89.23=100.00 100.00 100.00 88.24 100.00 100.00 93.33 100.00 100.00 100.00 0.00
88.02=100.00 100.00 86.67 88.24 100.00 100.00 93.33 100.00 100.00 100.00 0.00
87.56=100.00 100.00 100.00 93.75 100.00 93.33 92.31 92.86 100.00 90.91 0.00
89.16=98.04 100.00 100.00 97.73 95.56 95.56 93.88 100.00 100.00 100.00 0.00
89.57=98.00 100.00 100.00 100.00 95.65 93.75 97.83 100.00 100.00 100.00 0.00
88.38=98.04 100.00 100.00 97.78 95.65 93.62 91.49 95.65 100.00 100.00 0.00
88.99=98.00 100.00 97.87 95.45 95.83 93.88 97.83 100.00 100.00 100.00 0.00
89.78=97.96 100.00 97.92 100.00 95.83 97.83 98.00 100.00 100.00 100.00 0.00
81.60=98.00 100.00 97.92 97.73 97.87 95.74 94.00 100.00 97.92 100.00 0.00 0.00
88.79=100.00 100.00 100.00 95.56 97.83 92.00 93.75 100.00 100.00 97.56 0.00
88.36=100.00 100.00 97.87 97.78 97.78 85.19 93.33 100.00 100.00 100.00 0.00
89.01=100.00 100.00 100.00 97.73 97.83 93.75 92.00 97.78 100.00 100.00 0.00
88.29=100.00 100.00 100.00 93.75 97.78 91.84 90.00 97.78 100.00 100.00 0.00
88.48=94.34 100.00 100.00 95.65 95.92 93.62 93.75 100.00 100.00 100.00 0.00
89.04=98.04 100.00 100.00 100.00 95.74 93.62 92.00 100.00 100.00 100.00 0.00
88.49=98.00 100.00 97.96 97.83 95.83 90.00 93.75 100.00 100.00 100.00 0.00
88.63=98.00 97.83 100.00 100.00 95.92 93.75 93.88 97.83 97.78 100.00 0.00
88.83=98.00 100.00 97.96 97.83 95.83 93.75 95.92 100.00 97.83 100.00 0.00
89.56=100.00 100.00 100.00 97.78 97.87 97.83 94.12 100.00 100.00 97.62 0.00
88.63=100.00 100.00 100.00 97.78 97.87 91.84 91.67 97.83 97.92 100.00 0.00
88.70=98.00 100.00 100.00 93.75 97.87 95.65 90.38 100.00 100.00 100.00 0.00
88.67=96.08 100.00 100.00 95.65 97.78 92.00 93.88 100.00 100.00 100.00 0.00
88.62=100.00 100.00 100.00 91.49 95.74 93.88 93.75 100.00 100.00 100.00 0.00
90.91=100.00 100.00 100.00 100.00 100.00 100.00 100.00 100.00 100.00 100.00 0.00
89.77=100.00 100.00 100.00 100.00 100.00 87.50 100.00 100.00 100.00 100.00 0.00
90.91=100.00 100.00 100.00 100.00 100.00 100.00 100.00 100.00 100.00 100.00 0.00
87.20=100.00 100.00 100.00 100.00 100.00 87.50 91.67 80.00 100.00 100.00 0.00
89.09=100.00 100.00 100.00 100.00 100.00 100.00 100.00 100.00 80.00 100.00 0.00
89.03=98.00 100.00 95.92 100.00 95.83 93.75 95.83 100.00 100.00 100.00 0.00
88.45=97.92 97.78 97.87 97.67 95.83 97.78 90.38 100.00 97.67 100.00 0.00
88.62=98.00 100.00 97.73 93.48 95.83 95.74 94.00 100.00 100.00 100.00 0.00
89.37=98.00 100.00 100.00 97.62 93.88 97.78 95.83 100.00 100.00 100.00 0.00
89.37=98.04 97.78 100.00 97.67 95.92 95.74 97.92 100.00 100.00 100.00 0.00
89.39=100.00 100.00 100.00 100.00 100.00 100.00 100.00 83.33 100.00 100.00 0.00
88.64=100.00 100.00 100.00 91.67 100.00 100.00 100.00 83.33 100.00 100.00 0.00
90.91=100.00 100.00 100.00 100.00 100.00 100.00 100.00 100.00 100.00 100.00 0.00
89.61=85.71 100.00 100.00 100.00 100.00 100.00 100.00 100.00 100.00 100.00 0.00
89.39=100.00 100.00 100.00 100.00 100.00 100.00 100.00 83.33 100.00 100.00 0.00
87.98=100.00 100.00 92.86 88.24 100.00 100.00 100.00 86.67 100.00 100.00 0.00
87.83=100.00 100.00 100.00 93.75 100.00 100.00 92.86 86.67 92.86 100.00 0.00
89.20=100.00 100.00 100.00 87.50 93.75 100.00 100.00 100.00 100.00 100.00 0.00
88.42=100.00 100.00 100.00 92.31 100.00 94.12 93.33 92.86 100.00 100.00 0.00
87.11=100.00 100.00 100.00 87.50 100.00 93.33 85.71 91.67 100.00 100.00 0.00
89.39=100.00 100.00 100.00 100.00 100.00 100.00 100.00 83.33 100.00 100.00 0.00
90.91=100.00 100.00 100.00 100.00 100.00 100.00 100.00 100.00 100.00 100.00 0.00
87.18=100.00 100.00 100.00 100.00 100.00 87.50 100.00 71.43 100.00 100.00 0.00
88.64=100.00 100.00 100.00 91.67 100.00 100.00 100.00 83.33 100.00 100.00 0.00
89.39=100.00 100.00 100.00 100.00 100.00 100.00 100.00 83.33 100.00 100.00 0.00
90.91=100.00 100.00 100.00 100.00 100.00 100.00 100.00 100.00 100.00 100.00 0.00
89.64=100.00 100.00 100.00 100.00 100.00 100.00 93.75 92.31 100.00 100.00 0.00
90.91=100.00 100.00 100.00 100.00 100.00 100.00 100.00 100.00 100.00 100.00 0.00
89.39=100.00 100.00 100.00 100.00 100.00 100.00 83.33 100.00 100.00 100.00 0.00
90.91=100.00 100.00 100.00 100.00 100.00 100.00 100.00 100.00 100.00 100.00 0.00
88.99=100.00 100.00 100.00 93.75 100.00 100.00 92.31 92.86 100.00 100.00 0.00
88.44=100.00 93.33 100.00 93.33 100.00 100.00 93.33 92.86 100.00 100.00 0.00
87.95=100.00 100.00 100.00 93.33 100.00 100.00 81.25 92.86 100.00 100.00 0.00
89.16=100.00 100.00 100.00 100.00 100.00 94.12 100.00 86.67 100.00 100.00 0.00
89.09=100.00 100.00 100.00 100.00 100.00 100.00 80.00 100.00 100.00 100.00 0.00
88.82=96.15 100.00 100.00 97.78 95.92 95.56 94.00 97.62 100.00 100.00 0.00
88.82=98.04 100.00 100.00 100.00 95.83 89.36 93.75 100.00 100.00 100.00 0.00
88.29=98.04 100.00 100.00 100.00 95.83 89.36 88.00 100.00 100.00 100.00 0.00
88.81=97.96 100.00 97.87 97.73 95.74 93.62 94.00 100.00 100.00 100.00 0.00
89.57=98.04 100.00 100.00 100.00 95.83 97.78 96.00 100.00 100.00 97.62 0.00
94.79=100.00 100.00 100.00 90.00 100.00 84.62 90.00 83.33 100.00 100.00
90.91=100.00 100.00 100.00 100.00 100.00 100.00 100.00 100.00 100.00 100.00 0.00
90.91=100.00 100.00 100.00 100.00 100.00 100.00 100.00 100.00 100.00 100.00 0.00
100.00=100.00 100.00 100.00 100.00 100.00 100.00 100.00 100.00 100.00 100.00
99.23=100.00 100.00 100.00 100.00 100.00 100.00 92.31 100.00 100.00 100.00
90.91=100.00 100.00 100.00 100.00 100.00 100.00 100.00 100.00 100.00 100.00 0.00
90.91=100.00 100.00 100.00 100.00 100.00 100.00 100.00 100.00 100.00 100.00 0.00
89.39=100.00 100.00 100.00 100.00 100.00 100.00 100.00 83.33 100.00 100.00 0.00
90.91=100.00 100.00 100.00 100.00 100.00 100.00 100.00 100.00 100.00 100.00 0.00
90.91=100.00 100.00 100.00 100.00 100.00 100.00 100.00 100.00 100.00 100.00 0.00
89.51=100.00 100.00 100.00 100.00 100.00 100.00 84.62 100.00 100.00 100.00 0.00
98.00=100.00 100.00 100.00 100.00 100.00 100.00 100.00 100.00 80.00 100.00
89.09=100.00 100.00 100.00 100.00 100.00 100.00 100.00 100.00 80.00 100.00 0.00
98.32=100.00 100.00 100.00 100.00 100.00 90.91 92.31 100.00 100.00 100.00
100.00=100.00 100.00 100.00 100.00 100.00 100.00 100.00 100.00 100.00 100.00
89.72=100.00 100.00 100.00 100.00 100.00 94.12 100.00 100.00 92.86 100.00 0.00
81.58=100.00 100.00 100.00 100.00 93.75 100.00 92.31 92.86 100.00 100.00 0.00 0.00
87.32=93.75 100.00 100.00 88.24 100.00 92.86 85.71 100.00 100.00 100.00 0.00
87.79=100.00 100.00 100.00 93.33 100.00 100.00 86.67 92.86 92.86 100.00 0.00
87.24=100.00 100.00 100.00 93.75 100.00 100.00 84.62 81.25 100.00 100.00 0.00
89.32=100.00 100.00 97.92 97.78 100.00 97.87 93.62 97.87 100.00 97.50 0.00
88.41=100.00 97.87 100.00 97.73 97.83 93.48 90.00 97.73 97.92 100.00 0.00
89.20=100.00 100.00 100.00 95.65 97.83 95.74 92.00 100.00 100.00 100.00 0.00
81.77=100.00 100.00 100.00 97.78 95.83 93.75 93.88 100.00 100.00 100.00 0.00 0.00
81.61=100.00 100.00 100.00 97.83 97.87 93.48 90.20 100.00 100.00 100.00 0.00 0.00
90.91=100.00 100.00 100.00 100.00 100.00 100.00 100.00 100.00 100.00 100.00 0.00
87.86=100.00 100.00 86.67 100.00 100.00 100.00 87.50 92.31 100.00 100.00 0.00
89.09=100.00 93.33 100.00 100.00 100.00 93.75 92.86 100.00 100.00 100.00 0.00
88.66=100.00 100.00 100.00 100.00 100.00 100.00 82.35 92.86 100.00 100.00 0.00
88.56=93.75 100.00 86.67 100.00 100.00 100.00 93.75 100.00 100.00 100.00 0.00
90.15=100.00 100.00 100.00 91.67 100.00 100.00 100.00 100.00 100.00 100.00 0.00
98.57=100.00 85.71 100.00 100.00 100.00 100.00 100.00 100.00 100.00 100.00
99.17=100.00 100.00 100.00 100.00 100.00 91.67 100.00 100.00 100.00 100.00
90.91=100.00 100.00 100.00 100.00 100.00 100.00 100.00 100.00 100.00 100.00 0.00
100.00=100.00 100.00 100.00 100.00 100.00 100.00 100.00 100.00 100.00 100.00
90.91=100.00 100.00 100.00 100.00 100.00 100.00 100.00 100.00 100.00 100.00 0.00
89.61=100.00 100.00 85.71 100.00 100.00 100.00 100.00 100.00 100.00 100.00 0.00
89.61=100.00 100.00 100.00 100.00 100.00 85.71 100.00 100.00 100.00 100.00 0.00
89.61=100.00 100.00 100.00 100.00 100.00 85.71 100.00 100.00 100.00 100.00 0.00
89.39=100.00 100.00 100.00 100.00 100.00 100.00 100.00 83.33 100.00 100.00 0.00
88.53=100.00 100.00 100.00 88.24 100.00 93.33 92.31 100.00 100.00 100.00 0.00
89.69=100.00 100.00 100.00 93.75 100.00 100.00 100.00 92.86 100.00 100.00 0.00
88.87=100.00 100.00 100.00 93.33 100.00 100.00 93.33 100.00 100.00 90.91 0.00
89.12=100.00 100.00 100.00 93.75 93.75 100.00 100.00 100.00 92.86 100.00 0.00
89.69=100.00 100.00 100.00 93.75 100.00 100.00 92.86 100.00 100.00 100.00 0.00
90.30=100.00 93.33 100.00 100.00 100.00 100.00 100.00 100.00 100.00 100.00 0.00
90.30=100.00 100.00 100.00 100.00 100.00 100.00 93.33 100.00 100.00 100.00 0.00
89.27=93.75 100.00 100.00 100.00 100.00 100.00 88.24 100.00 100.00 100.00 0.00
88.52=100.00 100.00 100.00 100.00 93.33 87.50 92.86 100.00 100.00 100.00 0.00
90.91=100.00 100.00 100.00 100.00 100.00 100.00 100.00 100.00 100.00 100.00 0.00
89.20=98.04 100.00 100.00 97.73 95.92 95.65 93.88 100.00 100.00 100.00 0.00
89.16=98.04 97.78 100.00 97.78 97.87 95.74 95.74 97.78 100.00 100.00 0.00
88.07=98.04 100.00 100.00 95.56 95.83 90.00 93.48 100.00 95.83 100.00 0.00
89.21=96.00 100.00 100.00 97.78 95.92 95.74 95.83 100.00 100.00 100.00 0.00
88.98=98.00 100.00 100.00 97.62 95.83 93.75 95.65 100.00 97.87 100.00 0.00
89.39=100.00 100.00 100.00 100.00 100.00 100.00 100.00 83.33 100.00 100.00 0.00
90.91=100.00 100.00 100.00 100.00 100.00 100.00 100.00 100.00 100.00 100.00 0.00
87.79=100.00 85.71 100.00 100.00 100.00 100.00 100.00 80.00 100.00 100.00 0.00
90.91=100.00 100.00 100.00 100.00 100.00 100.00 100.00 100.00 100.00 100.00 0.00
90.91=100.00 100.00 100.00 100.00 100.00 100.00 100.00 100.00 100.00 100.00 0.00
89.41=98.04 100.00 100.00 100.00 95.92 93.75 95.83 100.00 100.00 100.00 0.00
89.19=98.04 97.83 100.00 100.00 95.74 93.62 95.83 100.00 100.00 100.00 0.00
88.44=97.96 95.74 100.00 97.73 95.92 95.56 92.16 97.73 100.00 100.00 0.00
89.79=97.96 100.00 100.00 100.00 95.92 97.83 96.00 100.00 100.00 100.00 0.00
89.36=98.04 100.00 100.00 97.78 97.78 97.78 93.88 97.73 100.00 100.00 0.00
98.46=100.00 100.00 100.00 100.00 100.00 84.62 100.00 100.00 100.00 100.00
98.46=100.00 100.00 100.00 100.00 100.00 84.62 100.00 100.00 100.00 100.00
100.00=100.00 100.00 100.00 100.00 100.00 100.00 100.00 100.00 100.00 100.00
100.00=100.00 100.00 100.00 100.00 100.00 100.00 100.00 100.00 100.00 100.00
90.91=100.00 100.00 100.00 100.00 100.00 100.00 100.00 100.00 100.00 100.00 0.00
89.39=98.00 100.00 100.00 100.00 95.92 95.74 95.83 97.78 100.00 100.00 0.00
88.85=98.00 100.00 97.96 100.00 95.83 91.84 95.92 97.78 100.00 100.00 0.00
81.37=98.00 100.00 100.00 97.78 95.92 93.33 93.62 97.83 100.00 100.00 0.00 0.00
89.40=97.96 100.00 97.96 100.00 95.74 97.78 94.00 100.00 100.00 100.00 0.00
89.23=98.04 100.00 100.00 100.00 95.83 97.78 92.00 100.00 97.83 100.00 0.00
89.39=100.00 100.00 100.00 100.00 97.78 93.88 93.88 97.78 100.00 100.00 0.00
89.44=100.00 100.00 97.87 97.78 100.00 95.83 92.31 100.00 100.00 100.00 0.00
88.59=97.92 97.87 100.00 95.56 97.87 93.88 93.62 97.78 100.00 100.00 0.00
88.80=100.00 100.00 100.00 97.73 95.83 93.88 91.67 97.67 100.00 100.00 0.00
88.82=100.00 100.00 100.00 97.73 97.83 92.00 93.75 97.83 97.92 100.00 0.00
99.23=100.00 100.00 100.00 100.00 100.00 100.00 92.31 100.00 100.00 100.00
90.91=100.00 100.00 100.00 100.00 100.00 100.00 100.00 100.00 100.00 100.00 0.00
98.33=100.00 100.00 100.00 100.00 100.00 100.00 100.00 83.33 100.00 100.00
99.17=100.00 100.00 100.00 100.00 100.00 91.67 100.00 100.00 100.00 100.00
97.50=100.00 100.00 100.00 100.00 100.00 91.67 100.00 83.33 100.00 100.00
100.00=100.00 100.00 100.00 100.00 100.00 100.00 100.00 100.00 100.00 100.00
96.90=85.71 100.00 100.00 100.00 100.00 100.00 100.00 83.33 100.00 100.00
88.57=100.00 100.00 100.00 100.00 100.00 90.91 100.00 83.33 100.00 100.00 0.00
97.17=100.00 100.00 100.00 100.00 100.00 91.67 100.00 100.00 80.00 100.00
89.39=100.00 100.00 100.00 100.00 100.00 100.00 100.00 83.33 100.00 100.00 0.00
89.12=100.00 100.00 100.00 100.00 100.00 100.00 87.50 100.00 92.86 100.00 0.00
90.34=100.00 100.00 100.00 100.00 100.00 100.00 93.75 100.00 100.00 100.00 0.00
89.61=100.00 100.00 92.86 100.00 100.00 100.00 100.00 92.86 100.00 100.00 0.00
89.70=100.00 100.00 86.67 100.00 100.00 100.00 100.00 100.00 100.00 100.00 0.00
88.95=100.00 93.33 100.00 100.00 100.00 100.00 92.86 92.31 100.00 100.00 0.00
88.31=100.00 100.00 100.00 100.00 100.00 100.00 100.00 71.43 100.00 100.00 0.00
89.77=100.00 100.00 100.00 100.00 100.00 87.50 100.00 100.00 100.00 100.00 0.00
89.39=100.00 100.00 100.00 100.00 100.00 100.00 100.00 83.33 100.00 100.00 0.00
89.39=100.00 100.00 100.00 100.00 100.00 100.00 100.00 83.33 100.00 100.00 0.00
90.91=100.00 100.00 100.00 100.00 100.00 100.00 100.00 100.00 100.00 100.00 0.00
89.84=100.00 100.00 100.00 100.00 93.75 94.44 100.00 100.00 100.00 100.00 0.00
89.12=100.00 100.00 92.86 100.00 100.00 94.12 93.33 100.00 100.00 100.00 0.00
88.47=100.00 100.00 92.86 100.00 100.00 92.86 87.50 100.00 100.00 100.00 0.00
89.65=100.00 100.00 100.00 100.00 100.00 100.00 93.33 92.86 100.00 100.00 0.00
90.91=100.00 100.00 100.00 100.00 100.00 100.00 100.00 100.00 100.00 100.00 0.00
87.34=100.00 100.00 85.71 100.00 100.00 100.00 100.00 100.00 75.00 100.00 0.00
89.39=100.00 100.00 100.00 100.00 100.00 100.00 100.00 83.33 100.00 100.00 0.00
90.91=100.00 100.00 100.00 100.00 100.00 100.00 100.00 100.00 100.00 100.00 0.00
89.77=100.00 100.00 100.00 100.00 100.00 87.50 100.00 100.00 100.00 100.00 0.00
90.91=100.00 100.00 100.00 100.00 100.00 100.00 100.00 100.00 100.00 100.00 0.00
90.15=100.00 100.00 100.00 100.00 100.00 91.67 100.00 100.00 100.00 100.00 0.00
90.15=100.00 100.00 100.00 91.67 100.00 100.00 100.00 100.00 100.00 100.00 0.00
95.74=100.00 85.71 100.00 91.67 100.00 100.00 100.00 100.00 80.00 100.00
100.00=100.00 100.00 100.00 100.00 100.00 100.00 100.00 100.00 100.00 100.00
96.33=100.00 100.00 100.00 91.67 100.00 91.67 100.00 100.00 80.00 100.00
81.96=97.96 100.00 100.00 100.00 95.92 93.75 95.83 100.00 100.00 100.00 0.00 0.00
89.38=97.96 100.00 100.00 97.78 95.83 95.74 95.92 100.00 100.00 100.00 0.00
88.81=98.00 100.00 100.00 100.00 95.92 91.49 93.75 97.78 100.00 100.00 0.00
89.22=97.96 100.00 100.00 100.00 97.78 93.48 92.16 100.00 100.00 100.00 0.00
88.69=98.00 100.00 100.00 100.00 95.92 88.24 95.56 100.00 97.87 100.00 0.00
96.57=100.00 85.71 100.00 100.00 100.00 100.00 100.00 100.00 80.00 100.00
100.00=100.00 100.00 100.00 100.00 100.00 100.00 100.00 100.00 100.00 100.00
90.91=100.00 100.00 100.00 100.00 100.00 100.00 100.00 100.00 100.00 100.00 0.00
98.46=100.00 100.00 100.00 100.00 100.00 84.62 100.00 100.00 100.00 100.00
99.17=100.00 100.00 100.00 100.00 100.00 91.67 100.00 100.00 100.00 100.00
89.69=100.00 100.00 100.00 100.00 100.00 100.00 93.75 100.00 92.86 100.00 0.00
89.65=100.00 100.00 100.00 100.00 100.00 100.00 93.33 92.86 100.00 100.00 0.00
89.60=93.33 100.00 92.31 100.00 100.00 100.00 100.00 100.00 100.00 100.00 0.00
89.65=100.00 100.00 100.00 100.00 100.00 100.00 93.33 100.00 92.86 100.00 0.00
89.17=93.75 100.00 100.00 100.00 100.00 93.75 93.33 100.00 100.00 100.00 0.00
89.61=100.00 100.00 100.00 92.86 100.00 100.00 100.00 92.86 100.00 100.00 0.00
87.41=100.00 100.00 100.00 88.24 100.00 93.75 100.00 92.86 86.67 100.00 0.00
88.59=100.00 100.00 100.00 87.50 100.00 94.12 100.00 92.86 100.00 100.00 0.00
90.34=100.00 100.00 100.00 93.75 100.00 100.00 100.00 100.00 100.00 100.00 0.00
89.02=100.00 100.00 100.00 93.75 100.00 93.75 91.67 100.00 100.00 100.00 0.00
88.86=96.15 100.00 100.00 100.00 95.92 91.49 93.88 100.00 100.00 100.00 0.00
88.81=98.04 100.00 100.00 100.00 97.87 91.67 93.75 95.56 100.00 100.00 0.00
89.07=98.04 100.00 100.00 97.78 93.88 97.73 92.31 100.00 100.00 100.00 0.00
75.13=97.92 97.83 100.00 95.56 95.83 97.78 94.00 100.00 97.83 100.00 0.00 0.00 0.00
89.43=98.04 100.00 100.00 100.00 95.92 95.74 94.00 100.00 100.00 100.00 0.00
88.47=100.00 100.00 85.71 100.00 100.00 87.50 100.00 100.00 100.00 100.00 0.00
90.91=100.00 100.00 100.00 100.00 100.00 100.00 100.00 100.00 100.00 100.00 0.00
90.91=100.00 100.00 100.00 100.00 100.00 100.00 100.00 100.00 100.00 100.00 0.00
88.10=100.00 100.00 85.71 100.00 100.00 100.00 100.00 83.33 100.00 100.00 0.00
89.02=100.00 100.00 100.00 100.00 100.00 87.50 91.67 100.00 100.00 100.00 0.00
97.74=100.00 100.00 85.71 91.67 100.00 100.00 100.00 100.00 100.00 100.00
97.74=100.00 85.71 100.00 100.00 100.00 91.67 100.00 100.00 100.00 100.00
100.00=100.00 100.00 100.00 100.00 100.00 100.00 100.00 100.00 100.00 100.00
89.39=100.00 100.00 100.00 100.00 100.00 100.00 100.00 83.33 100.00 100.00 0.00
99.17=100.00 100.00 100.00 100.00 100.00 91.67 100.00 100.00 100.00 100.00
88.10=100.00 100.00 100.00 100.00 100.00 85.71 100.00 83.33 100.00 100.00 0.00
89.61=100.00 100.00 100.00 100.00 100.00 100.00 85.71 100.00 100.00 100.00 0.00
90.91=100.00 100.00 100.00 100.00 100.00 100.00 100.00 100.00 100.00 100.00 0.00
90.21=100.00 100.00 100.00 100.00 100.00 100.00 92.31 100.00 100.00 100.00 0.00
90.91=100.00 100.00 100.00 100.00 100.00 100.00 100.00 100.00 100.00 100.00 0.00
89.13=100.00 100.00 86.67 100.00 100.00 100.00 93.75 100.00 100.00 100.00 0.00
90.91=100.00 100.00 100.00 100.00 100.00 100.00 100.00 100.00 100.00 100.00 0.00
90.34=100.00 100.00 100.00 100.00 100.00 100.00 93.75 100.00 100.00 100.00 0.00
90.91=100.00 100.00 100.00 100.00 100.00 100.00 100.00 100.00 100.00 100.00 0.00
89.05=100.00 100.00 100.00 100.00 100.00 100.00 92.86 86.67 100.00 100.00 0.00
88.65=98.04 97.78 100.00 100.00 95.92 89.80 93.62 100.00 100.00 100.00 0.00
81.44=96.08 100.00 100.00 100.00 95.74 91.49 94.00 100.00 100.00 100.00 0.00 0.00
82.15=98.00 100.00 100.00 100.00 95.92 97.73 94.12 100.00 100.00 100.00 0.00 0.00
80.83=96.08 97.83 97.92 95.56 95.83 95.45 93.62 97.67 100.00 100.00 0.00 0.00
89.06=96.15 100.00 100.00 100.00 94.00 95.83 95.83 97.87 100.00 100.00 0.00
76.33=100.00 100.00 100.00 100.00 100.00 100.00 100.00 92.31 100.00 100.00 0.00 0.00 0.00
90.91=100.00 100.00 100.00 100.00 100.00 100.00 100.00 100.00 100.00 100.00 0.00
90.34=100.00 100.00 100.00 100.00 100.00 100.00 93.75 100.00 100.00 100.00 0.00
90.91=100.00 100.00 100.00 100.00 100.00 100.00 100.00 100.00 100.00 100.00 0.00
90.34=100.00 100.00 100.00 100.00 100.00 100.00 93.75 100.00 100.00 100.00 0.00
97.14=85.71 100.00 100.00 100.00 85.71 100.00 100.00 100.00 100.00 100.00
90.91=100.00 100.00 100.00 100.00 100.00 100.00 100.00 100.00 100.00 100.00 0.00
97.17=100.00 100.00 100.00 100.00 100.00 91.67 100.00 100.00 80.00 100.00
90.91=100.00 100.00 100.00 100.00 100.00 100.00 100.00 100.00 100.00 100.00 0.00
100.00=100.00 100.00 100.00 100.00 100.00 100.00 100.00 100.00 100.00 100.00
90.91=100.00 100.00 100.00 100.00 100.00 100.00 100.00 100.00 100.00 100.00 0.00
90.34=100.00 100.00 100.00 100.00 100.00 100.00 93.75 100.00 100.00 100.00 0.00
88.99=93.75 100.00 100.00 100.00 100.00 92.86 100.00 100.00 92.31 100.00 0.00
90.34=100.00 100.00 100.00 100.00 100.00 100.00 93.75 100.00 100.00 100.00 0.00
89.09=100.00 100.00 92.86 93.75 100.00 93.33 100.00 100.00 100.00 100.00 0.00
90.91=100.00 100.00 100.00 100.00 100.00 100.00 100.00 100.00 100.00 100.00 0.00
89.39=100.00 100.00 100.00 100.00 100.00 100.00 100.00 83.33 100.00 100.00 0.00
87.95=100.00 100.00 100.00 100.00 100.00 87.50 100.00 80.00 100.00 100.00 0.00
90.91=100.00 100.00 100.00 100.00 100.00 100.00 100.00 100.00 100.00 100.00 0.00
90.91=100.00 100.00 100.00 100.00 100.00 100.00 100.00 100.00 100.00 100.00 0.00
87.67=93.75 100.00 100.00 92.31 100.00 100.00 100.00 91.67 86.67 100.00 0.00
89.30=100.00 100.00 100.00 82.35 100.00 100.00 100.00 100.00 100.00 100.00 0.00
89.65=100.00 100.00 100.00 93.33 100.00 100.00 100.00 92.86 100.00 100.00 0.00
89.05=100.00 100.00 100.00 92.86 100.00 100.00 86.67 100.00 100.00 100.00 0.00
89.77=93.33 100.00 100.00 100.00 100.00 94.12 100.00 100.00 100.00 100.00 0.00
81.58=100.00 95.74 100.00 97.83 97.73 95.83 94.00 97.83 100.00 100.00 0.00 0.00
80.89=100.00 100.00 100.00 97.67 97.87 91.49 86.00 97.67 100.00 100.00 0.00 0.00
89.76=100.00 100.00 97.92 100.00 97.87 95.83 95.74 100.00 100.00 100.00 0.00
89.40=100.00 100.00 100.00 95.65 97.87 95.83 94.00 100.00 100.00 100.00 0.00
81.61=100.00 100.00 100.00 95.74 97.87 92.00 93.75 100.00 100.00 100.00 0.00 0.00
100.00=100.00 100.00 100.00 100.00 100.00 100.00 100.00 100.00 100.00 100.00
90.91=100.00 100.00 100.00 100.00 100.00 100.00 100.00 100.00 100.00 100.00 0.00
98.46=100.00 100.00 100.00 100.00 100.00 84.62 100.00 100.00 100.00 100.00
97.74=100.00 100.00 100.00 100.00 85.71 91.67 100.00 100.00 100.00 100.00
100.00=100.00 100.00 100.00 100.00 100.00 100.00 100.00 100.00 100.00 100.00
87.95=100.00 100.00 100.00 100.00 100.00 87.50 100.00 80.00 100.00 100.00 0.00
89.39=100.00 100.00 100.00 100.00 100.00 100.00 100.00 83.33 100.00 100.00 0.00
89.39=100.00 100.00 100.00 100.00 100.00 100.00 100.00 83.33 100.00 100.00 0.00
89.39=100.00 100.00 100.00 100.00 100.00 100.00 100.00 83.33 100.00 100.00 0.00
90.91=100.00 100.00 100.00 100.00 100.00 100.00 100.00 100.00 100.00 100.00 0.00
88.64=100.00 100.00 100.00 91.67 100.00 100.00 100.00 83.33 100.00 100.00 0.00
85.67=85.71 100.00 85.71 100.00 100.00 100.00 90.91 80.00 100.00 100.00 0.00
89.09=100.00 100.00 100.00 100.00 100.00 100.00 100.00 80.00 100.00 100.00 0.00
90.91=100.00 100.00 100.00 100.00 100.00 100.00 100.00 100.00 100.00 100.00 0.00
90.91=100.00 100.00 100.00 100.00 100.00 100.00 100.00 100.00 100.00 100.00 0.00
100.00=100.00 100.00 100.00 100.00 100.00 100.00 100.00 100.00 100.00 100.00
98.57=100.00 100.00 100.00 100.00 85.71 100.00 100.00 100.00 100.00 100.00
90.91=100.00 100.00 100.00 100.00 100.00 100.00 100.00 100.00 100.00 100.00 0.00
100.00=100.00 100.00 100.00 100.00 100.00 100.00 100.00 100.00 100.00 100.00
100.00=100.00 100.00 100.00 100.00 100.00 100.00 100.00 100.00 100.00 100.00
89.12=100.00 100.00 100.00 93.75 100.00 93.75 100.00 92.86 100.00 100.00 0.00
89.09=100.00 100.00 92.86 93.75 100.00 100.00 93.33 100.00 100.00 100.00 0.00
90.26=100.00 100.00 92.86 100.00 100.00 100.00 100.00 100.00 100.00 100.00 0.00
89.84=100.00 100.00 100.00 88.24 100.00 100.00 100.00 100.00 100.00 100.00 0.00
88.96=100.00 100.00 92.86 92.86 100.00 100.00 100.00 100.00 92.86 100.00 0.00
81.92=98.04 100.00 100.00 97.73 95.74 95.74 95.83 100.00 100.00 100.00 0.00 0.00
81.24=98.04 100.00 100.00 97.62 95.83 89.80 93.62 100.00 100.00 100.00 0.00 0.00
88.38=98.04 97.83 100.00 97.78 95.83 93.48 93.62 97.73 97.83 100.00 0.00
75.80=98.04 97.83 100.00 100.00 95.74 100.00 96.00 100.00 97.73 100.00 0.00 0.00 0.00
74.64=97.96 100.00 100.00 95.74 95.83 89.58 95.65 97.83 97.78 100.00 0.00 0.00 0.00
98.33=100.00 100.00 100.00 100.00 100.00 100.00 100.00 83.33 100.00 100.00
100.00=100.00 100.00 100.00 100.00 100.00 100.00 100.00 100.00 100.00 100.00
100.00=100.00 100.00 100.00 100.00 100.00 100.00 100.00 100.00 100.00 100.00
99.17=100.00 100.00 100.00 100.00 100.00 91.67 100.00 100.00 100.00 100.00
97.80=100.00 100.00 85.71 100.00 100.00 100.00 92.31 100.00 100.00 100.00
90.15=100.00 100.00 100.00 91.67 100.00 100.00 100.00 100.00 100.00 100.00 0.00
89.39=100.00 100.00 100.00 100.00 100.00 100.00 100.00 83.33 100.00 100.00 0.00
89.09=100.00 100.00 100.00 100.00 100.00 100.00 100.00 80.00 100.00 100.00 0.00
87.88=100.00 100.00 100.00 100.00 100.00 100.00 100.00 100.00 66.67 100.00 0.00
90.91=100.00 100.00 100.00 100.00 100.00 100.00 100.00 100.00 100.00 100.00 0.00
90.91=100.00 100.00 100.00 100.00 100.00 100.00 100.00 100.00 100.00 100.00 0.00
88.47=100.00 100.00 100.00 100.00 85.71 87.50 100.00 100.00 100.00 100.00 0.00
89.39=100.00 100.00 100.00 100.00 100.00 100.00 100.00 83.33 100.00 100.00 0.00
88.31=100.00 100.00 100.00 100.00 100.00 100.00 100.00 71.43 100.00 100.00 0.00
89.39=100.00 100.00 100.00 100.00 100.00 100.00 100.00 83.33 100.00 100.00 0.00
89.65=93.33 100.00 100.00 100.00 100.00 100.00 100.00 92.86 100.00 100.00 0.00
90.26=100.00 100.00 92.86 100.00 100.00 100.00 100.00 100.00 100.00 100.00 0.00
89.04=100.00 100.00 100.00 93.75 100.00 100.00 100.00 92.86 92.86 100.00 0.00
89.84=100.00 100.00 100.00 88.24 100.00 100.00 100.00 100.00 100.00 100.00 0.00
90.26=100.00 100.00 100.00 100.00 100.00 100.00 100.00 92.86 100.00 100.00 0.00
80.88=100.00 100.00 100.00 93.62 97.83 90.20 91.11 97.83 100.00 100.00 0.00 0.00
82.32=100.00 100.00 100.00 97.83 97.87 97.87 94.23 100.00 100.00 100.00 0.00 0.00
88.47=98.00 100.00 100.00 95.65 97.83 91.67 90.00 100.00 100.00 100.00 0.00
82.00=100.00 100.00 100.00 100.00 100.00 92.00 92.00 100.00 100.00 100.00 0.00 0.00
81.09=96.08 100.00 100.00 97.83 97.78 92.00 91.67 97.73 100.00 100.00 0.00 0.00
90.34=100.00 100.00 100.00 100.00 100.00 100.00 93.75 100.00 100.00 100.00 0.00
90.91=100.00 100.00 100.00 100.00 100.00 100.00 100.00 100.00 100.00 100.00 0.00
90.91=100.00 100.00 100.00 100.00 100.00 100.00 100.00 100.00 100.00 100.00 0.00
82.10=100.00 100.00 100.00 92.86 100.00 100.00 100.00 92.31 100.00 100.00 0.00 0.00
90.34=100.00 100.00 100.00 100.00 100.00 93.75 100.00 100.00 100.00 100.00 0.00
81.95=96.15 97.83 100.00 97.78 97.83 97.83 96.00 100.00 100.00 100.00 0.00 0.00
81.49=94.34 100.00 100.00 100.00 95.92 93.62 94.00 100.00 100.00 100.00 0.00 0.00
89.59=98.04 100.00 100.00 100.00 95.83 95.65 95.92 100.00 100.00 100.00 0.00
89.01=98.04 100.00 97.92 100.00 95.83 93.62 93.75 100.00 100.00 100.00 0.00
89.00=98.04 97.78 100.00 97.78 95.92 95.65 93.88 100.00 100.00 100.00 0.00
100.00=100.00 100.00 100.00 100.00 100.00 100.00 100.00 100.00 100.00 100.00
100.00=100.00 100.00 100.00 100.00 100.00 100.00 100.00 100.00 100.00 100.00
96.90=100.00 100.00 100.00 100.00 85.71 100.00 100.00 83.33 100.00 100.00
88.33=100.00 100.00 100.00 91.67 100.00 100.00 100.00 100.00 80.00 100.00 0.00
100.00=100.00 100.00 100.00 100.00 100.00 100.00 100.00 100.00 100.00 100.00
89.16=93.75 100.00 100.00 100.00 100.00 94.12 100.00 100.00 92.86 100.00 0.00
90.37=100.00 100.00 100.00 100.00 100.00 94.12 100.00 100.00 100.00 100.00 0.00
89.69=100.00 100.00 92.86 100.00 93.75 100.00 100.00 100.00 100.00 100.00 0.00
88.74=100.00 100.00 100.00 100.00 100.00 100.00 83.33 100.00 92.86 100.00 0.00
89.69=100.00 100.00 92.86 93.75 100.00 100.00 100.00 100.00 100.00 100.00 0.00
81.07=100.00 100.00 100.00 100.00 93.33 93.75 100.00 85.71 100.00 100.00 0.00 0.00
88.44=100.00 100.00 100.00 93.33 100.00 100.00 100.00 92.86 86.67 100.00 0.00
89.69=100.00 100.00 100.00 100.00 100.00 93.75 100.00 100.00 92.86 100.00 0.00
89.07=100.00 100.00 100.00 87.50 100.00 100.00 92.31 100.00 100.00 100.00 0.00
90.30=100.00 93.33 100.00 100.00 100.00 100.00 100.00 100.00 100.00 100.00 0.00
100.00=100.00 100.00 100.00 100.00 100.00 100.00 100.00 100.00 100.00 100.00
88.78=85.71 100.00 100.00 100.00 100.00 100.00 90.91 100.00 100.00 100.00 0.00
89.39=100.00 100.00 100.00 100.00 100.00 83.33 100.00 100.00 100.00 100.00 0.00
90.91=100.00 100.00 100.00 100.00 100.00 100.00 100.00 100.00 100.00 100.00 0.00
99.23=100.00 100.00 100.00 100.00 100.00 100.00 92.31 100.00 100.00 100.00
88.54=100.00 100.00 100.00 92.86 100.00 88.24 100.00 92.86 100.00 100.00 0.00
90.30=100.00 100.00 100.00 93.33 100.00 100.00 100.00 100.00 100.00 100.00 0.00
89.61=100.00 100.00 100.00 100.00 100.00 100.00 92.86 92.86 100.00 100.00 0.00
88.96=100.00 100.00 100.00 92.86 100.00 100.00 92.86 92.86 100.00 100.00 0.00
89.20=100.00 100.00 100.00 93.75 93.75 93.75 100.00 100.00 100.00 100.00 0.00
87.27=100.00 100.00 100.00 100.00 100.00 100.00 100.00 80.00 80.00 100.00 0.00
89.39=100.00 100.00 100.00 100.00 100.00 100.00 100.00 83.33 100.00 100.00 0.00
90.91=100.00 100.00 100.00 100.00 100.00 100.00 100.00 100.00 100.00 100.00 0.00
90.21=100.00 100.00 100.00 100.00 100.00 100.00 92.31 100.00 100.00 100.00 0.00
88.64=100.00 100.00 100.00 100.00 100.00 100.00 91.67 83.33 100.00 100.00 0.00
100.00=100.00 100.00 100.00 100.00 100.00 100.00 100.00 100.00 100.00 100.00
98.33=100.00 100.00 100.00 100.00 100.00 100.00 100.00 83.33 100.00 100.00
90.91=100.00 100.00 100.00 100.00 100.00 100.00 100.00 100.00 100.00 100.00 0.00
100.00=100.00 100.00 100.00 100.00 100.00 100.00 100.00 100.00 100.00 100.00
100.00=100.00 100.00 100.00 100.00 100.00 100.00 100.00 100.00 100.00 100.00
81.07=97.96 100.00 100.00 97.78 97.73 91.84 91.84 97.78 97.87 100.00 0.00 0.00
81.61=97.96 100.00 100.00 97.83 97.83 93.88 91.84 100.00 100.00 100.00 0.00 0.00
89.00=98.00 100.00 100.00 100.00 97.87 93.75 93.75 95.65 100.00 100.00 0.00
88.99=98.04 100.00 100.00 97.73 97.87 97.87 94.00 93.33 100.00 100.00 0.00
81.79=100.00 100.00 100.00 97.78 97.87 95.65 90.20 100.00 100.00 100.00 0.00 0.00
90.26=100.00 100.00 100.00 100.00 100.00 100.00 92.86 100.00 100.00 100.00 0.00
90.26=100.00 100.00 100.00 100.00 100.00 100.00 100.00 100.00 92.86 100.00 0.00
89.07=100.00 100.00 100.00 100.00 100.00 94.12 93.33 92.31 100.00 100.00 0.00
90.91=100.00 100.00 100.00 100.00 100.00 100.00 100.00 100.00 100.00 100.00 0.00
89.69=100.00 100.00 100.00 100.00 100.00 93.75 92.86 100.00 100.00 100.00 0.00
90.91=100.00 100.00 100.00 100.00 100.00 100.00 100.00 100.00 100.00 100.00 0.00
87.58=100.00 100.00 100.00 100.00 100.00 100.00 100.00 83.33 80.00 100.00 0.00
90.91=100.00 100.00 100.00 100.00 100.00 100.00 100.00 100.00 100.00 100.00 0.00
80.95=85.71 100.00 100.00 100.00 85.71 100.00 100.00 100.00 100.00 100.00 0.00 0.00
89.61=100.00 100.00 85.71 100.00 100.00 100.00 100.00 100.00 100.00 100.00 0.00
81.95=96.08 100.00 100.00 100.00 95.83 95.74 97.87 97.83 100.00 100.00 0.00 0.00
81.55=98.00 97.78 97.83 100.00 95.65 97.73 96.00 95.65 100.00 100.00 0.00 0.00
88.42=98.04 97.83 100.00 97.83 95.74 93.48 91.84 100.00 97.83 100.00 0.00
88.89=92.59 100.00 100.00 100.00 95.83 97.78 94.00 97.62 100.00 100.00 0.00
75.31=97.92 100.00 97.83 100.00 95.83 95.45 94.12 100.00 97.87 100.00 0.00 0.00 0.00
81.30=100.00 100.00 97.83 97.78 97.83 92.00 90.20 100.00 100.00 100.00 0.00 0.00
81.96=100.00 100.00 100.00 97.83 97.87 93.88 94.00 100.00 100.00 100.00 0.00 0.00
81.95=100.00 100.00 100.00 97.83 97.78 93.88 93.88 100.00 100.00 100.00 0.00 0.00
81.42=95.92 100.00 100.00 97.83 97.87 93.75 94.00 100.00 100.00 97.62 0.00 0.00
75.48=98.00 100.00 100.00 100.00 97.78 93.48 92.00 100.00 100.00 100.00 0.00 0.00 0.00
89.13=93.33 93.33 100.00 100.00 93.75 100.00 100.00 100.00 100.00 100.00 0.00
89.70=100.00 100.00 100.00 93.33 100.00 100.00 93.33 100.00 100.00 100.00 0.00
89.04=93.75 100.00 100.00 85.71 100.00 100.00 100.00 100.00 100.00 100.00 0.00
87.07=100.00 100.00 92.86 93.75 100.00 100.00 91.67 86.67 92.86 100.00 0.00
89.65=100.00 100.00 100.00 93.33 100.00 100.00 100.00 92.86 100.00 100.00 0.00
89.41=98.04 100.00 100.00 100.00 97.87 93.88 93.75 100.00 100.00 100.00 0.00
88.40=97.96 100.00 100.00 97.83 95.83 93.33 91.67 100.00 95.83 100.00 0.00
81.04=95.83 100.00 97.87 97.73 97.87 91.67 93.62 100.00 97.87 100.00 0.00 0.00
81.78=100.00 100.00 100.00 97.78 97.83 92.00 93.75 100.00 100.00 100.00 0.00 0.00
81.93=100.00 100.00 100.00 97.78 97.78 93.75 93.88 100.00 100.00 100.00 0.00 0.00
100.00=100.00 100.00 100.00 100.00 100.00 100.00 100.00 100.00 100.00 100.00
90.91=100.00 100.00 100.00 100.00 100.00 100.00 100.00 100.00 100.00 100.00 0.00
90.15=100.00 100.00 100.00 100.00 100.00 91.67 100.00 100.00 100.00 100.00 0.00
96.90=85.71 100.00 100.00 100.00 100.00 91.67 91.67 100.00 100.00 100.00
100.00=100.00 100.00 100.00 100.00 100.00 100.00 100.00 100.00 100.00 100.00
90.34=100.00 100.00 100.00 93.75 100.00 100.00 100.00 100.00 100.00 100.00 0.00
90.30=100.00 100.00 100.00 100.00 100.00 100.00 93.33 100.00 100.00 100.00 0.00
89.73=100.00 100.00 100.00 93.33 100.00 100.00 93.75 100.00 100.00 100.00 0.00
90.21=100.00 100.00 92.31 100.00 100.00 100.00 100.00 100.00 100.00 100.00 0.00
89.73=100.00 100.00 100.00 93.33 100.00 100.00 93.75 100.00 100.00 100.00 0.00
100.00=100.00 100.00 100.00 100.00 100.00 100.00 100.00 100.00 100.00 100.00
99.17=100.00 100.00 100.00 100.00 100.00 91.67 100.00 100.00 100.00 100.00
100.00=100.00 100.00 100.00 100.00 100.00 100.00 100.00 100.00 100.00 100.00
100.00=100.00 100.00 100.00 100.00 100.00 100.00 100.00 100.00 100.00 100.00
100.00=100.00 100.00 100.00 100.00 100.00 100.00 100.00 100.00 100.00 100.00
89.65=100.00 100.00 100.00 93.33 100.00 100.00 100.00 100.00 92.86 100.00 0.00
90.34=100.00 100.00 100.00 93.75 100.00 100.00 100.00 100.00 100.00 100.00 0.00
83.33=100.00 100.00 100.00 100.00 100.00 100.00 100.00 100.00 100.00 100.00 0.00 0.00
90.34=100.00 100.00 100.00 93.75 100.00 100.00 100.00 100.00 100.00 100.00 0.00
88.91=93.33 100.00 100.00 93.75 100.00 100.00 90.91 100.00 100.00 100.00 0.00
81.12=92.45 100.00 100.00 97.78 97.87 93.88 91.49 100.00 100.00 100.00 0.00 0.00
80.93=100.00 100.00 95.74 95.74 97.87 88.46 93.33 100.00 100.00 100.00 0.00 0.00
82.16=100.00 100.00 100.00 97.83 100.00 95.74 92.31 100.00 100.00 100.00 0.00 0.00
81.61=100.00 100.00 97.87 100.00 95.83 93.88 93.88 100.00 97.92 100.00 0.00 0.00
81.28=100.00 100.00 100.00 97.73 97.83 90.00 89.80 100.00 100.00 100.00 0.00 0.00
81.71=97.96 100.00 100.00 100.00 95.83 95.74 95.74 97.56 97.67 100.00 0.00 0.00
89.57=98.04 100.00 100.00 97.73 97.87 95.74 95.83 100.00 100.00 100.00 0.00
82.11=98.04 100.00 100.00 100.00 95.83 97.83 96.00 100.00 100.00 97.62 0.00 0.00
81.76=97.92 100.00 100.00 97.78 95.74 95.65 94.00 100.00 100.00 100.00 0.00 0.00
81.62=98.04 97.83 100.00 100.00 97.78 95.56 90.20 100.00 100.00 100.00 0.00 0.00
81.08=100.00 100.00 100.00 95.74 97.83 90.00 91.67 97.73 100.00 100.00 0.00 0.00
81.56=100.00 100.00 100.00 97.73 97.87 93.62 91.67 97.83 100.00 100.00 0.00 0.00
81.43=100.00 100.00 100.00 97.83 97.87 90.00 91.49 100.00 100.00 100.00 0.00 0.00
80.91=100.00 100.00 100.00 97.67 97.87 90.20 89.58 95.56 100.00 100.00 0.00 0.00
81.41=100.00 100.00 100.00 95.65 97.87 92.00 93.62 97.78 100.00 100.00 0.00 0.00
97.17=100.00 100.00 100.00 100.00 100.00 100.00 91.67 100.00 80.00 100.00
99.17=100.00 100.00 100.00 100.00 100.00 91.67 100.00 100.00 100.00 100.00
100.00=100.00 100.00 100.00 100.00 100.00 100.00 100.00 100.00 100.00 100.00
97.50=100.00 100.00 100.00 100.00 100.00 91.67 100.00 83.33 100.00 100.00
98.57=100.00 100.00 100.00 100.00 85.71 100.00 100.00 100.00 100.00 100.00
100.00=100.00 100.00 100.00 100.00 100.00 100.00 100.00 100.00 100.00 100.00
90.91=100.00 100.00 100.00 100.00 100.00 100.00 100.00 100.00 100.00 100.00 0.00
90.91=100.00 100.00 100.00 100.00 100.00 100.00 100.00 100.00 100.00 100.00 0.00
89.09=100.00 100.00 100.00 100.00 100.00 100.00 100.00 100.00 80.00 100.00 0.00
98.57=85.71 100.00 100.00 100.00 100.00 100.00 100.00 100.00 100.00 100.00
89.12=100.00 100.00 100.00 93.75 93.75 100.00 92.86 100.00 100.00 100.00 0.00
89.73=100.00 100.00 100.00 93.75 100.00 100.00 93.33 100.00 100.00 100.00 0.00
76.44=100.00 100.00 100.00 93.75 100.00 100.00 100.00 100.00 100.00 100.00 0.00 0.00 0.00
80.89=100.00 100.00 100.00 93.33 100.00 93.33 91.67 92.31 100.00 100.00 0.00 0.00
82.17=100.00 100.00 100.00 93.75 100.00 100.00 92.31 100.00 100.00 100.00 0.00 0.00
81.97=98.00 97.83 100.00 100.00 95.83 97.78 94.23 100.00 100.00 100.00 0.00 0.00
81.60=96.15 100.00 100.00 100.00 95.83 95.65 93.88 100.00 97.67 100.00 0.00 0.00
82.32=98.04 100.00 100.00 100.00 95.92 97.83 96.00 100.00 100.00 100.00 0.00 0.00
81.63=98.04 100.00 100.00 100.00 95.92 91.67 93.88 100.00 100.00 100.00 0.00 0.00
75.46=98.00 97.83 100.00 95.74 95.74 97.83 95.83 100.00 100.00 100.00 0.00 0.00 0.00
89.84=100.00 100.00 100.00 100.00 100.00 100.00 88.24 100.00 100.00 100.00 0.00
75.82=100.00 100.00 92.86 100.00 100.00 100.00 92.86 100.00 100.00 100.00 0.00 0.00 0.00
82.78=100.00 100.00 100.00 100.00 100.00 100.00 93.33 100.00 100.00 100.00 0.00 0.00
83.33=100.00 100.00 100.00 100.00 100.00 100.00 100.00 100.00 100.00 100.00 0.00 0.00
90.91=100.00 100.00 100.00 100.00 100.00 100.00 100.00 100.00 100.00 100.00 0.00
90.91=100.00 100.00 100.00 100.00 100.00 100.00 100.00 100.00 100.00 100.00 0.00
82.14=100.00 100.00 100.00 100.00 85.71 100.00 100.00 100.00 100.00 100.00 0.00 0.00
80.95=100.00 100.00 100.00 100.00 100.00 100.00 100.00 71.43 100.00 100.00 0.00 0.00
90.91=100.00 100.00 100.00 100.00 100.00 100.00 100.00 100.00 100.00 100.00 0.00
89.39=100.00 100.00 100.00 100.00 100.00 100.00 100.00 83.33 100.00 100.00 0.00
100.00=100.00 100.00 100.00 100.00 100.00 100.00 100.00 100.00 100.00 100.00
82.64=100.00 100.00 100.00 100.00 100.00 91.67 100.00 100.00 100.00 100.00 0.00 0.00
100.00=100.00 100.00 100.00 100.00 100.00 100.00 100.00 100.00 100.00 100.00
100.00=100.00 100.00 100.00 100.00 100.00 100.00 100.00 100.00 100.00 100.00
99.17=100.00 100.00 100.00 91.67 100.00 100.00 100.00 100.00 100.00 100.00
