76.82=96.00 95.65 82.61 95.24 19.35 88.46 100.00 88.89 50.00 92.86 76.67 88.46 75.86 64.29 85.19 72.73 73.53 77.42 48.84 37.04 94.44 92.86 92.31 25.00 77.27 68.42 92.86 100.00 94.12 63.64 71.43
76.82=96.00 95.65 82.61 95.24 19.35 88.46 100.00 88.89 50.00 92.86 76.67 88.46 75.86 64.29 85.19 72.73 73.53 77.42 48.84 37.04 94.44 92.86 92.31 25.00 77.27 68.42 92.86 100.00 94.12 63.64 71.43
80.63=95.83 100.00 100.00 100.00 16.13 80.00 95.45 90.00 56.25 100.00 83.87 91.30 73.53 72.41 92.59 83.33 81.25 95.65 46.15 48.28 100.00 100.00 88.89 53.33 69.23 73.68 100.00 86.36 75.86 66.67 83.33
79.43=95.83 95.24 95.00 95.65 19.23 88.89 95.24 100.00 57.14 100.00 81.25 92.00 72.73 60.71 86.21 82.76 83.33 92.31 52.94 56.67 100.00 96.30 95.65 43.75 64.29 77.78 86.67 87.50 61.29 70.83 75.00
80.39=96.00 95.45 86.36 91.67 22.73 85.71 95.45 85.00 66.67 100.00 88.89 91.67 77.42 66.67 96.00 77.42 83.87 91.67 47.50 80.95 100.00 89.66 100.00 50.00 64.29 76.19 92.86 91.30 81.48 62.96 56.25
80.39=95.83 91.67 94.74 95.65 21.74 89.29 100.00 100.00 53.33 93.33 83.87 95.83 72.41 64.29 92.59 70.59 83.87 95.83 38.89 61.54 100.00 92.59 100.00 52.38 60.00 72.22 100.00 95.45 88.46 60.71 75.00
75.80=88.00 100.00 95.00 94.74 15.79 100.00 95.24 72.00 88.89 100.00 74.19 95.24 61.76 71.43 83.87 75.76 92.59 85.71 41.03 73.33 94.44 86.67 83.33 36.84 64.29 88.89 66.67 55.26 84.21 61.54 23.08
78.19=88.00 95.45 100.00 100.00 19.05 100.00 95.24 77.27 100.00 100.00 67.57 95.45 70.00 56.00 86.21 74.19 92.31 88.00 38.30 87.50 100.00 86.67 88.00 40.00 63.33 90.00 68.18 50.00 88.46 56.25 62.50
77.58=91.67 100.00 95.00 94.74 21.74 91.67 95.45 73.91 100.00 86.67 73.53 100.00 69.70 65.52 89.29 75.00 95.45 82.14 45.24 72.41 94.12 92.59 68.97 42.11 58.62 89.47 65.22 59.38 91.67 66.67 57.14
79.34=92.00 100.00 95.00 86.36 25.00 100.00 94.74 86.36 100.00 94.12 77.42 100.00 71.88 78.26 89.29 77.42 95.65 91.30 38.10 68.75 100.00 92.59 64.52 42.11 60.61 83.33 64.00 62.07 95.24 47.62 85.71
78.22=90.91 100.00 90.48 82.61 30.00 100.00 95.45 79.17 91.67 100.00 71.43 100.00 63.64 76.00 86.67 82.76 100.00 88.46 42.22 75.00 100.00 85.19 65.62 36.36 68.97 88.89 56.52 56.25 90.00 73.33 57.14
98.39=100.00 100.00 100.00 100.00 100.00 100.00 100.00 100.00 100.00 100.00 100.00 100.00 100.00 100.00 100.00 100.00 100.00 100.00 100.00 66.67 100.00 100.00 100.00 100.00 100.00 100.00 100.00 100.00 100.00 83.33 100.00
98.28=100.00 100.00 100.00 100.00 100.00 100.00 100.00 100.00 100.00 80.00 100.00 100.00 100.00 100.00 100.00 100.00 100.00 100.00 100.00 100.00 100.00 100.00 100.00 66.67 100.00 100.00 100.00 100.00 100.00 100.00 100.00
99.35=100.00 100.00 100.00 100.00 100.00 100.00 100.00 100.00 100.00 100.00 100.00 100.00 100.00 100.00 100.00 100.00 100.00 100.00 100.00 100.00 100.00 100.00 100.00 80.00 100.00 100.00 100.00 100.00 100.00 100.00 100.00
99.00=100.00 100.00 100.00 100.00 100.00 100.00 100.00 100.00 100.00 100.00 100.00 100.00 100.00 80.00 88.89 100.00 100.00 100.00 100.00 100.00 100.00 100.00 100.00 100.00 100.00 100.00 100.00 100.00 100.00 100.00 100.00
97.85=100.00 100.00 100.00 100.00 100.00 100.00 100.00 100.00 100.00 100.00 100.00 100.00 100.00 100.00 100.00 100.00 100.00 100.00 100.00 66.67 100.00 100.00 100.00 100.00 100.00 100.00 100.00 100.00 83.33 83.33 100.00
95.32=75.00 100.00 100.00 100.00 100.00 100.00 75.00 100.00 100.00 100.00 100.00 100.00 100.00 100.00 100.00 100.00 75.00 100.00 100.00 66.67 100.00 100.00 100.00 80.00 100.00 100.00 100.00 100.00 83.33 100.00 100.00
97.63=100.00 100.00 100.00 100.00 100.00 100.00 100.00 75.00 100.00 100.00 100.00 100.00 100.00 100.00 100.00 100.00 100.00 100.00 100.00 100.00 100.00 100.00 100.00 100.00 100.00 100.00 100.00 100.00 71.43 100.00 80.00
95.81=60.00 100.00 100.00 100.00 100.00 100.00 100.00 75.00 100.00 80.00 100.00 100.00 100.00 100.00 100.00 100.00 75.00 100.00 100.00 100.00 100.00 100.00 100.00 80.00 100.00 100.00 100.00 100.00 100.00 100.00 100.00
96.83=100.00 100.00 100.00 100.00 100.00 100.00 100.00 75.00 100.00 100.00 100.00 100.00 100.00 100.00 100.00 100.00 100.00 100.00 100.00 100.00 100.00 100.00 100.00 100.00 66.67 100.00 100.00 100.00 80.00 80.00 100.00
94.67=100.00 100.00 100.00 100.00 100.00 100.00 100.00 75.00 100.00 100.00 100.00 100.00 100.00 100.00 100.00 100.00 75.00 66.67 66.67 100.00 100.00 100.00 100.00 80.00 100.00 100.00 100.00 100.00 71.43 100.00 100.00
94.65=100.00 100.00 100.00 100.00 100.00 100.00 100.00 100.00 100.00 100.00 100.00 100.00 100.00 100.00 100.00 100.00 100.00 50.00 50.00 100.00 100.00 100.00 100.00 80.00 66.67 100.00 100.00 87.50 100.00 100.00 100.00
96.67=100.00 100.00 100.00 100.00 100.00 100.00 100.00 100.00 100.00 100.00 100.00 100.00 100.00 100.00 100.00 100.00 100.00 66.67 100.00 66.67 100.00 80.00 100.00 100.00 100.00 100.00 100.00 100.00 100.00 83.33 100.00
94.95=100.00 100.00 100.00 100.00 100.00 100.00 75.00 60.00 100.00 100.00 100.00 100.00 100.00 100.00 100.00 100.00 75.00 100.00 100.00 66.67 100.00 100.00 100.00 66.67 100.00 100.00 100.00 100.00 100.00 100.00 100.00
95.19=100.00 100.00 100.00 100.00 100.00 100.00 100.00 100.00 100.00 100.00 100.00 100.00 100.00 100.00 100.00 100.00 100.00 100.00 100.00 66.67 100.00 100.00 100.00 66.67 100.00 50.00 100.00 87.50 100.00 100.00 80.00
96.15=100.00 100.00 100.00 100.00 100.00 66.67 100.00 75.00 100.00 100.00 100.00 100.00 100.00 100.00 88.89 100.00 100.00 100.00 100.00 50.00 100.00 100.00 100.00 100.00 100.00 100.00 100.00 100.00 100.00 100.00 100.00
78.15=82.76 100.00 94.74 83.33 25.93 92.59 100.00 68.42 90.91 87.50 86.21 82.76 76.67 70.97 86.21 74.07 78.12 100.00 33.33 65.38 100.00 96.00 100.00 31.58 58.06 85.71 64.71 90.48 88.89 62.50 64.71
77.11=88.89 91.67 95.00 76.00 30.43 88.89 100.00 83.33 75.00 93.75 88.46 92.00 75.00 68.97 89.29 66.67 83.33 100.00 22.50 55.17 100.00 92.86 89.29 45.45 51.43 85.71 52.63 90.91 72.73 65.00 80.00
77.40=92.31 91.30 90.48 80.77 42.11 92.59 95.83 80.00 73.33 93.75 88.00 89.29 82.14 70.37 83.33 63.64 86.21 100.00 30.95 62.07 100.00 96.15 100.00 35.71 54.29 91.67 52.94 82.61 65.52 63.16 68.75
78.52=96.00 100.00 90.48 88.00 31.82 85.71 95.65 72.73 76.92 88.89 100.00 92.31 83.33 74.07 89.29 65.62 82.76 95.45 25.58 64.29 94.44 96.30 95.83 45.45 57.14 85.71 57.14 78.26 69.57 69.57 85.71
77.75=88.89 95.65 95.00 83.33 35.00 92.59 100.00 72.00 84.62 100.00 96.15 88.89 76.92 68.97 86.21 69.70 86.67 100.00 25.53 62.07 100.00 89.66 85.71 35.71 48.48 92.31 50.00 76.19 78.95 70.00 75.00
81.40=100.00 95.45 95.00 95.45 31.25 86.21 100.00 91.30 80.00 100.00 92.86 100.00 82.14 75.00 92.59 68.57 85.71 95.65 15.62 62.07 100.00 92.86 82.14 52.38 46.51 81.25 72.00 95.45 90.91 86.36 78.57
78.92=100.00 90.91 95.00 95.65 33.33 86.21 90.48 75.00 77.78 88.24 92.31 91.30 81.48 66.67 92.31 66.67 89.66 95.65 19.44 70.37 100.00 92.59 73.33 50.00 50.00 75.00 80.00 91.30 75.00 78.95 81.82
79.97=100.00 100.00 95.00 95.24 33.33 88.46 100.00 81.82 83.33 87.50 92.86 91.67 84.00 65.62 100.00 66.67 86.21 96.00 12.90 53.85 90.00 100.00 88.00 46.15 46.67 75.00 72.73 91.30 95.65 69.23 90.00
80.03=95.83 100.00 100.00 95.65 36.36 83.33 95.24 87.50 66.67 87.50 92.86 91.67 82.76 68.97 96.00 71.43 83.33 95.83 9.68 62.96 100.00 100.00 88.89 54.55 48.89 78.95 80.00 95.24 80.00 73.91 76.92
79.03=100.00 100.00 90.48 95.45 31.25 85.71 100.00 81.82 61.54 92.86 92.31 95.65 78.12 66.67 96.15 77.42 86.21 96.15 9.68 64.00 94.44 89.66 96.00 45.00 46.67 75.00 76.19 90.91 87.50 78.26 68.75
93.23=100.00 100.00 100.00 100.00 100.00 100.00 100.00 60.00 100.00 100.00 100.00 100.00 100.00 100.00 100.00 100.00 100.00 100.00 100.00 50.00 100.00 80.00 100.00 100.00 100.00 0.00 100.00 100.00 100.00 100.00 100.00
96.94=100.00 100.00 100.00 100.00 100.00 100.00 100.00 75.00 100.00 100.00 100.00 100.00 100.00 100.00 100.00 100.00 100.00 100.00 100.00 66.67 100.00 80.00 100.00 100.00 100.00 100.00 100.00 100.00 83.33 100.00 100.00
96.53=100.00 100.00 100.00 100.00 100.00 100.00 100.00 75.00 100.00 100.00 100.00 100.00 100.00 100.00 100.00 100.00 100.00 100.00 100.00 50.00 100.00 80.00 100.00 100.00 100.00 100.00 100.00 87.50 100.00 100.00 100.00
88.49=100.00 100.00 100.00 100.00 100.00 100.00 100.00 60.00 66.67 80.00 100.00 0.00 100.00 80.00 80.00 83.33 100.00 100.00 100.00 66.67 100.00 80.00 100.00 100.00 66.67 100.00 100.00 100.00 100.00 100.00 80.00
97.11=100.00 100.00 100.00 100.00 100.00 100.00 100.00 75.00 100.00 100.00 100.00 100.00 100.00 100.00 88.89 100.00 100.00 100.00 100.00 66.67 100.00 80.00 100.00 100.00 100.00 100.00 100.00 100.00 100.00 100.00 100.00
98.27=100.00 100.00 100.00 100.00 100.00 100.00 100.00 75.00 100.00 100.00 100.00 100.00 100.00 100.00 100.00 100.00 100.00 100.00 100.00 100.00 100.00 100.00 100.00 100.00 100.00 100.00 100.00 100.00 100.00 71.43 100.00
94.95=75.00 100.00 100.00 100.00 100.00 100.00 100.00 75.00 100.00 100.00 100.00 100.00 100.00 100.00 100.00 100.00 100.00 100.00 100.00 100.00 100.00 80.00 100.00 100.00 50.00 100.00 100.00 100.00 80.00 83.33 100.00
95.91=75.00 100.00 100.00 100.00 100.00 100.00 100.00 75.00 100.00 80.00 100.00 100.00 100.00 100.00 100.00 100.00 100.00 100.00 100.00 100.00 100.00 100.00 100.00 80.00 100.00 100.00 100.00 100.00 80.00 83.33 100.00
95.32=100.00 100.00 100.00 100.00 100.00 100.00 100.00 75.00 100.00 100.00 100.00 100.00 100.00 100.00 100.00 83.33 100.00 100.00 66.67 66.67 100.00 100.00 100.00 80.00 100.00 100.00 100.00 100.00 100.00 83.33 100.00
96.18=100.00 100.00 100.00 100.00 100.00 100.00 100.00 66.67 100.00 100.00 100.00 100.00 100.00 80.00 100.00 71.43 100.00 100.00 100.00 100.00 100.00 100.00 100.00 100.00 100.00 100.00 100.00 100.00 80.00 83.33 100.00
79.98=100.00 95.45 90.48 91.30 33.33 88.89 90.91 90.91 76.92 93.33 89.66 90.91 81.25 70.00 92.31 75.00 82.76 95.65 22.86 64.00 94.74 100.00 88.00 50.00 53.66 77.78 70.83 100.00 91.30 72.73 64.29
78.42=100.00 95.45 100.00 95.45 23.53 81.48 95.24 89.47 75.00 92.86 89.29 91.67 92.31 62.96 86.21 69.44 86.21 95.65 16.22 72.73 94.44 86.67 81.48 42.86 46.67 73.68 72.73 95.45 90.48 70.83 64.71
80.32=100.00 100.00 95.00 95.65 30.00 85.19 95.24 89.47 75.00 92.86 89.29 95.24 85.71 66.67 96.15 73.53 80.65 96.00 10.26 62.50 100.00 92.86 89.29 52.63 45.45 78.95 89.47 100.00 91.67 73.68 61.54
80.33=100.00 100.00 90.48 91.67 31.25 83.33 95.24 76.00 81.82 100.00 92.86 95.24 85.19 65.52 92.59 69.44 82.76 96.15 15.38 63.64 100.00 89.29 92.00 45.45 52.50 77.78 88.24 86.96 95.45 70.83 83.33
79.20=100.00 100.00 100.00 95.45 23.81 86.21 100.00 89.47 64.29 100.00 96.30 86.96 85.71 65.52 89.29 68.75 81.25 95.83 14.29 77.27 100.00 96.30 88.00 45.45 41.86 77.78 72.73 86.96 67.86 76.19 81.82
92.44=100.00 100.00 100.00 100.00 100.00 100.00 100.00 60.00 100.00 100.00 100.00 100.00 100.00 100.00 88.89 100.00 100.00 100.00 0.00 66.67 100.00 100.00 100.00 100.00 50.00 100.00 100.00 100.00 100.00 100.00 100.00
90.77=100.00 100.00 100.00 100.00 100.00 100.00 100.00 75.00 100.00 100.00 100.00 100.00 100.00 100.00 88.89 100.00 100.00 100.00 0.00 100.00 100.00 80.00 100.00 100.00 40.00 66.67 100.00 100.00 80.00 83.33 100.00
90.81=100.00 100.00 100.00 100.00 100.00 100.00 100.00 100.00 100.00 100.00 100.00 100.00 100.00 66.67 100.00 100.00 75.00 100.00 0.00 66.67 100.00 100.00 100.00 66.67 40.00 100.00 100.00 100.00 100.00 100.00 100.00
91.29=100.00 100.00 100.00 75.00 100.00 100.00 100.00 75.00 100.00 100.00 100.00 100.00 100.00 100.00 100.00 100.00 100.00 66.67 0.00 100.00 100.00 80.00 100.00 100.00 50.00 100.00 100.00 100.00 100.00 83.33 100.00
91.02=100.00 100.00 100.00 100.00 100.00 100.00 100.00 75.00 100.00 100.00 100.00 100.00 100.00 100.00 100.00 83.33 100.00 100.00 0.00 66.67 100.00 80.00 100.00 100.00 33.33 100.00 100.00 100.00 100.00 83.33 100.00
88.74=75.00 100.00 100.00 100.00 100.00 100.00 100.00 75.00 100.00 80.00 100.00 100.00 100.00 100.00 100.00 100.00 66.67 100.00 0.00 66.67 100.00 100.00 100.00 100.00 25.00 100.00 100.00 100.00 100.00 62.50 100.00
94.95=75.00 100.00 100.00 100.00 100.00 100.00 100.00 75.00 100.00 80.00 100.00 100.00 100.00 100.00 100.00 100.00 100.00 100.00 100.00 100.00 100.00 100.00 100.00 100.00 50.00 100.00 100.00 100.00 80.00 83.33 100.00
93.60=75.00 100.00 100.00 100.00 100.00 100.00 100.00 66.67 100.00 100.00 100.00 100.00 100.00 100.00 100.00 83.33 100.00 100.00 100.00 100.00 100.00 80.00 100.00 100.00 50.00 100.00 100.00 100.00 80.00 66.67 100.00
95.65=100.00 100.00 100.00 100.00 100.00 100.00 100.00 75.00 100.00 100.00 100.00 100.00 100.00 100.00 100.00 83.33 100.00 100.00 100.00 100.00 100.00 100.00 100.00 80.00 66.67 100.00 100.00 100.00 80.00 80.00 100.00
93.87=75.00 100.00 100.00 100.00 100.00 100.00 100.00 75.00 100.00 80.00 100.00 100.00 100.00 100.00 100.00 100.00 100.00 100.00 100.00 66.67 100.00 100.00 100.00 100.00 50.00 100.00 100.00 100.00 80.00 83.33 100.00
79.17=100.00 100.00 82.61 95.45 27.78 89.29 95.24 76.19 66.67 100.00 89.66 91.67 86.21 73.08 92.59 73.53 86.67 96.15 11.11 66.67 100.00 96.15 80.77 57.89 45.45 78.95 82.35 91.30 72.41 75.00 73.33
79.18=100.00 95.24 100.00 87.50 23.53 83.33 90.91 85.71 80.00 100.00 89.66 91.30 79.31 70.37 92.31 75.00 83.87 96.00 16.13 62.50 100.00 89.66 85.71 42.86 48.89 75.00 75.00 90.00 80.00 86.36 78.57
79.93=100.00 100.00 100.00 95.65 23.53 83.33 95.24 90.00 81.82 100.00 89.66 91.30 83.33 80.77 92.31 72.73 83.87 95.65 9.09 66.67 100.00 95.83 82.14 41.67 43.18 75.00 75.00 91.30 87.50 72.73 78.57
79.58=100.00 100.00 100.00 95.65 26.32 86.21 95.45 89.47 75.00 93.33 89.66 87.50 83.33 68.97 92.59 76.67 78.79 91.30 9.38 59.26 100.00 96.15 92.00 52.17 47.62 70.00 70.00 95.24 91.67 76.19 76.92
79.94=100.00 100.00 95.00 91.67 22.22 84.62 95.24 90.00 80.00 100.00 86.21 91.67 77.42 72.41 92.59 73.53 88.89 96.00 13.51 57.69 94.74 86.67 85.71 34.78 51.16 73.68 80.00 100.00 94.74 83.33 84.62
87.76=100.00 100.00 100.00 100.00 100.00 100.00 100.00 100.00 100.00 80.00 100.00 100.00 85.71 80.00 100.00 100.00 75.00 100.00 0.00 50.00 100.00 100.00 100.00 100.00 50.00 0.00 100.00 100.00 100.00 100.00 100.00
88.87=100.00 100.00 100.00 100.00 100.00 100.00 75.00 100.00 80.00 100.00 100.00 100.00 100.00 100.00 100.00 100.00 100.00 100.00 0.00 50.00 100.00 100.00 100.00 100.00 50.00 0.00 100.00 100.00 100.00 100.00 100.00
89.52=100.00 100.00 100.00 100.00 100.00 100.00 100.00 100.00 100.00 100.00 100.00 100.00 100.00 100.00 100.00 100.00 75.00 100.00 0.00 50.00 100.00 100.00 100.00 100.00 50.00 0.00 100.00 100.00 100.00 100.00 100.00
88.55=100.00 100.00 100.00 100.00 100.00 100.00 100.00 100.00 100.00 100.00 100.00 100.00 100.00 100.00 100.00 100.00 75.00 100.00 0.00 40.00 100.00 100.00 100.00 100.00 50.00 0.00 100.00 100.00 100.00 80.00 100.00
89.14=100.00 100.00 100.00 100.00 100.00 100.00 100.00 100.00 100.00 100.00 100.00 100.00 100.00 80.00 100.00 100.00 100.00 100.00 0.00 50.00 100.00 100.00 100.00 100.00 50.00 0.00 100.00 100.00 83.33 100.00 100.00
77.87=96.00 95.65 100.00 84.62 31.58 92.59 100.00 80.00 84.62 93.33 86.21 92.31 75.00 71.43 85.19 72.41 80.00 100.00 17.02 64.00 95.00 92.86 100.00 29.41 54.29 76.47 57.89 95.24 65.22 75.00 70.59
79.28=92.31 100.00 100.00 80.00 27.27 92.59 100.00 76.19 90.91 93.75 91.67 96.00 74.19 75.86 80.65 76.92 83.33 100.00 18.75 62.07 95.00 100.00 96.15 35.71 51.43 85.71 59.09 95.00 70.83 77.78 78.57
78.41=85.71 95.65 100.00 81.48 38.89 92.59 100.00 80.00 80.00 94.12 95.83 92.59 71.88 69.70 83.33 76.92 78.12 100.00 22.50 62.96 100.00 96.30 92.31 40.00 45.45 72.22 52.63 90.48 77.27 75.00 86.67
78.54=92.31 91.67 100.00 81.48 43.75 88.46 100.00 78.95 84.62 100.00 100.00 96.15 73.53 75.86 82.76 81.48 76.47 100.00 20.45 56.67 95.00 96.30 95.83 27.78 47.22 85.71 57.14 80.00 81.25 70.59 73.33
78.58=85.19 95.65 100.00 77.78 30.00 92.59 100.00 72.73 85.71 100.00 88.00 91.67 80.65 76.67 86.21 76.92 83.87 100.00 19.15 69.23 95.00 92.86 96.15 42.86 42.86 75.00 52.17 90.48 73.91 76.92 85.71
87.96=100.00 100.00 100.00 100.00 100.00 100.00 100.00 100.00 80.00 100.00 100.00 100.00 100.00 100.00 100.00 100.00 66.67 100.00 0.00 50.00 100.00 100.00 100.00 100.00 50.00 0.00 100.00 100.00 100.00 80.00 100.00
90.22=100.00 100.00 100.00 100.00 100.00 100.00 100.00 100.00 100.00 100.00 100.00 100.00 100.00 100.00 100.00 100.00 75.00 66.67 0.00 66.67 100.00 100.00 100.00 100.00 25.00 100.00 100.00 100.00 83.33 80.00 100.00
92.63=100.00 100.00 100.00 100.00 100.00 100.00 100.00 100.00 100.00 100.00 100.00 100.00 100.00 100.00 100.00 100.00 75.00 100.00 100.00 50.00 100.00 100.00 100.00 80.00 66.67 0.00 100.00 100.00 100.00 100.00 100.00
85.40=100.00 100.00 100.00 100.00 100.00 75.00 100.00 100.00 100.00 100.00 100.00 100.00 85.71 66.67 100.00 100.00 75.00 100.00 0.00 50.00 75.00 100.00 100.00 100.00 40.00 0.00 100.00 100.00 100.00 80.00 100.00
92.10=100.00 100.00 100.00 100.00 100.00 100.00 100.00 100.00 100.00 80.00 100.00 100.00 100.00 100.00 100.00 100.00 75.00 100.00 0.00 50.00 100.00 100.00 100.00 100.00 50.00 100.00 100.00 100.00 100.00 100.00 100.00
90.70=100.00 100.00 100.00 75.00 100.00 100.00 100.00 75.00 100.00 100.00 100.00 100.00 100.00 100.00 100.00 100.00 75.00 100.00 0.00 66.67 100.00 100.00 100.00 100.00 40.00 100.00 100.00 100.00 80.00 100.00 100.00
91.02=100.00 100.00 100.00 100.00 100.00 100.00 100.00 75.00 100.00 100.00 100.00 100.00 100.00 100.00 100.00 100.00 100.00 66.67 0.00 66.67 100.00 80.00 100.00 100.00 50.00 100.00 100.00 100.00 83.33 100.00 100.00
91.42=75.00 100.00 100.00 100.00 100.00 100.00 75.00 75.00 100.00 100.00 100.00 100.00 100.00 100.00 100.00 100.00 100.00 100.00 0.00 100.00 100.00 100.00 100.00 100.00 50.00 100.00 100.00 87.50 71.43 100.00 100.00
89.36=100.00 100.00 100.00 75.00 100.00 100.00 100.00 75.00 100.00 100.00 100.00 100.00 100.00 100.00 100.00 100.00 100.00 100.00 0.00 66.67 75.00 100.00 100.00 42.86 50.00 100.00 100.00 85.71 100.00 100.00 100.00
93.71=100.00 100.00 100.00 100.00 100.00 100.00 100.00 75.00 100.00 100.00 100.00 100.00 100.00 100.00 100.00 100.00 100.00 100.00 0.00 100.00 100.00 80.00 100.00 100.00 50.00 100.00 100.00 100.00 100.00 100.00 100.00
78.46=100.00 100.00 95.00 95.65 22.22 83.33 95.24 83.33 58.33 100.00 92.86 88.00 82.76 72.41 92.31 66.67 89.66 95.83 11.43 60.00 100.00 96.15 95.45 42.86 46.34 72.73 69.57 91.30 84.62 71.43 76.92
78.85=100.00 95.45 100.00 87.50 31.25 82.76 95.24 89.47 58.33 93.33 92.86 87.50 79.31 73.08 89.29 71.43 86.21 96.00 13.89 70.00 94.74 86.21 95.24 34.78 50.00 77.78 68.00 100.00 91.67 76.00 76.92
79.02=100.00 91.67 95.00 95.65 26.32 86.21 95.24 85.00 53.85 93.33 96.15 91.30 81.48 76.92 100.00 68.57 86.67 96.00 13.89 61.90 94.74 92.86 84.00 58.82 46.51 80.00 83.33 91.30 72.41 77.27 73.33
79.68=100.00 100.00 94.74 91.67 26.32 85.71 100.00 94.44 69.23 93.75 92.59 91.30 82.14 70.37 92.59 69.44 76.47 95.83 12.50 56.00 100.00 100.00 88.89 50.00 46.51 72.22 77.27 91.30 86.96 77.27 84.62
80.61=100.00 100.00 95.00 91.67 26.32 86.21 95.24 89.47 69.23 100.00 96.30 91.67 74.19 73.91 100.00 73.53 83.87 96.00 8.33 68.00 100.00 96.15 82.76 55.00 47.83 78.95 83.33 95.45 84.62 80.95 75.00
90.22=75.00 100.00 100.00 100.00 100.00 100.00 100.00 75.00 100.00 100.00 100.00 100.00 100.00 100.00 100.00 100.00 100.00 100.00 0.00 50.00 100.00 100.00 100.00 100.00 33.33 100.00 100.00 100.00 80.00 83.33 100.00
91.83=75.00 100.00 100.00 100.00 100.00 100.00 100.00 75.00 100.00 100.00 100.00 100.00 100.00 100.00 100.00 100.00 100.00 100.00 0.00 100.00 100.00 100.00 100.00 100.00 33.33 100.00 100.00 100.00 80.00 83.33 100.00
90.22=75.00 100.00 100.00 100.00 100.00 100.00 100.00 75.00 100.00 100.00 100.00 100.00 100.00 100.00 100.00 100.00 100.00 100.00 0.00 100.00 100.00 100.00 100.00 100.00 33.33 50.00 100.00 100.00 80.00 83.33 100.00
93.43=100.00 100.00 100.00 100.00 100.00 100.00 100.00 75.00 100.00 100.00 100.00 100.00 100.00 100.00 100.00 100.00 100.00 100.00 0.00 100.00 100.00 100.00 100.00 100.00 50.00 100.00 100.00 100.00 71.43 100.00 100.00
88.76=75.00 100.00 100.00 75.00 100.00 100.00 100.00 66.67 100.00 100.00 100.00 100.00 100.00 100.00 100.00 100.00 75.00 100.00 0.00 100.00 100.00 100.00 100.00 80.00 33.33 100.00 100.00 100.00 75.00 71.43 100.00
93.23=100.00 100.00 100.00 100.00 100.00 100.00 100.00 100.00 100.00 100.00 100.00 100.00 100.00 100.00 100.00 100.00 100.00 100.00 0.00 100.00 100.00 80.00 100.00 80.00 50.00 100.00 100.00 100.00 100.00 80.00 100.00
90.86=100.00 100.00 100.00 100.00 100.00 100.00 100.00 75.00 100.00 100.00 100.00 100.00 100.00 100.00 100.00 100.00 75.00 100.00 0.00 66.67 100.00 100.00 100.00 100.00 50.00 50.00 100.00 100.00 100.00 100.00 100.00
87.80=100.00 100.00 100.00 100.00 100.00 100.00 100.00 100.00 100.00 100.00 100.00 66.67 100.00 100.00 100.00 100.00 75.00 100.00 0.00 50.00 100.00 80.00 100.00 100.00 50.00 0.00 100.00 100.00 100.00 100.00 100.00
87.90=100.00 100.00 100.00 100.00 100.00 100.00 100.00 100.00 100.00 100.00 100.00 100.00 100.00 100.00 100.00 100.00 75.00 66.67 0.00 50.00 100.00 100.00 100.00 100.00 50.00 0.00 100.00 100.00 83.33 100.00 100.00
87.82=100.00 100.00 100.00 100.00 100.00 100.00 100.00 100.00 100.00 100.00 100.00 100.00 100.00 100.00 100.00 100.00 75.00 100.00 0.00 40.00 100.00 80.00 100.00 100.00 40.00 0.00 100.00 87.50 100.00 100.00 100.00
80.37=96.00 100.00 100.00 95.65 31.25 86.21 95.24 84.21 75.00 100.00 92.59 86.96 77.42 76.92 92.59 75.00 82.76 96.15 11.11 68.18 100.00 96.15 92.31 47.62 48.84 72.73 68.00 95.24 84.62 84.21 78.57
80.22=100.00 95.45 100.00 95.45 27.78 83.33 100.00 82.61 90.91 100.00 96.30 91.67 79.31 69.23 96.15 68.75 83.87 95.83 14.71 62.50 100.00 96.30 80.00 55.56 42.22 73.68 78.26 100.00 86.36 76.19 64.29
79.61=100.00 100.00 95.00 91.30 33.33 83.33 100.00 85.00 73.33 87.50 86.67 95.00 86.21 68.97 96.15 74.19 81.25 95.83 8.82 61.54 100.00 89.66 95.83 40.00 44.44 76.19 82.35 95.45 84.62 77.27 78.57
81.10=100.00 100.00 100.00 95.65 33.33 86.21 100.00 89.47 81.82 93.33 86.21 95.65 76.67 71.43 96.15 78.12 86.21 92.31 16.67 62.96 100.00 92.31 92.00 45.00 51.16 75.00 84.21 95.65 81.48 78.26 76.92
81.08=100.00 100.00 100.00 95.65 29.41 86.21 100.00 90.48 66.67 100.00 92.86 91.67 71.88 66.67 92.59 69.70 85.71 92.31 18.18 68.00 100.00 92.59 100.00 62.50 48.84 75.00 80.95 95.45 78.57 78.26 83.33
77.08=88.89 95.65 94.74 86.96 41.18 92.59 100.00 80.00 88.89 94.44 92.31 86.67 78.57 73.33 83.87 70.97 82.76 100.00 17.39 53.33 100.00 96.30 100.00 21.43 44.44 78.57 52.63 85.71 69.23 60.00 78.57
78.62=88.89 100.00 95.00 75.00 35.29 89.29 100.00 72.73 80.00 100.00 96.00 92.59 69.70 77.78 83.33 67.74 77.42 95.83 22.50 69.23 100.00 92.86 100.00 50.00 45.71 86.67 54.17 90.48 69.23 78.57 81.25
77.96=92.31 95.24 95.00 80.00 41.18 89.29 100.00 73.08 81.82 100.00 95.83 89.29 73.53 75.86 85.71 78.57 80.65 95.65 11.63 56.67 100.00 92.59 92.59 38.46 47.37 78.57 57.14 90.00 69.57 73.33 85.71
78.34=95.83 100.00 100.00 84.00 35.00 92.59 100.00 76.19 84.62 94.12 96.00 88.89 72.73 71.88 86.21 80.00 78.79 100.00 25.00 60.71 94.74 92.86 96.15 42.86 54.55 66.67 50.00 79.17 65.22 71.43 92.31
77.34=92.31 100.00 95.00 87.50 31.58 85.71 95.83 73.91 85.71 94.12 100.00 88.89 68.75 74.19 85.19 80.00 72.22 100.00 14.29 60.71 100.00 92.59 88.89 35.71 44.44 72.22 60.00 89.47 82.61 60.00 85.71
80.36=100.00 100.00 95.00 95.45 20.00 83.33 100.00 90.48 83.33 100.00 89.66 95.65 79.31 70.37 92.59 66.67 86.21 92.00 14.71 66.67 100.00 100.00 88.46 42.86 46.34 76.19 80.95 100.00 90.91 77.27 66.67
80.17=100.00 100.00 100.00 91.67 29.41 86.21 95.00 89.47 71.43 93.75 92.59 95.45 92.00 68.97 89.29 69.44 83.87 95.83 9.38 50.00 100.00 92.86 100.00 44.00 43.90 78.95 80.95 100.00 84.00 80.00 76.92
79.81=100.00 95.45 95.00 91.30 26.32 89.29 95.24 94.12 71.43 100.00 89.29 87.50 96.00 72.41 89.29 62.86 75.76 95.83 10.00 64.00 85.71 96.00 92.00 47.62 45.65 80.00 88.89 95.45 83.33 75.00 83.33
80.59=100.00 100.00 95.00 95.65 29.41 85.71 100.00 84.21 69.23 100.00 92.86 100.00 78.12 75.00 89.29 83.33 89.66 95.83 10.81 57.69 100.00 92.86 92.00 47.62 46.34 84.21 84.21 95.65 90.91 64.00 68.75
80.72=96.00 100.00 100.00 91.67 35.71 86.21 95.24 84.21 71.43 100.00 86.21 91.67 79.31 68.97 96.15 72.73 83.87 96.00 5.56 60.87 100.00 96.30 95.83 46.15 43.18 84.21 88.89 100.00 87.50 85.00 73.33
91.40=100.00 100.00 100.00 100.00 100.00 100.00 100.00 100.00 100.00 100.00 75.00 100.00 100.00 100.00 100.00 100.00 75.00 100.00 100.00 33.33 100.00 100.00 100.00 100.00 50.00 0.00 100.00 100.00 100.00 100.00 100.00
88.55=100.00 100.00 100.00 100.00 100.00 100.00 100.00 100.00 100.00 100.00 100.00 100.00 100.00 100.00 100.00 100.00 75.00 100.00 0.00 40.00 100.00 100.00 100.00 100.00 50.00 0.00 100.00 100.00 100.00 80.00 100.00
89.68=100.00 100.00 100.00 100.00 100.00 100.00 100.00 100.00 100.00 100.00 100.00 100.00 100.00 100.00 100.00 100.00 100.00 100.00 0.00 50.00 100.00 100.00 100.00 80.00 50.00 0.00 100.00 100.00 100.00 100.00 100.00
91.37=100.00 100.00 100.00 100.00 100.00 100.00 100.00 100.00 100.00 100.00 100.00 100.00 100.00 100.00 100.00 100.00 75.00 100.00 0.00 50.00 100.00 80.00 100.00 100.00 40.00 100.00 100.00 87.50 100.00 100.00 100.00
91.21=100.00 100.00 100.00 100.00 100.00 100.00 100.00 100.00 100.00 100.00 100.00 100.00 100.00 100.00 100.00 85.71 75.00 100.00 0.00 50.00 100.00 100.00 100.00 66.67 50.00 100.00 100.00 100.00 100.00 100.00 100.00
80.42=92.00 100.00 95.00 90.48 38.46 96.00 95.65 83.33 100.00 100.00 86.21 91.30 80.65 77.78 89.66 82.76 92.59 92.31 13.51 75.86 100.00 86.21 86.96 36.36 40.82 72.22 77.78 85.71 84.62 68.75 80.00
80.78=92.00 100.00 100.00 89.47 30.77 100.00 92.00 80.95 94.12 100.00 85.71 95.83 79.31 80.77 92.86 80.00 92.00 95.65 20.59 82.14 94.44 89.66 84.00 53.33 45.65 77.27 64.00 66.67 70.00 83.33 91.67
80.40=92.00 100.00 95.00 90.00 45.45 100.00 95.65 85.71 88.24 93.75 83.33 95.83 73.53 75.00 96.30 82.14 100.00 92.00 16.67 78.57 89.47 83.87 90.91 57.14 45.24 73.91 68.42 82.61 84.00 60.87 76.92
80.58=95.83 100.00 100.00 90.00 33.33 100.00 100.00 80.00 93.75 88.24 92.31 100.00 70.97 72.73 89.66 80.00 100.00 95.65 14.29 82.14 100.00 83.87 90.48 41.18 44.90 73.91 68.18 78.26 86.36 61.90 90.00
80.12=96.00 100.00 100.00 90.91 33.33 100.00 88.46 90.91 89.47 93.33 88.89 100.00 68.75 82.76 92.86 76.67 88.89 95.24 13.16 88.00 94.12 88.89 81.82 43.75 45.10 78.26 75.00 85.71 79.17 60.87 73.33
94.46=100.00 100.00 100.00 100.00 100.00 100.00 100.00 60.00 100.00 100.00 100.00 100.00 100.00 100.00 100.00 100.00 100.00 100.00 100.00 66.67 100.00 80.00 100.00 75.00 66.67 100.00 100.00 100.00 100.00 100.00 80.00
91.20=100.00 100.00 100.00 100.00 100.00 100.00 100.00 66.67 100.00 100.00 100.00 100.00 100.00 80.00 88.89 100.00 100.00 100.00 0.00 66.67 75.00 100.00 100.00 100.00 50.00 100.00 100.00 100.00 100.00 100.00 100.00
91.56=100.00 100.00 100.00 100.00 100.00 100.00 100.00 75.00 100.00 100.00 100.00 100.00 100.00 100.00 100.00 100.00 100.00 100.00 0.00 66.67 100.00 66.67 100.00 80.00 50.00 100.00 100.00 100.00 100.00 100.00 100.00
90.16=100.00 100.00 100.00 100.00 100.00 100.00 100.00 75.00 100.00 100.00 100.00 100.00 100.00 100.00 100.00 100.00 100.00 50.00 0.00 40.00 100.00 80.00 100.00 100.00 50.00 100.00 100.00 100.00 100.00 100.00 100.00
91.45=100.00 100.00 100.00 100.00 100.00 100.00 100.00 75.00 100.00 100.00 100.00 100.00 100.00 100.00 100.00 100.00 100.00 100.00 0.00 50.00 100.00 80.00 100.00 80.00 50.00 100.00 100.00 100.00 100.00 100.00 100.00
79.19=88.89 95.45 100.00 82.61 38.89 92.59 100.00 80.95 81.82 88.89 92.31 92.59 72.73 68.75 89.29 75.00 81.25 100.00 21.95 59.38 100.00 92.86 96.15 35.71 52.78 80.00 55.56 85.71 90.00 70.59 92.31
77.72=92.00 91.67 100.00 84.00 33.33 92.59 100.00 66.67 81.82 94.12 95.65 89.29 69.70 70.97 83.33 76.92 78.79 100.00 22.73 59.26 100.00 92.59 96.00 40.00 51.43 81.25 48.00 79.17 80.95 64.71 92.31
76.73=92.00 95.45 100.00 75.00 30.43 92.31 100.00 72.73 84.62 94.12 96.00 88.89 66.67 68.97 85.19 72.41 73.53 95.65 11.11 62.50 95.00 92.59 100.00 46.15 50.00 58.82 57.89 86.36 80.95 62.50 90.91
79.34=92.31 95.65 100.00 77.78 31.82 92.59 95.65 72.73 85.71 100.00 100.00 92.59 68.57 78.57 86.21 91.67 78.12 100.00 20.93 69.23 100.00 96.30 100.00 41.67 47.37 75.00 48.00 90.00 73.91 71.43 85.71
77.16=92.31 95.45 100.00 83.33 38.89 89.29 95.83 72.73 81.25 93.33 92.31 92.31 75.76 78.57 82.76 86.96 80.65 95.83 18.42 66.67 94.74 92.86 95.83 35.71 48.48 64.71 44.00 80.00 79.17 75.00 68.75
89.84=75.00 100.00 100.00 100.00 100.00 100.00 100.00 75.00 100.00 100.00 100.00 100.00 100.00 100.00 100.00 100.00 100.00 100.00 0.00 50.00 100.00 100.00 100.00 100.00 25.00 100.00 100.00 100.00 80.00 80.00 100.00
89.03=75.00 100.00 100.00 100.00 100.00 100.00 100.00 75.00 100.00 100.00 100.00 100.00 100.00 100.00 100.00 100.00 100.00 100.00 0.00 33.33 100.00 100.00 100.00 80.00 33.33 100.00 100.00 100.00 80.00 83.33 100.00
88.59=75.00 100.00 100.00 100.00 100.00 100.00 100.00 75.00 100.00 100.00 100.00 100.00 100.00 100.00 100.00 100.00 100.00 100.00 0.00 66.67 100.00 100.00 100.00 100.00 33.33 50.00 100.00 100.00 75.00 71.43 100.00
88.06=75.00 100.00 100.00 100.00 100.00 100.00 100.00 75.00 100.00 100.00 100.00 66.67 100.00 66.67 100.00 83.33 100.00 100.00 0.00 100.00 100.00 100.00 100.00 80.00 0.00 100.00 100.00 100.00 83.33 100.00 100.00
95.13=75.00 100.00 100.00 100.00 100.00 100.00 100.00 100.00 100.00 100.00 100.00 100.00 100.00 100.00 100.00 100.00 75.00 100.00 100.00 100.00 100.00 80.00 100.00 100.00 50.00 100.00 100.00 85.71 100.00 83.33 100.00
78.88=92.31 95.65 100.00 77.78 37.50 92.31 100.00 76.19 84.62 94.12 96.00 88.89 75.76 77.78 86.21 76.92 78.12 100.00 18.37 60.71 95.00 92.31 100.00 40.00 47.22 73.33 57.14 100.00 80.95 75.00 75.00
79.13=96.00 95.65 100.00 75.86 36.84 92.59 100.00 85.71 86.67 100.00 100.00 92.59 75.76 80.77 85.71 82.61 78.79 100.00 20.93 62.07 100.00 96.30 100.00 46.15 52.78 72.22 40.91 86.36 75.00 64.29 70.59
76.90=92.31 95.65 95.00 83.33 43.75 88.89 100.00 69.57 75.00 94.12 100.00 88.89 71.43 75.86 89.29 81.48 75.00 100.00 17.50 56.25 100.00 89.66 100.00 27.78 44.12 68.75 50.00 89.47 76.00 64.71 80.00
77.65=96.00 91.67 100.00 77.78 30.43 92.00 100.00 69.57 92.31 100.00 100.00 88.89 75.00 78.57 82.76 80.77 73.53 100.00 20.51 69.23 100.00 92.86 100.00 29.41 48.65 64.71 54.55 81.82 72.00 64.29 80.00
77.36=92.31 95.65 100.00 84.62 36.84 92.59 100.00 76.19 78.57 100.00 100.00 96.15 74.19 71.43 82.76 73.08 76.47 100.00 14.29 65.38 95.00 89.66 100.00 27.78 45.71 55.00 50.00 86.36 85.71 66.67 85.71
81.55=96.00 100.00 90.48 86.36 38.46 100.00 95.65 85.71 84.21 94.12 78.12 95.83 77.42 82.14 96.30 81.25 96.30 95.65 6.45 88.46 100.00 89.66 95.45 43.75 42.31 80.95 66.67 86.36 95.65 75.00 83.33
80.51=92.00 100.00 95.00 90.00 38.46 100.00 95.24 77.27 93.75 93.75 80.65 95.83 92.31 75.76 96.30 75.00 89.66 95.83 6.67 75.86 100.00 92.59 82.61 53.33 44.90 80.95 73.68 76.92 80.00 68.18 83.33
80.67=100.00 100.00 94.74 86.96 38.46 100.00 95.83 91.30 93.33 93.33 85.71 95.65 70.59 77.78 96.30 76.92 92.86 95.83 9.09 95.65 100.00 89.29 86.96 47.06 41.67 78.26 65.22 79.17 91.67 62.50 68.75
81.39=95.83 100.00 100.00 94.74 42.86 100.00 92.00 80.00 94.44 83.33 86.67 100.00 82.76 77.78 96.30 77.42 92.86 95.65 17.14 91.30 100.00 89.66 90.91 53.85 44.44 73.91 66.67 78.26 84.00 65.22 75.00
81.12=95.83 100.00 95.00 90.00 46.15 100.00 88.46 90.00 94.44 93.75 81.48 100.00 76.67 76.92 96.00 78.12 92.59 95.45 7.89 95.83 100.00 80.00 85.71 60.00 44.00 72.00 66.67 81.82 84.62 61.90 83.33
91.56=100.00 100.00 100.00 100.00 100.00 100.00 100.00 75.00 100.00 100.00 100.00 100.00 100.00 100.00 100.00 100.00 100.00 100.00 0.00 66.67 100.00 66.67 100.00 80.00 50.00 100.00 100.00 100.00 100.00 100.00 100.00
89.84=100.00 100.00 100.00 100.00 100.00 100.00 100.00 75.00 100.00 100.00 100.00 100.00 83.33 100.00 100.00 100.00 100.00 100.00 0.00 66.67 100.00 80.00 100.00 80.00 20.00 100.00 100.00 100.00 100.00 100.00 80.00
90.56=100.00 100.00 100.00 100.00 100.00 100.00 100.00 75.00 100.00 100.00 100.00 100.00 100.00 100.00 88.89 100.00 100.00 100.00 0.00 66.67 100.00 80.00 100.00 66.67 50.00 100.00 100.00 100.00 80.00 100.00 100.00
91.59=100.00 100.00 100.00 100.00 100.00 100.00 100.00 75.00 100.00 100.00 100.00 100.00 100.00 100.00 100.00 100.00 100.00 100.00 0.00 66.67 100.00 80.00 100.00 80.00 50.00 100.00 100.00 87.50 100.00 100.00 100.00
87.96=100.00 100.00 100.00 100.00 100.00 100.00 100.00 60.00 100.00 100.00 100.00 100.00 100.00 100.00 100.00 100.00 100.00 100.00 0.00 66.67 100.00 80.00 100.00 80.00 40.00 0.00 100.00 100.00 100.00 100.00 100.00
77.86=88.89 95.65 100.00 75.00 40.00 92.59 100.00 61.90 84.62 94.12 100.00 92.59 75.00 78.57 83.33 84.62 85.71 100.00 13.33 64.00 100.00 92.86 96.00 31.25 42.11 72.22 50.00 82.61 84.21 66.67 85.71
78.27=88.89 95.65 100.00 80.77 33.33 92.59 95.83 77.27 86.67 88.24 100.00 96.15 72.73 77.78 86.21 81.48 80.00 100.00 12.50 68.00 100.00 92.59 96.15 26.67 45.00 63.16 54.17 90.48 88.89 70.59 84.62
78.37=92.31 95.65 94.74 77.78 31.58 96.15 100.00 73.91 75.00 94.44 89.29 96.15 70.59 84.00 83.33 80.00 86.21 100.00 12.50 69.23 100.00 92.86 92.59 31.58 44.74 68.42 55.00 90.48 90.00 68.75 92.31
77.60=92.31 95.65 100.00 84.00 41.18 92.59 100.00 75.00 85.71 88.89 100.00 88.00 70.00 72.41 82.76 77.78 86.21 100.00 16.67 66.67 100.00 86.67 96.00 14.29 50.00 63.16 57.89 80.95 86.36 68.75 85.71
78.20=88.46 95.65 100.00 88.00 33.33 92.59 100.00 62.96 85.71 88.89 95.65 92.59 76.47 75.00 86.21 84.62 80.65 100.00 12.50 72.00 100.00 86.21 100.00 26.67 45.71 61.90 54.55 88.89 90.00 66.67 92.31
82.42=96.00 100.00 100.00 86.36 33.33 100.00 95.83 81.48 89.47 93.75 92.86 95.65 80.65 84.00 96.00 84.00 92.86 91.30 7.89 81.48 100.00 86.21 83.33 57.14 47.83 70.83 73.91 90.91 78.57 83.33 100.00
80.90=100.00 100.00 100.00 86.36 33.33 100.00 95.83 87.50 94.44 87.50 83.33 100.00 82.76 79.31 92.59 80.00 92.59 95.00 8.82 79.31 94.44 89.29 87.50 41.18 45.65 73.91 76.19 90.00 73.08 72.22 85.71
81.25=96.00 100.00 100.00 95.00 45.45 100.00 95.65 80.00 93.75 93.75 82.76 100.00 81.48 71.43 96.30 78.12 96.15 96.00 6.25 79.31 100.00 92.31 87.50 36.36 45.65 70.83 65.22 76.00 90.91 66.67 100.00
80.41=92.31 100.00 94.74 90.48 38.46 100.00 92.00 90.00 100.00 93.75 87.50 95.45 73.33 73.33 92.59 82.14 89.66 96.00 8.82 76.67 100.00 89.29 79.17 42.11 44.90 69.57 60.87 86.36 83.33 70.00 100.00
81.68=92.00 100.00 100.00 86.36 29.41 96.00 95.83 91.30 100.00 93.75 92.59 100.00 80.65 75.86 96.00 85.71 96.30 91.67 9.09 82.14 100.00 83.87 95.24 37.50 45.65 75.00 65.22 85.71 84.00 73.68 91.67
79.13=100.00 100.00 94.74 95.65 23.53 88.89 86.96 89.47 63.64 82.35 92.59 95.24 85.71 73.33 83.33 78.12 86.67 96.15 15.62 75.00 94.74 89.66 91.67 47.62 51.11 71.43 64.00 95.45 84.62 78.95 76.92
80.81=100.00 100.00 95.00 95.65 37.50 89.29 95.24 88.89 83.33 100.00 100.00 95.65 68.75 67.86 92.59 77.42 89.66 96.00 12.12 62.50 100.00 92.86 91.67 45.45 43.75 75.00 65.38 95.24 84.62 72.73 90.91
80.01=96.00 95.45 100.00 95.65 23.53 82.76 95.24 85.71 71.43 92.86 92.59 95.45 80.00 71.43 92.59 71.88 92.86 96.00 11.76 72.73 100.00 92.59 88.46 52.63 45.65 77.78 72.73 100.00 84.62 66.67 83.33
79.23=100.00 100.00 95.00 90.48 31.25 86.21 100.00 82.61 69.23 92.86 92.59 91.67 75.86 66.67 96.15 78.12 89.66 96.00 11.76 65.22 94.74 92.59 88.89 47.06 42.22 75.00 84.21 100.00 72.41 76.19 71.43
79.28=100.00 100.00 90.48 95.65 26.67 86.21 95.24 85.71 64.29 100.00 96.30 95.24 82.76 67.86 92.31 71.43 92.59 95.65 11.76 81.82 94.44 85.71 92.00 37.50 46.34 76.19 76.19 90.91 84.62 75.00 66.67
88.83=100.00 100.00 100.00 75.00 80.00 100.00 100.00 75.00 100.00 100.00 100.00 66.67 100.00 100.00 100.00 100.00 100.00 100.00 0.00 50.00 100.00 57.14 100.00 100.00 50.00 100.00 100.00 100.00 100.00 100.00 100.00
90.97=100.00 100.00 100.00 100.00 100.00 100.00 100.00 75.00 100.00 100.00 100.00 50.00 100.00 80.00 100.00 100.00 75.00 100.00 0.00 100.00 100.00 100.00 100.00 100.00 40.00 100.00 100.00 100.00 100.00 100.00 100.00
89.14=100.00 100.00 100.00 100.00 100.00 100.00 100.00 75.00 100.00 100.00 100.00 50.00 100.00 100.00 100.00 100.00 75.00 100.00 0.00 66.67 100.00 80.00 100.00 100.00 66.67 50.00 100.00 100.00 100.00 100.00 100.00
90.38=100.00 100.00 100.00 100.00 100.00 100.00 100.00 75.00 100.00 100.00 100.00 66.67 100.00 100.00 100.00 100.00 100.00 100.00 0.00 66.67 100.00 80.00 100.00 80.00 50.00 100.00 100.00 100.00 100.00 83.33 100.00
89.43=100.00 100.00 100.00 100.00 100.00 100.00 100.00 66.67 100.00 100.00 100.00 66.67 100.00 100.00 88.89 100.00 100.00 66.67 0.00 66.67 100.00 66.67 100.00 100.00 50.00 100.00 100.00 100.00 100.00 100.00 100.00
81.36=87.50 100.00 90.48 94.74 25.00 100.00 95.83 82.61 94.12 94.12 89.29 100.00 77.42 76.67 92.86 80.65 86.21 95.65 14.29 85.19 100.00 89.29 84.00 60.00 47.83 78.26 77.27 85.71 92.00 66.67 78.57
81.66=100.00 100.00 100.00 90.48 42.86 100.00 92.00 90.48 89.47 100.00 92.59 95.83 80.00 76.00 96.30 78.12 96.15 95.83 9.38 79.31 100.00 81.25 86.36 40.00 45.83 64.00 77.78 85.71 80.00 73.91 91.67
81.25=95.83 100.00 100.00 95.00 50.00 100.00 92.00 86.36 93.75 100.00 89.29 95.83 73.33 78.57 96.30 77.42 89.66 95.65 10.34 76.67 100.00 85.71 82.61 53.33 45.83 73.91 66.67 75.00 91.67 69.57 78.57
81.28=100.00 100.00 95.00 95.00 41.67 100.00 91.67 85.71 93.75 93.75 78.12 95.65 80.65 68.97 88.89 80.00 96.30 95.83 12.50 84.62 100.00 83.33 84.00 58.33 43.14 66.67 83.33 86.36 76.92 73.91 85.71
81.40=100.00 100.00 95.00 90.48 46.15 100.00 95.83 90.48 94.12 100.00 85.71 88.46 75.86 75.86 96.30 80.00 96.00 96.00 12.50 76.67 94.44 86.21 74.07 44.44 43.75 72.00 73.68 80.00 91.30 68.18 100.00
91.21=75.00 100.00 100.00 100.00 100.00 100.00 100.00 75.00 100.00 100.00 100.00 100.00 100.00 100.00 100.00 100.00 75.00 100.00 0.00 100.00 100.00 100.00 100.00 100.00 33.33 100.00 100.00 85.71 100.00 83.33 100.00
90.70=75.00 100.00 100.00 75.00 100.00 100.00 100.00 75.00 100.00 80.00 75.00 100.00 100.00 100.00 100.00 100.00 100.00 100.00 100.00 66.67 100.00 100.00 100.00 75.00 50.00 100.00 100.00 100.00 60.00 80.00 100.00
91.02=75.00 100.00 100.00 75.00 100.00 100.00 100.00 75.00 100.00 100.00 100.00 100.00 100.00 100.00 100.00 100.00 100.00 100.00 0.00 100.00 100.00 100.00 100.00 100.00 33.33 100.00 100.00 100.00 80.00 83.33 100.00
92.37=75.00 100.00 100.00 100.00 100.00 100.00 100.00 75.00 80.00 100.00 100.00 100.00 100.00 100.00 100.00 100.00 100.00 100.00 0.00 100.00 100.00 100.00 100.00 100.00 33.33 100.00 100.00 100.00 100.00 100.00 100.00
91.29=75.00 100.00 100.00 100.00 100.00 100.00 100.00 75.00 100.00 80.00 100.00 100.00 100.00 100.00 100.00 100.00 100.00 100.00 0.00 66.67 100.00 100.00 100.00 100.00 33.33 100.00 100.00 100.00 100.00 100.00 100.00
78.90=100.00 100.00 90.48 91.67 33.33 88.46 90.48 81.82 58.33 93.33 96.30 91.67 78.57 72.00 92.59 70.59 83.87 96.00 14.71 69.57 94.74 92.86 88.00 45.45 50.00 80.00 76.19 95.45 80.00 70.83 78.57
79.04=100.00 100.00 90.48 95.45 31.25 86.21 95.24 83.33 78.57 87.50 92.00 95.65 88.46 76.00 96.15 71.43 83.33 92.59 12.90 55.56 100.00 89.29 84.00 41.67 46.51 72.73 80.00 88.00 84.00 75.00 76.92
80.27=100.00 100.00 95.00 95.65 33.33 85.19 95.24 90.00 76.92 82.35 96.30 95.45 86.21 68.97 96.00 72.73 83.87 95.83 9.09 66.67 94.74 96.30 92.31 50.00 44.19 76.19 76.19 90.91 82.14 76.00 84.62
80.05=100.00 100.00 95.00 95.65 27.78 82.76 95.24 89.47 73.33 93.33 96.30 95.65 77.42 66.67 100.00 70.59 86.67 91.67 12.12 70.83 88.89 92.86 92.00 52.38 46.51 83.33 76.19 95.24 86.96 68.00 78.57
80.08=100.00 100.00 95.00 95.45 29.41 86.21 95.24 85.00 76.92 77.78 96.30 95.45 78.12 68.97 96.15 78.12 83.87 95.83 9.38 72.73 100.00 89.66 95.83 45.00 44.19 72.73 80.95 100.00 80.77 72.73 84.62
91.29=100.00 100.00 100.00 100.00 100.00 100.00 100.00 75.00 100.00 80.00 100.00 100.00 100.00 100.00 100.00 100.00 100.00 100.00 0.00 66.67 100.00 75.00 100.00 100.00 33.33 100.00 100.00 100.00 100.00 100.00 100.00
85.16=100.00 100.00 100.00 100.00 66.67 75.00 100.00 100.00 80.00 100.00 100.00 50.00 100.00 100.00 100.00 100.00 75.00 66.67 0.00 66.67 50.00 80.00 100.00 100.00 50.00 100.00 100.00 80.00 100.00 100.00 100.00
90.65=100.00 100.00 100.00 100.00 100.00 100.00 100.00 66.67 100.00 100.00 100.00 100.00 100.00 100.00 100.00 100.00 100.00 100.00 0.00 66.67 66.67 80.00 100.00 80.00 50.00 100.00 100.00 100.00 100.00 100.00 100.00
88.49=100.00 100.00 100.00 100.00 75.00 100.00 66.67 75.00 100.00 80.00 100.00 100.00 100.00 80.00 100.00 83.33 100.00 66.67 0.00 100.00 100.00 66.67 100.00 100.00 50.00 100.00 100.00 100.00 100.00 100.00 100.00
91.67=100.00 100.00 100.00 100.00 100.00 100.00 100.00 75.00 100.00 100.00 100.00 100.00 100.00 100.00 100.00 100.00 100.00 100.00 0.00 66.67 100.00 80.00 100.00 80.00 40.00 100.00 100.00 100.00 100.00 100.00 100.00
91.01=75.00 100.00 100.00 100.00 100.00 100.00 100.00 75.00 100.00 100.00 100.00 100.00 100.00 100.00 100.00 100.00 100.00 100.00 0.00 66.67 100.00 100.00 100.00 100.00 33.33 100.00 100.00 100.00 71.43 100.00 100.00
88.23=75.00 100.00 100.00 100.00 100.00 75.00 100.00 66.67 100.00 100.00 100.00 100.00 100.00 80.00 100.00 100.00 100.00 100.00 0.00 100.00 100.00 80.00 100.00 75.00 25.00 100.00 100.00 100.00 75.00 83.33 100.00
90.05=60.00 100.00 100.00 100.00 100.00 100.00 100.00 60.00 100.00 100.00 100.00 100.00 100.00 100.00 100.00 100.00 100.00 100.00 0.00 100.00 100.00 100.00 100.00 75.00 33.33 100.00 100.00 100.00 80.00 83.33 100.00
90.34=75.00 100.00 100.00 100.00 100.00 100.00 100.00 75.00 100.00 80.00 100.00 100.00 100.00 100.00 100.00 100.00 100.00 100.00 0.00 100.00 100.00 100.00 100.00 57.14 33.33 100.00 100.00 100.00 80.00 100.00 100.00
89.03=75.00 83.33 100.00 100.00 100.00 100.00 100.00 66.67 100.00 80.00 100.00 100.00 100.00 100.00 100.00 100.00 100.00 100.00 0.00 100.00 100.00 100.00 100.00 66.67 33.33 100.00 100.00 100.00 75.00 80.00 100.00
78.23=92.31 95.65 100.00 84.00 37.50 92.59 100.00 76.00 78.57 100.00 92.31 100.00 78.12 73.33 83.33 81.48 83.87 100.00 17.95 66.67 95.00 92.86 96.15 45.45 45.71 63.16 45.45 83.33 75.00 69.23 80.00
78.33=88.89 95.45 100.00 83.33 31.82 92.31 100.00 81.82 78.57 100.00 100.00 88.89 70.00 74.19 85.19 76.92 83.87 100.00 18.60 68.00 94.74 96.30 100.00 33.33 45.71 63.16 56.52 86.36 86.96 68.75 78.57
79.59=88.89 95.45 100.00 80.77 43.75 92.59 100.00 78.26 85.71 100.00 100.00 79.31 77.42 78.57 83.33 91.67 70.27 95.83 13.95 68.00 94.74 92.86 100.00 27.78 47.06 65.00 63.16 90.48 90.00 80.00 92.31
78.10=96.00 100.00 95.00 84.00 41.18 92.31 100.00 75.00 80.00 100.00 100.00 96.15 70.59 74.19 83.33 75.00 71.43 95.65 10.26 69.23 100.00 92.86 100.00 28.57 48.65 65.00 54.55 86.96 89.47 60.00 85.71
78.45=88.89 95.65 100.00 81.48 41.18 85.71 100.00 77.27 80.00 94.12 96.00 96.15 75.00 77.78 83.33 81.48 81.25 100.00 16.22 64.29 100.00 86.67 96.00 31.25 50.00 72.22 50.00 95.24 79.17 72.22 83.33
92.10=100.00 100.00 100.00 100.00 100.00 100.00 100.00 75.00 100.00 100.00 100.00 100.00 100.00 100.00 100.00 83.33 100.00 100.00 0.00 66.67 100.00 100.00 100.00 80.00 50.00 100.00 100.00 100.00 100.00 100.00 100.00
90.11=100.00 100.00 100.00 100.00 80.00 100.00 75.00 75.00 100.00 100.00 100.00 66.67 100.00 100.00 100.00 100.00 100.00 100.00 0.00 66.67 100.00 80.00 100.00 100.00 50.00 100.00 100.00 100.00 100.00 100.00 100.00
92.10=100.00 100.00 100.00 100.00 100.00 100.00 100.00 75.00 100.00 100.00 100.00 100.00 100.00 100.00 100.00 100.00 100.00 100.00 0.00 66.67 100.00 80.00 83.33 100.00 50.00 100.00 100.00 100.00 100.00 100.00 100.00
89.22=100.00 100.00 100.00 100.00 75.00 100.00 100.00 100.00 100.00 100.00 100.00 100.00 100.00 100.00 100.00 100.00 100.00 66.67 0.00 50.00 100.00 75.00 83.33 80.00 50.00 100.00 100.00 85.71 100.00 100.00 100.00
89.95=100.00 100.00 100.00 100.00 100.00 100.00 100.00 66.67 100.00 100.00 100.00 100.00 100.00 66.67 100.00 100.00 100.00 100.00 0.00 66.67 100.00 80.00 100.00 100.00 50.00 100.00 100.00 100.00 75.00 83.33 100.00
89.52=100.00 100.00 100.00 100.00 100.00 100.00 100.00 100.00 100.00 100.00 100.00 100.00 100.00 100.00 100.00 100.00 75.00 100.00 0.00 50.00 100.00 100.00 100.00 100.00 50.00 0.00 100.00 100.00 100.00 100.00 100.00
87.80=100.00 100.00 100.00 100.00 100.00 100.00 100.00 100.00 100.00 100.00 100.00 66.67 100.00 100.00 100.00 75.00 100.00 100.00 0.00 50.00 100.00 100.00 100.00 80.00 50.00 0.00 100.00 100.00 100.00 100.00 100.00
91.02=100.00 100.00 100.00 100.00 100.00 100.00 100.00 66.67 100.00 100.00 100.00 100.00 100.00 100.00 100.00 100.00 75.00 100.00 0.00 66.67 100.00 100.00 100.00 80.00 50.00 100.00 100.00 100.00 83.33 100.00 100.00
90.75=100.00 100.00 100.00 100.00 100.00 100.00 100.00 100.00 100.00 100.00 75.00 66.67 100.00 100.00 100.00 100.00 100.00 100.00 0.00 66.67 75.00 80.00 100.00 100.00 50.00 100.00 100.00 100.00 100.00 100.00 100.00
93.44=100.00 100.00 100.00 100.00 100.00 100.00 100.00 100.00 100.00 100.00 100.00 66.67 100.00 80.00 100.00 100.00 100.00 100.00 0.00 100.00 100.00 100.00 100.00 100.00 50.00 100.00 100.00 100.00 100.00 100.00 100.00
91.56=100.00 100.00 100.00 100.00 100.00 100.00 100.00 75.00 100.00 100.00 100.00 100.00 100.00 100.00 100.00 100.00 100.00 66.67 0.00 100.00 100.00 80.00 100.00 66.67 50.00 100.00 100.00 100.00 100.00 100.00 100.00
91.26=100.00 83.33 100.00 100.00 80.00 100.00 100.00 100.00 100.00 100.00 100.00 100.00 100.00 100.00 100.00 83.33 100.00 100.00 0.00 66.67 100.00 80.00 100.00 100.00 50.00 100.00 100.00 85.71 100.00 100.00 100.00
90.22=100.00 100.00 100.00 100.00 100.00 75.00 100.00 75.00 100.00 100.00 100.00 100.00 100.00 100.00 100.00 100.00 100.00 100.00 0.00 66.67 100.00 80.00 100.00 100.00 50.00 50.00 100.00 100.00 100.00 100.00 100.00
90.00=100.00 100.00 100.00 100.00 100.00 100.00 100.00 60.00 100.00 100.00 100.00 50.00 100.00 100.00 100.00 100.00 100.00 100.00 0.00 66.67 100.00 80.00 100.00 100.00 33.33 100.00 100.00 100.00 100.00 100.00 100.00
87.69=100.00 100.00 100.00 100.00 100.00 100.00 100.00 75.00 100.00 80.00 100.00 66.67 100.00 100.00 100.00 100.00 100.00 100.00 0.00 66.67 100.00 80.00 100.00 100.00 50.00 0.00 100.00 100.00 100.00 100.00 100.00
81.46=95.65 100.00 100.00 95.00 42.86 100.00 95.83 90.00 89.47 100.00 85.71 95.65 72.73 76.92 92.59 82.14 89.66 92.31 9.09 95.83 100.00 85.71 83.33 36.36 42.55 72.00 72.73 79.17 87.50 73.68 90.91
81.67=92.31 100.00 95.00 90.48 60.00 100.00 95.65 80.95 94.74 100.00 82.14 95.83 73.53 77.42 96.30 84.62 96.30 96.00 8.33 85.19 100.00 83.33 80.00 41.18 47.50 69.23 75.00 81.82 91.67 65.00 92.31
81.44=95.83 100.00 86.36 90.48 40.00 100.00 95.65 85.71 100.00 88.89 82.14 92.00 79.31 81.48 96.15 80.00 96.00 96.00 8.82 84.62 94.44 89.29 84.00 50.00 46.81 66.67 71.43 86.36 84.00 72.22 100.00
81.84=100.00 100.00 95.00 95.00 40.00 100.00 95.83 90.00 89.47 93.75 89.66 100.00 66.67 75.00 96.15 77.78 89.66 95.83 8.57 88.46 100.00 80.00 86.96 57.14 44.44 75.00 77.27 86.36 80.77 78.95 83.33
82.37=100.00 100.00 100.00 90.48 46.15 95.83 100.00 80.95 90.00 100.00 89.29 95.65 74.19 73.33 92.86 74.19 96.30 91.67 13.51 82.14 100.00 89.29 84.00 47.37 50.00 70.83 70.00 81.82 100.00 73.68 100.00
81.41=95.83 100.00 94.74 90.48 35.71 95.83 88.00 83.33 94.12 100.00 88.89 95.65 72.73 81.48 92.59 79.31 96.15 95.65 11.76 84.62 85.00 82.76 79.17 47.06 46.00 72.00 65.22 85.71 95.65 88.24 100.00
81.73=92.31 100.00 100.00 90.48 45.45 100.00 91.67 76.00 93.75 93.33 86.21 95.83 70.59 70.97 96.30 81.48 96.15 91.67 9.09 92.00 100.00 82.76 87.50 57.14 47.83 65.38 80.00 81.82 84.00 73.91 100.00
80.97=88.89 100.00 100.00 90.48 33.33 100.00 100.00 80.00 94.74 93.75 85.71 100.00 83.87 78.57 96.15 85.19 89.29 95.83 12.50 85.19 100.00 86.21 84.00 61.54 45.65 68.00 66.67 76.92 78.26 57.14 92.31
81.85=96.00 100.00 95.00 90.48 41.67 100.00 100.00 95.45 95.00 100.00 89.29 95.45 68.75 77.78 96.30 82.76 92.86 96.00 13.16 80.77 94.44 89.29 80.95 30.43 45.45 78.26 75.00 81.82 91.30 71.43 92.31
80.27=95.45 100.00 100.00 89.47 38.46 95.83 91.67 78.26 94.12 94.12 85.71 95.83 80.65 72.41 92.86 82.14 92.59 91.67 8.82 76.92 100.00 88.89 80.00 36.84 44.90 72.00 76.19 83.33 82.61 66.67 100.00
88.52=100.00 100.00 100.00 100.00 100.00 100.00 100.00 100.00 100.00 100.00 100.00 66.67 100.00 100.00 100.00 100.00 100.00 100.00 0.00 66.67 100.00 66.67 80.00 60.00 33.33 100.00 100.00 87.50 100.00 83.33 100.00
90.91=100.00 100.00 100.00 100.00 80.00 100.00 100.00 75.00 100.00 100.00 100.00 66.67 100.00 100.00 100.00 100.00 100.00 100.00 0.00 66.67 100.00 80.00 100.00 100.00 50.00 100.00 100.00 100.00 100.00 100.00 100.00
92.63=100.00 100.00 100.00 100.00 100.00 100.00 100.00 75.00 100.00 100.00 100.00 100.00 100.00 80.00 100.00 100.00 100.00 100.00 0.00 66.67 100.00 100.00 100.00 100.00 50.00 100.00 100.00 100.00 100.00 100.00 100.00
91.45=100.00 100.00 100.00 100.00 100.00 100.00 100.00 75.00 100.00 100.00 100.00 100.00 100.00 100.00 100.00 83.33 100.00 100.00 0.00 66.67 100.00 80.00 100.00 80.00 50.00 100.00 100.00 100.00 100.00 100.00 100.00
88.39=100.00 100.00 100.00 100.00 100.00 100.00 100.00 75.00 100.00 80.00 100.00 66.67 100.00 80.00 100.00 100.00 100.00 66.67 0.00 66.67 100.00 75.00 100.00 80.00 50.00 100.00 100.00 100.00 100.00 100.00 100.00
78.82=100.00 100.00 95.00 95.65 31.25 82.76 95.24 88.89 68.75 87.50 92.86 95.65 75.00 66.67 96.15 75.00 80.00 95.83 10.34 60.00 94.74 86.21 92.00 44.44 42.86 72.73 84.21 91.30 80.77 78.26 83.33
79.41=100.00 95.45 90.00 95.65 31.25 85.71 95.24 88.24 80.00 87.50 88.89 91.67 75.76 68.97 96.15 75.00 76.47 96.15 12.90 64.00 100.00 89.66 92.31 42.86 45.24 80.00 72.73 90.91 90.48 79.17 83.33
79.82=100.00 100.00 95.00 91.30 29.41 85.71 95.00 77.27 76.92 100.00 92.86 95.65 88.46 70.00 92.59 69.44 86.21 95.83 6.90 68.18 100.00 89.29 95.83 37.04 46.81 69.57 80.00 95.45 79.17 80.00 84.62
79.39=100.00 100.00 95.00 95.45 22.22 86.21 95.24 88.24 78.57 87.50 92.59 95.65 82.14 74.07 92.86 73.53 78.12 96.00 10.00 64.00 100.00 92.86 92.00 37.50 47.73 66.67 80.00 95.24 80.77 76.19 84.62
80.44=100.00 100.00 95.00 91.67 27.78 83.33 95.24 89.47 84.62 93.33 92.86 95.45 82.76 72.41 96.00 71.43 86.21 96.00 14.71 72.73 100.00 89.29 95.65 39.13 47.50 80.00 77.78 95.65 81.48 77.27 68.75
80.91=100.00 100.00 95.00 95.45 38.89 85.71 95.24 85.71 78.57 93.75 89.66 91.67 80.00 76.00 92.59 73.53 86.21 96.15 9.09 76.19 100.00 89.29 91.67 36.36 46.81 75.00 88.89 95.24 80.00 73.91 91.67
80.23=100.00 100.00 90.48 95.65 29.41 83.33 95.24 85.00 75.00 77.78 92.31 95.45 86.21 75.86 96.15 75.76 89.29 88.46 8.82 69.57 100.00 89.66 92.00 47.37 46.51 71.43 77.27 95.45 92.00 80.95 84.62
79.66=100.00 100.00 95.00 95.65 28.57 88.89 90.91 90.00 66.67 82.35 89.66 91.67 85.71 68.97 92.59 78.79 85.71 95.65 18.92 66.67 100.00 89.66 96.15 34.78 48.72 75.00 76.19 95.24 91.30 75.00 75.00
79.81=100.00 100.00 95.00 91.30 37.50 89.29 95.24 85.00 66.67 87.50 92.86 95.45 80.00 72.41 92.86 78.12 89.66 96.00 6.06 69.57 94.44 86.67 96.00 34.78 42.86 80.00 84.21 90.91 84.00 75.00 84.62
80.41=100.00 100.00 95.00 95.65 29.41 89.29 90.91 88.89 68.75 100.00 96.30 95.45 86.21 68.97 96.30 73.53 86.67 95.83 10.81 75.00 100.00 89.66 92.00 36.00 46.51 71.43 76.19 100.00 83.33 72.73 81.82
88.12=75.00 100.00 100.00 100.00 100.00 100.00 100.00 60.00 100.00 100.00 75.00 100.00 100.00 100.00 100.00 100.00 100.00 66.67 0.00 100.00 100.00 100.00 100.00 75.00 33.33 100.00 100.00 100.00 80.00 66.67 100.00
90.45=75.00 100.00 100.00 100.00 100.00 100.00 100.00 100.00 100.00 100.00 100.00 100.00 100.00 100.00 100.00 100.00 100.00 100.00 0.00 66.67 100.00 100.00 100.00 80.00 33.33 100.00 100.00 85.71 80.00 83.33 100.00
89.30=75.00 100.00 100.00 100.00 100.00 100.00 100.00 75.00 100.00 100.00 100.00 66.67 100.00 100.00 100.00 100.00 100.00 100.00 0.00 100.00 100.00 80.00 100.00 80.00 33.33 100.00 100.00 100.00 75.00 83.33 100.00
89.73=75.00 100.00 100.00 100.00 100.00 100.00 100.00 66.67 100.00 100.00 100.00 100.00 100.00 100.00 100.00 100.00 100.00 100.00 0.00 100.00 100.00 66.67 100.00 80.00 33.33 100.00 100.00 100.00 80.00 80.00 100.00
91.02=75.00 100.00 100.00 100.00 100.00 100.00 100.00 75.00 100.00 100.00 100.00 100.00 100.00 100.00 100.00 100.00 75.00 100.00 0.00 100.00 100.00 100.00 100.00 100.00 33.33 100.00 100.00 100.00 80.00 83.33 100.00
82.63=100.00 100.00 100.00 95.00 50.00 100.00 92.00 80.00 88.89 93.75 82.14 95.65 77.42 72.41 96.30 82.76 96.15 92.00 8.57 92.00 100.00 83.33 90.91 50.00 43.75 75.00 77.27 76.00 91.30 78.95 100.00
80.48=92.00 100.00 94.74 100.00 35.71 100.00 91.30 85.71 94.44 100.00 92.00 95.65 72.73 72.41 92.59 82.76 96.30 95.83 5.56 74.19 94.44 86.21 86.36 47.06 44.68 64.29 71.43 85.71 84.00 65.00 91.67
80.67=92.31 100.00 100.00 90.48 40.00 100.00 92.00 94.74 88.89 100.00 88.89 100.00 78.57 81.48 96.30 77.42 89.66 96.00 12.12 76.67 94.44 83.87 86.36 43.75 44.44 65.38 72.73 81.82 84.00 65.22 83.33
81.38=96.00 100.00 100.00 95.00 38.46 100.00 95.65 86.96 94.44 94.12 82.76 100.00 70.59 72.41 92.86 89.66 88.89 96.00 11.76 79.31 94.12 89.29 80.00 52.94 45.65 69.57 68.42 90.00 88.00 60.00 100.00
81.64=96.00 100.00 90.48 90.48 33.33 100.00 92.00 90.00 94.74 100.00 85.19 100.00 75.76 74.19 96.30 78.57 89.29 95.65 9.38 95.65 94.44 83.33 86.36 44.44 51.06 72.00 76.19 78.26 91.67 73.68 92.31
84.89=100.00 100.00 100.00 100.00 75.00 100.00 75.00 75.00 80.00 100.00 100.00 50.00 100.00 100.00 100.00 83.33 75.00 66.67 0.00 66.67 75.00 80.00 100.00 100.00 50.00 100.00 100.00 100.00 100.00 80.00 100.00
85.75=100.00 100.00 100.00 100.00 100.00 100.00 100.00 66.67 100.00 100.00 100.00 50.00 100.00 100.00 100.00 83.33 100.00 66.67 0.00 66.67 75.00 66.67 100.00 100.00 33.33 50.00 100.00 100.00 100.00 100.00 100.00
87.23=100.00 100.00 100.00 100.00 100.00 100.00 100.00 60.00 100.00 80.00 100.00 50.00 100.00 80.00 100.00 83.33 100.00 66.67 0.00 66.67 100.00 100.00 100.00 80.00 50.00 100.00 100.00 87.50 100.00 100.00 100.00
89.52=100.00 100.00 100.00 100.00 100.00 100.00 100.00 75.00 100.00 100.00 100.00 50.00 100.00 80.00 100.00 83.33 100.00 100.00 0.00 66.67 100.00 100.00 100.00 80.00 40.00 100.00 100.00 100.00 100.00 100.00 100.00
90.97=100.00 100.00 100.00 100.00 100.00 100.00 100.00 60.00 100.00 100.00 100.00 100.00 100.00 100.00 100.00 100.00 100.00 100.00 0.00 66.67 100.00 80.00 83.33 80.00 50.00 100.00 100.00 100.00 100.00 100.00 100.00
80.32=100.00 100.00 86.36 91.67 35.29 86.21 100.00 85.71 66.67 87.50 96.15 88.00 85.19 68.97 96.15 73.53 83.87 96.00 13.33 65.22 100.00 86.67 91.67 50.00 50.00 69.57 76.19 95.65 91.67 80.95 91.67
80.67=100.00 100.00 95.00 95.65 43.75 86.21 100.00 90.00 75.00 82.35 89.66 91.30 88.46 74.07 88.89 71.43 86.67 96.15 13.33 73.91 100.00 86.67 92.00 44.00 45.00 65.22 84.21 90.48 91.67 75.00 84.62
80.10=100.00 100.00 95.00 88.00 35.29 89.29 95.24 94.44 66.67 88.24 96.30 91.30 82.14 65.38 95.83 75.76 89.29 96.15 10.00 68.00 100.00 86.67 96.00 37.50 44.44 69.57 84.21 91.67 95.45 72.00 83.33
80.70=100.00 95.45 95.00 91.30 33.33 85.71 95.24 82.61 71.43 93.33 100.00 95.65 86.21 71.43 92.59 75.76 86.67 92.31 11.43 75.00 100.00 83.87 88.00 52.63 44.19 76.19 80.00 90.91 85.19 85.71 84.62
79.55=96.00 100.00 95.00 95.65 33.33 89.29 95.24 90.00 71.43 82.35 86.67 91.67 80.77 72.41 96.15 69.70 86.21 96.00 12.90 68.18 100.00 89.29 92.00 44.00 46.34 72.73 75.00 91.67 90.48 70.83 84.62
81.87=96.00 100.00 100.00 94.74 36.36 100.00 95.83 81.48 94.74 100.00 89.29 100.00 80.00 71.88 96.15 77.42 100.00 92.00 8.82 82.14 100.00 85.71 82.61 50.00 42.86 69.23 80.00 86.36 76.92 75.00 92.31
80.63=95.83 100.00 95.00 90.91 40.00 100.00 91.67 82.61 94.12 93.75 82.14 100.00 80.00 75.86 96.30 76.67 96.30 95.83 9.09 80.00 94.12 83.33 87.50 58.33 44.90 64.29 70.00 77.27 78.57 65.22 100.00
82.65=100.00 100.00 100.00 90.48 38.46 100.00 95.65 82.61 94.74 100.00 80.00 100.00 85.19 71.88 92.59 75.76 96.30 96.00 14.29 74.19 100.00 92.31 83.33 43.75 43.48 75.00 77.78 85.71 91.67 80.95 100.00
81.88=100.00 100.00 95.00 90.48 46.15 100.00 88.46 80.95 90.00 100.00 86.21 100.00 85.19 78.57 96.15 74.19 96.30 92.31 13.33 81.48 94.44 92.31 77.78 53.33 44.68 68.00 73.68 78.26 84.00 76.92 100.00
81.14=92.31 100.00 95.00 95.00 33.33 100.00 95.83 80.95 93.75 93.75 86.67 100.00 82.76 78.57 96.15 72.41 96.30 96.00 9.09 81.48 100.00 89.66 87.50 53.33 47.73 62.07 80.00 86.36 77.78 71.43 80.00
88.60=100.00 100.00 100.00 100.00 100.00 100.00 100.00 100.00 100.00 100.00 100.00 66.67 100.00 100.00 100.00 100.00 100.00 100.00 0.00 50.00 100.00 100.00 100.00 80.00 50.00 0.00 100.00 100.00 100.00 100.00 100.00
87.23=100.00 100.00 100.00 75.00 100.00 100.00 100.00 100.00 100.00 100.00 100.00 66.67 100.00 100.00 100.00 100.00 75.00 100.00 0.00 50.00 100.00 100.00 100.00 100.00 50.00 0.00 100.00 87.50 100.00 100.00 100.00
92.37=100.00 100.00 100.00 100.00 100.00 100.00 100.00 100.00 100.00 100.00 100.00 66.67 100.00 80.00 100.00 100.00 100.00 100.00 0.00 66.67 100.00 100.00 100.00 100.00 50.00 100.00 100.00 100.00 100.00 100.00 100.00
87.50=100.00 100.00 100.00 100.00 100.00 100.00 100.00 100.00 100.00 100.00 100.00 66.67 100.00 100.00 100.00 100.00 75.00 100.00 0.00 50.00 100.00 100.00 100.00 100.00 33.33 0.00 100.00 87.50 100.00 100.00 100.00
88.52=100.00 100.00 100.00 100.00 100.00 100.00 100.00 75.00 100.00 100.00 100.00 100.00 100.00 100.00 100.00 85.71 100.00 100.00 0.00 50.00 100.00 100.00 100.00 100.00 50.00 0.00 100.00 100.00 83.33 100.00 100.00
77.66=92.31 95.65 100.00 80.77 26.32 92.31 100.00 73.91 92.86 100.00 96.00 89.29 78.57 70.97 83.33 75.86 76.47 100.00 12.82 63.33 94.74 86.21 96.00 40.00 45.45 57.89 52.63 90.48 78.26 73.33 91.67
79.34=85.71 95.65 100.00 77.78 37.50 92.59 100.00 78.26 80.00 94.12 100.00 95.83 80.65 79.31 86.21 78.57 86.21 100.00 17.50 60.71 100.00 86.67 100.00 46.15 42.42 57.14 54.17 95.00 79.17 80.00 92.31
78.24=95.83 95.65 100.00 84.00 31.82 86.21 95.83 75.00 87.50 100.00 95.83 96.00 73.33 76.67 80.65 80.00 86.21 95.83 14.29 73.91 94.44 96.30 100.00 35.71 42.42 61.90 56.52 82.61 73.91 71.43 85.71
78.83=92.31 95.45 100.00 84.00 35.71 89.29 100.00 70.83 80.00 94.12 95.83 96.15 75.76 75.00 85.71 81.48 86.21 100.00 16.67 64.29 100.00 92.86 100.00 33.33 48.48 65.00 52.17 90.48 73.91 76.47 92.31
78.39=85.71 95.65 100.00 83.33 36.84 86.21 95.65 69.23 86.67 93.75 100.00 92.31 77.42 74.07 83.33 80.77 83.87 100.00 15.79 76.00 94.74 92.86 100.00 40.00 37.84 68.42 56.52 90.48 76.00 64.29 92.31
90.91=75.00 100.00 100.00 100.00 100.00 100.00 100.00 75.00 100.00 100.00 100.00 100.00 100.00 100.00 100.00 100.00 100.00 100.00 0.00 100.00 100.00 80.00 100.00 80.00 25.00 100.00 100.00 100.00 100.00 83.33 100.00
90.78=75.00 100.00 100.00 100.00 100.00 100.00 100.00 100.00 100.00 100.00 100.00 100.00 100.00 100.00 100.00 100.00 100.00 100.00 0.00 100.00 100.00 80.00 100.00 80.00 33.33 100.00 100.00 85.71 80.00 80.00 100.00
89.25=75.00 100.00 100.00 100.00 100.00 100.00 75.00 75.00 100.00 100.00 100.00 100.00 100.00 100.00 100.00 100.00 100.00 100.00 0.00 100.00 100.00 100.00 100.00 75.00 33.33 100.00 100.00 100.00 50.00 83.33 100.00
89.09=75.00 100.00 100.00 100.00 100.00 100.00 100.00 75.00 100.00 100.00 100.00 100.00 100.00 100.00 100.00 100.00 100.00 100.00 0.00 100.00 100.00 100.00 100.00 100.00 25.00 66.67 100.00 100.00 60.00 80.00 80.00
91.83=75.00 100.00 100.00 100.00 100.00 100.00 100.00 75.00 100.00 100.00 100.00 100.00 100.00 100.00 100.00 100.00 100.00 100.00 0.00 100.00 100.00 100.00 100.00 100.00 33.33 100.00 100.00 100.00 80.00 83.33 100.00
89.19=100.00 100.00 100.00 100.00 100.00 100.00 75.00 75.00 100.00 100.00 100.00 66.67 100.00 80.00 100.00 100.00 100.00 100.00 0.00 66.67 100.00 100.00 100.00 80.00 50.00 100.00 100.00 100.00 71.43 100.00 100.00
84.58=100.00 83.33 100.00 100.00 80.00 100.00 100.00 66.67 100.00 100.00 100.00 50.00 66.67 100.00 100.00 100.00 100.00 66.67 0.00 66.67 75.00 80.00 100.00 75.00 28.57 100.00 100.00 100.00 83.33 100.00 100.00
85.86=100.00 100.00 100.00 100.00 100.00 100.00 100.00 60.00 100.00 100.00 100.00 50.00 100.00 100.00 100.00 100.00 100.00 100.00 0.00 66.67 75.00 80.00 100.00 100.00 50.00 0.00 100.00 100.00 80.00 100.00 100.00
89.86=100.00 100.00 100.00 100.00 100.00 100.00 100.00 75.00 100.00 100.00 75.00 66.67 100.00 100.00 88.89 100.00 100.00 100.00 0.00 66.67 100.00 80.00 100.00 100.00 50.00 100.00 100.00 100.00 83.33 100.00 100.00
90.58=100.00 100.00 100.00 100.00 100.00 100.00 100.00 75.00 100.00 100.00 100.00 100.00 100.00 100.00 100.00 100.00 75.00 100.00 0.00 66.67 100.00 100.00 100.00 80.00 40.00 100.00 100.00 100.00 71.43 100.00 100.00
88.95=75.00 100.00 100.00 100.00 100.00 100.00 100.00 75.00 100.00 100.00 100.00 66.67 100.00 100.00 100.00 100.00 100.00 100.00 0.00 100.00 100.00 100.00 85.71 66.67 33.33 100.00 100.00 100.00 75.00 80.00 100.00
90.56=75.00 100.00 100.00 100.00 100.00 100.00 100.00 60.00 100.00 100.00 100.00 100.00 100.00 100.00 88.89 100.00 100.00 100.00 0.00 100.00 100.00 100.00 100.00 100.00 20.00 100.00 100.00 100.00 80.00 83.33 100.00
95.59=75.00 100.00 100.00 100.00 100.00 100.00 100.00 75.00 100.00 100.00 100.00 100.00 100.00 100.00 100.00 100.00 100.00 100.00 100.00 100.00 100.00 80.00 100.00 100.00 50.00 100.00 100.00 100.00 83.33 100.00 100.00
94.95=75.00 100.00 100.00 100.00 100.00 100.00 100.00 75.00 100.00 100.00 100.00 100.00 100.00 100.00 100.00 100.00 100.00 100.00 100.00 100.00 100.00 100.00 100.00 100.00 50.00 100.00 80.00 100.00 80.00 83.33 100.00
89.54=75.00 100.00 100.00 100.00 100.00 100.00 100.00 66.67 100.00 100.00 100.00 100.00 100.00 100.00 100.00 83.33 100.00 100.00 0.00 66.67 100.00 100.00 100.00 100.00 33.33 100.00 100.00 87.50 80.00 83.33 100.00
87.69=100.00 100.00 100.00 100.00 100.00 100.00 100.00 100.00 100.00 100.00 100.00 66.67 100.00 100.00 100.00 100.00 75.00 100.00 0.00 50.00 100.00 80.00 100.00 100.00 66.67 0.00 100.00 100.00 100.00 80.00 100.00
84.65=100.00 100.00 100.00 100.00 100.00 75.00 66.67 100.00 100.00 100.00 100.00 66.67 100.00 100.00 100.00 85.71 75.00 100.00 0.00 50.00 100.00 100.00 100.00 75.00 50.00 0.00 100.00 100.00 100.00 80.00 100.00
89.78=100.00 100.00 100.00 100.00 100.00 100.00 100.00 100.00 100.00 100.00 100.00 66.67 100.00 100.00 100.00 100.00 100.00 100.00 0.00 50.00 100.00 100.00 100.00 100.00 66.67 0.00 100.00 100.00 100.00 100.00 100.00
88.49=100.00 100.00 100.00 100.00 100.00 100.00 100.00 100.00 100.00 100.00 100.00 66.67 100.00 100.00 100.00 100.00 60.00 100.00 0.00 50.00 100.00 100.00 100.00 100.00 66.67 0.00 100.00 100.00 100.00 100.00 100.00
84.95=100.00 100.00 100.00 100.00 100.00 100.00 100.00 66.67 100.00 100.00 100.00 66.67 100.00 100.00 100.00 100.00 75.00 100.00 0.00 50.00 100.00 100.00 100.00 66.67 66.67 0.00 100.00 100.00 66.67 75.00 100.00
