93.36533538146442
95.14464925755249
94.05116388987356
95.78818135269748
95.36563794628312
91.33512544802868
92.09805427547363
93.84408602150538
94.61085509472605
95.3469022017409
72.28482490947333
74.77116508958342
79.0223496332641
77.32179235365703
78.14635528491057
78.00180226982103
77.46455064144183
77.42229610739379
78.71971609735793
80.72210113390534
77.576305077749
79.53220264138933
79.6355698844561
79.84574019231586
79.30163388061273
93.7934645999162
92.59600614439326
93.36917562724015
95.02548526742076
96.71146953405018
89.72222222222221
90.33666154633896
93.18181818181817
88.76041521202812
92.36384583158777
80.75530712273101
80.84546118142922
79.32442266896676
80.65945490592794
79.9331324953784
77.56958857292663
77.66522153535576
79.0277012594818
78.70067880707273
79.15189831848504
94.430596285435
92.42144951822371
88.01505841828421
89.13641018479728
89.1508401992273
80.71108535713257
80.35715581212881
81.03916999267247
80.32352312314606
80.75153597340841
78.15662342251528
80.00486773477255
79.00005611265811
77.6884358352848
78.75032246165185
89.89759344598053
87.32963273285856
89.80673448415384
89.59758879113718
90.93701996927804
79.79418046459402
79.59918614541537
78.64094641350658
79.33157133897684
78.76884187214257
87.77969790066565
89.55200555295431
89.03051249825442
89.28885630498534
88.70775729646701
80.13075516489128
79.69997564485566
78.51753274713306
79.34015759185353
78.0664575111535
79.14687557430096
79.52220772574152
79.55882594842551
78.96857960547727
79.723691332054
89.09579667644184
88.7941628264209
89.04773541870316
91.01463948238143
88.5654936461388
78.47883394017454
79.13957370571798
79.08274900030712
78.95862439733457
78.78121693521157
78.69451444735323
79.79973133981845
78.91318541982263
78.66412680018699
79.6132614361189
90.3896103896104
90.14255457803844
89.57443094539867
89.52962807801518
88.0649816133687
88.99385560675883
87.17218265605364
91.51113671274962
92.08495805269999
87.2036610343062
87.36175115207374
90.42836196062002
88.2535027696318
88.43236512591349
87.83759251501188
80.11407838881011
78.93754306500973
79.28957823978263
78.78585268352474
78.26685897342381
89.90143369175627
89.34902015547178
88.87341153470186
87.94502092889189
84.88863287250383
80.35960010425218
81.29619509769371
80.48438862129201
79.14059655778524
79.62907995461042
89.78843736908253
89.61439993698059
89.8524414653447
87.43087557603684
89.7542242703533
78.174212855075
80.12895073856073
79.81376910522822
78.74676409055186
79.21689976455754
86.8599590373784
89.71163245356794
90.34178187403995
89.52206395754783
90.06341328921972
87.23547483509535
89.48028673835125
88.28149001536097
85.80505515989388
88.37447051156728
81.26064456979454
80.0137484175408
79.14400335662238
78.80835072959951
80.74866380231039
87.7188940092166
88.51911976911977
90.67617418423872
87.61904761904762
90.76898012381884
87.4924701063221
88.39605734767025
88.91577060931901
92.84818228366615
87.91602662570405
87.35104501233535
92.12575059349254
91.8672725124338
94.25708699902249
89.31597076758368
80.18618326035032
80.25903184775646
79.60519563251805
80.13540499045847
79.34785178452161
88.36021505376345
87.14530093562352
85.65274331403364
87.15565796210957
89.83486943164363
78.63710777519282
77.58560061695165
79.95016650334858
76.75717827935019
78.00738024854661
89.2842641229738
89.69563590531332
90.45780384490062
92.44705115672858
87.92708187869478
81.22343093757375
80.40299936909086
81.28131730818238
79.46560833060349
80.70219939686038
77.97478541004402
77.96925935874981
