59.46=100.00 100.00 76.00 82.61 42.86 47.22 86.36 50.00 8.70 78.95 63.64 91.67 70.37 40.00 60.00 70.37 81.48 70.97 27.78 73.68 44.44 92.00 66.67 28.57 35.29 43.24 31.82 30.77 37.50 66.67 43.75
52.73=72.73 77.78 60.71 64.52 20.00 44.19 83.33 50.00 12.50 71.43 57.14 82.14 57.69 27.78 68.97 58.33 78.57 73.08 22.73 70.00 0.00 78.57 70.97 31.25 24.24 48.00 50.00 50.00 42.86 37.50 47.62
54.37=85.19 100.00 66.67 60.61 17.65 46.15 77.78 61.54 21.43 88.24 62.16 82.14 60.00 44.44 65.71 51.16 70.59 65.71 33.33 70.00 0.00 73.53 59.38 42.86 45.45 38.89 58.33 28.57 23.53 37.50 47.06
54.19=85.19 95.24 72.00 71.43 26.67 44.90 75.00 66.67 6.25 73.68 67.65 80.00 56.67 38.89 50.00 66.67 68.75 79.31 15.79 63.16 0.00 71.43 52.94 33.33 20.69 42.11 58.33 33.33 47.06 50.00 66.67
58.07=92.00 100.00 70.37 70.37 50.00 46.00 86.36 54.17 6.25 82.35 58.33 75.86 55.56 47.62 67.74 53.19 73.33 80.00 18.52 60.00 0.00 75.76 61.76 47.06 37.93 40.62 54.55 33.33 56.25 83.33 61.54
53.83=86.96 100.00 90.00 66.67 8.33 63.89 75.00 60.71 16.67 50.00 66.67 84.62 78.12 36.67 50.00 73.91 71.88 84.00 18.75 45.83 57.14 86.96 72.00 5.00 33.33 48.15 41.38 21.74 14.29 40.00 20.00
53.79=83.33 87.50 75.00 58.62 0.00 56.82 90.91 59.26 11.11 55.56 64.10 70.00 67.86 52.17 62.50 64.29 68.75 80.77 25.00 66.67 23.08 88.00 62.96 0.00 37.50 65.22 81.25 29.41 10.53 38.46 30.77
53.13=87.50 95.45 81.82 67.86 3.57 51.02 84.00 56.00 19.23 65.00 64.10 60.53 67.65 61.54 55.56 69.23 58.97 78.57 16.67 38.10 0.00 76.00 80.95 5.88 41.67 45.45 87.50 35.29 18.75 50.00 23.08
54.05=85.19 95.65 100.00 54.84 8.00 53.19 86.36 70.83 19.23 60.87 52.08 61.54 74.19 55.56 58.62 85.71 69.70 73.33 26.32 61.11 0.00 80.77 62.50 0.00 34.62 53.57 86.67 33.33 18.75 36.36 16.67
58.26=88.89 95.65 94.44 60.00 3.23 52.17 95.00 66.67 17.86 70.00 56.82 58.97 70.00 70.59 58.06 69.23 77.42 78.57 15.79 65.00 0.00 85.19 65.62 5.26 42.86 60.00 78.95 63.64 27.78 62.50 50.00
91.43=100.00 100.00 87.50 100.00 100.00 100.00 100.00 100.00 80.00 83.33 77.78 100.00 70.00 100.00 100.00 83.33 87.50 100.00 100.00 100.00 100.00 100.00 100.00 100.00 85.71 75.00 75.00 77.78 71.43 100.00 80.00
91.20=100.00 100.00 100.00 100.00 57.14 88.89 100.00 66.67 100.00 83.33 85.71 100.00 85.71 100.00 100.00 88.89 88.89 100.00 100.00 88.89 100.00 66.67 87.50 83.33 88.89 100.00 100.00 100.00 83.33 100.00 83.33
90.97=100.00 100.00 87.50 100.00 66.67 80.00 100.00 66.67 100.00 100.00 77.78 100.00 100.00 100.00 100.00 81.82 100.00 100.00 100.00 77.78 100.00 71.43 88.89 100.00 100.00 75.00 75.00 100.00 71.43 100.00 100.00
91.80=100.00 100.00 100.00 75.00 80.00 88.89 100.00 66.67 71.43 100.00 100.00 100.00 83.33 100.00 100.00 75.00 88.89 87.50 100.00 100.00 80.00 100.00 100.00 83.33 100.00 100.00 100.00 100.00 85.71 100.00 80.00
93.04=100.00 100.00 87.50 100.00 80.00 100.00 100.00 66.67 71.43 100.00 100.00 100.00 100.00 100.00 88.89 81.82 100.00 100.00 100.00 88.89 100.00 83.33 100.00 85.71 100.00 100.00 100.00 100.00 83.33 83.33 83.33
76.57=77.78 100.00 100.00 100.00 66.67 63.64 100.00 75.00 100.00 100.00 87.50 87.50 100.00 75.00 71.43 76.92 87.50 100.00 0.00 72.73 0.00 80.00 100.00 83.33 43.75 0.00 75.00 87.50 62.50 100.00 100.00
83.94=77.78 100.00 100.00 75.00 75.00 58.33 81.82 50.00 83.33 100.00 100.00 100.00 100.00 100.00 100.00 100.00 88.89 85.71 87.50 88.89 0.00 100.00 87.50 100.00 100.00 25.00 100.00 100.00 62.50 100.00 75.00
83.34=100.00 100.00 100.00 60.00 100.00 61.54 100.00 80.00 66.67 83.33 100.00 100.00 87.50 100.00 85.71 90.00 100.00 100.00 85.71 70.00 0.00 83.33 100.00 83.33 77.78 25.00 100.00 88.89 71.43 100.00 83.33
83.81=87.50 80.00 100.00 50.00 100.00 61.54 100.00 50.00 100.00 100.00 100.00 100.00 100.00 100.00 66.67 100.00 100.00 77.78 100.00 70.00 0.00 100.00 83.33 100.00 100.00 0.00 100.00 100.00 71.43 100.00 100.00
80.95=87.50 83.33 100.00 60.00 100.00 53.85 100.00 50.00 71.43 83.33 87.50 87.50 100.00 100.00 62.50 75.00 100.00 100.00 100.00 80.00 0.00 80.00 100.00 100.00 87.50 20.00 100.00 100.00 60.00 100.00 80.00
84.17=77.78 100.00 100.00 100.00 80.00 63.64 100.00 100.00 100.00 100.00 100.00 87.50 100.00 83.33 100.00 84.62 87.50 100.00 100.00 100.00 0.00 83.33 85.71 66.67 45.45 100.00 75.00 80.00 45.45 83.33 80.00
84.99=77.78 80.00 100.00 100.00 80.00 66.67 90.91 100.00 100.00 83.33 87.50 100.00 87.50 60.00 100.00 100.00 88.89 100.00 100.00 100.00 0.00 83.33 100.00 80.00 58.33 75.00 100.00 100.00 55.56 80.00 100.00
85.76=77.78 100.00 100.00 60.00 80.00 63.64 100.00 100.00 83.33 100.00 100.00 87.50 100.00 83.33 100.00 83.33 88.89 85.71 100.00 100.00 0.00 71.43 100.00 100.00 72.73 75.00 100.00 88.89 71.43 85.71 100.00
88.54=77.78 100.00 87.50 100.00 100.00 72.73 90.00 100.00 100.00 83.33 87.50 100.00 100.00 80.00 100.00 71.43 100.00 100.00 100.00 100.00 0.00 80.00 87.50 100.00 71.43 100.00 100.00 100.00 55.56 100.00 100.00
85.92=87.50 100.00 100.00 75.00 80.00 63.64 100.00 100.00 100.00 83.33 87.50 100.00 100.00 100.00 88.89 100.00 100.00 85.71 100.00 80.00 0.00 100.00 100.00 100.00 71.43 75.00 83.33 88.89 66.67 80.00 66.67
63.20=100.00 100.00 89.47 95.00 11.11 50.00 90.48 63.16 30.00 100.00 59.46 84.00 77.27 67.86 62.50 63.16 78.79 75.86 27.27 94.12 0.00 86.21 72.41 23.08 52.63 65.00 47.83 38.46 47.06 35.71 71.43
61.06=91.30 100.00 85.00 83.33 12.50 48.00 91.67 54.17 15.79 77.27 65.79 79.17 57.14 76.19 62.86 61.54 71.43 84.62 37.04 73.91 0.00 86.67 71.43 21.05 31.58 65.00 50.00 53.33 46.15 57.14 81.82
59.50=100.00 90.91 85.71 90.91 13.33 50.00 83.33 58.33 20.00 77.27 62.50 76.92 66.67 65.38 61.11 56.76 79.31 71.43 25.00 84.21 0.00 85.71 69.70 10.00 56.25 48.00 42.86 41.67 36.36 77.78 57.14
64.24=81.48 95.00 78.26 79.17 12.50 50.00 92.00 60.71 21.74 77.27 63.41 63.33 72.73 78.57 74.19 64.86 86.67 78.57 36.36 86.36 0.00 83.87 75.00 29.41 56.25 75.00 57.14 64.71 27.78 85.71 83.33
66.24=95.83 91.30 90.00 86.96 14.29 51.06 95.65 62.96 40.91 89.47 67.57 77.78 76.00 80.77 72.41 61.11 83.33 80.77 43.33 80.95 0.00 68.57 68.57 18.75 56.00 66.67 61.11 66.67 42.86 80.00 81.82
59.44=85.19 100.00 90.00 71.43 19.35 43.40 86.96 82.35 5.56 80.00 55.26 61.11 60.71 55.56 55.26 63.64 73.33 72.41 25.93 73.33 0.00 76.67 63.33 53.85 50.00 62.50 56.25 64.29 52.94 38.46 63.64
60.40=84.00 91.30 81.82 74.07 17.86 48.89 75.00 56.00 23.81 71.43 60.00 73.33 67.86 60.87 69.70 65.79 62.86 82.14 29.17 70.00 0.00 75.76 61.29 46.15 50.00 63.64 69.23 69.23 33.33 77.78 60.00
62.10=85.71 95.45 90.00 80.00 22.22 43.40 83.33 66.67 5.88 86.67 63.16 68.97 54.05 55.56 61.11 68.75 64.71 72.73 35.48 76.47 0.00 82.14 74.07 53.33 52.63 56.52 63.64 80.00 36.84 85.71 60.00
60.27=81.48 100.00 64.29 71.43 20.00 45.83 73.91 71.43 5.56 76.47 63.16 71.88 50.00 61.90 65.62 66.67 69.70 79.31 29.63 80.00 0.00 80.65 68.97 46.67 37.04 63.64 66.67 72.73 42.11 75.00 66.67
62.75=88.46 95.45 89.47 74.07 16.67 41.51 86.96 64.00 10.53 72.22 56.10 74.19 54.05 59.26 73.33 73.33 76.67 85.19 28.57 80.00 0.00 69.70 67.74 42.86 30.43 50.00 66.67 92.31 52.63 100.00 72.73
84.65=77.78 83.33 100.00 100.00 66.67 63.64 100.00 100.00 100.00 83.33 100.00 87.50 100.00 62.50 72.73 100.00 77.78 87.50 85.71 87.50 0.00 100.00 100.00 66.67 85.71 75.00 100.00 100.00 75.00 85.71 100.00
82.84=70.00 100.00 100.00 100.00 100.00 50.00 90.91 100.00 83.33 100.00 77.78 85.71 83.33 71.43 100.00 100.00 88.89 100.00 75.00 100.00 0.00 100.00 100.00 60.00 55.56 100.00 85.71 100.00 50.00 83.33 57.14
85.61=77.78 100.00 100.00 66.67 100.00 66.67 100.00 100.00 62.50 100.00 100.00 87.50 100.00 100.00 100.00 88.89 100.00 100.00 100.00 87.50 0.00 100.00 100.00 80.00 87.50 42.86 85.71 88.89 62.50 85.71 83.33
83.55=87.50 100.00 100.00 75.00 80.00 72.73 100.00 75.00 100.00 83.33 87.50 85.71 100.00 80.00 100.00 100.00 88.89 100.00 100.00 88.89 0.00 71.43 87.50 100.00 77.78 50.00 83.33 100.00 57.14 75.00 83.33
84.72=87.50 100.00 100.00 75.00 80.00 66.67 100.00 100.00 100.00 100.00 87.50 100.00 87.50 57.14 100.00 90.91 75.00 100.00 100.00 100.00 0.00 100.00 100.00 80.00 80.00 75.00 71.43 100.00 55.56 57.14 100.00
82.41=63.64 100.00 100.00 60.00 100.00 72.73 100.00 50.00 80.00 100.00 70.00 77.78 85.71 100.00 88.89 87.50 87.50 87.50 100.00 80.00 0.00 100.00 100.00 83.33 77.78 16.67 100.00 100.00 85.71 100.00 100.00
81.33=75.00 100.00 100.00 75.00 100.00 58.33 100.00 37.50 83.33 100.00 87.50 87.50 100.00 80.00 71.43 87.50 88.89 100.00 87.50 72.73 0.00 100.00 100.00 100.00 87.50 0.00 100.00 75.00 66.67 100.00 100.00
81.98=87.50 100.00 100.00 75.00 80.00 60.00 100.00 57.14 100.00 100.00 100.00 100.00 100.00 83.33 77.78 87.50 100.00 100.00 100.00 72.73 0.00 100.00 71.43 83.33 66.67 0.00 85.71 87.50 85.71 100.00 80.00
81.75=77.78 100.00 100.00 60.00 100.00 57.14 100.00 50.00 71.43 83.33 100.00 71.43 83.33 100.00 80.00 77.78 100.00 100.00 100.00 80.00 0.00 100.00 83.33 71.43 71.43 50.00 100.00 100.00 80.00 85.71 100.00
84.54=87.50 100.00 100.00 75.00 100.00 61.54 90.00 44.44 83.33 83.33 100.00 100.00 88.89 80.00 85.71 100.00 100.00 100.00 100.00 72.73 0.00 100.00 100.00 100.00 88.89 33.33 100.00 88.89 57.14 100.00 100.00
61.50=80.00 100.00 80.95 76.00 22.73 48.00 79.17 68.00 21.43 87.50 51.22 77.42 53.85 56.67 69.70 76.67 61.54 71.88 37.50 64.71 0.00 82.14 76.92 54.55 39.13 65.22 40.00 80.00 42.11 71.43 70.00
61.11=85.71 91.30 94.44 80.00 20.00 45.28 79.17 71.43 14.29 76.47 57.58 79.31 58.82 56.00 61.11 72.41 62.86 68.97 25.00 65.00 0.00 80.65 66.67 21.43 39.29 64.00 72.73 84.62 42.11 77.78 80.00
62.82=77.42 100.00 72.00 70.37 13.33 46.94 75.00 88.89 6.25 82.35 62.86 71.88 52.78 56.00 75.00 78.12 72.73 75.86 45.45 76.47 0.00 89.29 62.07 61.54 47.62 48.28 63.64 81.25 50.00 85.71 58.33
62.35=92.00 100.00 81.82 67.86 21.74 47.83 83.33 65.22 5.00 82.35 60.00 70.59 58.82 63.64 62.86 70.97 70.59 82.76 37.50 52.17 0.00 89.29 75.86 42.86 47.83 52.00 70.00 81.25 47.62 71.43 77.78
60.76=82.14 100.00 85.00 73.08 19.23 46.00 80.00 66.67 5.56 72.22 58.97 73.33 54.55 50.00 64.71 66.67 66.67 76.67 36.00 68.42 0.00 75.00 71.43 43.75 40.00 53.85 50.00 69.23 34.48 100.00 100.00
83.38=70.00 100.00 100.00 60.00 100.00 61.54 100.00 80.00 83.33 100.00 100.00 85.71 83.33 57.14 85.71 100.00 77.78 87.50 100.00 100.00 0.00 75.00 100.00 100.00 88.89 75.00 83.33 75.00 55.56 100.00 100.00
87.77=77.78 100.00 83.33 100.00 100.00 66.67 100.00 100.00 83.33 100.00 100.00 100.00 100.00 100.00 77.78 100.00 80.00 100.00 100.00 100.00 0.00 100.00 100.00 60.00 87.50 60.00 100.00 100.00 44.44 100.00 100.00
84.78=70.00 100.00 100.00 100.00 75.00 63.64 90.00 57.14 80.00 83.33 87.50 100.00 87.50 100.00 88.89 90.00 100.00 100.00 100.00 100.00 0.00 100.00 100.00 66.67 77.78 75.00 100.00 87.50 62.50 85.71 100.00
84.62=70.00 100.00 100.00 66.67 66.67 70.00 100.00 100.00 83.33 83.33 87.50 87.50 100.00 100.00 72.73 100.00 88.89 100.00 100.00 100.00 0.00 83.33 100.00 66.67 75.00 75.00 100.00 100.00 66.67 100.00 80.00
85.13=77.78 100.00 100.00 100.00 66.67 66.67 100.00 80.00 83.33 100.00 85.71 83.33 77.78 100.00 100.00 100.00 87.50 85.71 77.78 100.00 0.00 83.33 100.00 66.67 77.78 100.00 100.00 100.00 55.56 83.33 100.00
81.18=70.00 100.00 100.00 66.67 66.67 63.64 100.00 50.00 100.00 83.33 100.00 100.00 80.00 100.00 53.85 100.00 100.00 100.00 85.71 80.00 0.00 100.00 100.00 83.33 100.00 0.00 66.67 100.00 66.67 100.00 100.00
81.52=75.00 100.00 100.00 75.00 100.00 53.33 100.00 50.00 60.00 100.00 100.00 85.71 100.00 66.67 85.71 100.00 88.89 87.50 100.00 77.78 0.00 83.33 83.33 100.00 72.73 25.00 85.71 100.00 71.43 100.00 100.00
84.55=87.50 100.00 100.00 75.00 100.00 53.85 100.00 57.14 83.33 83.33 87.50 100.00 100.00 100.00 54.55 88.89 100.00 87.50 100.00 80.00 0.00 100.00 85.71 100.00 83.33 50.00 100.00 100.00 80.00 100.00 83.33
81.73=77.78 100.00 100.00 75.00 80.00 66.67 100.00 66.67 71.43 100.00 100.00 100.00 88.89 100.00 77.78 100.00 87.50 87.50 100.00 66.67 0.00 100.00 100.00 83.33 100.00 0.00 100.00 88.89 57.14 83.33 75.00
85.46=87.50 100.00 100.00 60.00 100.00 66.67 100.00 66.67 83.33 100.00 100.00 87.50 100.00 100.00 70.00 100.00 100.00 87.50 100.00 77.78 0.00 100.00 100.00 83.33 100.00 33.33 100.00 100.00 60.00 85.71 100.00
60.22=92.31 100.00 85.71 76.92 22.22 45.28 83.33 78.95 0.00 78.95 56.10 60.53 48.48 53.85 64.52 68.75 63.64 80.77 41.38 60.00 0.00 85.19 67.86 31.25 45.83 76.47 50.00 80.00 30.43 71.43 66.67
61.38=88.89 100.00 94.74 67.86 18.75 46.94 76.00 61.90 5.26 86.67 58.33 72.73 62.50 62.50 63.16 72.41 74.19 78.57 35.00 65.00 0.00 74.29 72.41 50.00 36.84 59.09 61.54 68.75 36.00 85.71 66.67
62.64=88.46 95.65 85.00 83.33 12.50 48.98 90.91 58.33 0.00 93.75 51.16 82.76 60.00 68.00 65.71 71.43 68.75 80.00 33.33 71.43 0.00 69.70 64.52 37.50 47.62 61.90 70.00 75.00 45.00 83.33 77.78
60.90=81.48 100.00 86.36 67.86 16.67 43.14 86.96 65.38 6.25 80.00 55.26 73.33 59.38 58.33 67.74 69.70 76.67 74.19 32.26 63.16 0.00 83.33 71.88 37.50 44.44 58.33 61.54 82.35 42.86 71.43 70.00
61.79=92.31 91.30 81.82 71.43 11.76 45.28 83.33 60.87 12.50 80.00 53.66 79.31 50.00 65.00 64.71 76.67 76.67 79.31 36.36 81.25 0.00 72.73 73.08 35.29 40.00 63.64 72.73 81.25 25.00 83.33 75.00
78.44=87.50 100.00 87.50 75.00 80.00 61.54 100.00 60.00 57.14 100.00 87.50 87.50 57.14 75.00 87.50 58.33 100.00 100.00 100.00 80.00 0.00 57.14 100.00 83.33 62.50 100.00 100.00 80.00 57.14 100.00 50.00
81.74=87.50 100.00 87.50 75.00 100.00 63.64 100.00 57.14 80.00 83.33 70.00 77.78 100.00 80.00 88.89 100.00 87.50 100.00 100.00 100.00 0.00 60.00 83.33 66.67 100.00 66.67 85.71 100.00 83.33 100.00 50.00
84.44=87.50 100.00 85.71 100.00 100.00 63.64 100.00 66.67 83.33 100.00 100.00 100.00 77.78 80.00 85.71 88.89 100.00 100.00 100.00 72.73 0.00 83.33 71.43 71.43 100.00 100.00 83.33 100.00 55.56 85.71 75.00
81.54=100.00 100.00 85.71 100.00 66.67 50.00 90.91 50.00 44.44 100.00 87.50 100.00 87.50 66.67 83.33 100.00 100.00 100.00 100.00 100.00 0.00 62.50 100.00 60.00 87.50 50.00 100.00 100.00 80.00 100.00 75.00
85.19=100.00 100.00 85.71 100.00 100.00 61.54 100.00 66.67 83.33 100.00 100.00 100.00 77.78 83.33 72.73 88.89 88.89 77.78 100.00 100.00 0.00 83.33 83.33 100.00 87.50 75.00 100.00 100.00 75.00 100.00 50.00
63.22=95.45 95.45 85.71 82.61 16.13 50.00 92.00 66.67 16.67 78.95 56.52 67.74 61.29 80.00 65.62 65.62 72.41 85.19 34.38 90.00 0.00 80.00 74.19 22.22 53.85 54.55 61.11 64.71 33.33 66.67 90.91
64.97=96.00 90.91 90.48 74.07 14.81 44.00 87.50 66.67 36.84 90.00 70.27 71.88 73.08 76.00 80.77 61.76 82.76 76.92 39.39 79.17 0.00 88.46 66.67 29.41 60.00 60.00 50.00 61.11 43.75 80.00 71.43
65.92=95.83 100.00 94.74 86.36 15.38 48.00 83.33 64.00 33.33 80.00 61.11 75.86 61.54 79.31 73.33 64.10 77.42 91.67 41.38 81.82 0.00 86.21 75.00 25.00 44.00 54.55 55.56 63.16 50.00 90.00 91.67
65.97=96.00 95.24 90.00 80.00 14.29 46.94 84.62 72.73 22.73 77.78 69.44 84.00 61.76 77.78 79.31 71.88 88.46 88.00 37.14 81.82 0.00 83.33 74.19 17.65 56.25 63.16 62.50 69.57 47.06 80.00 71.43
63.50=88.89 95.65 94.44 83.33 11.54 48.98 100.00 64.00 28.57 90.00 69.44 70.00 62.96 79.31 73.08 58.33 74.19 88.00 21.43 85.00 0.00 83.33 78.12 16.67 45.00 48.15 55.56 68.42 38.46 75.00 72.73
81.85=100.00 100.00 100.00 100.00 57.14 61.54 83.33 50.00 62.50 71.43 87.50 100.00 100.00 100.00 80.00 88.89 66.67 87.50 100.00 100.00 0.00 57.14 100.00 71.43 85.71 100.00 85.71 85.71 80.00 100.00 75.00
86.21=100.00 100.00 100.00 60.00 100.00 61.54 90.91 80.00 66.67 100.00 100.00 100.00 87.50 100.00 100.00 88.89 80.00 100.00 100.00 100.00 0.00 71.43 100.00 57.14 100.00 100.00 85.71 100.00 71.43 100.00 71.43
83.39=87.50 100.00 85.71 100.00 80.00 66.67 100.00 66.67 71.43 100.00 70.00 87.50 85.71 100.00 100.00 100.00 85.71 87.50 85.71 77.78 0.00 50.00 85.71 100.00 88.89 100.00 100.00 87.50 75.00 100.00 60.00
87.23=100.00 100.00 85.71 100.00 100.00 66.67 100.00 80.00 71.43 100.00 100.00 100.00 100.00 100.00 100.00 83.33 88.89 100.00 83.33 70.00 0.00 83.33 100.00 85.71 100.00 40.00 85.71 100.00 100.00 100.00 80.00
84.92=87.50 100.00 100.00 100.00 80.00 61.54 100.00 57.14 80.00 100.00 100.00 85.71 75.00 100.00 88.89 88.89 88.89 100.00 100.00 88.89 0.00 71.43 85.71 85.71 85.71 100.00 85.71 100.00 85.71 100.00 50.00
77.98=77.78 100.00 100.00 60.00 66.67 60.00 100.00 80.00 100.00 83.33 100.00 75.00 88.89 83.33 87.50 100.00 80.00 71.43 71.43 100.00 0.00 83.33 100.00 60.00 66.67 75.00 85.71 87.50 57.14 83.33 33.33
86.63=77.78 100.00 100.00 75.00 100.00 61.54 100.00 100.00 80.00 100.00 100.00 100.00 100.00 80.00 100.00 100.00 72.73 100.00 100.00 100.00 0.00 83.33 100.00 80.00 77.78 60.00 83.33 87.50 66.67 100.00 100.00
80.23=77.78 100.00 100.00 75.00 66.67 46.67 100.00 100.00 100.00 100.00 100.00 71.43 85.71 71.43 80.00 100.00 100.00 100.00 100.00 100.00 0.00 80.00 100.00 50.00 83.33 50.00 85.71 66.67 44.44 85.71 66.67
85.02=77.78 100.00 100.00 50.00 100.00 66.67 88.89 80.00 100.00 100.00 100.00 100.00 100.00 100.00 100.00 100.00 88.89 100.00 100.00 88.89 0.00 71.43 80.00 100.00 75.00 60.00 100.00 88.89 50.00 85.71 83.33
84.13=77.78 100.00 100.00 100.00 100.00 58.33 100.00 80.00 83.33 83.33 77.78 100.00 77.78 100.00 100.00 90.00 80.00 100.00 75.00 100.00 0.00 71.43 85.71 100.00 71.43 100.00 85.71 100.00 55.56 75.00 80.00
63.52=88.89 100.00 85.71 76.92 20.00 43.40 86.36 72.22 18.75 76.47 51.16 73.33 54.55 61.54 67.65 67.74 82.76 82.14 36.67 77.78 0.00 82.14 76.00 38.46 39.13 59.26 58.33 80.00 41.67 80.00 90.00
61.53=85.71 100.00 85.00 68.97 20.83 46.81 86.96 66.67 9.52 76.47 62.86 70.00 58.33 55.17 69.70 71.88 64.71 78.57 30.00 70.00 0.00 82.14 75.86 33.33 36.36 61.90 66.67 78.57 30.77 100.00 63.64
61.50=92.31 100.00 77.27 74.07 13.64 45.28 86.96 68.18 5.26 93.33 61.54 84.00 54.29 56.67 65.62 75.00 74.19 63.89 35.71 57.89 0.00 83.33 71.43 35.71 39.13 61.90 66.67 81.25 31.82 87.50 62.50
62.98=88.46 95.45 81.82 76.00 15.15 44.90 86.96 54.17 6.67 93.75 57.89 79.31 60.53 58.33 64.86 75.00 79.31 82.76 37.04 76.47 0.00 76.67 76.00 42.86 56.25 56.52 63.64 73.68 43.33 66.67 81.82
62.27=85.71 95.65 81.82 74.07 21.74 45.83 95.00 65.22 8.33 81.25 55.56 68.57 48.65 60.00 64.86 84.62 67.74 84.62 34.38 63.64 0.00 77.42 67.74 46.15 57.89 51.85 62.50 83.33 36.00 83.33 76.92
85.19=87.50 100.00 100.00 37.50 80.00 57.14 90.91 57.14 100.00 100.00 100.00 100.00 88.89 100.00 87.50 100.00 100.00 100.00 100.00 85.71 0.00 80.00 100.00 100.00 81.82 40.00 100.00 100.00 66.67 100.00 100.00
81.27=63.64 100.00 100.00 100.00 100.00 66.67 100.00 42.86 83.33 100.00 85.71 100.00 87.50 83.33 75.00 77.78 100.00 100.00 100.00 66.67 0.00 100.00 80.00 83.33 77.78 0.00 85.71 100.00 60.00 100.00 100.00
83.01=87.50 100.00 100.00 60.00 100.00 43.75 90.00 50.00 100.00 100.00 100.00 100.00 88.89 100.00 50.00 100.00 100.00 100.00 100.00 80.00 0.00 100.00 100.00 83.33 81.82 33.33 100.00 88.89 50.00 85.71 100.00
84.80=70.00 100.00 100.00 75.00 100.00 61.54 100.00 80.00 71.43 100.00 100.00 100.00 100.00 83.33 75.00 100.00 100.00 100.00 100.00 61.54 0.00 83.33 87.50 100.00 100.00 0.00 100.00 100.00 80.00 100.00 100.00
82.20=77.78 100.00 100.00 75.00 66.67 61.54 100.00 57.14 100.00 100.00 100.00 87.50 87.50 80.00 66.67 100.00 100.00 100.00 100.00 72.73 0.00 100.00 100.00 85.71 100.00 0.00 100.00 100.00 50.00 100.00 80.00
84.62=100.00 100.00 85.71 100.00 80.00 66.67 100.00 80.00 71.43 66.67 87.50 100.00 100.00 100.00 100.00 90.91 88.89 100.00 100.00 100.00 0.00 80.00 100.00 71.43 100.00 60.00 100.00 72.73 71.43 100.00 50.00
83.19=100.00 100.00 100.00 66.67 80.00 66.67 90.00 50.00 66.67 100.00 77.78 100.00 87.50 71.43 100.00 100.00 100.00 100.00 100.00 77.78 0.00 71.43 71.43 83.33 100.00 66.67 100.00 100.00 71.43 100.00 80.00
80.05=77.78 100.00 100.00 100.00 100.00 58.33 100.00 42.86 40.00 83.33 100.00 100.00 85.71 75.00 75.00 100.00 100.00 100.00 85.71 77.78 0.00 57.14 85.71 85.71 100.00 50.00 75.00 80.00 71.43 100.00 75.00
83.74=100.00 100.00 85.71 100.00 100.00 61.54 81.82 57.14 71.43 100.00 87.50 100.00 77.78 100.00 100.00 100.00 85.71 77.78 100.00 80.00 0.00 62.50 75.00 85.71 100.00 75.00 100.00 100.00 71.43 100.00 60.00
85.43=100.00 100.00 87.50 75.00 100.00 66.67 100.00 66.67 71.43 100.00 77.78 87.50 85.71 100.00 100.00 100.00 88.89 100.00 100.00 100.00 0.00 62.50 66.67 100.00 100.00 75.00 100.00 100.00 71.43 85.71 80.00
63.80=85.19 95.45 94.44 83.33 18.52 51.06 87.50 68.42 0.00 93.33 54.76 57.89 62.50 53.33 70.59 75.86 73.33 79.31 36.36 77.78 0.00 82.14 78.57 43.75 45.00 68.42 53.33 80.00 44.00 63.64 100.00
62.74=75.00 95.45 85.00 79.17 18.52 47.92 90.91 68.42 5.88 81.25 56.76 71.88 55.88 63.33 65.71 70.59 70.59 76.67 28.12 72.22 0.00 78.12 73.33 50.00 41.18 59.09 63.64 86.67 47.83 85.71 80.00
63.43=85.71 100.00 80.00 71.43 16.13 48.94 82.61 72.22 11.76 82.35 52.38 79.31 59.52 59.26 68.75 80.00 69.70 79.31 31.82 61.90 0.00 83.33 67.74 50.00 42.86 65.00 66.67 100.00 42.86 71.43 83.33
63.51=95.45 100.00 80.00 74.07 9.38 51.16 90.91 69.23 7.14 72.22 57.50 77.42 56.76 58.33 64.10 80.00 63.64 80.00 42.31 73.68 0.00 85.71 74.07 43.75 46.43 63.64 81.82 86.67 33.33 75.00 75.00
64.04=85.71 100.00 90.00 76.92 12.50 45.10 82.61 58.33 5.26 88.24 59.46 75.00 58.14 58.33 65.62 73.53 78.57 75.00 25.93 77.78 0.00 85.71 75.86 53.85 47.83 60.87 63.64 88.24 45.83 71.43 100.00
64.81=88.00 91.30 90.00 80.00 12.50 47.92 91.30 85.71 40.91 94.44 68.57 67.86 68.97 76.00 56.10 84.62 70.27 76.67 29.03 79.17 0.00 85.71 74.19 11.11 50.00 54.17 58.82 70.59 36.36 77.78 90.91
63.48=88.89 100.00 90.00 76.00 9.38 44.90 78.57 50.00 28.57 75.00 65.79 86.36 57.58 67.74 63.33 59.38 67.57 87.50 40.62 90.00 0.00 78.12 75.76 21.43 44.44 54.55 64.29 65.38 66.67 70.00 100.00
63.75=85.71 95.45 90.00 90.91 17.65 48.00 91.30 66.67 14.29 64.00 68.42 77.78 60.00 77.27 65.71 64.52 78.79 85.19 39.39 73.08 0.00 82.76 75.00 13.33 56.25 66.67 64.71 75.00 35.71 77.78 75.00
64.16=92.31 100.00 94.74 85.71 16.13 46.94 88.00 65.00 28.57 85.00 64.10 76.00 62.96 67.86 73.33 62.16 76.47 88.00 36.67 77.78 0.00 83.87 74.19 14.29 42.86 61.90 55.00 68.00 37.50 72.73 90.91
64.65=96.00 95.45 90.48 86.36 17.39 45.28 91.30 66.67 38.89 80.95 61.90 74.07 65.38 70.37 79.31 56.10 78.79 83.33 35.29 81.82 0.00 96.15 77.42 18.75 53.33 50.00 50.00 65.22 41.18 75.00 81.82
63.77=92.00 95.45 89.47 79.17 15.62 50.00 76.00 71.43 6.25 86.67 55.26 66.67 55.56 50.00 68.57 75.00 68.57 76.00 34.29 75.00 0.00 75.00 78.26 50.00 37.50 55.56 58.33 87.50 47.62 100.00 100.00
60.49=96.00 100.00 89.47 76.92 26.09 45.83 80.00 56.52 6.25 73.68 61.54 62.86 54.29 65.22 63.64 76.67 66.67 72.41 22.86 57.14 0.00 78.12 77.78 35.71 40.00 57.14 58.33 92.86 45.83 62.50 72.73
64.14=76.67 100.00 90.48 76.00 20.00 48.89 95.00 68.00 7.69 82.35 56.76 76.67 52.50 61.54 60.61 75.76 76.67 80.77 28.57 60.00 0.00 75.76 69.23 53.33 40.00 53.57 87.50 88.24 48.00 100.00 77.78
62.15=85.71 100.00 89.47 68.97 18.52 44.00 91.30 73.91 11.11 76.47 58.33 74.07 55.88 57.69 74.19 67.74 79.31 75.86 27.27 61.90 0.00 75.00 79.17 43.75 26.32 59.09 80.00 85.71 30.77 75.00 80.00
63.56=95.83 100.00 90.00 73.08 30.00 43.14 85.71 71.43 6.67 76.47 56.76 73.33 55.56 64.29 61.29 77.42 74.19 75.00 28.95 59.09 0.00 78.12 77.78 46.67 42.11 57.69 63.64 88.89 45.83 71.43 100.00
81.38=100.00 100.00 100.00 60.00 57.14 61.54 100.00 80.00 83.33 100.00 87.50 100.00 85.71 75.00 88.89 100.00 100.00 77.78 77.78 88.89 0.00 66.67 66.67 57.14 88.89 100.00 100.00 87.50 66.67 85.71 80.00
81.50=100.00 100.00 87.50 100.00 57.14 66.67 100.00 80.00 57.14 83.33 77.78 100.00 87.50 100.00 85.71 100.00 88.89 100.00 100.00 88.89 0.00 71.43 87.50 57.14 87.50 50.00 100.00 100.00 60.00 85.71 66.67
87.35=87.50 100.00 100.00 100.00 80.00 66.67 100.00 80.00 55.56 83.33 87.50 100.00 87.50 80.00 100.00 100.00 100.00 100.00 100.00 100.00 0.00 66.67 100.00 85.71 100.00 100.00 100.00 87.50 60.00 100.00 100.00
81.32=87.50 100.00 100.00 60.00 100.00 53.33 100.00 50.00 83.33 100.00 87.50 100.00 100.00 100.00 85.71 77.78 100.00 100.00 85.71 88.89 0.00 62.50 83.33 62.50 100.00 50.00 100.00 100.00 57.14 85.71 60.00
84.83=77.78 100.00 100.00 100.00 100.00 61.54 100.00 100.00 71.43 83.33 87.50 100.00 87.50 100.00 77.78 100.00 100.00 100.00 83.33 100.00 0.00 57.14 100.00 62.50 100.00 50.00 100.00 100.00 50.00 100.00 80.00
60.22=88.00 100.00 90.00 66.67 15.38 53.33 76.92 72.22 16.67 81.25 63.16 57.50 59.46 69.57 52.63 77.78 74.19 68.75 30.43 76.47 0.00 84.62 78.26 6.67 55.56 50.00 70.00 66.67 30.00 54.55 80.00
59.64=88.46 100.00 94.44 57.14 9.09 44.00 91.67 66.67 18.52 63.16 55.56 63.89 57.14 72.73 65.52 76.00 75.86 71.43 29.03 52.63 0.00 79.31 79.17 6.25 53.85 55.56 72.22 78.95 42.86 83.33 44.44
60.35=88.89 100.00 89.47 67.74 7.69 55.81 91.30 73.91 20.00 76.47 60.98 58.97 52.78 77.78 65.62 67.86 77.42 86.36 28.57 72.73 0.00 84.62 71.43 6.25 52.94 55.56 73.68 63.16 42.86 50.00 50.00
63.35=100.00 100.00 94.74 75.00 7.41 49.02 82.14 73.91 27.27 68.18 65.00 61.54 67.86 86.36 71.43 65.62 80.65 80.77 30.77 64.00 0.00 88.46 83.33 5.56 54.55 53.57 87.50 77.78 37.50 57.14 66.67
61.01=81.48 100.00 94.44 61.29 4.55 53.33 91.30 62.50 22.58 72.22 60.98 70.59 66.67 71.43 70.97 75.00 83.33 84.62 22.58 57.69 0.00 84.00 78.26 6.25 55.00 65.22 75.00 80.00 47.06 50.00 42.86
83.27=70.00 100.00 100.00 75.00 100.00 61.54 100.00 100.00 71.43 100.00 87.50 100.00 83.33 60.00 77.78 83.33 87.50 87.50 85.71 77.78 0.00 83.33 100.00 75.00 100.00 60.00 100.00 100.00 54.55 100.00 100.00
82.72=77.78 100.00 100.00 75.00 80.00 66.67 100.00 100.00 80.00 71.43 87.50 85.71 85.71 100.00 100.00 100.00 75.00 100.00 83.33 88.89 0.00 50.00 85.71 100.00 87.50 42.86 100.00 100.00 55.56 85.71 100.00
86.01=87.50 100.00 100.00 75.00 100.00 66.67 100.00 100.00 100.00 100.00 85.71 100.00 100.00 100.00 87.50 90.91 80.00 87.50 100.00 88.89 0.00 83.33 87.50 100.00 85.71 75.00 100.00 80.00 50.00 75.00 80.00
84.88=77.78 100.00 100.00 100.00 100.00 61.54 90.91 100.00 80.00 83.33 100.00 100.00 85.71 75.00 100.00 90.00 77.78 87.50 100.00 87.50 0.00 83.33 100.00 100.00 71.43 75.00 85.71 80.00 55.56 83.33 100.00
85.80=70.00 100.00 100.00 75.00 100.00 66.67 90.00 100.00 100.00 100.00 77.78 87.50 100.00 83.33 88.89 81.82 87.50 100.00 100.00 100.00 0.00 83.33 100.00 80.00 87.50 60.00 100.00 100.00 57.14 83.33 100.00
63.05=85.71 95.45 81.82 86.96 15.15 48.98 91.67 81.25 20.00 77.27 63.41 74.19 60.00 70.00 73.33 61.11 88.89 76.92 31.25 86.36 0.00 82.76 79.31 14.29 43.75 68.42 52.94 68.42 31.25 66.67 76.92
67.05=92.00 100.00 90.48 91.30 17.86 47.06 90.91 78.26 19.05 84.21 60.53 77.78 59.26 74.19 76.67 61.11 83.33 88.00 41.18 78.26 0.00 83.33 89.29 17.65 62.50 68.42 57.89 73.91 33.33 90.00 90.91
64.41=92.31 100.00 94.74 76.92 20.83 44.68 86.96 72.73 11.76 72.00 67.57 75.86 62.07 78.57 69.70 62.16 86.67 84.00 36.36 84.00 0.00 89.29 83.33 13.33 44.44 70.59 61.11 64.00 30.77 80.00 80.00
66.60=88.46 100.00 85.00 95.24 14.29 48.98 88.00 71.43 20.00 75.00 59.52 78.57 66.67 77.42 85.19 62.86 86.21 86.96 39.39 78.26 0.00 92.59 77.42 26.67 40.00 60.00 56.25 80.95 50.00 90.00 83.33
65.71=85.19 95.24 86.36 87.50 18.18 47.06 91.30 75.00 29.41 75.00 66.67 81.48 65.52 80.77 73.33 61.11 68.57 80.00 39.39 74.07 0.00 83.33 82.14 23.53 52.94 63.16 64.71 75.00 41.67 77.78 91.67
79.82=70.00 100.00 100.00 75.00 100.00 61.54 88.89 40.00 100.00 100.00 100.00 100.00 85.71 66.67 66.67 66.67 100.00 87.50 71.43 87.50 0.00 100.00 100.00 80.00 71.43 40.00 100.00 88.89 60.00 100.00 66.67
79.74=77.78 83.33 77.78 75.00 100.00 61.54 81.82 75.00 100.00 66.67 77.78 100.00 100.00 100.00 62.50 87.50 87.50 100.00 100.00 72.73 0.00 100.00 100.00 80.00 83.33 33.33 85.71 77.78 50.00 100.00 75.00
78.15=77.78 71.43 100.00 50.00 80.00 53.85 100.00 42.86 66.67 100.00 87.50 100.00 88.89 100.00 70.00 83.33 100.00 100.00 100.00 70.00 0.00 100.00 75.00 80.00 87.50 25.00 100.00 72.73 60.00 100.00 80.00
83.46=87.50 100.00 100.00 75.00 100.00 61.54 100.00 57.14 83.33 100.00 87.50 87.50 100.00 100.00 62.50 100.00 87.50 77.78 100.00 80.00 0.00 83.33 100.00 100.00 100.00 50.00 100.00 80.00 66.67 100.00 60.00
80.71=87.50 100.00 100.00 60.00 100.00 60.00 100.00 42.86 42.86 80.00 87.50 100.00 100.00 100.00 50.00 77.78 88.89 87.50 100.00 88.89 0.00 83.33 66.67 83.33 75.00 100.00 100.00 100.00 40.00 100.00 100.00
64.74=92.31 90.91 100.00 86.96 19.23 44.44 85.19 75.00 13.33 77.27 60.00 55.56 55.56 82.14 76.67 72.41 71.88 84.62 31.43 95.00 0.00 85.71 86.67 6.67 58.33 50.00 71.43 70.83 27.27 80.00 100.00
65.27=96.00 100.00 90.48 76.00 25.00 47.06 91.67 75.00 27.78 80.95 66.67 83.33 64.52 81.48 66.67 62.16 78.79 76.92 32.43 85.71 0.00 89.29 75.00 12.50 36.84 65.00 58.82 70.83 35.71 87.50 83.33
65.94=88.89 100.00 94.74 84.00 17.39 46.00 85.19 66.67 11.76 77.27 69.44 73.08 58.06 76.67 75.00 58.82 86.67 84.00 40.00 82.61 0.00 88.89 85.19 20.00 62.50 60.00 68.75 68.18 50.00 73.33 90.91
66.21=95.65 95.45 94.74 86.96 17.39 47.92 91.67 66.67 19.23 73.91 72.22 73.08 58.06 95.45 74.19 64.52 83.87 83.33 31.43 89.47 0.00 79.31 86.21 23.53 38.89 56.52 64.71 73.08 38.89 84.62 91.67
65.15=84.00 95.24 86.36 78.26 20.83 45.10 84.62 69.57 14.29 78.26 71.43 86.36 61.54 80.00 79.31 52.27 83.33 84.62 47.06 81.82 0.00 85.19 92.59 15.79 41.67 52.17 50.00 66.67 50.00 81.25 100.00
60.77=82.14 95.65 90.48 72.00 9.52 52.08 90.91 68.18 23.81 72.22 57.50 57.50 74.07 64.29 67.86 70.83 80.00 76.92 23.53 50.00 0.00 85.71 85.00 9.09 44.44 46.88 66.67 89.47 47.06 70.00 60.00
61.77=91.30 100.00 90.00 62.96 7.14 50.00 88.46 66.67 14.29 68.42 58.54 64.71 62.50 72.00 67.74 72.41 74.19 80.00 23.08 63.64 0.00 77.42 73.08 8.33 54.55 66.67 88.24 83.33 35.29 50.00 100.00
62.04=92.00 100.00 100.00 68.97 17.39 46.30 95.65 72.73 16.67 73.68 55.56 66.67 60.61 79.17 69.57 67.74 74.19 80.77 20.69 57.69 0.00 84.62 82.61 5.88 50.00 53.57 75.00 84.21 33.33 54.55 83.33
59.30=95.83 95.65 94.74 66.67 4.76 47.92 84.00 66.67 14.29 68.42 58.54 64.71 65.71 73.08 61.76 76.92 83.33 84.00 18.75 56.52 0.00 78.57 80.00 6.25 57.89 53.85 75.00 81.25 33.33 40.00 50.00
61.65=95.83 95.24 89.47 62.07 8.00 50.00 80.77 61.54 20.00 75.00 65.71 69.70 62.86 84.00 61.29 72.41 76.67 85.19 25.00 60.87 0.00 83.33 86.96 0.00 58.82 55.56 72.22 85.00 37.50 50.00 80.00
76.46=66.67 100.00 100.00 40.00 66.67 66.67 100.00 80.00 66.67 62.50 77.78 87.50 100.00 60.00 83.33 100.00 88.89 100.00 100.00 100.00 0.00 71.43 83.33 66.67 66.67 60.00 100.00 100.00 37.50 71.43 66.67
82.15=77.78 100.00 100.00 75.00 100.00 66.67 90.91 100.00 42.86 62.50 77.78 100.00 100.00 100.00 75.00 100.00 77.78 100.00 87.50 100.00 0.00 57.14 100.00 100.00 83.33 60.00 100.00 87.50 50.00 75.00 100.00
82.92=70.00 100.00 100.00 100.00 80.00 58.33 100.00 66.67 83.33 100.00 87.50 85.71 100.00 100.00 77.78 100.00 87.50 100.00 100.00 87.50 0.00 100.00 100.00 50.00 100.00 50.00 85.71 80.00 57.14 83.33 80.00
83.78=85.71 100.00 100.00 100.00 100.00 61.54 100.00 80.00 80.00 71.43 70.00 100.00 87.50 100.00 87.50 100.00 80.00 85.71 100.00 100.00 0.00 57.14 100.00 100.00 77.78 60.00 100.00 70.00 57.14 85.71 100.00
84.28=77.78 100.00 100.00 75.00 100.00 57.14 83.33 80.00 71.43 100.00 70.00 87.50 100.00 100.00 80.00 80.00 88.89 100.00 100.00 88.89 0.00 80.00 100.00 75.00 100.00 75.00 100.00 100.00 57.14 85.71 100.00
63.49=95.65 95.24 94.74 86.96 19.23 51.06 83.33 66.67 17.65 63.64 63.16 55.56 66.67 70.97 59.46 71.88 74.19 83.33 36.36 80.95 0.00 85.71 85.71 20.00 58.33 46.43 52.38 73.91 54.55 70.00 84.62
66.11=92.00 95.65 90.00 91.30 15.38 52.17 95.24 66.67 26.32 81.82 68.57 67.74 65.62 75.00 70.97 67.65 74.29 76.92 43.75 81.82 0.00 78.57 85.71 31.58 50.00 66.67 57.89 77.27 46.15 66.67 90.00
65.57=92.31 100.00 94.74 80.77 13.04 50.00 79.31 69.57 25.00 81.82 69.44 77.78 62.07 87.50 61.11 66.67 80.65 87.50 31.03 77.27 0.00 83.33 92.59 6.67 46.67 60.00 52.63 75.86 36.36 90.91 100.00
67.64=95.83 100.00 100.00 83.33 19.23 45.83 88.00 77.78 15.79 78.26 74.19 78.57 57.14 74.07 78.57 61.54 83.87 79.31 37.50 95.00 0.00 89.66 83.33 15.79 61.54 52.00 55.56 74.07 50.00 100.00 90.91
66.23=91.30 95.65 94.74 79.17 19.23 43.64 95.83 65.22 23.53 77.27 74.29 73.08 64.29 75.86 75.00 64.86 82.76 87.50 34.48 90.91 0.00 83.87 86.67 17.65 47.37 54.55 57.89 70.37 45.45 88.89 91.67
61.45=88.46 100.00 100.00 66.67 4.35 46.30 88.00 65.00 19.23 57.14 63.16 57.50 73.33 60.00 63.33 76.92 85.71 82.14 30.00 68.42 0.00 88.46 78.26 6.67 57.89 62.50 71.43 84.21 38.89 58.33 62.50
61.31=95.83 100.00 80.00 68.97 9.09 54.35 95.65 65.38 11.54 76.47 58.97 65.71 68.75 84.00 68.75 67.74 75.00 88.89 28.00 63.64 0.00 73.33 81.82 0.00 45.00 60.00 88.24 78.95 30.00 50.00 66.67
61.53=95.83 95.65 94.74 67.86 11.76 53.19 100.00 72.73 14.29 68.75 64.86 62.16 59.38 70.37 75.86 65.62 71.43 82.76 25.81 65.22 0.00 82.14 85.71 5.00 60.00 64.00 81.25 72.22 26.67 45.45 66.67
62.87=95.83 100.00 90.00 62.50 4.55 52.27 95.45 62.07 17.14 76.47 61.54 61.11 63.64 72.73 63.64 76.19 80.65 92.00 24.14 68.18 0.00 81.48 80.00 5.56 56.25 80.00 76.47 82.35 40.00 66.67 60.00
62.50=96.00 100.00 94.12 65.62 9.09 48.94 95.65 62.96 17.24 82.35 58.54 69.70 68.97 84.00 64.52 68.75 78.12 82.61 21.43 68.18 0.00 81.48 76.92 4.76 58.82 71.43 77.78 85.00 33.33 55.56 55.56
64.39=88.00 95.24 80.00 74.07 29.17 40.68 83.33 69.57 5.26 73.68 60.53 59.46 55.88 52.78 58.54 88.00 75.86 88.89 30.00 88.89 0.00 92.31 84.00 41.67 66.67 63.64 53.85 95.00 46.67 63.64 90.91
63.33=92.00 95.65 95.00 68.97 26.09 51.06 87.50 65.38 0.00 70.00 60.61 75.00 57.89 65.38 67.65 71.88 69.70 88.89 29.63 76.47 0.00 86.21 70.97 58.33 45.00 54.17 57.14 88.89 46.15 66.67 75.00
63.31=95.83 100.00 94.12 73.08 25.00 48.94 83.33 65.22 9.09 83.33 62.86 60.53 61.11 61.54 76.67 75.86 79.31 79.31 26.67 63.16 0.00 72.73 73.33 38.46 37.50 66.67 64.29 78.26 44.00 71.43 90.91
65.84=92.31 95.45 89.47 64.52 23.08 45.10 91.30 73.68 11.11 82.35 54.55 70.97 51.43 62.07 70.97 72.41 79.31 87.50 26.67 66.67 0.00 86.67 73.33 38.89 40.91 72.22 80.00 85.71 52.38 100.00 100.00
63.83=88.89 100.00 94.74 67.86 25.00 46.94 80.77 68.00 5.88 82.35 55.00 62.86 47.37 71.43 57.89 78.12 81.48 82.76 28.57 78.95 0.00 88.89 79.17 38.89 47.37 66.67 57.14 85.71 43.48 77.78 88.89
76.70=63.64 100.00 100.00 66.67 80.00 63.64 100.00 80.00 66.67 62.50 100.00 83.33 87.50 60.00 66.67 100.00 75.00 100.00 100.00 100.00 0.00 66.67 100.00 100.00 71.43 42.86 85.71 77.78 44.44 83.33 50.00
81.10=70.00 100.00 100.00 75.00 100.00 61.54 100.00 80.00 80.00 71.43 100.00 85.71 100.00 40.00 80.00 100.00 77.78 100.00 87.50 100.00 0.00 83.33 100.00 50.00 100.00 75.00 100.00 100.00 33.33 83.33 80.00
81.53=77.78 100.00 100.00 75.00 80.00 57.14 90.91 100.00 66.67 100.00 85.71 100.00 100.00 80.00 85.71 100.00 80.00 100.00 83.33 100.00 0.00 60.00 100.00 66.67 75.00 50.00 100.00 100.00 44.44 85.71 83.33
78.86=83.33 100.00 85.71 60.00 100.00 58.33 100.00 75.00 50.00 71.43 87.50 75.00 83.33 80.00 77.78 100.00 77.78 100.00 100.00 100.00 0.00 50.00 80.00 100.00 75.00 60.00 100.00 70.00 44.44 100.00 100.00
82.32=70.00 100.00 100.00 100.00 100.00 61.54 90.91 80.00 62.50 100.00 85.71 100.00 77.78 71.43 100.00 100.00 87.50 100.00 85.71 88.89 0.00 100.00 100.00 40.00 75.00 75.00 100.00 100.00 50.00 75.00 75.00
60.18=88.89 100.00 94.74 65.52 0.00 55.81 91.67 60.00 15.79 63.16 64.86 50.00 73.53 72.00 69.70 76.00 73.53 78.57 31.25 66.67 0.00 88.46 78.26 0.00 50.00 60.87 82.35 70.59 36.36 50.00 57.14
59.87=88.89 95.65 85.00 62.50 4.00 51.06 95.45 60.87 18.18 76.47 55.00 68.57 59.38 77.27 58.06 75.00 73.53 82.61 33.33 63.64 0.00 82.14 80.00 6.25 45.00 71.43 68.18 78.95 29.41 54.55 55.56
61.69=95.83 100.00 90.00 64.52 4.76 47.17 88.46 73.91 18.52 83.33 61.54 58.97 62.07 81.82 68.97 67.86 77.42 86.96 24.14 68.18 0.00 75.00 76.00 6.67 57.14 76.19 71.43 88.24 30.77 40.00 66.67
62.24=88.89 100.00 100.00 69.23 10.00 47.17 91.67 68.00 16.67 81.25 60.00 63.89 66.67 78.26 68.00 63.33 77.42 82.14 24.14 70.00 0.00 81.48 77.27 5.26 61.11 62.50 83.33 81.25 35.00 60.00 55.56
62.88=95.83 100.00 100.00 64.29 13.64 44.64 92.00 64.00 16.67 77.78 59.52 68.75 77.42 71.43 69.23 67.74 80.65 86.96 20.00 63.16 0.00 85.19 79.17 7.14 61.90 62.50 82.35 80.00 47.37 50.00 60.00
78.77=77.78 100.00 100.00 42.86 80.00 61.54 90.91 37.50 50.00 83.33 100.00 85.71 75.00 75.00 63.64 100.00 100.00 100.00 100.00 88.89 0.00 75.00 100.00 100.00 71.43 66.67 75.00 100.00 66.67 100.00 75.00
78.53=63.64 100.00 100.00 75.00 66.67 58.33 90.00 30.00 100.00 83.33 87.50 100.00 100.00 80.00 87.50 83.33 88.89 100.00 100.00 75.00 0.00 80.00 100.00 80.00 85.71 20.00 100.00 85.71 55.56 83.33 75.00
81.24=70.00 100.00 100.00 75.00 80.00 57.14 100.00 66.67 66.67 100.00 100.00 100.00 88.89 100.00 66.67 100.00 100.00 87.50 100.00 80.00 0.00 100.00 100.00 66.67 100.00 0.00 83.33 100.00 50.00 100.00 80.00
82.52=100.00 100.00 100.00 75.00 80.00 53.85 100.00 44.44 50.00 100.00 77.78 87.50 100.00 100.00 85.71 83.33 100.00 85.71 100.00 80.00 0.00 83.33 100.00 100.00 66.67 66.67 85.71 100.00 66.67 85.71 100.00
78.15=77.78 100.00 87.50 66.67 100.00 57.14 100.00 57.14 42.86 71.43 70.00 85.71 87.50 80.00 85.71 100.00 85.71 85.71 100.00 80.00 0.00 100.00 100.00 75.00 83.33 33.33 100.00 80.00 50.00 80.00 100.00
64.54=88.46 100.00 100.00 74.07 21.05 46.94 80.00 73.68 0.00 86.67 57.50 53.66 55.00 54.84 64.71 74.19 81.48 88.46 25.00 68.42 0.00 88.89 82.76 35.29 64.71 63.64 75.00 82.61 57.69 71.43 84.62
64.78=88.46 100.00 94.74 74.07 28.57 52.27 87.50 70.83 5.88 70.00 52.63 63.89 60.00 59.09 75.76 83.33 68.75 85.71 25.71 62.50 0.00 81.25 82.14 53.85 47.06 68.75 63.64 81.82 40.00 80.00 100.00
61.94=91.67 95.45 100.00 74.07 22.22 47.06 83.33 65.22 5.26 83.33 61.11 76.67 58.82 65.38 68.75 65.71 72.73 88.89 25.81 66.67 0.00 80.77 67.74 31.25 33.33 60.87 63.64 87.50 43.48 50.00 83.33
63.90=92.00 100.00 85.00 73.08 20.83 47.92 77.78 64.29 4.55 77.78 53.85 68.75 51.35 65.22 71.88 76.67 79.31 92.31 31.25 65.00 0.00 78.12 88.00 53.33 47.06 65.00 63.64 95.24 42.86 57.14 91.67
64.23=88.46 95.45 94.44 73.08 31.82 51.02 84.00 66.67 5.56 82.35 55.26 76.67 55.00 64.00 71.88 75.76 70.97 86.21 28.12 82.35 0.00 83.87 80.77 33.33 50.00 56.52 60.00 80.00 46.15 71.43 90.00
78.65=62.50 100.00 100.00 60.00 80.00 58.33 100.00 100.00 66.67 83.33 75.00 85.71 87.50 80.00 71.43 91.67 80.00 100.00 85.71 88.89 0.00 57.14 100.00 50.00 85.71 100.00 62.50 100.00 42.86 83.33 100.00
76.81=71.43 100.00 100.00 100.00 57.14 54.55 88.89 75.00 40.00 71.43 85.71 77.78 87.50 80.00 75.00 100.00 63.64 87.50 87.50 88.89 0.00 83.33 100.00 60.00 83.33 60.00 100.00 66.67 50.00 85.71 100.00
81.66=70.00 100.00 100.00 100.00 80.00 57.14 100.00 75.00 83.33 83.33 77.78 100.00 83.33 71.43 70.00 100.00 88.89 75.00 85.71 100.00 0.00 100.00 100.00 50.00 62.50 100.00 85.71 100.00 57.14 100.00 75.00
84.38=100.00 100.00 100.00 100.00 66.67 57.14 100.00 80.00 57.14 83.33 87.50 100.00 100.00 100.00 100.00 100.00 87.50 100.00 83.33 100.00 0.00 83.33 85.71 100.00 100.00 75.00 85.71 75.00 41.67 83.33 83.33
80.87=70.00 100.00 100.00 75.00 100.00 57.14 90.91 66.67 50.00 83.33 85.71 100.00 100.00 50.00 87.50 100.00 87.50 100.00 100.00 88.89 0.00 75.00 100.00 80.00 80.00 75.00 83.33 88.89 57.14 75.00 100.00
82.38=70.00 100.00 87.50 50.00 100.00 57.14 83.33 36.36 44.44 83.33 87.50 100.00 87.50 100.00 66.67 83.33 100.00 100.00 100.00 70.00 0.00 100.00 83.33 100.00 83.33 100.00 100.00 100.00 100.00 100.00 80.00
79.78=75.00 100.00 100.00 100.00 100.00 53.33 100.00 36.36 62.50 100.00 77.78 100.00 77.78 80.00 57.14 83.33 80.00 100.00 100.00 88.89 0.00 100.00 100.00 75.00 75.00 50.00 100.00 85.71 57.14 83.33 75.00
81.71=77.78 100.00 100.00 60.00 100.00 61.54 100.00 50.00 50.00 100.00 100.00 85.71 85.71 80.00 66.67 87.50 100.00 100.00 100.00 88.89 0.00 80.00 100.00 80.00 75.00 50.00 100.00 87.50 66.67 100.00 100.00
80.33=77.78 100.00 100.00 60.00 100.00 61.54 100.00 57.14 66.67 83.33 87.50 100.00 88.89 100.00 77.78 83.33 100.00 100.00 100.00 72.73 0.00 100.00 100.00 83.33 87.50 0.00 85.71 80.00 57.14 100.00 80.00
77.00=75.00 100.00 87.50 75.00 100.00 53.85 100.00 42.86 62.50 100.00 100.00 87.50 70.00 66.67 87.50 100.00 100.00 77.78 100.00 72.73 0.00 100.00 100.00 75.00 71.43 0.00 85.71 88.89 57.14 83.33 66.67
65.70=85.71 95.65 94.44 80.00 15.38 50.00 100.00 73.33 22.22 78.26 66.67 60.00 57.58 86.36 74.19 58.33 92.86 82.14 38.71 70.37 0.00 86.67 88.89 12.50 55.56 48.00 58.82 76.00 45.45 90.91 91.67
66.88=92.31 95.00 100.00 87.50 20.83 47.06 84.62 69.57 13.04 84.21 65.79 78.57 61.29 84.62 82.14 64.86 86.67 88.46 37.14 82.61 0.00 86.21 88.00 13.33 46.67 57.14 52.94 74.07 46.15 90.91 91.67
67.49=88.46 100.00 100.00 91.30 22.73 45.45 92.00 76.19 25.00 80.95 66.67 76.00 65.52 81.48 77.78 59.46 86.67 85.19 40.00 85.71 0.00 92.86 85.19 16.67 61.54 56.52 58.82 69.23 36.84 83.33 84.62
66.62=88.89 100.00 95.00 80.00 13.79 47.92 84.62 55.00 28.57 80.95 72.73 83.33 70.37 76.92 80.00 57.50 83.87 87.50 42.86 86.36 0.00 86.67 92.31 18.75 41.18 54.55 57.89 77.78 42.86 92.31 84.62
67.59=88.89 95.45 100.00 87.50 16.00 45.83 91.67 69.57 13.04 85.00 72.22 77.78 64.52 84.62 76.67 66.67 80.65 84.62 40.00 80.77 0.00 92.31 85.71 23.53 46.67 66.67 58.82 75.86 50.00 83.33 90.91
79.12=70.00 100.00 83.33 100.00 100.00 66.67 100.00 75.00 60.00 83.33 87.50 75.00 83.33 57.14 77.78 100.00 60.00 100.00 85.71 100.00 0.00 50.00 100.00 100.00 50.00 60.00 100.00 100.00 44.44 83.33 100.00
80.87=77.78 100.00 83.33 60.00 100.00 53.33 81.82 100.00 62.50 100.00 77.78 80.00 75.00 83.33 100.00 100.00 72.73 100.00 100.00 100.00 0.00 60.00 100.00 75.00 71.43 100.00 100.00 87.50 55.56 83.33 66.67
81.65=70.00 100.00 100.00 60.00 100.00 53.33 100.00 100.00 75.00 100.00 87.50 75.00 77.78 80.00 100.00 90.00 80.00 100.00 100.00 100.00 0.00 83.33 100.00 42.86 80.00 75.00 100.00 80.00 50.00 71.43 100.00
81.29=53.85 100.00 100.00 100.00 100.00 53.85 90.91 100.00 75.00 71.43 87.50 85.71 80.00 83.33 85.71 100.00 80.00 100.00 100.00 88.89 0.00 100.00 100.00 50.00 66.67 60.00 100.00 70.00 57.14 100.00 80.00
82.16=77.78 100.00 100.00 75.00 100.00 61.54 90.00 80.00 71.43 71.43 87.50 100.00 87.50 100.00 77.78 100.00 85.71 100.00 85.71 100.00 0.00 100.00 87.50 75.00 83.33 50.00 75.00 88.89 50.00 85.71 100.00
72.81=100.00 100.00 87.50 50.00 40.00 66.67 100.00 57.14 50.00 83.33 70.00 87.50 75.00 33.33 87.50 100.00 100.00 57.14 100.00 88.89 0.00 44.44 75.00 71.43 100.00 33.33 85.71 83.33 80.00 75.00 75.00
79.73=87.50 100.00 85.71 100.00 100.00 61.54 100.00 57.14 71.43 83.33 87.50 85.71 100.00 66.67 75.00 80.00 88.89 87.50 100.00 88.89 0.00 42.86 66.67 85.71 87.50 100.00 100.00 100.00 75.00 57.14 50.00
81.21=100.00 100.00 85.71 100.00 66.67 61.54 100.00 80.00 83.33 83.33 100.00 85.71 75.00 80.00 100.00 100.00 80.00 85.71 87.50 100.00 0.00 50.00 100.00 100.00 87.50 50.00 83.33 87.50 83.33 71.43 50.00
83.99=87.50 100.00 85.71 75.00 100.00 61.54 100.00 100.00 55.56 100.00 100.00 87.50 87.50 100.00 87.50 88.89 88.89 100.00 100.00 77.78 0.00 75.00 100.00 71.43 100.00 66.67 85.71 100.00 71.43 83.33 66.67
78.13=87.50 83.33 85.71 100.00 100.00 66.67 100.00 57.14 57.14 80.00 87.50 100.00 100.00 83.33 77.78 70.00 77.78 87.50 85.71 85.71 0.00 75.00 83.33 66.67 100.00 50.00 85.71 57.14 71.43 100.00 60.00
79.10=77.78 100.00 100.00 75.00 80.00 53.85 100.00 100.00 80.00 83.33 100.00 85.71 87.50 75.00 83.33 81.82 87.50 87.50 80.00 100.00 0.00 83.33 100.00 50.00 75.00 75.00 75.00 66.67 37.50 71.43 100.00
81.83=70.00 100.00 100.00 100.00 100.00 57.14 100.00 80.00 57.14 100.00 87.50 87.50 100.00 83.33 80.00 90.91 77.78 100.00 62.50 100.00 0.00 100.00 100.00 100.00 62.50 50.00 80.00 85.71 55.56 85.71 83.33
85.11=77.78 100.00 100.00 66.67 100.00 61.54 90.91 100.00 71.43 71.43 85.71 100.00 100.00 60.00 83.33 83.33 80.00 100.00 87.50 100.00 0.00 80.00 100.00 100.00 83.33 100.00 100.00 100.00 55.56 100.00 100.00
75.96=70.00 100.00 100.00 50.00 100.00 58.33 100.00 80.00 66.67 60.00 77.78 85.71 66.67 80.00 87.50 88.89 77.78 100.00 100.00 100.00 0.00 60.00 100.00 50.00 55.56 75.00 85.71 63.64 55.56 80.00 80.00
79.61=60.00 100.00 100.00 75.00 66.67 61.54 100.00 66.67 100.00 100.00 87.50 100.00 77.78 66.67 83.33 75.00 70.00 100.00 100.00 88.89 0.00 100.00 100.00 66.67 80.00 60.00 85.71 75.00 50.00 71.43 100.00
60.53=85.71 100.00 100.00 65.38 4.76 51.02 92.00 66.67 20.00 82.35 58.54 54.55 65.62 70.37 68.75 75.00 75.86 78.26 14.29 59.09 0.00 88.00 80.00 6.67 50.00 48.39 77.78 84.21 37.50 55.56 60.00
62.57=88.46 100.00 89.47 65.62 3.85 58.54 91.67 75.00 17.24 82.35 58.97 65.71 73.53 84.62 64.71 73.08 80.65 85.71 33.33 61.90 0.00 75.86 82.61 12.50 68.75 62.50 62.50 78.95 30.00 54.55 57.14
61.36=88.00 100.00 94.74 73.33 5.00 54.35 92.00 70.83 16.00 72.22 63.89 55.81 60.61 83.33 64.52 70.00 78.12 87.50 22.22 84.21 0.00 88.89 77.78 6.67 44.44 66.67 66.67 84.21 38.89 46.67 44.44
62.79=85.71 100.00 94.74 70.37 12.50 50.00 83.33 77.27 16.67 80.00 60.98 64.71 69.70 85.71 67.74 68.75 88.89 82.14 20.69 65.22 0.00 84.62 80.95 11.11 52.17 69.57 83.33 83.33 29.17 50.00 57.14
63.98=95.83 95.24 90.00 63.33 0.00 53.49 88.46 70.83 35.48 84.62 65.00 63.89 75.00 90.91 64.71 62.96 83.33 80.77 26.67 64.00 0.00 85.19 79.17 6.25 60.00 71.43 83.33 84.21 42.11 61.54 55.56
61.04=85.71 100.00 100.00 62.50 9.52 51.06 90.91 72.00 8.33 70.59 64.10 52.27 71.88 68.00 57.14 76.00 80.65 76.00 20.00 66.67 0.00 92.59 78.26 7.14 58.82 55.56 73.68 88.24 42.11 50.00 62.50
63.46=92.31 100.00 94.74 68.97 12.00 49.02 91.67 69.23 19.23 76.47 65.00 65.71 64.86 90.48 63.64 81.82 83.33 83.33 23.33 68.42 0.00 81.48 73.08 5.26 55.00 71.43 82.35 88.89 33.33 40.00 72.73
62.09=96.00 100.00 100.00 67.74 9.52 50.00 95.65 69.23 12.00 72.22 60.98 74.19 63.89 84.00 65.62 76.92 75.00 80.00 28.57 57.14 0.00 84.62 79.17 5.26 59.09 65.22 82.35 88.24 33.33 44.44 44.44
60.47=85.19 100.00 89.47 72.41 14.29 52.08 95.65 65.38 16.00 73.68 57.50 66.67 75.76 73.91 63.64 80.00 78.12 83.33 22.86 61.11 0.00 76.67 70.83 5.88 47.37 60.00 70.59 88.24 33.33 44.44 50.00
64.10=88.46 100.00 94.74 68.97 4.55 49.02 95.83 73.91 17.24 86.67 59.52 67.65 66.67 90.91 73.33 70.37 80.65 88.46 22.22 65.00 0.00 84.62 75.00 7.69 68.75 65.22 88.24 80.95 47.37 38.46 66.67
81.63=87.50 100.00 100.00 75.00 75.00 45.45 100.00 50.00 66.67 100.00 87.50 85.71 88.89 80.00 85.71 90.91 100.00 100.00 85.71 88.89 0.00 80.00 100.00 80.00 87.50 60.00 100.00 100.00 50.00 80.00 100.00
81.22=70.00 100.00 100.00 100.00 100.00 57.14 81.82 75.00 100.00 83.33 100.00 100.00 83.33 83.33 83.33 90.00 77.78 100.00 85.71 100.00 0.00 100.00 83.33 40.00 85.71 60.00 100.00 66.67 45.45 85.71 80.00
82.59=87.50 100.00 100.00 75.00 80.00 63.64 100.00 66.67 80.00 100.00 87.50 85.71 80.00 100.00 100.00 100.00 100.00 100.00 100.00 88.89 0.00 83.33 100.00 33.33 87.50 50.00 100.00 100.00 44.44 66.67 100.00
84.24=77.78 100.00 100.00 100.00 100.00 70.00 100.00 80.00 50.00 80.00 100.00 85.71 100.00 83.33 87.50 100.00 100.00 100.00 100.00 100.00 0.00 75.00 100.00 66.67 66.67 100.00 75.00 88.89 50.00 75.00 100.00
82.77=58.33 100.00 100.00 60.00 80.00 53.33 100.00 100.00 80.00 71.43 66.67 100.00 88.89 57.14 100.00 100.00 88.89 100.00 100.00 100.00 0.00 75.00 100.00 60.00 85.71 100.00 85.71 100.00 71.43 83.33 100.00
63.03=96.00 95.24 94.74 68.97 14.81 50.00 80.77 68.42 6.25 71.43 51.22 55.81 53.85 60.71 75.00 70.00 75.00 88.00 34.48 77.78 0.00 86.21 86.36 25.00 50.00 53.85 63.64 90.91 50.00 77.78 81.82
61.91=92.31 100.00 94.44 68.97 20.83 44.23 82.61 83.33 5.00 78.95 51.22 73.33 54.29 59.26 73.33 63.89 65.62 92.00 21.21 70.00 0.00 78.57 84.00 30.77 47.06 54.17 45.45 90.48 41.67 60.00 92.31
64.36=85.71 95.45 80.95 74.07 21.74 50.00 90.48 71.43 6.25 77.78 58.33 69.70 57.89 62.50 72.73 76.67 80.00 91.30 21.88 72.73 0.00 86.67 74.19 41.67 52.63 50.00 60.00 86.36 46.15 80.00 100.00
63.58=85.71 100.00 94.74 71.43 22.73 50.00 87.50 65.22 8.70 77.78 64.71 64.71 55.88 66.67 75.00 66.67 82.14 85.71 29.41 72.22 0.00 80.00 82.76 50.00 33.33 59.09 56.25 86.36 39.13 57.14 100.00
64.29=92.31 100.00 100.00 71.43 23.81 46.81 83.33 66.67 5.56 76.47 63.64 63.89 62.86 61.54 63.16 72.73 76.67 85.71 29.41 63.16 0.00 81.48 80.00 41.67 43.48 54.55 58.33 100.00 50.00 83.33 90.91
63.86=91.67 100.00 89.47 75.00 25.00 46.15 83.33 66.67 0.00 78.95 52.38 54.55 43.59 64.00 69.70 77.42 70.00 92.00 20.00 73.68 0.00 88.89 82.14 25.00 57.89 66.67 57.14 95.00 42.31 100.00 90.91
63.48=85.19 95.45 94.44 69.23 17.65 47.06 80.00 56.52 11.11 70.00 70.00 70.97 52.50 62.07 75.00 80.00 74.19 77.42 25.00 88.24 0.00 95.65 82.14 46.15 42.86 70.59 53.33 85.71 50.00 62.50 76.92
63.78=92.00 100.00 90.00 70.37 33.33 46.00 78.26 73.91 0.00 70.59 57.50 76.67 58.97 57.14 70.59 75.00 74.07 88.00 18.92 73.68 0.00 80.00 86.36 45.45 35.00 59.09 61.54 94.74 43.33 66.67 100.00
64.79=92.31 95.45 88.89 71.43 20.83 44.90 86.96 69.57 0.00 78.95 58.33 78.57 55.56 65.22 70.00 69.70 76.67 92.00 28.57 66.67 0.00 85.71 72.73 43.75 56.00 65.00 61.54 83.33 44.00 85.71 100.00
64.38=88.89 95.45 90.00 76.92 23.81 48.94 83.33 65.38 0.00 82.35 62.86 69.70 53.49 60.87 70.59 85.71 75.86 84.00 23.68 65.00 0.00 84.62 79.31 42.86 50.00 75.00 64.29 90.91 46.43 66.67 88.89
76.42=85.71 100.00 100.00 60.00 80.00 53.33 90.91 50.00 83.33 100.00 75.00 87.50 60.00 100.00 42.86 85.71 71.43 100.00 71.43 100.00 0.00 83.33 83.33 50.00 100.00 75.00 75.00 75.00 50.00 100.00 80.00
80.23=77.78 83.33 100.00 75.00 100.00 61.54 100.00 42.86 50.00 83.33 77.78 100.00 88.89 80.00 75.00 100.00 87.50 100.00 100.00 80.00 0.00 83.33 100.00 100.00 85.71 50.00 100.00 80.00 50.00 100.00 75.00
79.98=77.78 100.00 100.00 60.00 100.00 61.54 100.00 50.00 50.00 83.33 87.50 100.00 100.00 80.00 75.00 100.00 100.00 100.00 87.50 70.00 0.00 100.00 100.00 66.67 62.50 0.00 100.00 87.50 80.00 100.00 100.00
80.78=77.78 83.33 100.00 75.00 66.67 57.14 100.00 57.14 50.00 71.43 87.50 100.00 77.78 100.00 66.67 60.00 100.00 100.00 100.00 88.89 0.00 83.33 100.00 100.00 100.00 66.67 100.00 77.78 57.14 100.00 100.00
81.07=70.00 100.00 100.00 50.00 100.00 58.33 76.92 50.00 66.67 71.43 77.78 100.00 100.00 75.00 71.43 85.71 100.00 100.00 100.00 100.00 0.00 100.00 100.00 80.00 83.33 50.00 100.00 80.00 66.67 100.00 100.00
62.20=88.00 100.00 94.74 68.97 13.04 50.00 95.83 66.67 8.70 72.22 61.90 58.97 57.14 73.08 70.00 82.61 75.76 84.00 21.43 71.43 0.00 85.19 80.95 5.88 61.11 62.50 83.33 77.27 31.25 62.50 63.64
61.39=82.76 100.00 94.12 64.52 9.09 51.16 95.65 65.38 22.73 85.71 58.54 63.89 55.56 81.82 62.50 70.00 78.12 84.00 21.88 63.16 0.00 85.71 72.00 5.56 57.14 60.00 82.35 82.35 42.11 41.67 63.64
63.03=100.00 100.00 85.00 65.52 15.00 55.56 88.00 65.38 17.39 73.33 62.50 64.86 69.70 78.57 70.97 76.67 77.42 80.00 25.00 66.67 0.00 82.76 81.82 11.11 55.00 55.56 83.33 93.33 40.00 50.00 63.64
63.05=79.31 95.24 94.44 65.62 4.55 50.00 84.62 62.50 21.74 86.67 65.79 63.16 67.57 82.61 65.62 80.00 73.53 88.46 23.33 68.18 0.00 82.76 80.00 7.14 63.16 71.43 78.95 87.50 41.18 44.44 75.00
62.04=92.31 95.24 94.12 64.52 15.00 54.35 85.19 72.00 12.00 72.22 58.97 60.00 60.00 85.71 63.33 76.00 78.12 87.50 21.43 73.91 0.00 76.67 78.26 6.67 50.00 75.00 82.35 89.47 40.00 44.44 58.33
79.65=70.00 100.00 100.00 100.00 75.00 61.54 100.00 80.00 66.67 83.33 87.50 100.00 71.43 71.43 77.78 90.00 72.73 100.00 100.00 87.50 0.00 100.00 100.00 66.67 57.14 75.00 75.00 88.89 60.00 71.43 80.00
80.51=77.78 100.00 100.00 75.00 100.00 61.54 100.00 80.00 80.00 100.00 75.00 77.78 75.00 80.00 77.78 100.00 70.00 87.50 71.43 100.00 0.00 55.56 100.00 100.00 77.78 75.00 100.00 77.78 37.50 83.33 100.00
80.84=77.78 100.00 100.00 100.00 80.00 61.54 100.00 80.00 71.43 100.00 100.00 85.71 75.00 100.00 85.71 88.89 80.00 100.00 100.00 100.00 0.00 55.56 100.00 33.33 75.00 50.00 100.00 100.00 42.86 83.33 80.00
84.53=77.78 100.00 100.00 75.00 100.00 61.54 100.00 80.00 71.43 100.00 87.50 100.00 100.00 100.00 100.00 90.00 72.73 100.00 87.50 100.00 0.00 100.00 100.00 28.57 75.00 100.00 100.00 88.89 44.44 80.00 100.00
80.07=77.78 100.00 100.00 100.00 100.00 63.64 100.00 60.00 57.14 100.00 100.00 85.71 85.71 83.33 100.00 90.00 88.89 100.00 85.71 88.89 0.00 62.50 100.00 66.67 60.00 75.00 100.00 72.73 28.57 50.00 100.00
63.24=92.00 100.00 88.89 83.33 15.38 44.23 86.36 65.22 6.67 77.78 55.00 56.10 57.14 55.56 67.57 75.86 84.62 95.83 27.59 73.68 0.00 81.48 75.00 26.67 60.00 40.00 55.56 90.48 56.52 75.00 90.91
64.70=92.31 95.45 90.00 71.43 17.39 47.06 91.30 72.73 4.76 76.47 50.00 62.16 55.00 63.64 70.00 72.73 73.33 85.71 24.14 84.21 0.00 81.25 84.00 46.15 50.00 61.90 58.33 90.48 42.86 100.00 90.91
64.09=82.76 100.00 100.00 71.43 13.04 47.06 75.00 64.00 6.25 88.89 56.10 70.97 54.76 69.57 65.62 74.19 74.19 84.62 25.00 66.67 0.00 92.86 76.67 35.71 47.06 66.67 66.67 90.48 45.00 85.71 90.00
65.21=95.45 100.00 90.00 76.92 24.00 44.90 83.33 61.54 0.00 73.68 55.00 68.75 60.00 70.83 65.71 82.14 69.70 84.00 22.22 80.00 0.00 88.89 80.00 46.15 43.75 63.64 75.00 90.00 36.00 100.00 90.00
64.59=92.31 100.00 100.00 71.43 26.09 48.98 80.77 72.73 0.00 66.67 59.46 67.74 50.00 62.50 61.54 80.00 78.57 88.46 23.33 69.57 0.00 82.76 79.31 50.00 41.18 61.90 64.29 89.47 50.00 83.33 100.00
59.79=91.30 95.45 94.44 66.67 8.70 50.00 84.00 69.57 9.52 63.64 63.89 52.38 69.70 80.00 67.86 68.97 69.44 87.50 19.35 72.73 0.00 89.29 73.91 7.69 53.33 63.16 73.68 68.18 35.29 45.45 58.33
61.23=85.71 95.65 100.00 71.43 10.53 52.17 87.50 75.00 17.86 78.57 63.16 67.65 62.16 78.26 74.07 75.00 76.67 72.41 18.52 66.67 0.00 76.67 80.95 6.25 50.00 58.33 72.22 89.47 40.91 44.44 50.00
62.04=88.46 100.00 94.74 63.33 17.39 52.08 91.67 69.23 13.33 64.71 63.41 63.89 65.62 72.00 74.07 70.00 80.00 79.17 22.58 63.64 0.00 84.62 76.92 6.25 55.56 78.95 77.78 83.33 38.89 54.55 57.14
60.69=88.00 100.00 90.00 62.50 8.70 51.06 91.67 75.00 4.17 68.42 57.14 71.88 77.78 83.33 60.00 56.25 75.00 84.62 27.27 58.33 0.00 82.76 82.61 0.00 61.90 62.50 68.42 82.35 33.33 53.85 62.50
62.91=88.00 100.00 95.00 62.50 10.00 51.02 91.30 69.23 4.35 66.67 60.98 67.65 66.67 80.00 62.50 62.50 86.21 84.62 16.67 66.67 0.00 73.33 79.17 5.00 55.56 83.33 88.24 84.21 38.89 80.00 70.00
79.76=87.50 100.00 87.50 60.00 66.67 61.54 100.00 80.00 66.67 83.33 87.50 87.50 62.50 100.00 100.00 80.00 100.00 100.00 100.00 70.00 0.00 80.00 57.14 66.67 100.00 50.00 100.00 100.00 71.43 100.00 66.67
76.40=87.50 100.00 87.50 50.00 80.00 72.73 83.33 66.67 80.00 83.33 100.00 77.78 66.67 0.00 70.00 87.50 88.89 100.00 100.00 100.00 0.00 80.00 83.33 66.67 100.00 60.00 100.00 66.67 71.43 83.33 75.00
76.70=100.00 100.00 85.71 75.00 75.00 66.67 90.91 75.00 37.50 83.33 63.64 87.50 100.00 100.00 100.00 100.00 77.78 77.78 85.71 88.89 0.00 57.14 85.71 42.86 75.00 66.67 100.00 66.67 66.67 71.43 75.00
79.53=87.50 100.00 100.00 60.00 80.00 61.54 100.00 50.00 50.00 75.00 100.00 87.50 62.50 66.67 100.00 72.73 100.00 100.00 100.00 88.89 0.00 66.67 83.33 83.33 100.00 66.67 100.00 87.50 85.71 100.00 50.00
75.59=87.50 100.00 85.71 75.00 80.00 63.64 76.92 50.00 80.00 83.33 85.71 70.00 66.67 66.67 87.50 72.73 80.00 87.50 71.43 100.00 0.00 33.33 75.00 50.00 100.00 100.00 83.33 100.00 71.43 100.00 60.00
65.03=74.19 100.00 100.00 84.00 18.52 46.15 84.00 72.00 17.65 80.95 73.53 62.16 63.33 82.61 74.19 60.00 83.87 80.65 35.71 90.00 0.00 86.21 82.14 15.38 58.33 48.00 56.25 82.61 50.00 62.50 90.91
65.75=88.00 95.45 95.00 80.00 21.74 47.06 84.62 73.91 5.88 73.91 70.27 81.48 55.56 84.62 75.76 56.10 86.67 83.33 33.33 84.00 0.00 72.73 85.71 18.75 50.00 75.00 55.00 73.08 55.56 83.33 92.31
67.04=80.00 100.00 100.00 87.50 17.86 46.15 79.17 70.37 20.00 71.43 68.57 75.00 65.38 78.57 76.67 65.62 89.66 84.00 33.33 90.48 0.00 89.29 89.29 22.22 52.94 44.00 61.11 73.08 55.56 90.91 100.00
65.46=88.89 91.30 95.00 80.77 22.73 47.06 88.00 70.37 5.88 73.91 74.29 74.07 66.67 80.00 74.19 62.86 80.65 81.48 40.62 86.96 0.00 85.71 83.33 20.00 57.14 63.16 52.94 78.57 45.45 72.73 84.62
66.08=88.00 95.24 94.44 80.00 16.67 48.00 78.57 67.86 11.76 64.29 71.43 77.78 67.86 84.00 80.00 57.89 83.33 85.71 34.29 90.91 0.00 92.31 82.76 13.33 64.29 65.00 58.82 79.17 46.15 77.78 90.91
76.70=63.64 100.00 100.00 75.00 80.00 58.33 100.00 50.00 75.00 66.67 77.78 63.64 75.00 100.00 60.00 100.00 77.78 87.50 100.00 88.89 0.00 83.33 100.00 42.86 75.00 66.67 100.00 85.71 50.00 100.00 75.00
75.62=87.50 100.00 100.00 50.00 100.00 57.14 100.00 33.33 66.67 80.00 70.00 100.00 87.50 80.00 66.67 100.00 77.78 87.50 87.50 80.00 0.00 83.33 100.00 75.00 100.00 0.00 85.71 77.78 50.00 85.71 75.00
77.87=87.50 100.00 100.00 50.00 100.00 57.14 100.00 57.14 44.44 66.67 77.78 85.71 75.00 100.00 66.67 100.00 87.50 100.00 83.33 100.00 0.00 100.00 80.00 57.14 71.43 33.33 100.00 87.50 60.00 85.71 100.00
77.89=77.78 100.00 100.00 75.00 100.00 50.00 90.91 50.00 100.00 83.33 70.00 85.71 87.50 100.00 66.67 71.43 100.00 77.78 71.43 85.71 0.00 100.00 100.00 100.00 71.43 25.00 100.00 75.00 50.00 100.00 50.00
73.04=75.00 83.33 87.50 60.00 80.00 58.33 88.89 42.86 50.00 80.00 87.50 100.00 100.00 75.00 70.00 100.00 88.89 70.00 100.00 72.73 0.00 66.67 100.00 80.00 62.50 0.00 100.00 75.00 50.00 100.00 60.00
74.27=77.78 100.00 85.71 60.00 57.14 53.85 100.00 66.67 62.50 83.33 85.71 77.78 85.71 80.00 62.50 100.00 87.50 100.00 85.71 88.89 0.00 75.00 75.00 33.33 57.14 75.00 75.00 83.33 44.44 83.33 100.00
85.21=70.00 100.00 100.00 100.00 100.00 53.33 100.00 100.00 66.67 83.33 100.00 100.00 87.50 75.00 85.71 100.00 100.00 100.00 100.00 100.00 0.00 66.67 100.00 66.67 85.71 100.00 83.33 100.00 62.50 75.00 80.00
84.28=70.00 100.00 100.00 100.00 100.00 66.67 90.00 100.00 55.56 100.00 87.50 100.00 100.00 83.33 87.50 100.00 87.50 85.71 85.71 88.89 0.00 66.67 100.00 66.67 85.71 100.00 100.00 85.71 44.44 75.00 100.00
82.05=70.00 100.00 100.00 100.00 80.00 61.54 90.91 80.00 100.00 100.00 100.00 100.00 87.50 100.00 66.67 100.00 72.73 87.50 100.00 100.00 0.00 100.00 100.00 50.00 83.33 60.00 100.00 70.00 42.86 83.33 57.14
81.49=70.00 100.00 100.00 100.00 100.00 50.00 100.00 80.00 71.43 100.00 87.50 66.67 83.33 100.00 87.50 100.00 88.89 87.50 100.00 88.89 0.00 71.43 100.00 50.00 71.43 75.00 100.00 88.89 44.44 83.33 80.00
75.72=85.71 83.33 85.71 42.86 100.00 47.06 100.00 42.86 100.00 83.33 100.00 75.00 77.78 100.00 40.00 75.00 88.89 100.00 100.00 80.00 0.00 80.00 75.00 57.14 100.00 50.00 100.00 77.78 50.00 75.00 75.00
80.03=100.00 100.00 100.00 60.00 100.00 61.54 100.00 44.44 80.00 62.50 87.50 100.00 100.00 100.00 66.67 100.00 100.00 100.00 100.00 72.73 0.00 71.43 87.50 83.33 83.33 0.00 100.00 70.00 50.00 100.00 100.00
77.65=87.50 100.00 87.50 75.00 100.00 50.00 90.91 40.00 66.67 57.14 100.00 100.00 100.00 100.00 57.14 71.43 87.50 85.71 87.50 66.67 0.00 50.00 83.33 75.00 100.00 50.00 100.00 71.43 66.67 100.00 100.00
80.02=85.71 100.00 100.00 75.00 100.00 46.67 100.00 50.00 57.14 83.33 77.78 100.00 88.89 66.67 55.56 87.50 100.00 77.78 100.00 80.00 0.00 100.00 100.00 100.00 71.43 20.00 100.00 100.00 57.14 100.00 100.00
79.75=87.50 100.00 87.50 60.00 100.00 57.14 90.91 40.00 55.56 100.00 87.50 85.71 77.78 100.00 71.43 80.00 100.00 85.71 100.00 80.00 0.00 100.00 100.00 80.00 75.00 50.00 100.00 77.78 42.86 100.00 100.00
77.92=100.00 100.00 85.71 75.00 80.00 61.54 100.00 80.00 37.50 100.00 100.00 66.67 66.67 66.67 100.00 100.00 88.89 77.78 83.33 100.00 0.00 57.14 60.00 71.43 100.00 33.33 85.71 100.00 71.43 100.00 66.67
74.92=70.00 100.00 100.00 75.00 100.00 58.33 100.00 60.00 40.00 71.43 87.50 77.78 55.56 66.67 85.71 100.00 77.78 100.00 85.71 80.00 0.00 50.00 60.00 50.00 100.00 66.67 100.00 77.78 66.67 100.00 60.00
79.85=66.67 100.00 87.50 75.00 100.00 66.67 100.00 66.67 75.00 100.00 87.50 100.00 66.67 75.00 100.00 100.00 100.00 87.50 100.00 88.89 0.00 62.50 66.67 71.43 71.43 66.67 85.71 88.89 83.33 85.71 50.00
81.38=87.50 100.00 100.00 75.00 100.00 66.67 90.91 100.00 50.00 71.43 77.78 87.50 75.00 66.67 88.89 100.00 88.89 100.00 100.00 100.00 0.00 66.67 60.00 80.00 100.00 60.00 100.00 75.00 80.00 75.00 100.00
80.94=87.50 100.00 85.71 75.00 100.00 61.54 100.00 100.00 50.00 83.33 87.50 85.71 75.00 75.00 100.00 100.00 88.89 77.78 100.00 100.00 0.00 57.14 75.00 62.50 100.00 60.00 83.33 100.00 71.43 100.00 66.67
81.42=77.78 100.00 100.00 60.00 100.00 53.85 100.00 50.00 100.00 83.33 100.00 100.00 100.00 100.00 77.78 100.00 100.00 70.00 85.71 77.78 0.00 100.00 85.71 80.00 85.71 40.00 100.00 71.43 50.00 100.00 75.00
78.47=87.50 100.00 100.00 60.00 100.00 57.14 90.91 50.00 66.67 83.33 100.00 100.00 100.00 100.00 66.67 71.43 100.00 77.78 100.00 70.00 0.00 83.33 80.00 66.67 83.33 0.00 100.00 77.78 60.00 100.00 100.00
81.93=77.78 100.00 100.00 75.00 100.00 50.00 100.00 44.44 100.00 71.43 87.50 87.50 100.00 75.00 75.00 75.00 100.00 100.00 100.00 88.89 0.00 100.00 100.00 80.00 70.00 50.00 85.71 80.00 66.67 100.00 100.00
80.68=63.64 100.00 100.00 60.00 100.00 57.14 90.91 50.00 71.43 83.33 77.78 100.00 100.00 100.00 71.43 75.00 88.89 100.00 100.00 80.00 0.00 100.00 100.00 83.33 62.50 50.00 100.00 88.89 80.00 100.00 66.67
79.07=77.78 100.00 100.00 75.00 80.00 53.85 90.91 50.00 50.00 71.43 100.00 85.71 100.00 100.00 55.56 100.00 87.50 85.71 100.00 100.00 0.00 80.00 71.43 75.00 77.78 42.86 100.00 85.71 80.00 100.00 75.00
80.93=85.71 100.00 100.00 75.00 80.00 57.14 100.00 80.00 71.43 83.33 70.00 85.71 100.00 100.00 88.89 80.00 87.50 66.67 100.00 100.00 0.00 75.00 100.00 62.50 100.00 42.86 100.00 100.00 57.14 100.00 60.00
77.82=100.00 100.00 75.00 60.00 80.00 66.67 100.00 57.14 71.43 83.33 63.64 77.78 62.50 66.67 77.78 100.00 87.50 87.50 100.00 88.89 0.00 100.00 100.00 50.00 100.00 66.67 85.71 87.50 100.00 66.67 50.00
75.81=100.00 100.00 85.71 75.00 80.00 72.73 90.91 66.67 50.00 83.33 77.78 87.50 77.78 75.00 100.00 83.33 87.50 100.00 100.00 77.78 0.00 66.67 66.67 42.86 100.00 50.00 66.67 75.00 44.44 100.00 66.67
78.10=87.50 100.00 100.00 100.00 80.00 80.00 90.91 57.14 80.00 83.33 87.50 87.50 62.50 66.67 80.00 87.50 87.50 100.00 100.00 88.89 0.00 80.00 57.14 66.67 85.71 50.00 100.00 83.33 71.43 100.00 20.00
78.46=100.00 100.00 87.50 75.00 80.00 57.14 81.82 44.44 66.67 83.33 87.50 100.00 85.71 80.00 100.00 72.73 87.50 77.78 100.00 100.00 0.00 60.00 80.00 57.14 100.00 75.00 100.00 100.00 42.86 83.33 66.67
66.41=96.00 91.30 100.00 80.77 14.29 44.44 76.00 69.57 11.76 70.83 67.57 65.62 60.71 82.61 70.00 58.97 81.25 84.00 28.95 95.45 0.00 86.21 88.00 18.75 61.54 66.67 55.00 80.00 62.50 90.00 100.00
66.01=88.89 95.45 100.00 84.00 19.23 43.64 90.91 72.73 5.88 69.57 62.50 80.77 58.06 81.48 77.78 69.70 89.29 84.00 50.00 83.33 0.00 76.67 88.89 18.75 57.14 65.00 62.50 76.92 22.22 78.57 92.31
64.56=91.67 100.00 94.74 77.78 19.05 47.06 70.00 75.00 5.00 68.00 73.53 66.67 68.00 83.33 79.31 57.89 76.47 82.76 44.83 83.33 0.00 82.76 84.62 13.33 46.15 66.67 57.89 70.37 33.33 81.82 100.00
66.69=85.71 95.45 100.00 80.77 20.00 43.75 83.33 72.00 11.11 73.91 70.27 67.74 66.67 84.00 74.19 64.71 92.59 84.62 41.38 80.00 0.00 79.31 92.00 11.11 60.00 65.00 60.00 73.33 42.86 91.67 100.00
65.67=95.83 100.00 94.74 83.33 13.33 46.00 91.67 72.00 10.00 72.00 66.67 65.62 65.52 72.41 68.75 62.16 75.00 80.77 37.04 86.96 0.00 88.89 88.46 23.08 46.67 75.00 55.00 75.00 54.55 77.78 91.67
76.30=77.78 100.00 100.00 75.00 66.67 57.14 83.33 37.50 83.33 62.50 100.00 83.33 85.71 100.00 70.00 83.33 100.00 87.50 100.00 70.00 0.00 75.00 83.33 85.71 85.71 0.00 85.71 66.67 60.00 100.00 100.00
80.32=100.00 83.33 100.00 75.00 100.00 53.85 100.00 42.86 71.43 100.00 77.78 100.00 80.00 100.00 77.78 100.00 87.50 87.50 100.00 66.67 0.00 100.00 100.00 60.00 87.50 25.00 100.00 87.50 42.86 83.33 100.00
78.21=70.00 100.00 100.00 50.00 100.00 43.75 100.00 66.67 41.67 83.33 77.78 100.00 100.00 80.00 62.50 100.00 100.00 100.00 83.33 66.67 0.00 100.00 100.00 75.00 100.00 0.00 100.00 66.67 57.14 100.00 100.00
81.43=77.78 100.00 100.00 50.00 100.00 50.00 100.00 50.00 71.43 83.33 100.00 87.50 87.50 100.00 83.33 100.00 100.00 77.78 85.71 80.00 0.00 100.00 100.00 66.67 87.50 33.33 100.00 85.71 66.67 100.00 100.00
77.51=70.00 100.00 100.00 60.00 100.00 57.14 100.00 50.00 57.14 100.00 87.50 100.00 77.78 100.00 62.50 85.71 88.89 87.50 80.00 63.64 0.00 100.00 80.00 60.00 77.78 0.00 100.00 100.00 57.14 100.00 100.00
66.04=95.83 95.45 100.00 91.30 18.52 46.94 84.62 75.00 20.00 73.91 61.90 58.82 68.97 73.08 67.65 71.88 81.25 88.00 30.30 85.00 0.00 86.67 84.00 23.08 54.55 52.00 55.00 74.07 63.64 75.00 90.91
68.08=91.67 95.45 95.00 77.78 27.78 46.15 84.62 72.00 15.79 72.00 71.43 78.26 70.37 95.83 78.57 60.53 89.29 82.14 40.62 87.50 0.00 78.79 92.31 18.75 56.25 65.00 64.71 70.97 54.55 91.67 84.62
65.43=91.67 95.45 90.00 84.00 17.86 48.00 88.46 70.83 11.76 76.19 70.59 78.57 65.38 87.50 84.62 60.00 80.65 84.00 40.74 82.61 0.00 92.00 82.76 18.75 43.75 50.00 52.94 73.08 41.18 73.33 91.67
66.01=82.76 95.45 90.48 83.33 22.73 47.92 86.96 68.00 18.75 65.38 75.00 78.57 70.37 80.77 70.00 71.88 83.33 83.33 34.38 85.71 0.00 92.00 83.33 23.53 43.75 61.90 52.38 73.33 43.75 85.71 91.67
65.14=95.45 95.24 90.48 84.00 21.74 47.92 85.19 75.00 13.33 68.00 65.79 75.00 68.00 84.00 68.57 58.33 83.33 78.57 34.38 83.33 0.00 89.66 88.00 31.25 42.86 57.14 62.50 77.78 37.50 78.57 78.57
78.53=70.00 100.00 100.00 100.00 75.00 66.67 100.00 75.00 50.00 83.33 100.00 100.00 100.00 83.33 85.71 100.00 80.00 100.00 83.33 88.89 0.00 71.43 80.00 25.00 57.14 100.00 100.00 77.78 44.44 62.50 75.00
81.26=66.67 100.00 100.00 100.00 80.00 57.14 90.91 100.00 71.43 83.33 100.00 85.71 100.00 100.00 77.78 100.00 75.00 100.00 100.00 100.00 0.00 66.67 83.33 57.14 83.33 50.00 75.00 85.71 50.00 100.00 80.00
83.34=77.78 100.00 100.00 100.00 80.00 61.54 100.00 100.00 83.33 80.00 87.50 71.43 77.78 100.00 100.00 100.00 100.00 87.50 100.00 100.00 0.00 66.67 85.71 80.00 87.50 60.00 83.33 77.78 50.00 85.71 100.00
81.91=87.50 100.00 100.00 50.00 100.00 57.14 100.00 80.00 62.50 100.00 87.50 100.00 88.89 80.00 83.33 100.00 88.89 66.67 100.00 100.00 0.00 80.00 83.33 75.00 83.33 100.00 100.00 87.50 42.86 71.43 83.33
82.85=77.78 100.00 100.00 100.00 80.00 61.54 100.00 80.00 80.00 80.00 75.00 100.00 80.00 100.00 100.00 100.00 72.73 100.00 85.71 100.00 0.00 71.43 100.00 80.00 70.00 75.00 85.71 83.33 44.44 85.71 100.00
64.85=92.31 100.00 94.74 81.82 20.83 43.64 87.50 80.00 12.50 70.83 66.67 58.33 68.00 85.71 67.65 51.28 83.33 76.92 29.41 81.82 0.00 95.83 82.14 11.76 53.85 59.09 52.63 73.08 50.00 78.57 100.00
65.31=88.89 95.45 90.48 77.78 21.74 44.23 72.41 72.00 5.56 65.38 70.27 72.41 64.29 86.96 75.86 63.89 86.21 84.00 31.25 86.36 0.00 92.31 88.46 13.33 50.00 72.22 57.89 74.07 50.00 80.00 90.91
65.02=95.65 95.24 100.00 77.78 22.73 46.00 81.48 69.57 14.29 70.83 68.42 80.77 59.38 73.08 79.31 63.16 78.79 84.62 30.30 86.36 0.00 85.19 85.19 14.29 50.00 60.00 50.00 78.57 50.00 80.00 84.62
65.65=95.65 95.45 86.36 83.33 20.00 50.00 75.86 75.00 15.79 72.00 69.70 81.48 73.08 76.67 67.57 66.67 82.76 84.62 35.29 79.17 0.00 78.12 89.29 13.33 50.00 70.59 50.00 76.00 63.64 77.78 80.00
65.67=88.89 100.00 94.74 83.33 20.00 45.28 75.00 59.09 14.29 73.91 74.29 72.41 66.67 88.00 85.19 59.46 78.12 82.76 32.26 70.83 0.00 83.87 92.86 16.67 63.64 59.09 61.11 75.00 30.00 88.89 100.00
61.03=100.00 95.65 100.00 65.52 14.29 48.08 88.00 58.82 26.32 68.75 62.50 56.41 68.75 75.00 70.37 74.07 75.00 77.78 22.22 60.00 0.00 88.00 79.17 5.88 64.71 51.85 78.95 88.89 35.71 53.85 37.50
62.20=95.65 95.24 94.74 62.50 11.54 48.00 88.46 68.00 19.23 81.25 60.00 66.67 67.86 81.82 67.86 61.76 77.42 86.96 22.22 69.57 0.00 81.48 73.08 5.88 52.94 60.00 81.25 87.50 38.89 53.85 66.67
61.93=88.89 100.00 90.48 66.67 15.79 47.06 88.00 78.26 8.70 63.16 62.50 68.57 61.11 83.33 59.38 80.00 88.46 78.57 20.00 57.69 0.00 76.67 79.17 0.00 60.00 71.43 66.67 78.95 37.50 57.14 85.71
60.55=84.00 100.00 95.00 65.52 11.76 47.17 83.33 69.23 13.04 60.87 60.98 66.67 63.64 84.21 75.86 69.23 73.53 86.96 23.68 71.43 0.00 80.00 73.91 5.00 62.50 75.00 70.59 77.78 26.32 50.00 50.00
62.39=88.46 100.00 85.00 61.29 10.00 52.08 92.00 75.00 13.64 66.67 64.10 72.73 66.67 74.07 65.62 75.00 72.73 88.00 20.00 76.19 0.00 81.48 80.00 5.88 52.38 73.91 88.24 85.00 31.25 50.00 66.67
81.85=66.67 100.00 100.00 100.00 100.00 61.54 90.91 57.14 71.43 83.33 87.50 100.00 88.89 83.33 100.00 100.00 87.50 100.00 100.00 100.00 0.00 83.33 100.00 66.67 66.67 42.86 100.00 100.00 36.36 83.33 80.00
81.13=66.67 100.00 100.00 100.00 60.00 70.00 90.91 100.00 83.33 83.33 77.78 100.00 100.00 100.00 87.50 100.00 70.00 100.00 87.50 100.00 0.00 60.00 100.00 42.86 87.50 75.00 85.71 100.00 28.57 83.33 75.00
84.78=87.50 100.00 100.00 100.00 100.00 53.85 100.00 100.00 71.43 100.00 87.50 70.00 100.00 100.00 71.43 100.00 80.00 100.00 100.00 100.00 0.00 66.67 100.00 75.00 87.50 75.00 100.00 88.89 44.44 85.71 83.33
81.53=70.00 100.00 100.00 100.00 100.00 61.54 100.00 100.00 71.43 83.33 87.50 100.00 88.89 66.67 85.71 100.00 80.00 100.00 100.00 80.00 0.00 80.00 80.00 66.67 83.33 75.00 100.00 70.00 37.50 80.00 80.00
78.39=77.78 100.00 83.33 75.00 100.00 53.85 90.91 75.00 50.00 71.43 100.00 100.00 87.50 100.00 66.67 85.71 72.73 100.00 83.33 88.89 0.00 83.33 100.00 50.00 85.71 50.00 83.33 100.00 50.00 85.71 80.00
80.72=62.50 83.33 100.00 66.67 100.00 53.33 100.00 57.14 71.43 100.00 77.78 75.00 100.00 100.00 75.00 66.67 100.00 100.00 100.00 87.50 0.00 100.00 100.00 80.00 83.33 40.00 100.00 72.73 66.67 83.33 100.00
80.31=70.00 100.00 100.00 60.00 100.00 57.14 100.00 44.44 62.50 71.43 87.50 75.00 100.00 100.00 71.43 85.71 87.50 100.00 100.00 88.89 0.00 100.00 100.00 50.00 71.43 40.00 100.00 100.00 66.67 100.00 100.00
80.68=87.50 83.33 100.00 75.00 100.00 47.06 90.91 57.14 57.14 71.43 87.50 100.00 100.00 100.00 50.00 85.71 100.00 87.50 100.00 87.50 0.00 80.00 83.33 80.00 100.00 50.00 100.00 80.00 60.00 100.00 100.00
78.32=87.50 100.00 100.00 75.00 100.00 66.67 81.82 50.00 57.14 100.00 85.71 100.00 80.00 100.00 50.00 87.50 100.00 87.50 100.00 80.00 0.00 83.33 100.00 66.67 80.00 33.33 80.00 85.71 50.00 100.00 60.00
80.38=70.00 100.00 100.00 75.00 100.00 61.54 90.91 36.36 62.50 83.33 87.50 100.00 100.00 100.00 85.71 83.33 100.00 87.50 100.00 70.00 0.00 100.00 100.00 60.00 71.43 0.00 100.00 100.00 66.67 100.00 100.00
64.12=95.83 100.00 94.74 71.43 26.32 44.00 86.96 68.18 0.00 70.59 59.46 56.10 52.78 56.67 58.97 86.21 80.00 80.00 31.03 94.12 0.00 92.31 75.86 46.15 41.18 57.14 58.33 76.00 52.38 75.00 100.00
67.26=96.00 100.00 94.44 73.08 22.22 46.00 80.77 66.67 5.88 73.68 65.62 60.61 47.83 65.38 66.67 88.46 76.67 88.89 29.03 80.95 0.00 78.12 88.00 31.25 52.38 68.42 88.89 95.00 54.17 100.00 100.00
63.05=82.76 91.67 88.24 66.67 18.18 48.94 82.61 70.00 0.00 77.78 61.29 69.70 52.38 62.96 68.57 75.00 77.42 83.33 29.41 72.73 0.00 75.76 70.37 46.15 61.11 52.17 64.29 86.36 56.25 62.50 100.00
66.58=95.83 100.00 85.71 71.43 24.00 48.98 84.00 77.27 20.00 83.33 53.85 76.67 48.65 65.38 71.43 78.12 73.33 81.48 31.25 76.19 0.00 88.89 76.67 53.85 47.62 65.00 87.50 90.48 44.00 71.43 91.67
64.85=88.46 95.45 85.00 74.07 25.00 44.23 83.33 68.00 0.00 72.22 61.11 73.33 59.46 62.96 58.82 78.12 85.19 82.76 20.00 76.47 0.00 92.31 80.00 43.75 47.37 59.09 63.64 90.91 56.00 83.33 100.00
65.55=88.89 95.45 100.00 82.61 13.79 45.28 88.00 77.27 14.29 62.96 69.44 65.62 60.00 90.48 76.67 61.11 81.25 75.86 32.14 95.00 0.00 81.48 88.00 15.38 61.54 59.09 63.16 69.23 36.36 81.82 100.00
66.89=88.89 95.24 100.00 84.00 26.32 42.31 80.77 73.91 21.05 73.91 70.27 76.00 58.06 81.48 70.97 63.89 92.59 85.19 35.29 91.30 0.00 77.42 83.33 12.50 50.00 59.09 61.11 76.92 50.00 100.00 91.67
65.63=91.67 95.45 100.00 75.00 22.73 48.00 75.86 75.00 10.53 62.96 70.27 78.57 80.00 82.61 68.57 65.71 89.66 82.76 34.29 90.48 0.00 80.00 88.89 9.09 42.86 73.33 62.50 77.78 46.15 69.23 84.62
66.24=88.89 100.00 94.44 83.33 22.73 48.00 82.14 77.27 19.05 72.00 68.42 77.78 68.97 84.00 75.00 64.86 85.71 85.19 32.26 83.33 0.00 89.29 92.31 14.29 41.67 61.90 52.94 75.00 35.71 76.92 100.00
66.30=91.67 95.65 100.00 80.77 20.00 46.81 92.00 68.00 14.29 75.00 70.27 75.86 64.29 82.14 74.19 63.89 81.25 84.62 32.43 90.00 0.00 88.00 85.71 16.67 66.67 57.14 52.94 73.08 33.33 78.57 100.00
64.83=92.00 100.00 81.82 70.37 28.00 42.59 86.96 69.57 0.00 72.22 58.33 63.16 64.71 73.08 68.75 75.00 77.78 92.00 29.41 68.18 0.00 80.65 69.70 50.00 57.14 65.00 77.78 84.21 50.00 71.43 90.00
65.18=92.00 100.00 94.44 67.86 22.73 46.15 82.61 60.00 0.00 66.67 62.86 76.67 55.26 68.00 74.19 73.53 78.57 88.46 23.53 82.35 0.00 82.76 80.77 40.00 46.15 66.67 53.33 86.96 48.15 100.00 100.00
65.43=92.00 95.45 90.48 71.43 26.09 46.15 90.91 71.43 5.00 81.25 65.71 69.70 51.28 60.71 79.31 70.97 82.76 85.19 21.62 70.00 0.00 88.00 76.67 53.85 50.00 66.67 64.29 86.36 52.00 71.43 91.67
65.81=100.00 100.00 90.00 71.43 35.29 48.98 87.50 80.95 4.76 81.25 62.86 66.67 58.33 59.38 73.53 75.00 84.62 85.71 22.86 68.18 0.00 86.21 72.41 38.46 36.84 72.22 47.06 85.71 52.17 100.00 91.67
62.80=88.89 100.00 100.00 66.67 28.57 41.82 86.36 65.22 0.00 82.35 62.86 62.50 56.76 68.00 76.67 75.00 85.19 88.89 28.12 58.33 0.00 82.14 76.67 33.33 33.33 54.55 63.64 72.73 50.00 66.67 91.67
75.51=54.55 100.00 100.00 100.00 66.67 58.33 100.00 80.00 33.33 83.33 77.78 77.78 75.00 71.43 85.71 85.71 80.00 100.00 75.00 87.50 0.00 100.00 83.33 66.67 57.14 60.00 85.71 62.50 50.00 83.33 100.00
76.21=70.00 100.00 100.00 100.00 80.00 66.67 100.00 75.00 66.67 83.33 77.78 100.00 77.78 66.67 80.00 88.89 80.00 100.00 85.71 88.89 0.00 71.43 83.33 20.00 71.43 50.00 100.00 85.71 33.33 80.00 80.00
82.54=70.00 100.00 100.00 75.00 100.00 66.67 90.00 80.00 83.33 100.00 77.78 100.00 100.00 83.33 87.50 72.73 100.00 87.50 85.71 100.00 0.00 83.33 100.00 50.00 85.71 75.00 100.00 80.00 50.00 75.00 100.00
81.05=75.00 100.00 100.00 100.00 100.00 66.67 90.91 100.00 62.50 100.00 87.50 100.00 87.50 100.00 77.78 100.00 88.89 100.00 100.00 87.50 0.00 66.67 100.00 40.00 66.67 60.00 85.71 72.73 50.00 75.00 71.43
81.57=77.78 100.00 100.00 100.00 100.00 60.00 90.00 80.00 75.00 83.33 77.78 77.78 87.50 80.00 85.71 100.00 72.73 87.50 87.50 100.00 0.00 80.00 100.00 60.00 100.00 75.00 100.00 80.00 44.44 66.67 100.00
78.49=87.50 100.00 100.00 75.00 50.00 61.54 71.43 66.67 60.00 100.00 70.00 87.50 66.67 75.00 87.50 88.89 100.00 87.50 100.00 80.00 0.00 66.67 100.00 80.00 100.00 50.00 83.33 100.00 71.43 100.00 66.67
78.32=100.00 83.33 87.50 75.00 80.00 58.33 90.00 50.00 80.00 100.00 87.50 87.50 66.67 50.00 85.71 100.00 100.00 85.71 83.33 100.00 0.00 62.50 60.00 66.67 100.00 50.00 100.00 100.00 71.43 100.00 66.67
79.63=100.00 100.00 87.50 75.00 66.67 72.73 100.00 50.00 42.86 100.00 100.00 77.78 75.00 75.00 100.00 100.00 100.00 75.00 100.00 87.50 0.00 83.33 80.00 71.43 100.00 66.67 100.00 75.00 71.43 85.71 50.00
80.87=100.00 83.33 77.78 100.00 100.00 66.67 90.00 66.67 66.67 83.33 87.50 87.50 66.67 83.33 100.00 100.00 100.00 75.00 100.00 80.00 0.00 80.00 66.67 83.33 85.71 75.00 100.00 100.00 60.00 75.00 66.67
77.83=87.50 100.00 85.71 75.00 80.00 70.00 100.00 80.00 80.00 66.67 77.78 71.43 66.67 66.67 80.00 87.50 80.00 100.00 83.33 88.89 0.00 66.67 75.00 62.50 100.00 50.00 100.00 85.71 60.00 85.71 100.00
