76.33=87.50 100.00 100.00 100.00 66.67 60.00 100.00 57.14 50.00 100.00 87.50 60.00 77.78 62.50 75.00 85.71 100.00 100.00 40.00 100.00 66.67 50.00 57.14 66.67 40.00 100.00 100.00 80.00 62.50 83.33 50.00
78.85=85.71 100.00 100.00 100.00 57.14 77.78 100.00 37.50 83.33 100.00 87.50 77.78 83.33 83.33 0.00 100.00 88.89 100.00 45.45 88.89 66.67 100.00 50.00 100.00 85.71 66.67 100.00 71.43 57.14 83.33 66.67
81.78=87.50 100.00 100.00 100.00 100.00 72.73 76.92 28.57 71.43 71.43 77.78 87.50 71.43 83.33 50.00 87.50 87.50 100.00 41.67 100.00 100.00 100.00 80.00 100.00 71.43 100.00 100.00 75.00 83.33 80.00 50.00
81.57=100.00 100.00 100.00 100.00 80.00 66.67 90.91 57.14 100.00 100.00 87.50 75.00 80.00 83.33 66.67 100.00 87.50 85.71 46.15 88.89 100.00 100.00 71.43 83.33 100.00 50.00 85.71 71.43 71.43 50.00 50.00
85.71=100.00 100.00 100.00 75.00 100.00 72.73 100.00 66.67 100.00 83.33 100.00 100.00 100.00 80.00 100.00 87.50 88.89 100.00 58.33 72.73 100.00 80.00 66.67 71.43 71.43 66.67 100.00 88.89 83.33 83.33 60.00
76.34=85.71 100.00 100.00 75.00 50.00 66.67 100.00 50.00 50.00 100.00 77.78 66.67 87.50 66.67 100.00 88.89 87.50 77.78 63.64 88.89 80.00 50.00 100.00 44.44 87.50 100.00 71.43 71.43 60.00 85.71 33.33
74.73=70.00 100.00 83.33 40.00 100.00 75.00 87.50 60.00 42.86 62.50 100.00 83.33 85.71 16.67 100.00 100.00 80.00 77.78 54.55 100.00 66.67 100.00 75.00 33.33 83.33 60.00 100.00 100.00 66.67 62.50 50.00
78.34=70.00 83.33 80.00 100.00 80.00 72.73 100.00 42.86 83.33 66.67 77.78 85.71 66.67 50.00 100.00 100.00 75.00 85.71 50.00 88.89 80.00 83.33 75.00 75.00 100.00 66.67 85.71 100.00 75.00 62.50 66.67
76.59=77.78 100.00 100.00 75.00 100.00 60.00 88.89 75.00 83.33 80.00 100.00 75.00 75.00 57.14 0.00 100.00 88.89 77.78 50.00 80.00 66.67 100.00 75.00 50.00 80.00 100.00 85.71 75.00 62.50 85.71 50.00
78.92=77.78 100.00 83.33 75.00 100.00 77.78 90.00 100.00 100.00 80.00 77.78 87.50 75.00 57.14 71.43 91.67 66.67 100.00 38.46 63.64 66.67 100.00 100.00 50.00 66.67 0.00 100.00 100.00 66.67 83.33 100.00
80.29=100.00 100.00 100.00 100.00 100.00 66.67 75.00 66.67 60.00 100.00 100.00 66.67 85.71 100.00 100.00 100.00 75.00 100.00 40.00 66.67 66.67 66.67 66.67 60.00 0.00 100.00 100.00 100.00 60.00 66.67 100.00
75.33=60.00 100.00 100.00 100.00 100.00 50.00 100.00 33.33 100.00 50.00 75.00 66.67 71.43 66.67 100.00 100.00 66.67 100.00 33.33 100.00 100.00 75.00 80.00 57.14 0.00 50.00 100.00 100.00 100.00 100.00 0.00
79.01=75.00 100.00 100.00 100.00 100.00 100.00 66.67 50.00 75.00 66.67 75.00 100.00 80.00 75.00 83.33 100.00 66.67 66.67 40.00 66.67 100.00 100.00 62.50 100.00 25.00 100.00 100.00 100.00 75.00 100.00 0.00
75.69=75.00 100.00 100.00 100.00 100.00 100.00 100.00 50.00 50.00 66.67 75.00 66.67 71.43 100.00 100.00 75.00 100.00 100.00 40.00 66.67 100.00 42.86 57.14 60.00 0.00 100.00 75.00 100.00 75.00 100.00 0.00
84.34=100.00 100.00 100.00 100.00 100.00 100.00 100.00 60.00 100.00 80.00 100.00 66.67 71.43 75.00 100.00 80.00 75.00 100.00 33.33 100.00 100.00 100.00 71.43 75.00 0.00 66.67 100.00 100.00 60.00 100.00 100.00
84.93=100.00 100.00 100.00 100.00 100.00 100.00 100.00 100.00 100.00 100.00 100.00 40.00 100.00 57.14 100.00 100.00 75.00 66.67 50.00 100.00 100.00 80.00 62.50 80.00 0.00 100.00 80.00 100.00 75.00 100.00 66.67
89.46=75.00 100.00 100.00 100.00 100.00 40.00 100.00 100.00 100.00 100.00 100.00 66.67 100.00 80.00 100.00 100.00 75.00 66.67 100.00 40.00 100.00 100.00 100.00 80.00 50.00 100.00 100.00 100.00 100.00 100.00 100.00
82.67=100.00 100.00 100.00 100.00 100.00 42.86 66.67 100.00 100.00 80.00 100.00 50.00 100.00 60.00 75.00 100.00 75.00 66.67 66.67 66.67 100.00 100.00 100.00 75.00 0.00 100.00 100.00 100.00 71.43 100.00 66.67
82.85=100.00 100.00 100.00 75.00 100.00 60.00 100.00 100.00 100.00 80.00 100.00 66.67 66.67 100.00 75.00 100.00 75.00 66.67 33.33 50.00 100.00 80.00 80.00 100.00 0.00 100.00 100.00 100.00 60.00 100.00 100.00
87.24=100.00 100.00 83.33 75.00 100.00 42.86 100.00 75.00 100.00 100.00 100.00 33.33 80.00 100.00 100.00 100.00 75.00 66.67 66.67 100.00 100.00 80.00 100.00 80.00 66.67 100.00 100.00 100.00 80.00 100.00 100.00
82.50=100.00 100.00 100.00 100.00 100.00 100.00 100.00 100.00 0.00 66.67 100.00 100.00 85.71 50.00 100.00 100.00 50.00 33.33 40.00 100.00 100.00 40.00 83.33 100.00 33.33 100.00 100.00 100.00 100.00 100.00 75.00
86.77=100.00 100.00 100.00 66.67 100.00 75.00 75.00 100.00 100.00 100.00 75.00 50.00 100.00 80.00 100.00 100.00 75.00 40.00 40.00 100.00 100.00 80.00 100.00 100.00 33.33 100.00 100.00 100.00 100.00 100.00 100.00
83.28=75.00 100.00 100.00 100.00 100.00 75.00 100.00 75.00 66.67 80.00 100.00 50.00 80.00 80.00 100.00 100.00 75.00 66.67 66.67 50.00 100.00 75.00 100.00 100.00 33.33 33.33 100.00 100.00 100.00 100.00 100.00
83.54=75.00 100.00 100.00 100.00 100.00 60.00 100.00 100.00 0.00 100.00 75.00 50.00 100.00 66.67 85.71 100.00 75.00 100.00 50.00 50.00 50.00 66.67 100.00 100.00 100.00 100.00 100.00 85.71 100.00 100.00 100.00
85.11=75.00 100.00 83.33 100.00 100.00 100.00 75.00 100.00 100.00 80.00 75.00 50.00 80.00 80.00 100.00 100.00 66.67 100.00 100.00 40.00 100.00 75.00 83.33 75.00 50.00 50.00 100.00 100.00 100.00 100.00 100.00
82.53=77.78 100.00 100.00 100.00 100.00 83.33 100.00 60.00 0.00 62.50 87.50 66.67 87.50 100.00 80.00 100.00 100.00 100.00 46.67 88.89 100.00 57.14 85.71 71.43 80.00 100.00 100.00 100.00 40.00 83.33 100.00
82.92=70.00 100.00 100.00 60.00 80.00 80.00 76.92 80.00 66.67 80.00 100.00 87.50 77.78 60.00 80.00 100.00 100.00 75.00 70.00 72.73 100.00 66.67 100.00 80.00 66.67 100.00 100.00 100.00 57.14 83.33 100.00
84.93=70.00 100.00 100.00 100.00 80.00 66.67 71.43 75.00 100.00 62.50 100.00 100.00 87.50 100.00 85.71 100.00 88.89 87.50 58.33 72.73 100.00 80.00 85.71 100.00 100.00 100.00 83.33 66.67 75.00 85.71 50.00
84.64=63.64 100.00 100.00 100.00 100.00 80.00 100.00 66.67 66.67 71.43 100.00 87.50 100.00 100.00 71.43 100.00 100.00 100.00 54.55 88.89 100.00 66.67 66.67 71.43 100.00 66.67 100.00 87.50 57.14 57.14 100.00
78.67=70.00 83.33 100.00 100.00 100.00 66.67 80.00 60.00 50.00 71.43 70.00 100.00 100.00 62.50 66.67 100.00 77.78 83.33 53.85 80.00 100.00 66.67 71.43 80.00 80.00 33.33 100.00 88.89 42.86 100.00 100.00
75.05=100.00 80.00 100.00 100.00 100.00 70.00 81.82 10.34 33.33 100.00 100.00 50.00 83.33 66.67 66.67 87.50 83.33 83.33 55.56 88.89 100.00 50.00 30.77 100.00 80.00 50.00 83.33 100.00 83.33 83.33 25.00
82.53=87.50 100.00 85.71 75.00 80.00 72.73 100.00 57.14 62.50 100.00 87.50 100.00 100.00 80.00 71.43 87.50 77.78 100.00 41.67 72.73 100.00 100.00 100.00 60.00 80.00 100.00 100.00 100.00 62.50 66.67 50.00
82.07=87.50 100.00 100.00 100.00 100.00 63.64 90.91 50.00 100.00 80.00 87.50 66.67 75.00 71.43 57.14 87.50 75.00 87.50 54.55 80.00 100.00 83.33 100.00 83.33 85.71 75.00 100.00 85.71 66.67 100.00 50.00
87.21=87.50 100.00 100.00 100.00 75.00 70.00 83.33 80.00 100.00 100.00 100.00 100.00 85.71 100.00 85.71 100.00 88.89 85.71 60.00 80.00 80.00 71.43 100.00 83.33 87.50 75.00 83.33 77.78 80.00 83.33 100.00
83.32=87.50 100.00 100.00 66.67 80.00 72.73 83.33 57.14 71.43 83.33 87.50 100.00 100.00 100.00 100.00 100.00 88.89 100.00 41.67 80.00 100.00 100.00 80.00 71.43 66.67 66.67 100.00 80.00 71.43 80.00 66.67
80.04=100.00 100.00 100.00 0.00 100.00 60.00 100.00 15.38 0.00 100.00 100.00 100.00 100.00 60.00 100.00 85.71 100.00 100.00 50.00 66.67 100.00 80.00 83.33 75.00 50.00 100.00 100.00 100.00 80.00 100.00 75.00
81.96=75.00 100.00 100.00 100.00 100.00 50.00 100.00 100.00 100.00 66.67 75.00 66.67 80.00 80.00 100.00 85.71 60.00 66.67 66.67 66.67 100.00 66.67 100.00 60.00 50.00 66.67 100.00 100.00 75.00 83.33 100.00
86.08=75.00 100.00 100.00 66.67 100.00 75.00 100.00 66.67 100.00 75.00 100.00 66.67 100.00 80.00 100.00 100.00 75.00 100.00 50.00 100.00 100.00 75.00 83.33 100.00 33.33 66.67 80.00 100.00 100.00 100.00 100.00
87.39=66.67 100.00 100.00 75.00 100.00 100.00 100.00 100.00 100.00 80.00 100.00 66.67 100.00 100.00 85.71 100.00 60.00 100.00 50.00 50.00 100.00 75.00 100.00 100.00 50.00 50.00 100.00 100.00 100.00 100.00 100.00
89.19=100.00 100.00 100.00 100.00 100.00 75.00 100.00 100.00 100.00 80.00 100.00 66.67 83.33 66.67 100.00 100.00 75.00 100.00 66.67 66.67 100.00 75.00 100.00 60.00 50.00 100.00 100.00 100.00 100.00 100.00 100.00
88.39=100.00 100.00 100.00 75.00 100.00 60.00 75.00 25.00 75.00 80.00 100.00 100.00 100.00 75.00 100.00 100.00 75.00 100.00 50.00 100.00 100.00 100.00 83.33 100.00 100.00 66.67 100.00 100.00 100.00 100.00 100.00
90.22=100.00 83.33 100.00 100.00 100.00 50.00 100.00 75.00 100.00 100.00 100.00 100.00 100.00 100.00 100.00 100.00 75.00 100.00 50.00 66.67 100.00 80.00 83.33 100.00 50.00 100.00 100.00 100.00 83.33 100.00 100.00
90.32=75.00 100.00 100.00 50.00 100.00 75.00 100.00 75.00 100.00 66.67 100.00 100.00 83.33 75.00 100.00 100.00 100.00 100.00 66.67 100.00 100.00 66.67 100.00 100.00 100.00 66.67 100.00 100.00 100.00 100.00 100.00
85.57=100.00 100.00 100.00 60.00 100.00 50.00 100.00 100.00 100.00 100.00 75.00 66.67 100.00 100.00 100.00 100.00 75.00 100.00 40.00 66.67 100.00 75.00 100.00 66.67 0.00 100.00 100.00 77.78 100.00 100.00 100.00
89.57=100.00 100.00 100.00 100.00 100.00 50.00 100.00 100.00 100.00 80.00 100.00 50.00 80.00 75.00 100.00 100.00 75.00 100.00 66.67 66.67 100.00 75.00 100.00 75.00 100.00 100.00 100.00 100.00 100.00 83.33 100.00
76.25=100.00 83.33 100.00 100.00 100.00 70.00 87.50 10.71 75.00 75.00 100.00 75.00 33.33 40.00 50.00 88.89 100.00 100.00 55.56 100.00 75.00 66.67 60.00 57.14 100.00 100.00 100.00 100.00 71.43 75.00 14.29
87.04=77.78 83.33 100.00 100.00 100.00 72.73 100.00 50.00 83.33 100.00 87.50 100.00 100.00 83.33 62.50 87.50 88.89 100.00 70.00 88.89 100.00 80.00 100.00 100.00 83.33 100.00 75.00 85.71 83.33 80.00 75.00
84.30=87.50 100.00 100.00 75.00 100.00 63.64 83.33 66.67 80.00 83.33 87.50 100.00 100.00 60.00 83.33 75.00 80.00 100.00 46.67 100.00 100.00 100.00 100.00 100.00 80.00 60.00 100.00 88.89 66.67 85.71 60.00
88.93=87.50 100.00 100.00 60.00 100.00 70.00 90.00 50.00 100.00 100.00 100.00 87.50 100.00 100.00 100.00 100.00 87.50 100.00 53.85 80.00 100.00 100.00 83.33 75.00 100.00 60.00 100.00 88.89 83.33 100.00 100.00
85.54=87.50 100.00 100.00 100.00 80.00 66.67 100.00 42.86 83.33 71.43 87.50 100.00 87.50 83.33 75.00 100.00 87.50 100.00 43.75 100.00 100.00 100.00 57.14 100.00 100.00 50.00 100.00 87.50 100.00 85.71 75.00
89.75=100.00 100.00 100.00 100.00 100.00 75.00 100.00 25.00 66.67 100.00 100.00 100.00 100.00 66.67 100.00 100.00 100.00 100.00 66.67 66.67 100.00 100.00 85.71 80.00 50.00 100.00 100.00 100.00 100.00 100.00 100.00
89.46=75.00 100.00 100.00 100.00 100.00 75.00 100.00 100.00 100.00 80.00 100.00 50.00 100.00 80.00 100.00 100.00 75.00 100.00 50.00 100.00 100.00 75.00 100.00 80.00 33.33 100.00 100.00 100.00 100.00 100.00 100.00
89.06=100.00 100.00 100.00 100.00 100.00 75.00 100.00 100.00 100.00 100.00 60.00 100.00 100.00 80.00 87.50 100.00 75.00 100.00 66.67 50.00 100.00 66.67 100.00 100.00 50.00 50.00 100.00 100.00 100.00 100.00 100.00
86.42=100.00 100.00 100.00 66.67 100.00 100.00 100.00 75.00 100.00 80.00 100.00 100.00 83.33 80.00 100.00 100.00 50.00 100.00 50.00 66.67 100.00 75.00 85.71 100.00 33.33 50.00 100.00 100.00 83.33 100.00 100.00
90.13=75.00 100.00 100.00 100.00 100.00 75.00 100.00 100.00 100.00 100.00 75.00 66.67 100.00 100.00 85.71 100.00 75.00 100.00 66.67 66.67 100.00 100.00 100.00 100.00 25.00 100.00 100.00 100.00 83.33 100.00 100.00
87.11=100.00 100.00 100.00 100.00 100.00 75.00 75.00 25.00 80.00 100.00 100.00 100.00 100.00 100.00 88.89 75.00 75.00 66.67 40.00 100.00 100.00 100.00 100.00 100.00 0.00 100.00 100.00 100.00 100.00 100.00 100.00
88.33=100.00 100.00 100.00 100.00 100.00 50.00 100.00 100.00 100.00 100.00 60.00 66.67 100.00 100.00 100.00 100.00 75.00 66.67 40.00 100.00 100.00 80.00 100.00 100.00 0.00 100.00 100.00 100.00 100.00 100.00 100.00
89.46=100.00 100.00 100.00 100.00 100.00 50.00 100.00 75.00 100.00 80.00 100.00 66.67 100.00 100.00 83.33 100.00 75.00 100.00 50.00 100.00 100.00 100.00 100.00 100.00 33.33 100.00 80.00 100.00 80.00 100.00 100.00
88.06=100.00 100.00 100.00 100.00 100.00 50.00 75.00 75.00 100.00 100.00 100.00 66.67 100.00 100.00 100.00 100.00 100.00 100.00 33.33 50.00 100.00 100.00 100.00 100.00 0.00 100.00 100.00 100.00 80.00 100.00 100.00
88.87=100.00 100.00 100.00 75.00 75.00 75.00 75.00 100.00 100.00 100.00 100.00 66.67 100.00 100.00 75.00 100.00 100.00 100.00 50.00 66.67 100.00 100.00 100.00 100.00 50.00 66.67 100.00 100.00 80.00 100.00 100.00
84.79=100.00 100.00 100.00 75.00 100.00 80.00 100.00 14.81 62.50 100.00 100.00 100.00 71.43 75.00 66.67 100.00 100.00 100.00 75.00 80.00 100.00 60.00 71.43 100.00 75.00 100.00 100.00 100.00 80.00 75.00 66.67
88.53=100.00 100.00 100.00 75.00 80.00 72.73 100.00 66.67 83.33 100.00 100.00 100.00 85.71 75.00 100.00 88.89 80.00 100.00 50.00 80.00 100.00 100.00 100.00 85.71 85.71 100.00 85.71 83.33 100.00 100.00 66.67
86.44=85.71 71.43 100.00 75.00 100.00 80.00 90.91 33.33 100.00 100.00 100.00 100.00 77.78 66.67 100.00 100.00 72.73 100.00 46.15 100.00 100.00 83.33 100.00 100.00 100.00 75.00 100.00 80.00 66.67 75.00 100.00
85.23=87.50 100.00 100.00 60.00 100.00 72.73 100.00 44.44 100.00 100.00 87.50 87.50 85.71 80.00 71.43 100.00 88.89 100.00 50.00 87.50 100.00 100.00 80.00 83.33 85.71 60.00 100.00 83.33 100.00 80.00 66.67
86.67=87.50 100.00 100.00 100.00 100.00 70.00 90.91 57.14 100.00 100.00 87.50 87.50 60.00 100.00 75.00 87.50 88.89 100.00 54.55 88.89 100.00 66.67 100.00 85.71 83.33 60.00 100.00 100.00 55.56 100.00 100.00
84.73=100.00 100.00 100.00 100.00 75.00 100.00 100.00 30.00 50.00 100.00 100.00 100.00 100.00 80.00 100.00 100.00 100.00 40.00 50.00 100.00 100.00 100.00 75.00 80.00 0.00 66.67 100.00 100.00 100.00 80.00 100.00
78.04=100.00 100.00 100.00 100.00 100.00 75.00 100.00 50.00 66.67 66.67 100.00 50.00 100.00 80.00 75.00 100.00 60.00 100.00 50.00 50.00 66.67 75.00 100.00 75.00 0.00 50.00 100.00 87.50 75.00 66.67 100.00
81.22=100.00 100.00 100.00 100.00 100.00 100.00 100.00 75.00 100.00 100.00 75.00 66.67 83.33 100.00 77.78 60.00 75.00 100.00 40.00 50.00 100.00 80.00 80.00 80.00 0.00 0.00 100.00 100.00 75.00 100.00 100.00
88.94=100.00 100.00 100.00 100.00 100.00 100.00 100.00 75.00 100.00 100.00 100.00 66.67 83.33 100.00 88.89 100.00 60.00 100.00 50.00 100.00 100.00 66.67 100.00 66.67 0.00 100.00 100.00 100.00 100.00 100.00 100.00
83.28=100.00 100.00 100.00 50.00 100.00 75.00 100.00 50.00 75.00 100.00 100.00 100.00 100.00 80.00 100.00 80.00 60.00 100.00 40.00 66.67 100.00 100.00 100.00 80.00 0.00 100.00 100.00 100.00 75.00 50.00 100.00
77.83=87.50 100.00 100.00 100.00 100.00 71.43 77.78 7.89 60.00 100.00 100.00 100.00 63.64 100.00 55.56 75.00 100.00 100.00 85.71 80.00 100.00 100.00 60.00 50.00 0.00 0.00 100.00 100.00 66.67 71.43 100.00
84.27=70.00 100.00 87.50 75.00 100.00 80.00 90.91 50.00 60.00 100.00 87.50 100.00 100.00 100.00 66.67 100.00 77.78 100.00 66.67 72.73 100.00 80.00 85.71 57.14 71.43 100.00 100.00 100.00 66.67 66.67 100.00
87.45=63.64 100.00 100.00 100.00 100.00 88.89 100.00 66.67 100.00 100.00 87.50 100.00 100.00 71.43 75.00 100.00 100.00 100.00 63.64 72.73 100.00 80.00 85.71 80.00 83.33 50.00 100.00 100.00 62.50 80.00 100.00
87.00=66.67 100.00 100.00 100.00 100.00 87.50 100.00 60.00 100.00 100.00 77.78 87.50 70.00 71.43 87.50 83.33 100.00 100.00 58.33 88.89 100.00 83.33 71.43 71.43 100.00 100.00 85.71 88.89 57.14 100.00 100.00
86.67=70.00 100.00 100.00 100.00 100.00 77.78 90.91 66.67 66.67 100.00 87.50 100.00 100.00 71.43 75.00 100.00 88.89 100.00 63.64 66.67 100.00 75.00 75.00 83.33 80.00 100.00 100.00 100.00 62.50 85.71 100.00
83.44=75.00 100.00 100.00 75.00 100.00 75.00 60.00 75.00 75.00 100.00 100.00 100.00 100.00 100.00 70.00 66.67 60.00 100.00 50.00 50.00 100.00 80.00 100.00 100.00 0.00 100.00 100.00 100.00 100.00 75.00 100.00
85.39=75.00 100.00 100.00 100.00 100.00 100.00 100.00 60.00 100.00 100.00 75.00 100.00 83.33 66.67 88.89 100.00 40.00 100.00 50.00 100.00 100.00 100.00 100.00 66.67 0.00 100.00 100.00 100.00 75.00 66.67 100.00
84.19=100.00 100.00 100.00 75.00 100.00 75.00 100.00 60.00 100.00 100.00 75.00 100.00 71.43 66.67 100.00 80.00 40.00 100.00 50.00 66.67 100.00 100.00 100.00 100.00 0.00 100.00 100.00 100.00 100.00 50.00 100.00
84.86=100.00 100.00 100.00 100.00 100.00 100.00 100.00 60.00 100.00 100.00 100.00 100.00 83.33 66.67 88.89 80.00 50.00 100.00 50.00 66.67 100.00 60.00 100.00 100.00 0.00 100.00 100.00 100.00 75.00 50.00 100.00
83.33=100.00 100.00 100.00 75.00 100.00 75.00 75.00 50.00 75.00 80.00 100.00 100.00 100.00 100.00 100.00 100.00 50.00 100.00 40.00 100.00 100.00 100.00 85.71 75.00 0.00 100.00 100.00 85.71 66.67 50.00 100.00
89.06=100.00 100.00 100.00 100.00 100.00 100.00 100.00 25.00 100.00 75.00 100.00 100.00 83.33 75.00 100.00 85.71 100.00 100.00 66.67 50.00 100.00 100.00 100.00 100.00 33.33 66.67 100.00 100.00 100.00 100.00 100.00
89.56=75.00 100.00 100.00 100.00 100.00 75.00 100.00 100.00 100.00 100.00 100.00 100.00 100.00 100.00 100.00 85.71 75.00 100.00 50.00 50.00 100.00 80.00 100.00 100.00 50.00 66.67 100.00 85.71 83.33 100.00 100.00
88.71=75.00 100.00 100.00 100.00 100.00 60.00 100.00 100.00 100.00 80.00 100.00 66.67 100.00 80.00 100.00 100.00 75.00 100.00 66.67 66.67 100.00 100.00 100.00 80.00 33.33 66.67 100.00 100.00 100.00 100.00 100.00
91.34=100.00 100.00 100.00 100.00 100.00 100.00 100.00 60.00 100.00 100.00 100.00 66.67 83.33 100.00 100.00 100.00 75.00 100.00 50.00 100.00 100.00 66.67 100.00 80.00 50.00 100.00 100.00 100.00 100.00 100.00 100.00
90.21=100.00 100.00 100.00 75.00 100.00 75.00 100.00 75.00 100.00 75.00 75.00 100.00 100.00 100.00 100.00 100.00 100.00 100.00 66.67 66.67 100.00 100.00 83.33 100.00 33.33 100.00 100.00 100.00 71.43 100.00 100.00
86.61=85.71 100.00 100.00 100.00 100.00 77.78 100.00 17.39 100.00 100.00 100.00 77.78 80.00 100.00 63.64 72.73 100.00 100.00 75.00 80.00 100.00 83.33 71.43 100.00 100.00 66.67 100.00 100.00 83.33 100.00 50.00
84.17=100.00 83.33 100.00 75.00 80.00 63.64 100.00 50.00 83.33 83.33 100.00 100.00 100.00 75.00 83.33 88.89 87.50 100.00 53.85 100.00 100.00 100.00 83.33 66.67 100.00 50.00 100.00 88.89 71.43 66.67 75.00
88.57=100.00 100.00 100.00 100.00 100.00 77.78 100.00 50.00 100.00 100.00 85.71 75.00 75.00 71.43 100.00 100.00 88.89 100.00 53.85 100.00 100.00 100.00 80.00 83.33 100.00 75.00 85.71 88.89 80.00 75.00 100.00
88.09=100.00 100.00 100.00 75.00 100.00 88.89 90.91 42.86 100.00 100.00 87.50 100.00 85.71 100.00 100.00 88.89 77.78 100.00 53.85 100.00 100.00 100.00 80.00 83.33 83.33 50.00 100.00 100.00 71.43 71.43 100.00
87.57=87.50 100.00 100.00 100.00 80.00 80.00 100.00 57.14 100.00 100.00 87.50 87.50 83.33 62.50 77.78 90.00 80.00 100.00 50.00 100.00 100.00 83.33 100.00 100.00 100.00 60.00 85.71 87.50 75.00 100.00 100.00
87.96=100.00 100.00 100.00 75.00 100.00 75.00 100.00 33.33 100.00 100.00 100.00 100.00 83.33 75.00 100.00 100.00 75.00 100.00 50.00 100.00 100.00 100.00 100.00 80.00 0.00 100.00 100.00 100.00 100.00 80.00 100.00
91.10=100.00 100.00 100.00 75.00 100.00 75.00 100.00 100.00 80.00 100.00 100.00 66.67 83.33 75.00 87.50 100.00 75.00 100.00 66.67 100.00 100.00 100.00 100.00 100.00 100.00 100.00 80.00 100.00 80.00 80.00 100.00
90.00=100.00 100.00 100.00 100.00 100.00 60.00 100.00 100.00 100.00 100.00 100.00 66.67 100.00 100.00 75.00 100.00 75.00 100.00 50.00 100.00 100.00 80.00 100.00 100.00 0.00 100.00 100.00 100.00 100.00 83.33 100.00
90.18=100.00 100.00 100.00 100.00 100.00 100.00 100.00 75.00 100.00 100.00 100.00 100.00 83.33 100.00 100.00 100.00 75.00 100.00 50.00 66.67 100.00 100.00 85.71 80.00 0.00 100.00 100.00 100.00 100.00 80.00 100.00
89.03=100.00 100.00 100.00 100.00 100.00 60.00 100.00 75.00 75.00 100.00 75.00 66.67 100.00 100.00 100.00 100.00 100.00 100.00 50.00 100.00 100.00 75.00 100.00 100.00 0.00 100.00 100.00 100.00 100.00 83.33 100.00
84.03=100.00 100.00 100.00 75.00 100.00 100.00 100.00 28.57 60.00 100.00 100.00 100.00 100.00 75.00 100.00 100.00 60.00 100.00 33.33 66.67 100.00 100.00 71.43 75.00 0.00 100.00 100.00 100.00 100.00 60.00 100.00
87.18=100.00 100.00 100.00 100.00 100.00 100.00 75.00 50.00 100.00 100.00 100.00 100.00 100.00 60.00 87.50 75.00 100.00 100.00 40.00 100.00 100.00 100.00 80.00 80.00 0.00 100.00 100.00 100.00 75.00 80.00 100.00
87.69=100.00 100.00 100.00 100.00 100.00 75.00 100.00 50.00 100.00 100.00 100.00 100.00 83.33 66.67 100.00 100.00 60.00 100.00 40.00 100.00 100.00 100.00 83.33 100.00 0.00 100.00 100.00 100.00 100.00 60.00 100.00
90.33=100.00 100.00 100.00 100.00 100.00 100.00 100.00 75.00 100.00 100.00 100.00 100.00 85.71 80.00 100.00 100.00 42.86 100.00 50.00 100.00 100.00 100.00 100.00 100.00 0.00 100.00 100.00 100.00 100.00 66.67 100.00
84.89=100.00 100.00 100.00 100.00 100.00 100.00 100.00 50.00 100.00 66.67 75.00 100.00 100.00 75.00 100.00 100.00 66.67 100.00 50.00 66.67 100.00 40.00 100.00 100.00 0.00 100.00 100.00 100.00 75.00 66.67 100.00
87.23=100.00 100.00 100.00 66.67 100.00 88.89 88.89 9.68 100.00 100.00 100.00 100.00 66.67 100.00 60.00 100.00 100.00 87.50 77.78 80.00 100.00 100.00 80.00 80.00 100.00 66.67 100.00 100.00 71.43 80.00 100.00
87.86=87.50 100.00 100.00 75.00 80.00 100.00 100.00 40.00 83.33 83.33 100.00 100.00 85.71 80.00 100.00 87.50 88.89 100.00 54.55 100.00 100.00 100.00 100.00 100.00 100.00 60.00 100.00 100.00 71.43 71.43 75.00
88.59=100.00 100.00 100.00 75.00 100.00 100.00 100.00 50.00 83.33 100.00 100.00 87.50 75.00 80.00 85.71 100.00 80.00 100.00 58.33 100.00 100.00 100.00 100.00 100.00 100.00 60.00 85.71 80.00 62.50 83.33 100.00
88.34=87.50 100.00 100.00 100.00 100.00 88.89 90.91 40.00 100.00 100.00 87.50 100.00 77.78 83.33 75.00 88.89 88.89 100.00 58.33 80.00 100.00 100.00 100.00 100.00 80.00 100.00 80.00 100.00 71.43 100.00 60.00
89.86=100.00 100.00 100.00 75.00 80.00 88.89 100.00 42.86 83.33 100.00 87.50 100.00 87.50 100.00 100.00 100.00 80.00 100.00 53.85 88.89 100.00 100.00 100.00 100.00 100.00 75.00 100.00 100.00 71.43 71.43 100.00
73.51=70.00 100.00 100.00 40.00 100.00 87.50 100.00 26.67 20.00 100.00 100.00 100.00 71.43 0.00 77.78 75.00 80.00 100.00 70.00 72.73 100.00 75.00 66.67 100.00 57.14 0.00 100.00 88.89 66.67 83.33 50.00
82.56=77.78 100.00 100.00 60.00 100.00 88.89 100.00 60.00 75.00 100.00 100.00 87.50 77.78 80.00 85.71 100.00 87.50 100.00 63.64 77.78 75.00 75.00 66.67 66.67 100.00 25.00 100.00 88.89 57.14 83.33 100.00
87.36=70.00 100.00 100.00 100.00 100.00 80.00 100.00 50.00 75.00 100.00 100.00 100.00 100.00 100.00 60.00 85.71 100.00 100.00 66.67 80.00 100.00 80.00 85.71 83.33 100.00 50.00 100.00 100.00 66.67 100.00 75.00
87.34=70.00 100.00 100.00 100.00 100.00 80.00 100.00 57.14 66.67 100.00 100.00 100.00 100.00 100.00 77.78 85.71 88.89 100.00 60.00 100.00 100.00 60.00 75.00 71.43 80.00 75.00 100.00 100.00 60.00 100.00 100.00
84.03=77.78 100.00 100.00 75.00 100.00 87.50 100.00 42.86 75.00 80.00 87.50 100.00 100.00 66.67 60.00 100.00 100.00 100.00 58.33 80.00 100.00 80.00 66.67 62.50 100.00 50.00 100.00 100.00 80.00 75.00 100.00
86.26=100.00 83.33 100.00 100.00 100.00 75.00 100.00 9.09 80.00 80.00 100.00 100.00 75.00 100.00 58.33 88.89 83.33 100.00 87.50 88.89 100.00 60.00 83.33 100.00 71.43 66.67 100.00 100.00 83.33 100.00 100.00
89.71=100.00 100.00 100.00 75.00 80.00 66.67 100.00 50.00 75.00 100.00 100.00 87.50 100.00 100.00 80.00 88.89 80.00 100.00 70.00 88.89 100.00 100.00 100.00 100.00 100.00 100.00 100.00 70.00 83.33 85.71 100.00
89.57=87.50 100.00 87.50 75.00 100.00 88.89 100.00 66.67 83.33 100.00 87.50 100.00 100.00 80.00 100.00 100.00 88.89 100.00 50.00 88.89 100.00 100.00 100.00 100.00 85.71 100.00 100.00 88.89 71.43 71.43 75.00
90.49=87.50 100.00 100.00 100.00 100.00 88.89 88.89 44.44 100.00 100.00 100.00 100.00 87.50 83.33 77.78 100.00 88.89 87.50 58.33 88.89 100.00 100.00 100.00 100.00 100.00 100.00 100.00 87.50 83.33 85.71 66.67
89.65=85.71 100.00 100.00 75.00 66.67 88.89 100.00 50.00 80.00 100.00 87.50 100.00 87.50 100.00 77.78 100.00 88.89 100.00 58.33 88.89 100.00 100.00 100.00 100.00 100.00 75.00 100.00 88.89 80.00 100.00 100.00
85.21=100.00 100.00 100.00 100.00 100.00 100.00 66.67 37.50 100.00 100.00 100.00 100.00 100.00 80.00 85.71 75.00 60.00 100.00 50.00 66.67 100.00 100.00 100.00 100.00 0.00 100.00 100.00 100.00 60.00 60.00 100.00
85.24=100.00 100.00 100.00 100.00 100.00 100.00 100.00 50.00 100.00 80.00 100.00 100.00 100.00 80.00 87.50 100.00 60.00 100.00 40.00 50.00 100.00 75.00 80.00 100.00 0.00 100.00 100.00 100.00 100.00 60.00 80.00
88.93=100.00 100.00 100.00 100.00 100.00 100.00 100.00 42.86 100.00 100.00 75.00 100.00 100.00 100.00 88.89 100.00 50.00 100.00 40.00 100.00 100.00 80.00 100.00 100.00 0.00 100.00 100.00 100.00 100.00 80.00 100.00
85.46=75.00 100.00 100.00 100.00 100.00 100.00 100.00 50.00 75.00 100.00 100.00 66.67 100.00 100.00 87.50 100.00 60.00 100.00 50.00 100.00 100.00 80.00 80.00 100.00 0.00 100.00 100.00 100.00 75.00 50.00 100.00
83.51=75.00 100.00 100.00 60.00 100.00 100.00 100.00 50.00 100.00 100.00 100.00 66.67 100.00 80.00 88.89 75.00 60.00 100.00 50.00 100.00 100.00 100.00 100.00 75.00 0.00 66.67 100.00 100.00 75.00 66.67 100.00
74.84=87.50 100.00 100.00 50.00 100.00 77.78 80.00 8.57 55.56 66.67 100.00 100.00 66.67 50.00 75.00 88.89 100.00 100.00 83.33 72.73 66.67 100.00 30.77 66.67 100.00 0.00 100.00 83.33 50.00 60.00 100.00
85.86=77.78 100.00 100.00 100.00 80.00 100.00 100.00 50.00 100.00 100.00 100.00 100.00 88.89 71.43 100.00 100.00 75.00 100.00 46.15 80.00 100.00 100.00 75.00 75.00 100.00 50.00 100.00 77.78 71.43 83.33 60.00
85.71=100.00 100.00 100.00 60.00 100.00 80.00 100.00 57.14 100.00 71.43 100.00 100.00 85.71 71.43 66.67 100.00 80.00 100.00 63.64 77.78 80.00 100.00 100.00 100.00 100.00 50.00 100.00 100.00 50.00 83.33 80.00
84.60=70.00 100.00 100.00 75.00 100.00 87.50 100.00 60.00 100.00 83.33 100.00 100.00 88.89 83.33 77.78 100.00 72.73 100.00 60.00 88.89 100.00 100.00 100.00 60.00 83.33 50.00 100.00 88.89 57.14 85.71 50.00
85.47=87.50 100.00 100.00 100.00 100.00 87.50 100.00 66.67 80.00 100.00 87.50 100.00 87.50 57.14 87.50 77.78 80.00 100.00 53.85 87.50 100.00 100.00 75.00 80.00 66.67 100.00 100.00 100.00 50.00 62.50 75.00
89.59=75.00 100.00 100.00 75.00 100.00 100.00 100.00 27.27 100.00 100.00 100.00 100.00 100.00 100.00 100.00 66.67 100.00 100.00 66.67 66.67 100.00 100.00 100.00 100.00 0.00 100.00 100.00 100.00 100.00 100.00 100.00
93.30=100.00 100.00 100.00 100.00 100.00 100.00 100.00 100.00 100.00 100.00 100.00 66.67 100.00 80.00 100.00 100.00 60.00 100.00 66.67 100.00 100.00 100.00 85.71 100.00 50.00 100.00 100.00 100.00 83.33 100.00 100.00
89.89=100.00 100.00 100.00 100.00 100.00 75.00 100.00 100.00 100.00 80.00 100.00 66.67 100.00 80.00 100.00 100.00 60.00 100.00 50.00 100.00 100.00 75.00 100.00 100.00 50.00 66.67 100.00 100.00 83.33 100.00 100.00
93.63=100.00 100.00 100.00 100.00 100.00 75.00 100.00 100.00 100.00 100.00 100.00 100.00 100.00 100.00 100.00 100.00 75.00 66.67 50.00 100.00 100.00 100.00 85.71 100.00 50.00 100.00 100.00 100.00 100.00 100.00 100.00
90.05=75.00 100.00 100.00 75.00 100.00 100.00 100.00 100.00 100.00 66.67 100.00 66.67 100.00 100.00 100.00 100.00 75.00 100.00 50.00 50.00 100.00 100.00 100.00 100.00 50.00 100.00 100.00 100.00 83.33 100.00 100.00
78.23=83.33 100.00 100.00 100.00 100.00 83.33 100.00 10.53 50.00 80.00 100.00 100.00 83.33 100.00 50.00 85.71 85.71 100.00 63.64 72.73 75.00 60.00 70.00 100.00 80.00 0.00 100.00 100.00 50.00 75.00 66.67
83.20=70.00 100.00 100.00 75.00 100.00 87.50 90.91 50.00 71.43 100.00 100.00 100.00 88.89 66.67 87.50 100.00 100.00 100.00 50.00 72.73 100.00 75.00 80.00 100.00 100.00 0.00 85.71 87.50 57.14 83.33 100.00
86.36=70.00 100.00 100.00 100.00 100.00 80.00 100.00 50.00 75.00 100.00 87.50 87.50 100.00 100.00 75.00 100.00 100.00 100.00 50.00 80.00 100.00 66.67 85.71 71.43 62.50 100.00 100.00 100.00 50.00 85.71 100.00
84.60=66.67 100.00 87.50 75.00 100.00 100.00 100.00 50.00 75.00 100.00 87.50 100.00 100.00 83.33 80.00 85.71 100.00 100.00 63.64 87.50 100.00 75.00 75.00 100.00 80.00 25.00 85.71 87.50 66.67 85.71 100.00
84.79=63.64 100.00 100.00 75.00 100.00 77.78 100.00 50.00 60.00 83.33 100.00 100.00 88.89 100.00 75.00 100.00 100.00 87.50 54.55 80.00 100.00 100.00 62.50 62.50 100.00 66.67 100.00 88.89 66.67 85.71 100.00
87.67=100.00 100.00 100.00 100.00 100.00 100.00 100.00 42.86 100.00 100.00 100.00 100.00 80.00 75.00 100.00 100.00 75.00 66.67 40.00 100.00 100.00 75.00 80.00 100.00 0.00 100.00 100.00 100.00 100.00 83.33 100.00
92.04=100.00 100.00 100.00 75.00 100.00 100.00 100.00 100.00 100.00 80.00 100.00 100.00 100.00 100.00 87.50 85.71 75.00 100.00 50.00 100.00 100.00 100.00 100.00 100.00 0.00 100.00 100.00 100.00 100.00 100.00 100.00
87.26=75.00 100.00 100.00 100.00 100.00 75.00 50.00 100.00 100.00 100.00 100.00 66.67 100.00 100.00 100.00 100.00 75.00 100.00 33.33 100.00 100.00 100.00 100.00 100.00 0.00 50.00 100.00 100.00 100.00 80.00 100.00
88.71=100.00 100.00 100.00 75.00 100.00 60.00 100.00 100.00 100.00 100.00 100.00 100.00 100.00 100.00 100.00 100.00 75.00 100.00 40.00 100.00 100.00 66.67 66.67 100.00 0.00 66.67 100.00 100.00 100.00 100.00 100.00
85.83=75.00 100.00 100.00 100.00 100.00 75.00 100.00 75.00 100.00 75.00 100.00 100.00 100.00 80.00 85.71 100.00 60.00 100.00 50.00 66.67 100.00 100.00 83.33 100.00 0.00 100.00 100.00 100.00 75.00 60.00 100.00
81.16=87.50 100.00 100.00 100.00 100.00 80.00 72.73 2.70 100.00 100.00 87.50 100.00 85.71 100.00 63.64 100.00 100.00 100.00 87.50 72.73 80.00 66.67 58.33 75.00 63.64 0.00 85.71 100.00 66.67 80.00 100.00
85.75=70.00 100.00 100.00 100.00 100.00 80.00 90.91 57.14 100.00 100.00 100.00 100.00 88.89 83.33 75.00 100.00 100.00 100.00 58.33 80.00 80.00 60.00 75.00 100.00 100.00 50.00 100.00 88.89 60.00 85.71 75.00
87.19=77.78 100.00 100.00 100.00 100.00 87.50 100.00 66.67 100.00 83.33 87.50 100.00 100.00 100.00 70.00 83.33 88.89 100.00 58.33 88.89 100.00 80.00 71.43 71.43 83.33 100.00 100.00 80.00 44.44 80.00 100.00
86.85=77.78 100.00 100.00 100.00 100.00 87.50 90.91 66.67 66.67 100.00 100.00 100.00 88.89 83.33 87.50 100.00 100.00 100.00 70.00 88.89 100.00 80.00 83.33 80.00 83.33 40.00 100.00 88.89 42.86 85.71 100.00
87.99=70.00 100.00 100.00 75.00 100.00 88.89 100.00 50.00 75.00 83.33 87.50 100.00 100.00 100.00 77.78 100.00 88.89 100.00 58.33 80.00 100.00 66.67 85.71 83.33 100.00 100.00 100.00 100.00 57.14 100.00 100.00
77.21=77.78 100.00 100.00 66.67 100.00 72.73 85.71 10.71 80.00 66.67 100.00 100.00 75.00 0.00 83.33 91.67 85.71 100.00 70.00 100.00 75.00 66.67 42.86 80.00 71.43 100.00 100.00 100.00 66.67 75.00 50.00
88.16=100.00 100.00 100.00 75.00 100.00 80.00 100.00 60.00 83.33 100.00 87.50 100.00 100.00 50.00 85.71 88.89 72.73 100.00 53.85 88.89 100.00 100.00 100.00 71.43 83.33 100.00 100.00 100.00 66.67 85.71 100.00
84.45=77.78 100.00 100.00 75.00 100.00 88.89 100.00 75.00 100.00 66.67 85.71 100.00 88.89 71.43 87.50 100.00 70.00 100.00 66.67 100.00 80.00 100.00 100.00 57.14 80.00 40.00 100.00 100.00 57.14 75.00 75.00
83.97=70.00 100.00 100.00 100.00 100.00 66.67 100.00 50.00 100.00 100.00 100.00 100.00 77.78 80.00 57.14 100.00 66.67 100.00 50.00 100.00 100.00 100.00 100.00 75.00 50.00 37.50 100.00 88.89 66.67 66.67 100.00
89.97=87.50 100.00 100.00 100.00 100.00 88.89 100.00 80.00 100.00 83.33 87.50 100.00 87.50 100.00 87.50 90.00 66.67 100.00 54.55 88.89 100.00 100.00 100.00 80.00 100.00 100.00 85.71 88.89 57.14 75.00 100.00
85.12=100.00 100.00 100.00 100.00 100.00 100.00 100.00 15.38 100.00 100.00 100.00 66.67 100.00 66.67 100.00 100.00 60.00 100.00 66.67 50.00 100.00 80.00 100.00 100.00 0.00 50.00 100.00 100.00 83.33 100.00 100.00
94.57=100.00 100.00 100.00 100.00 100.00 60.00 100.00 100.00 100.00 100.00 100.00 100.00 100.00 100.00 100.00 100.00 75.00 100.00 66.67 100.00 100.00 80.00 100.00 100.00 50.00 100.00 100.00 100.00 100.00 100.00 100.00
92.98=75.00 100.00 100.00 100.00 100.00 100.00 100.00 100.00 100.00 80.00 100.00 50.00 100.00 100.00 87.50 100.00 75.00 100.00 40.00 100.00 100.00 75.00 100.00 100.00 100.00 100.00 100.00 100.00 100.00 100.00 100.00
89.14=100.00 100.00 100.00 100.00 100.00 100.00 75.00 100.00 100.00 80.00 100.00 50.00 100.00 66.67 87.50 100.00 75.00 100.00 50.00 66.67 100.00 66.67 85.71 60.00 100.00 100.00 100.00 100.00 100.00 100.00 100.00
91.45=100.00 100.00 100.00 100.00 100.00 100.00 75.00 100.00 100.00 100.00 75.00 100.00 80.00 100.00 100.00 100.00 60.00 100.00 40.00 100.00 100.00 80.00 100.00 75.00 50.00 100.00 100.00 100.00 100.00 100.00 100.00
79.17=85.71 100.00 100.00 100.00 100.00 85.71 100.00 21.05 66.67 100.00 100.00 100.00 63.64 0.00 100.00 83.33 100.00 100.00 70.00 66.67 100.00 80.00 60.00 80.00 61.54 0.00 100.00 100.00 50.00 80.00 100.00
87.42=70.00 100.00 100.00 100.00 100.00 88.89 100.00 50.00 75.00 83.33 100.00 100.00 87.50 100.00 87.50 100.00 80.00 100.00 58.33 80.00 80.00 80.00 85.71 83.33 80.00 100.00 100.00 100.00 57.14 83.33 100.00
85.59=77.78 100.00 100.00 100.00 100.00 88.89 100.00 50.00 66.67 71.43 87.50 100.00 100.00 83.33 87.50 87.50 100.00 87.50 53.85 87.50 100.00 80.00 80.00 71.43 100.00 40.00 100.00 100.00 66.67 85.71 100.00
86.13=70.00 100.00 100.00 75.00 100.00 88.89 100.00 60.00 75.00 100.00 100.00 100.00 88.89 83.33 100.00 100.00 100.00 100.00 58.33 70.00 100.00 57.14 100.00 83.33 100.00 33.33 100.00 80.00 66.67 80.00 100.00
86.78=70.00 100.00 100.00 60.00 100.00 88.89 100.00 42.86 75.00 100.00 100.00 100.00 100.00 62.50 71.43 100.00 80.00 100.00 63.64 80.00 100.00 60.00 100.00 100.00 100.00 100.00 100.00 100.00 50.00 85.71 100.00
79.16=77.78 100.00 100.00 66.67 100.00 88.89 100.00 11.11 80.00 75.00 100.00 100.00 40.00 25.00 83.33 90.00 100.00 87.50 85.71 88.89 100.00 50.00 26.67 100.00 87.50 100.00 83.33 66.67 60.00 80.00 100.00
88.63=77.78 100.00 100.00 100.00 100.00 66.67 90.91 60.00 100.00 100.00 100.00 100.00 88.89 83.33 80.00 90.00 80.00 100.00 50.00 77.78 100.00 100.00 100.00 80.00 100.00 100.00 100.00 88.89 50.00 83.33 100.00
88.75=100.00 100.00 100.00 100.00 100.00 88.89 100.00 66.67 71.43 100.00 87.50 85.71 100.00 71.43 75.00 100.00 70.00 100.00 50.00 88.89 100.00 100.00 100.00 80.00 83.33 100.00 100.00 100.00 66.67 85.71 80.00
88.34=100.00 100.00 100.00 75.00 100.00 87.50 90.91 80.00 100.00 100.00 100.00 87.50 85.71 71.43 70.00 100.00 72.73 100.00 50.00 88.89 100.00 100.00 100.00 80.00 100.00 50.00 100.00 88.89 60.00 100.00 100.00
83.47=100.00 100.00 100.00 75.00 100.00 100.00 100.00 66.67 100.00 100.00 87.50 87.50 83.33 71.43 87.50 72.73 77.78 100.00 41.67 88.89 100.00 66.67 60.00 75.00 100.00 33.33 100.00 87.50 50.00 75.00 100.00
87.63=100.00 100.00 100.00 100.00 100.00 100.00 100.00 12.50 100.00 100.00 100.00 100.00 71.43 66.67 80.00 88.89 100.00 100.00 77.78 72.73 100.00 100.00 50.00 66.67 100.00 100.00 83.33 100.00 66.67 80.00 100.00
89.35=87.50 100.00 100.00 100.00 100.00 87.50 100.00 50.00 100.00 83.33 87.50 100.00 100.00 80.00 87.50 100.00 88.89 100.00 53.85 100.00 80.00 83.33 100.00 83.33 100.00 60.00 100.00 100.00 71.43 85.71 100.00
87.56=100.00 100.00 100.00 100.00 66.67 87.50 100.00 50.00 100.00 100.00 85.71 87.50 83.33 100.00 66.67 100.00 66.67 100.00 50.00 80.00 75.00 71.43 100.00 100.00 100.00 75.00 100.00 88.89 80.00 100.00 100.00
90.68=87.50 100.00 100.00 75.00 100.00 72.73 100.00 50.00 100.00 100.00 87.50 100.00 88.89 100.00 100.00 88.89 88.89 100.00 46.67 100.00 100.00 100.00 83.33 100.00 100.00 100.00 100.00 100.00 75.00 100.00 66.67
89.61=100.00 83.33 100.00 75.00 100.00 87.50 100.00 42.86 100.00 83.33 100.00 100.00 87.50 66.67 70.00 100.00 88.89 100.00 58.33 100.00 100.00 100.00 80.00 100.00 100.00 100.00 100.00 88.89 80.00 85.71 100.00
86.87=100.00 100.00 100.00 100.00 100.00 66.67 100.00 27.27 75.00 66.67 100.00 100.00 100.00 100.00 100.00 85.71 75.00 66.67 50.00 50.00 100.00 80.00 100.00 100.00 50.00 100.00 100.00 100.00 100.00 100.00 100.00
90.91=100.00 100.00 100.00 100.00 100.00 75.00 100.00 100.00 100.00 60.00 75.00 100.00 100.00 100.00 100.00 100.00 75.00 66.67 66.67 100.00 100.00 66.67 100.00 100.00 50.00 100.00 100.00 100.00 83.33 100.00 100.00
91.57=100.00 100.00 100.00 100.00 100.00 60.00 100.00 100.00 100.00 80.00 100.00 100.00 100.00 100.00 100.00 85.71 75.00 100.00 66.67 66.67 100.00 100.00 83.33 100.00 50.00 100.00 100.00 100.00 71.43 100.00 100.00
92.95=75.00 100.00 100.00 100.00 100.00 100.00 75.00 100.00 100.00 100.00 100.00 100.00 100.00 100.00 100.00 100.00 75.00 100.00 66.67 66.67 100.00 100.00 85.71 100.00 50.00 100.00 100.00 87.50 100.00 100.00 100.00
92.87=100.00 100.00 100.00 100.00 100.00 66.67 100.00 100.00 75.00 100.00 100.00 100.00 85.71 100.00 100.00 100.00 75.00 100.00 66.67 50.00 100.00 80.00 100.00 80.00 100.00 100.00 100.00 100.00 100.00 100.00 100.00
75.04=75.00 100.00 100.00 0.00 100.00 88.89 85.71 7.14 80.00 71.43 100.00 100.00 80.00 33.33 83.33 80.00 75.00 83.33 70.00 100.00 0.00 100.00 25.00 75.00 85.71 100.00 85.71 100.00 66.67 75.00 100.00
89.00=77.78 100.00 100.00 75.00 100.00 88.89 100.00 80.00 80.00 80.00 75.00 100.00 100.00 62.50 77.78 90.91 80.00 100.00 58.33 88.89 100.00 100.00 100.00 83.33 100.00 100.00 100.00 100.00 75.00 85.71 100.00
88.38=85.71 100.00 100.00 100.00 80.00 88.89 100.00 80.00 100.00 83.33 77.78 87.50 70.00 80.00 85.71 100.00 87.50 100.00 50.00 100.00 100.00 100.00 100.00 83.33 100.00 60.00 100.00 87.50 66.67 85.71 100.00
85.77=87.50 100.00 100.00 100.00 100.00 80.00 100.00 60.00 80.00 100.00 87.50 85.71 100.00 66.67 83.33 100.00 77.78 100.00 53.85 72.73 57.14 100.00 100.00 50.00 83.33 100.00 83.33 100.00 66.67 83.33 100.00
87.66=87.50 100.00 83.33 100.00 100.00 100.00 100.00 50.00 83.33 83.33 77.78 100.00 87.50 71.43 80.00 100.00 70.00 100.00 63.64 100.00 100.00 100.00 100.00 66.67 85.71 75.00 100.00 100.00 66.67 85.71 100.00
87.55=75.00 100.00 100.00 100.00 100.00 60.00 100.00 50.00 100.00 80.00 100.00 100.00 100.00 100.00 75.00 85.71 75.00 100.00 50.00 100.00 100.00 100.00 100.00 100.00 0.00 100.00 80.00 100.00 100.00 83.33 100.00
88.89=100.00 100.00 100.00 75.00 100.00 60.00 100.00 100.00 100.00 100.00 75.00 50.00 100.00 100.00 85.71 100.00 66.67 100.00 50.00 100.00 100.00 80.00 100.00 100.00 33.33 100.00 100.00 100.00 80.00 100.00 100.00
89.64=100.00 100.00 100.00 100.00 100.00 100.00 100.00 100.00 100.00 100.00 100.00 100.00 85.71 100.00 85.71 100.00 60.00 100.00 50.00 66.67 100.00 100.00 83.33 80.00 0.00 100.00 100.00 87.50 80.00 100.00 100.00
89.17=100.00 83.33 100.00 100.00 100.00 75.00 100.00 100.00 100.00 100.00 75.00 66.67 80.00 80.00 87.50 100.00 50.00 100.00 50.00 66.67 100.00 100.00 100.00 100.00 50.00 100.00 100.00 100.00 100.00 100.00 100.00
90.65=100.00 100.00 100.00 75.00 100.00 100.00 100.00 100.00 100.00 100.00 100.00 100.00 100.00 75.00 87.50 100.00 75.00 100.00 50.00 66.67 100.00 100.00 83.33 100.00 50.00 100.00 100.00 87.50 80.00 80.00 100.00
87.36=100.00 83.33 100.00 100.00 100.00 100.00 100.00 12.50 80.00 100.00 100.00 87.50 55.56 66.67 85.71 80.00 85.71 87.50 87.50 87.50 100.00 57.14 100.00 100.00 71.43 100.00 100.00 100.00 80.00 100.00 100.00
86.56=100.00 100.00 100.00 100.00 80.00 77.78 100.00 50.00 100.00 71.43 100.00 100.00 88.89 83.33 71.43 100.00 80.00 87.50 45.45 100.00 100.00 75.00 100.00 100.00 100.00 50.00 100.00 100.00 62.50 100.00 60.00
90.53=87.50 100.00 100.00 100.00 100.00 80.00 100.00 50.00 100.00 100.00 87.50 100.00 85.71 100.00 85.71 88.89 80.00 100.00 53.85 100.00 100.00 83.33 100.00 100.00 83.33 75.00 100.00 100.00 80.00 85.71 100.00
88.87=87.50 100.00 100.00 60.00 100.00 80.00 100.00 50.00 100.00 100.00 100.00 100.00 100.00 80.00 100.00 87.50 88.89 100.00 50.00 88.89 100.00 83.33 66.67 100.00 100.00 75.00 100.00 100.00 71.43 85.71 100.00
90.86=100.00 100.00 100.00 100.00 100.00 80.00 100.00 50.00 100.00 83.33 100.00 87.50 85.71 83.33 100.00 100.00 87.50 100.00 53.85 100.00 100.00 100.00 100.00 100.00 100.00 75.00 100.00 87.50 71.43 71.43 100.00
88.05=100.00 100.00 100.00 100.00 100.00 100.00 100.00 33.33 75.00 75.00 100.00 66.67 80.00 100.00 88.89 85.71 100.00 100.00 50.00 100.00 100.00 75.00 100.00 100.00 0.00 100.00 100.00 100.00 100.00 100.00 100.00
90.70=100.00 100.00 100.00 100.00 100.00 60.00 100.00 75.00 100.00 80.00 100.00 100.00 100.00 80.00 100.00 100.00 60.00 100.00 66.67 100.00 100.00 60.00 100.00 80.00 50.00 100.00 100.00 100.00 100.00 100.00 100.00
88.57=100.00 100.00 100.00 100.00 100.00 100.00 100.00 100.00 100.00 100.00 75.00 50.00 100.00 100.00 100.00 85.71 75.00 66.67 66.67 100.00 100.00 66.67 100.00 80.00 0.00 100.00 100.00 100.00 80.00 100.00 100.00
89.68=100.00 100.00 100.00 100.00 100.00 100.00 100.00 100.00 100.00 80.00 100.00 100.00 100.00 80.00 100.00 100.00 75.00 100.00 40.00 50.00 100.00 75.00 100.00 80.00 50.00 50.00 100.00 100.00 100.00 100.00 100.00
91.18=100.00 100.00 100.00 100.00 100.00 100.00 100.00 100.00 66.67 80.00 100.00 66.67 100.00 100.00 100.00 75.00 75.00 100.00 66.67 100.00 100.00 50.00 100.00 100.00 100.00 66.67 100.00 100.00 100.00 80.00 100.00
86.53=100.00 100.00 100.00 100.00 100.00 75.00 100.00 60.00 100.00 80.00 75.00 50.00 100.00 100.00 87.50 100.00 75.00 66.67 50.00 100.00 100.00 80.00 83.33 100.00 0.00 100.00 100.00 100.00 100.00 100.00 100.00
89.46=75.00 100.00 100.00 100.00 100.00 50.00 100.00 75.00 100.00 100.00 100.00 100.00 100.00 100.00 83.33 100.00 60.00 100.00 66.67 100.00 100.00 80.00 100.00 75.00 50.00 100.00 100.00 100.00 75.00 83.33 100.00
86.61=100.00 100.00 100.00 75.00 100.00 40.00 100.00 100.00 80.00 100.00 75.00 66.67 100.00 100.00 83.33 100.00 60.00 100.00 50.00 100.00 100.00 100.00 100.00 100.00 0.00 100.00 100.00 100.00 83.33 71.43 100.00
89.13=100.00 100.00 100.00 100.00 100.00 75.00 100.00 75.00 100.00 100.00 100.00 100.00 100.00 100.00 85.71 85.71 75.00 100.00 20.00 100.00 100.00 100.00 100.00 80.00 0.00 66.67 100.00 100.00 100.00 100.00 100.00
90.11=100.00 100.00 100.00 100.00 100.00 100.00 100.00 75.00 100.00 100.00 100.00 66.67 83.33 100.00 80.00 100.00 75.00 100.00 50.00 100.00 100.00 100.00 100.00 100.00 0.00 100.00 100.00 100.00 80.00 83.33 100.00
77.00=70.00 100.00 100.00 40.00 100.00 100.00 100.00 14.29 16.67 83.33 85.71 100.00 77.78 50.00 85.71 100.00 85.71 100.00 71.43 72.73 100.00 80.00 71.43 75.00 83.33 0.00 85.71 85.71 66.67 85.71 100.00
87.84=66.67 100.00 100.00 75.00 80.00 87.50 100.00 57.14 100.00 83.33 87.50 100.00 70.00 100.00 77.78 100.00 100.00 100.00 77.78 100.00 80.00 80.00 85.71 100.00 83.33 60.00 100.00 100.00 71.43 100.00 100.00
88.47=70.00 100.00 100.00 100.00 100.00 88.89 100.00 66.67 66.67 100.00 100.00 100.00 87.50 100.00 85.71 100.00 100.00 100.00 63.64 80.00 80.00 75.00 85.71 71.43 83.33 100.00 85.71 100.00 66.67 85.71 100.00
85.20=70.00 100.00 100.00 75.00 100.00 88.89 100.00 50.00 75.00 100.00 85.71 100.00 88.89 83.33 100.00 100.00 88.89 100.00 54.55 100.00 80.00 60.00 85.71 83.33 100.00 60.00 100.00 88.89 71.43 71.43 80.00
86.00=70.00 100.00 100.00 75.00 100.00 80.00 100.00 66.67 100.00 100.00 100.00 100.00 87.50 100.00 100.00 100.00 100.00 100.00 58.33 77.78 100.00 100.00 66.67 71.43 75.00 50.00 85.71 88.89 66.67 71.43 75.00
87.07=100.00 100.00 100.00 50.00 100.00 100.00 100.00 18.18 100.00 50.00 100.00 100.00 100.00 60.00 87.50 100.00 75.00 100.00 66.67 66.67 100.00 100.00 100.00 100.00 25.00 100.00 100.00 100.00 100.00 100.00 100.00
89.68=100.00 100.00 100.00 75.00 100.00 66.67 100.00 100.00 100.00 75.00 100.00 66.67 80.00 100.00 100.00 100.00 75.00 100.00 66.67 66.67 100.00 75.00 100.00 100.00 50.00 100.00 100.00 100.00 83.33 100.00 100.00
90.00=100.00 100.00 100.00 100.00 100.00 75.00 100.00 100.00 100.00 100.00 75.00 66.67 80.00 100.00 100.00 100.00 60.00 100.00 50.00 50.00 100.00 66.67 100.00 100.00 100.00 66.67 100.00 100.00 100.00 100.00 100.00
91.24=100.00 100.00 100.00 100.00 100.00 100.00 100.00 75.00 100.00 100.00 100.00 66.67 100.00 100.00 100.00 100.00 60.00 100.00 66.67 50.00 100.00 100.00 100.00 80.00 50.00 100.00 100.00 100.00 100.00 100.00 80.00
85.83=75.00 100.00 100.00 66.67 100.00 100.00 100.00 100.00 75.00 75.00 100.00 50.00 100.00 66.67 87.50 100.00 50.00 100.00 40.00 66.67 100.00 75.00 100.00 100.00 33.33 100.00 100.00 100.00 100.00 100.00 100.00
85.04=100.00 100.00 100.00 75.00 100.00 100.00 100.00 37.50 100.00 100.00 100.00 100.00 83.33 100.00 88.89 80.00 75.00 66.67 50.00 50.00 100.00 80.00 100.00 100.00 0.00 100.00 100.00 100.00 75.00 75.00 100.00
85.88=100.00 100.00 100.00 100.00 100.00 75.00 75.00 60.00 100.00 75.00 100.00 100.00 85.71 100.00 100.00 100.00 75.00 100.00 50.00 50.00 100.00 75.00 100.00 100.00 0.00 100.00 100.00 100.00 75.00 66.67 100.00
85.53=75.00 100.00 100.00 100.00 100.00 100.00 100.00 50.00 75.00 80.00 100.00 100.00 100.00 80.00 85.71 100.00 60.00 100.00 50.00 100.00 100.00 100.00 100.00 100.00 0.00 66.67 100.00 87.50 75.00 66.67 100.00
87.28=100.00 100.00 100.00 75.00 80.00 100.00 100.00 40.00 100.00 100.00 100.00 100.00 100.00 100.00 88.89 100.00 75.00 66.67 33.33 100.00 100.00 80.00 100.00 100.00 0.00 100.00 100.00 100.00 100.00 66.67 100.00
85.02=100.00 100.00 100.00 60.00 100.00 100.00 100.00 60.00 100.00 100.00 100.00 66.67 100.00 75.00 75.00 100.00 50.00 100.00 40.00 100.00 100.00 100.00 71.43 100.00 0.00 100.00 100.00 87.50 75.00 75.00 100.00
91.83=100.00 100.00 100.00 100.00 100.00 100.00 100.00 16.67 100.00 66.67 100.00 100.00 100.00 100.00 100.00 100.00 100.00 100.00 66.67 100.00 100.00 100.00 83.33 80.00 33.33 100.00 100.00 100.00 100.00 100.00 100.00
91.45=100.00 100.00 100.00 100.00 100.00 100.00 100.00 75.00 100.00 80.00 75.00 100.00 100.00 100.00 100.00 100.00 75.00 100.00 50.00 100.00 100.00 100.00 75.00 100.00 50.00 100.00 100.00 100.00 80.00 100.00 75.00
89.46=100.00 100.00 100.00 100.00 100.00 100.00 100.00 100.00 100.00 66.67 100.00 100.00 75.00 100.00 100.00 83.33 40.00 100.00 50.00 66.67 100.00 75.00 100.00 100.00 50.00 66.67 100.00 100.00 100.00 100.00 100.00
88.06=100.00 100.00 100.00 100.00 100.00 75.00 100.00 75.00 100.00 80.00 100.00 66.67 80.00 100.00 100.00 100.00 60.00 100.00 66.67 66.67 100.00 60.00 100.00 100.00 50.00 66.67 100.00 100.00 83.33 100.00 100.00
93.57=60.00 100.00 100.00 100.00 100.00 100.00 100.00 100.00 100.00 100.00 100.00 100.00 85.71 100.00 100.00 100.00 75.00 100.00 66.67 100.00 100.00 80.00 100.00 100.00 100.00 50.00 100.00 100.00 83.33 100.00 100.00
77.98=77.78 100.00 100.00 60.00 60.00 100.00 100.00 15.38 75.00 66.67 100.00 100.00 75.00 0.00 88.89 76.92 85.71 100.00 77.78 100.00 100.00 50.00 66.67 60.00 80.00 75.00 100.00 80.00 66.67 80.00 100.00
87.92=77.78 100.00 100.00 100.00 100.00 87.50 100.00 60.00 100.00 83.33 100.00 83.33 85.71 83.33 77.78 90.00 80.00 100.00 50.00 88.89 100.00 100.00 100.00 83.33 100.00 75.00 100.00 100.00 57.14 62.50 100.00
85.38=87.50 100.00 100.00 100.00 100.00 72.73 100.00 66.67 100.00 71.43 77.78 100.00 87.50 100.00 77.78 90.00 88.89 85.71 58.33 88.89 100.00 100.00 100.00 60.00 75.00 60.00 100.00 77.78 60.00 85.71 75.00
86.04=77.78 100.00 83.33 100.00 100.00 66.67 100.00 60.00 80.00 80.00 77.78 100.00 100.00 71.43 75.00 100.00 87.50 100.00 53.85 88.89 100.00 100.00 100.00 71.43 66.67 100.00 100.00 88.89 66.67 71.43 100.00
88.55=87.50 83.33 100.00 100.00 100.00 100.00 90.91 60.00 83.33 80.00 100.00 100.00 88.89 83.33 88.89 90.91 70.00 100.00 55.56 80.00 100.00 100.00 100.00 100.00 100.00 50.00 100.00 100.00 66.67 85.71 100.00
79.89=85.71 100.00 100.00 100.00 100.00 80.00 100.00 8.82 66.67 80.00 100.00 100.00 100.00 33.33 83.33 78.57 85.71 100.00 63.64 100.00 100.00 40.00 42.86 75.00 42.86 100.00 100.00 100.00 60.00 50.00 100.00
87.25=87.50 100.00 100.00 100.00 100.00 100.00 100.00 60.00 80.00 100.00 77.78 85.71 87.50 71.43 70.00 90.00 77.78 100.00 53.85 80.00 60.00 100.00 100.00 80.00 100.00 100.00 100.00 100.00 60.00 83.33 100.00
87.29=70.00 100.00 100.00 60.00 100.00 100.00 100.00 57.14 100.00 62.50 77.78 100.00 100.00 75.00 80.00 100.00 87.50 100.00 60.00 80.00 100.00 100.00 100.00 100.00 100.00 50.00 100.00 88.89 57.14 100.00 100.00
88.00=87.50 100.00 100.00 60.00 100.00 100.00 100.00 60.00 100.00 100.00 87.50 100.00 88.89 75.00 80.00 100.00 77.78 100.00 54.55 100.00 80.00 100.00 100.00 71.43 100.00 100.00 75.00 87.50 57.14 85.71 100.00
87.78=87.50 80.00 100.00 75.00 100.00 88.89 90.91 66.67 100.00 100.00 87.50 100.00 88.89 100.00 100.00 100.00 88.89 100.00 45.45 88.89 100.00 100.00 100.00 80.00 85.71 40.00 100.00 88.89 66.67 71.43 100.00
92.60=100.00 100.00 100.00 100.00 100.00 100.00 100.00 27.27 100.00 100.00 100.00 100.00 100.00 80.00 100.00 100.00 100.00 100.00 66.67 50.00 100.00 80.00 100.00 100.00 100.00 66.67 100.00 100.00 100.00 100.00 100.00
92.15=100.00 100.00 100.00 100.00 100.00 75.00 100.00 100.00 100.00 80.00 100.00 100.00 100.00 100.00 100.00 100.00 60.00 100.00 66.67 50.00 100.00 75.00 100.00 100.00 50.00 100.00 100.00 100.00 100.00 100.00 100.00
91.83=75.00 100.00 100.00 100.00 100.00 75.00 100.00 100.00 100.00 80.00 100.00 66.67 100.00 80.00 70.00 100.00 75.00 100.00 50.00 100.00 100.00 75.00 100.00 100.00 100.00 100.00 100.00 100.00 100.00 100.00 100.00
91.69=100.00 100.00 100.00 100.00 100.00 100.00 66.67 100.00 100.00 100.00 100.00 66.67 100.00 100.00 100.00 100.00 60.00 100.00 66.67 66.67 100.00 100.00 85.71 80.00 50.00 100.00 100.00 100.00 100.00 100.00 100.00
93.17=100.00 100.00 100.00 100.00 100.00 100.00 100.00 100.00 100.00 100.00 100.00 66.67 83.33 100.00 100.00 100.00 75.00 100.00 66.67 66.67 100.00 100.00 100.00 100.00 50.00 100.00 100.00 100.00 80.00 100.00 100.00
82.91=85.71 100.00 100.00 100.00 100.00 100.00 100.00 9.76 40.00 100.00 100.00 100.00 66.67 50.00 50.00 100.00 100.00 87.50 100.00 88.89 100.00 33.33 100.00 100.00 50.00 100.00 100.00 100.00 75.00 66.67 66.67
87.95=100.00 83.33 100.00 75.00 100.00 57.14 100.00 42.86 83.33 83.33 87.50 100.00 77.78 100.00 100.00 88.89 80.00 100.00 53.85 88.89 100.00 100.00 83.33 100.00 85.71 100.00 100.00 88.89 83.33 83.33 100.00
89.45=85.71 100.00 100.00 66.67 66.67 100.00 100.00 42.86 100.00 100.00 87.50 100.00 87.50 100.00 100.00 88.89 88.89 100.00 58.33 100.00 100.00 83.33 100.00 83.33 100.00 75.00 100.00 100.00 83.33 75.00 100.00
87.62=85.71 80.00 100.00 60.00 100.00 88.89 90.91 37.50 80.00 100.00 87.50 77.78 100.00 100.00 77.78 88.89 88.89 100.00 53.85 88.89 100.00 100.00 100.00 100.00 85.71 75.00 100.00 88.89 80.00 100.00 100.00
89.09=87.50 83.33 100.00 100.00 100.00 100.00 100.00 28.57 100.00 100.00 100.00 100.00 87.50 83.33 77.78 100.00 88.89 100.00 50.00 80.00 100.00 100.00 100.00 80.00 85.71 75.00 100.00 87.50 83.33 83.33 100.00
86.35=100.00 100.00 100.00 100.00 100.00 100.00 90.00 26.67 100.00 80.00 100.00 87.50 66.67 80.00 80.00 72.73 66.67 100.00 85.71 87.50 100.00 83.33 80.00 100.00 70.00 40.00 100.00 100.00 80.00 100.00 100.00
91.84=100.00 100.00 100.00 75.00 100.00 88.89 100.00 50.00 80.00 100.00 100.00 87.50 85.71 100.00 100.00 100.00 80.00 100.00 53.85 88.89 100.00 100.00 100.00 100.00 100.00 100.00 100.00 100.00 71.43 85.71 100.00
90.93=87.50 100.00 100.00 100.00 100.00 77.78 100.00 50.00 100.00 100.00 87.50 100.00 88.89 83.33 100.00 100.00 88.89 100.00 50.00 72.73 100.00 100.00 100.00 100.00 100.00 75.00 100.00 100.00 71.43 85.71 100.00
89.19=100.00 100.00 100.00 75.00 80.00 88.89 100.00 50.00 100.00 80.00 77.78 100.00 88.89 71.43 87.50 100.00 87.50 100.00 54.55 100.00 100.00 83.33 100.00 100.00 100.00 60.00 100.00 100.00 80.00 100.00 100.00
85.46=100.00 83.33 100.00 75.00 100.00 88.89 100.00 37.50 83.33 100.00 100.00 100.00 87.50 66.67 71.43 100.00 77.78 100.00 50.00 72.73 100.00 100.00 80.00 100.00 100.00 25.00 100.00 100.00 66.67 83.33 100.00
91.25=100.00 100.00 100.00 100.00 100.00 100.00 100.00 30.00 100.00 100.00 75.00 100.00 100.00 80.00 88.89 100.00 75.00 100.00 50.00 100.00 100.00 100.00 100.00 100.00 50.00 100.00 100.00 100.00 100.00 80.00 100.00
92.11=100.00 100.00 100.00 75.00 100.00 100.00 100.00 100.00 100.00 100.00 100.00 66.67 100.00 100.00 88.89 100.00 75.00 100.00 50.00 100.00 100.00 100.00 100.00 100.00 0.00 100.00 100.00 100.00 100.00 100.00 100.00
90.54=100.00 100.00 100.00 100.00 100.00 100.00 75.00 100.00 100.00 100.00 100.00 66.67 100.00 80.00 80.00 100.00 75.00 100.00 50.00 100.00 100.00 100.00 100.00 80.00 0.00 100.00 100.00 100.00 100.00 100.00 100.00
88.90=100.00 100.00 100.00 100.00 100.00 75.00 100.00 75.00 100.00 100.00 100.00 100.00 100.00 80.00 87.50 100.00 75.00 100.00 50.00 66.67 100.00 100.00 100.00 80.00 0.00 66.67 100.00 100.00 100.00 100.00 100.00
88.60=100.00 100.00 100.00 75.00 100.00 100.00 100.00 100.00 100.00 100.00 100.00 100.00 100.00 100.00 80.00 100.00 75.00 100.00 50.00 100.00 100.00 75.00 83.33 75.00 0.00 66.67 100.00 100.00 66.67 100.00 100.00
80.03=75.00 100.00 100.00 60.00 100.00 88.89 100.00 17.39 83.33 83.33 100.00 100.00 66.67 33.33 75.00 100.00 83.33 100.00 60.00 100.00 100.00 60.00 57.14 100.00 100.00 75.00 100.00 87.50 66.67 75.00 33.33
86.24=77.78 100.00 100.00 100.00 100.00 66.67 100.00 50.00 100.00 71.43 70.00 100.00 100.00 71.43 75.00 100.00 87.50 100.00 54.55 66.67 100.00 100.00 100.00 80.00 100.00 50.00 100.00 100.00 66.67 85.71 100.00
87.68=77.78 100.00 100.00 100.00 100.00 72.73 100.00 50.00 100.00 100.00 87.50 100.00 87.50 57.14 83.33 75.00 87.50 100.00 58.33 100.00 100.00 80.00 100.00 100.00 100.00 100.00 75.00 100.00 42.86 83.33 100.00
88.42=77.78 100.00 100.00 60.00 100.00 80.00 100.00 75.00 71.43 80.00 87.50 100.00 100.00 71.43 85.71 100.00 77.78 100.00 63.64 100.00 100.00 100.00 100.00 83.33 85.71 100.00 100.00 100.00 66.67 75.00 100.00
87.30=87.50 100.00 100.00 100.00 100.00 80.00 100.00 60.00 100.00 83.33 77.78 100.00 88.89 57.14 85.71 100.00 72.73 100.00 58.33 100.00 100.00 100.00 75.00 80.00 100.00 50.00 100.00 100.00 66.67 83.33 100.00
86.95=75.00 100.00 100.00 100.00 100.00 75.00 100.00 30.00 75.00 66.67 75.00 100.00 85.71 100.00 100.00 85.71 75.00 100.00 66.67 100.00 100.00 100.00 85.71 100.00 0.00 100.00 100.00 100.00 100.00 100.00 100.00
92.74=100.00 100.00 100.00 100.00 100.00 100.00 100.00 100.00 100.00 100.00 100.00 66.67 83.33 100.00 100.00 100.00 75.00 100.00 66.67 100.00 100.00 100.00 100.00 100.00 33.33 66.67 100.00 100.00 83.33 100.00 100.00
93.60=75.00 100.00 100.00 100.00 100.00 75.00 100.00 100.00 100.00 80.00 100.00 66.67 83.33 80.00 100.00 100.00 75.00 100.00 66.67 100.00 100.00 100.00 100.00 100.00 100.00 100.00 100.00 100.00 100.00 100.00 100.00
91.69=100.00 100.00 100.00 100.00 100.00 100.00 100.00 100.00 100.00 100.00 100.00 100.00 100.00 100.00 85.71 100.00 60.00 100.00 50.00 66.67 100.00 80.00 100.00 100.00 33.33 66.67 100.00 100.00 100.00 100.00 100.00
94.09=100.00 100.00 100.00 75.00 100.00 75.00 100.00 75.00 100.00 100.00 100.00 100.00 100.00 100.00 100.00 100.00 75.00 100.00 66.67 100.00 100.00 100.00 100.00 100.00 50.00 100.00 100.00 100.00 100.00 100.00 100.00
88.03=83.33 100.00 100.00 100.00 100.00 100.00 90.00 10.34 80.00 100.00 87.50 100.00 100.00 50.00 58.33 66.67 85.71 100.00 85.71 80.00 100.00 100.00 100.00 100.00 71.43 100.00 100.00 100.00 80.00 100.00 100.00
90.50=100.00 100.00 100.00 75.00 100.00 80.00 100.00 50.00 100.00 100.00 87.50 100.00 87.50 80.00 75.00 100.00 88.89 100.00 70.00 88.89 100.00 100.00 100.00 100.00 100.00 100.00 100.00 80.00 71.43 71.43 100.00
88.08=100.00 83.33 100.00 60.00 80.00 72.73 100.00 42.86 100.00 100.00 87.50 100.00 87.50 75.00 83.33 100.00 100.00 100.00 53.85 88.89 100.00 100.00 85.71 100.00 100.00 75.00 100.00 100.00 83.33 71.43 100.00
87.94=85.71 100.00 100.00 75.00 100.00 88.89 100.00 50.00 71.43 100.00 87.50 100.00 87.50 66.67 85.71 100.00 88.89 100.00 54.55 72.73 100.00 100.00 80.00 100.00 100.00 60.00 100.00 100.00 71.43 100.00 100.00
87.52=100.00 83.33 100.00 60.00 100.00 72.73 100.00 50.00 83.33 100.00 77.78 100.00 87.50 66.67 75.00 100.00 87.50 100.00 58.33 72.73 100.00 83.33 100.00 100.00 100.00 75.00 100.00 100.00 80.00 100.00 100.00
81.35=77.78 100.00 100.00 100.00 100.00 100.00 100.00 10.81 66.67 66.67 87.50 100.00 100.00 33.33 66.67 83.33 100.00 100.00 63.64 88.89 66.67 75.00 71.43 100.00 80.00 100.00 83.33 75.00 50.00 75.00 100.00
87.79=77.78 100.00 100.00 75.00 100.00 88.89 100.00 42.86 100.00 71.43 77.78 100.00 87.50 66.67 100.00 90.00 87.50 100.00 58.33 72.73 100.00 100.00 100.00 83.33 100.00 100.00 100.00 100.00 66.67 75.00 100.00
88.19=87.50 100.00 100.00 100.00 66.67 100.00 90.91 60.00 100.00 83.33 77.78 100.00 100.00 55.56 100.00 100.00 77.78 100.00 53.85 88.89 100.00 100.00 100.00 100.00 100.00 50.00 100.00 100.00 66.67 75.00 100.00
85.50=70.00 100.00 100.00 100.00 100.00 75.00 100.00 50.00 100.00 80.00 100.00 100.00 87.50 71.43 85.71 100.00 80.00 87.50 50.00 88.89 100.00 100.00 100.00 80.00 100.00 40.00 100.00 88.89 80.00 85.71 50.00
88.77=77.78 100.00 100.00 75.00 100.00 100.00 100.00 57.14 100.00 100.00 77.78 100.00 87.50 66.67 72.73 100.00 77.78 100.00 58.33 88.89 80.00 100.00 100.00 80.00 100.00 100.00 100.00 100.00 66.67 85.71 100.00
85.97=100.00 100.00 100.00 100.00 100.00 100.00 100.00 42.86 75.00 100.00 100.00 100.00 83.33 100.00 88.89 80.00 60.00 66.67 33.33 100.00 100.00 100.00 83.33 100.00 16.67 100.00 100.00 100.00 60.00 75.00 100.00
87.30=100.00 100.00 100.00 100.00 100.00 100.00 100.00 50.00 100.00 75.00 100.00 100.00 85.71 100.00 88.89 100.00 60.00 100.00 50.00 66.67 100.00 100.00 80.00 100.00 0.00 100.00 100.00 100.00 100.00 75.00 75.00
85.26=100.00 100.00 100.00 60.00 100.00 60.00 75.00 66.67 100.00 100.00 100.00 100.00 85.71 100.00 87.50 100.00 66.67 100.00 40.00 66.67 100.00 75.00 100.00 80.00 0.00 100.00 100.00 100.00 100.00 80.00 100.00
84.09=100.00 100.00 100.00 75.00 100.00 75.00 100.00 50.00 60.00 100.00 100.00 100.00 83.33 100.00 100.00 100.00 75.00 100.00 50.00 50.00 100.00 100.00 100.00 66.67 0.00 100.00 100.00 100.00 75.00 66.67 80.00
86.08=100.00 83.33 100.00 100.00 100.00 50.00 100.00 50.00 100.00 100.00 100.00 100.00 83.33 75.00 100.00 100.00 60.00 100.00 50.00 50.00 100.00 100.00 100.00 100.00 0.00 100.00 100.00 100.00 100.00 66.67 100.00
84.52=85.71 100.00 100.00 25.00 100.00 85.71 100.00 10.81 100.00 80.00 100.00 100.00 66.67 100.00 58.33 83.33 100.00 100.00 100.00 77.78 100.00 100.00 60.00 100.00 100.00 20.00 100.00 100.00 66.67 100.00 100.00
88.62=70.00 100.00 100.00 75.00 100.00 88.89 100.00 40.00 75.00 83.33 87.50 100.00 87.50 100.00 100.00 100.00 100.00 100.00 63.64 88.89 100.00 80.00 75.00 100.00 80.00 100.00 100.00 100.00 66.67 85.71 100.00
86.60=70.00 100.00 100.00 75.00 100.00 80.00 100.00 66.67 60.00 100.00 77.78 100.00 100.00 100.00 77.78 100.00 88.89 100.00 58.33 72.73 100.00 75.00 85.71 80.00 100.00 66.67 100.00 100.00 66.67 83.33 100.00
87.57=70.00 100.00 100.00 100.00 80.00 100.00 100.00 57.14 80.00 100.00 100.00 100.00 87.50 100.00 85.71 100.00 80.00 100.00 53.85 88.89 100.00 80.00 85.71 66.67 80.00 66.67 100.00 100.00 66.67 85.71 100.00
90.50=70.00 100.00 100.00 100.00 100.00 88.89 100.00 66.67 80.00 100.00 100.00 87.50 87.50 100.00 87.50 100.00 100.00 100.00 58.33 88.89 100.00 80.00 85.71 83.33 100.00 100.00 100.00 88.89 66.67 85.71 100.00
92.77=100.00 100.00 100.00 100.00 100.00 100.00 100.00 33.33 100.00 100.00 100.00 100.00 80.00 100.00 87.50 100.00 100.00 100.00 50.00 100.00 75.00 100.00 100.00 100.00 100.00 66.67 100.00 100.00 100.00 83.33 100.00
88.68=100.00 100.00 100.00 100.00 100.00 100.00 100.00 100.00 100.00 100.00 100.00 100.00 100.00 75.00 87.50 100.00 60.00 100.00 40.00 66.67 100.00 80.00 80.00 100.00 0.00 100.00 100.00 100.00 80.00 80.00 100.00
92.55=100.00 100.00 100.00 75.00 100.00 75.00 100.00 100.00 100.00 100.00 100.00 100.00 100.00 100.00 87.50 100.00 60.00 100.00 66.67 100.00 100.00 100.00 100.00 100.00 25.00 100.00 100.00 100.00 100.00 80.00 100.00
90.33=100.00 100.00 100.00 100.00 100.00 75.00 100.00 75.00 75.00 100.00 100.00 100.00 100.00 100.00 77.78 100.00 60.00 100.00 50.00 100.00 100.00 100.00 100.00 100.00 0.00 100.00 100.00 87.50 100.00 100.00 100.00
93.55=100.00 100.00 100.00 100.00 100.00 75.00 100.00 100.00 100.00 100.00 100.00 66.67 100.00 100.00 100.00 100.00 75.00 100.00 50.00 100.00 100.00 100.00 100.00 100.00 33.33 100.00 100.00 100.00 100.00 100.00 100.00
88.73=100.00 100.00 100.00 50.00 100.00 100.00 100.00 21.43 100.00 100.00 100.00 100.00 100.00 100.00 100.00 85.71 100.00 100.00 66.67 100.00 100.00 80.00 100.00 100.00 0.00 66.67 100.00 100.00 80.00 100.00 100.00
93.52=75.00 100.00 100.00 100.00 100.00 75.00 100.00 100.00 100.00 100.00 75.00 100.00 100.00 100.00 100.00 100.00 75.00 100.00 66.67 66.67 100.00 100.00 85.71 80.00 100.00 100.00 100.00 100.00 100.00 100.00 100.00
94.11=100.00 100.00 100.00 100.00 100.00 100.00 100.00 100.00 100.00 100.00 100.00 100.00 100.00 100.00 100.00 100.00 60.00 100.00 40.00 100.00 100.00 80.00 100.00 100.00 50.00 100.00 100.00 87.50 100.00 100.00 100.00
92.76=100.00 100.00 83.33 100.00 100.00 100.00 100.00 66.67 100.00 100.00 100.00 100.00 100.00 100.00 88.89 100.00 66.67 100.00 40.00 66.67 100.00 100.00 83.33 80.00 100.00 100.00 100.00 100.00 100.00 100.00 100.00
91.83=100.00 100.00 100.00 100.00 100.00 100.00 100.00 100.00 75.00 75.00 100.00 50.00 100.00 80.00 100.00 100.00 75.00 100.00 66.67 100.00 75.00 100.00 100.00 100.00 50.00 100.00 100.00 100.00 100.00 100.00 100.00
91.44=100.00 100.00 100.00 100.00 100.00 75.00 100.00 42.86 100.00 75.00 100.00 100.00 83.33 100.00 100.00 75.00 100.00 100.00 100.00 50.00 100.00 100.00 100.00 100.00 50.00 100.00 100.00 100.00 100.00 83.33 100.00
92.42=100.00 100.00 100.00 100.00 100.00 100.00 100.00 100.00 100.00 100.00 100.00 100.00 100.00 100.00 100.00 100.00 75.00 100.00 50.00 66.67 100.00 100.00 85.71 100.00 0.00 100.00 100.00 87.50 100.00 100.00 100.00
87.39=100.00 100.00 100.00 60.00 100.00 50.00 100.00 66.67 100.00 100.00 100.00 100.00 100.00 66.67 87.50 100.00 75.00 100.00 50.00 100.00 100.00 100.00 100.00 100.00 33.33 100.00 100.00 100.00 60.00 60.00 100.00
91.61=100.00 100.00 100.00 100.00 100.00 75.00 100.00 100.00 100.00 100.00 100.00 66.67 100.00 100.00 100.00 100.00 75.00 100.00 40.00 100.00 100.00 100.00 100.00 100.00 0.00 100.00 100.00 100.00 100.00 83.33 100.00
88.52=100.00 100.00 100.00 100.00 100.00 75.00 100.00 100.00 100.00 100.00 100.00 100.00 100.00 75.00 87.50 100.00 60.00 100.00 33.33 50.00 100.00 100.00 83.33 100.00 0.00 100.00 100.00 100.00 100.00 80.00 100.00
87.88=100.00 100.00 100.00 100.00 100.00 100.00 100.00 37.50 100.00 100.00 100.00 66.67 83.33 100.00 100.00 100.00 60.00 100.00 50.00 100.00 100.00 80.00 80.00 100.00 0.00 100.00 100.00 100.00 100.00 66.67 100.00
88.06=100.00 100.00 100.00 100.00 100.00 100.00 100.00 50.00 100.00 100.00 100.00 100.00 83.33 80.00 100.00 100.00 50.00 100.00 40.00 66.67 100.00 100.00 100.00 100.00 0.00 100.00 100.00 100.00 100.00 60.00 100.00
83.81=100.00 100.00 100.00 100.00 100.00 66.67 100.00 42.86 100.00 100.00 100.00 66.67 71.43 75.00 88.89 100.00 60.00 100.00 50.00 50.00 100.00 80.00 100.00 80.00 0.00 100.00 100.00 100.00 100.00 66.67 100.00
81.22=60.00 100.00 100.00 75.00 100.00 75.00 100.00 42.86 100.00 80.00 100.00 100.00 83.33 100.00 100.00 100.00 50.00 100.00 25.00 66.67 100.00 60.00 100.00 100.00 0.00 50.00 75.00 100.00 100.00 75.00 100.00
85.01=100.00 100.00 100.00 75.00 100.00 100.00 100.00 42.86 100.00 100.00 100.00 100.00 85.71 80.00 100.00 75.00 33.33 100.00 50.00 100.00 100.00 100.00 100.00 100.00 0.00 100.00 100.00 100.00 60.00 33.33 100.00
90.81=100.00 100.00 100.00 100.00 100.00 100.00 100.00 50.00 100.00 100.00 100.00 100.00 100.00 100.00 80.00 100.00 75.00 100.00 66.67 100.00 100.00 80.00 100.00 100.00 0.00 100.00 100.00 100.00 80.00 83.33 100.00
87.87=100.00 100.00 100.00 100.00 100.00 100.00 100.00 100.00 100.00 80.00 100.00 50.00 100.00 80.00 88.89 100.00 75.00 100.00 40.00 66.67 100.00 80.00 83.33 100.00 0.00 100.00 80.00 100.00 100.00 100.00 100.00
91.38=100.00 100.00 100.00 100.00 100.00 75.00 100.00 100.00 100.00 100.00 100.00 100.00 100.00 100.00 77.78 100.00 100.00 100.00 50.00 100.00 100.00 100.00 83.33 100.00 0.00 100.00 100.00 100.00 80.00 66.67 100.00
92.17=100.00 100.00 100.00 100.00 100.00 75.00 100.00 100.00 100.00 100.00 100.00 100.00 100.00 100.00 100.00 100.00 75.00 100.00 50.00 100.00 100.00 100.00 85.71 100.00 0.00 100.00 100.00 100.00 100.00 71.43 100.00
91.32=100.00 100.00 100.00 100.00 100.00 100.00 100.00 75.00 100.00 80.00 75.00 66.67 83.33 100.00 87.50 100.00 50.00 66.67 66.67 100.00 100.00 100.00 100.00 100.00 100.00 100.00 100.00 100.00 100.00 80.00 100.00
88.00=100.00 100.00 100.00 75.00 100.00 100.00 100.00 37.50 100.00 100.00 100.00 100.00 83.33 100.00 88.89 100.00 60.00 100.00 50.00 66.67 100.00 100.00 100.00 100.00 0.00 100.00 100.00 100.00 100.00 66.67 100.00
89.21=100.00 100.00 100.00 100.00 100.00 100.00 100.00 50.00 100.00 80.00 100.00 100.00 83.33 100.00 88.89 100.00 60.00 100.00 40.00 100.00 100.00 100.00 83.33 100.00 0.00 100.00 100.00 100.00 100.00 80.00 100.00
89.09=100.00 100.00 100.00 75.00 100.00 100.00 100.00 50.00 75.00 100.00 100.00 100.00 100.00 100.00 100.00 100.00 75.00 100.00 40.00 66.67 100.00 100.00 100.00 80.00 0.00 100.00 100.00 100.00 100.00 100.00 100.00
88.46=100.00 100.00 100.00 100.00 100.00 100.00 100.00 60.00 100.00 80.00 100.00 100.00 85.71 100.00 100.00 100.00 50.00 100.00 40.00 66.67 100.00 100.00 100.00 100.00 0.00 100.00 100.00 100.00 100.00 60.00 100.00
88.84=100.00 100.00 100.00 75.00 100.00 100.00 100.00 60.00 100.00 100.00 100.00 100.00 100.00 100.00 88.89 100.00 60.00 100.00 40.00 100.00 100.00 80.00 100.00 100.00 0.00 100.00 100.00 100.00 75.00 75.00 100.00
80.20=85.71 100.00 100.00 100.00 100.00 100.00 100.00 12.50 75.00 100.00 100.00 100.00 60.00 66.67 70.00 100.00 80.00 100.00 87.50 72.73 100.00 71.43 75.00 50.00 54.55 0.00 83.33 100.00 66.67 75.00 100.00
86.01=77.78 100.00 100.00 75.00 100.00 88.89 100.00 50.00 75.00 100.00 87.50 100.00 100.00 100.00 70.00 100.00 88.89 100.00 63.64 80.00 80.00 62.50 100.00 60.00 100.00 50.00 100.00 100.00 57.14 100.00 100.00
85.12=70.00 100.00 100.00 100.00 100.00 80.00 100.00 50.00 100.00 100.00 87.50 100.00 77.78 80.00 100.00 71.43 88.89 100.00 60.00 100.00 100.00 83.33 85.71 62.50 60.00 66.67 100.00 100.00 62.50 85.71 66.67
84.90=77.78 100.00 100.00 100.00 100.00 100.00 100.00 50.00 100.00 83.33 58.33 100.00 87.50 83.33 88.89 100.00 100.00 100.00 54.55 72.73 100.00 66.67 83.33 80.00 80.00 50.00 100.00 88.89 60.00 66.67 100.00
85.31=66.67 83.33 100.00 100.00 100.00 72.73 100.00 50.00 75.00 100.00 77.78 100.00 85.71 80.00 85.71 100.00 100.00 100.00 60.00 80.00 100.00 57.14 85.71 100.00 62.50 66.67 100.00 88.89 66.67 100.00 100.00
83.83=75.00 100.00 100.00 100.00 100.00 75.00 100.00 37.50 100.00 75.00 100.00 100.00 80.00 100.00 77.78 100.00 100.00 66.67 50.00 100.00 100.00 75.00 100.00 100.00 0.00 66.67 100.00 100.00 60.00 60.00 100.00
87.50=100.00 100.00 100.00 100.00 100.00 75.00 100.00 60.00 100.00 100.00 100.00 66.67 100.00 100.00 87.50 100.00 60.00 100.00 50.00 66.67 100.00 66.67 100.00 100.00 0.00 100.00 100.00 100.00 100.00 80.00 100.00
88.76=100.00 100.00 100.00 100.00 80.00 75.00 100.00 50.00 80.00 100.00 100.00 100.00 100.00 100.00 85.71 85.71 75.00 100.00 40.00 100.00 100.00 100.00 100.00 100.00 0.00 100.00 100.00 100.00 80.00 100.00 100.00
90.35=100.00 100.00 100.00 100.00 100.00 100.00 75.00 100.00 100.00 100.00 100.00 100.00 100.00 80.00 87.50 100.00 75.00 100.00 50.00 50.00 100.00 100.00 100.00 100.00 0.00 100.00 100.00 100.00 100.00 83.33 100.00
91.92=100.00 100.00 100.00 100.00 100.00 100.00 100.00 75.00 100.00 100.00 75.00 100.00 100.00 100.00 77.78 100.00 75.00 100.00 66.67 66.67 100.00 80.00 100.00 100.00 50.00 100.00 100.00 100.00 100.00 83.33 100.00
83.51=77.78 100.00 100.00 60.00 100.00 87.50 100.00 20.00 100.00 80.00 100.00 100.00 100.00 100.00 77.78 100.00 71.43 100.00 77.78 80.00 100.00 66.67 75.00 75.00 60.00 50.00 100.00 100.00 50.00 80.00 100.00
87.44=70.00 100.00 100.00 75.00 100.00 88.89 100.00 42.86 75.00 100.00 100.00 100.00 88.89 80.00 77.78 100.00 100.00 100.00 70.00 80.00 100.00 75.00 85.71 62.50 83.33 100.00 100.00 88.89 66.67 100.00 100.00
86.91=70.00 100.00 100.00 100.00 100.00 88.89 100.00 66.67 66.67 100.00 87.50 87.50 100.00 71.43 87.50 85.71 100.00 100.00 53.85 80.00 100.00 66.67 85.71 66.67 100.00 100.00 100.00 88.89 57.14 83.33 100.00
90.04=77.78 100.00 100.00 100.00 100.00 100.00 100.00 50.00 60.00 100.00 87.50 100.00 100.00 100.00 80.00 66.67 100.00 100.00 53.85 100.00 100.00 100.00 75.00 83.33 100.00 100.00 100.00 100.00 57.14 100.00 100.00
87.91=70.00 100.00 100.00 100.00 100.00 100.00 100.00 50.00 75.00 100.00 100.00 100.00 100.00 100.00 80.00 100.00 100.00 100.00 58.33 80.00 100.00 75.00 71.43 83.33 66.67 100.00 100.00 100.00 57.14 83.33 75.00
92.00=75.00 100.00 100.00 100.00 100.00 100.00 100.00 23.08 100.00 100.00 100.00 100.00 100.00 75.00 88.89 100.00 100.00 100.00 66.67 100.00 100.00 100.00 85.71 100.00 50.00 100.00 100.00 87.50 100.00 100.00 100.00
95.58=100.00 100.00 100.00 100.00 100.00 100.00 100.00 75.00 100.00 100.00 100.00 100.00 100.00 100.00 100.00 85.71 50.00 100.00 66.67 100.00 100.00 100.00 85.71 100.00 100.00 100.00 100.00 100.00 100.00 100.00 100.00
93.38=100.00 100.00 100.00 100.00 100.00 100.00 100.00 100.00 100.00 80.00 100.00 100.00 85.71 100.00 85.71 100.00 50.00 100.00 66.67 100.00 100.00 60.00 83.33 100.00 100.00 100.00 100.00 100.00 83.33 100.00 100.00
92.53=75.00 100.00 100.00 100.00 100.00 100.00 100.00 100.00 100.00 100.00 75.00 100.00 100.00 100.00 100.00 100.00 75.00 100.00 50.00 50.00 100.00 80.00 83.33 80.00 100.00 100.00 100.00 100.00 100.00 100.00 100.00
94.70=100.00 100.00 100.00 75.00 100.00 100.00 100.00 100.00 100.00 100.00 100.00 100.00 100.00 100.00 100.00 100.00 75.00 100.00 50.00 50.00 100.00 100.00 85.71 100.00 100.00 100.00 100.00 100.00 100.00 100.00 100.00
82.59=87.50 100.00 100.00 50.00 100.00 100.00 100.00 10.71 100.00 83.33 100.00 100.00 77.78 75.00 80.00 100.00 100.00 100.00 100.00 61.54 100.00 50.00 85.71 66.67 75.00 0.00 100.00 100.00 57.14 100.00 100.00
91.00=70.00 100.00 100.00 100.00 80.00 100.00 100.00 57.14 80.00 100.00 100.00 100.00 87.50 100.00 100.00 87.50 100.00 100.00 63.64 100.00 100.00 100.00 85.71 71.43 100.00 100.00 85.71 100.00 66.67 85.71 100.00
88.84=70.00 100.00 100.00 100.00 100.00 88.89 100.00 50.00 80.00 100.00 100.00 87.50 75.00 100.00 88.89 100.00 100.00 100.00 63.64 72.73 100.00 100.00 75.00 83.33 66.67 100.00 100.00 100.00 66.67 85.71 100.00
89.59=70.00 100.00 100.00 100.00 100.00 80.00 100.00 57.14 100.00 83.33 100.00 100.00 80.00 100.00 66.67 100.00 100.00 100.00 63.64 72.73 100.00 80.00 85.71 71.43 100.00 100.00 100.00 100.00 66.67 100.00 100.00
89.89=63.64 100.00 100.00 75.00 100.00 100.00 100.00 44.44 75.00 100.00 100.00 100.00 100.00 100.00 88.89 100.00 100.00 100.00 58.33 80.00 100.00 80.00 85.71 83.33 100.00 100.00 100.00 100.00 66.67 85.71 100.00
81.12=77.78 100.00 100.00 100.00 100.00 100.00 100.00 11.43 75.00 100.00 100.00 100.00 100.00 25.00 100.00 90.00 100.00 87.50 75.00 88.89 100.00 75.00 25.00 75.00 80.00 66.67 85.71 60.00 66.67 50.00 100.00
87.83=77.78 100.00 100.00 100.00 100.00 88.89 100.00 50.00 100.00 100.00 87.50 100.00 100.00 71.43 87.50 88.89 77.78 77.78 54.55 100.00 100.00 100.00 83.33 83.33 100.00 75.00 100.00 100.00 66.67 85.71 66.67
90.08=87.50 100.00 100.00 100.00 80.00 100.00 100.00 60.00 100.00 100.00 100.00 100.00 88.89 71.43 80.00 90.00 80.00 100.00 53.85 80.00 100.00 100.00 100.00 75.00 100.00 100.00 100.00 100.00 60.00 85.71 100.00
85.58=77.78 100.00 100.00 66.67 100.00 100.00 100.00 50.00 100.00 71.43 87.50 100.00 100.00 71.43 77.78 100.00 77.78 100.00 58.33 72.73 100.00 100.00 100.00 83.33 80.00 100.00 100.00 80.00 66.67 71.43 60.00
90.20=85.71 100.00 100.00 75.00 100.00 88.89 100.00 66.67 100.00 100.00 100.00 100.00 88.89 80.00 77.78 100.00 80.00 100.00 63.64 100.00 100.00 100.00 100.00 83.33 83.33 100.00 100.00 100.00 57.14 85.71 80.00
87.06=100.00 100.00 100.00 100.00 100.00 100.00 100.00 33.33 75.00 66.67 100.00 100.00 83.33 80.00 88.89 80.00 100.00 100.00 66.67 50.00 100.00 75.00 100.00 75.00 25.00 100.00 100.00 100.00 100.00 100.00 100.00
91.01=100.00 100.00 100.00 100.00 100.00 100.00 100.00 60.00 100.00 60.00 100.00 100.00 100.00 100.00 100.00 85.71 50.00 100.00 66.67 100.00 100.00 100.00 85.71 100.00 33.33 100.00 80.00 100.00 100.00 100.00 100.00
92.33=100.00 100.00 100.00 66.67 100.00 100.00 100.00 100.00 100.00 100.00 100.00 100.00 100.00 80.00 87.50 83.33 60.00 100.00 66.67 66.67 100.00 100.00 85.71 100.00 100.00 100.00 80.00 85.71 100.00 100.00 100.00
95.86=100.00 100.00 100.00 75.00 100.00 75.00 100.00 100.00 100.00 100.00 100.00 100.00 100.00 80.00 100.00 100.00 75.00 100.00 66.67 100.00 100.00 100.00 100.00 100.00 100.00 100.00 100.00 100.00 100.00 100.00 100.00
91.29=100.00 100.00 100.00 100.00 100.00 75.00 100.00 100.00 100.00 100.00 100.00 66.67 83.33 100.00 100.00 100.00 75.00 66.67 66.67 66.67 100.00 100.00 100.00 80.00 50.00 100.00 100.00 100.00 100.00 100.00 100.00
91.96=100.00 100.00 100.00 100.00 100.00 75.00 100.00 60.00 80.00 100.00 100.00 100.00 100.00 100.00 87.50 100.00 75.00 100.00 66.67 66.67 100.00 80.00 100.00 100.00 100.00 100.00 100.00 100.00 80.00 80.00 100.00
95.11=100.00 100.00 100.00 100.00 100.00 100.00 100.00 100.00 100.00 100.00 100.00 100.00 100.00 80.00 80.00 100.00 75.00 100.00 66.67 100.00 100.00 100.00 100.00 80.00 100.00 100.00 100.00 100.00 66.67 100.00 100.00
90.67=100.00 100.00 100.00 75.00 100.00 100.00 100.00 75.00 100.00 100.00 100.00 100.00 85.71 100.00 100.00 100.00 75.00 100.00 50.00 66.67 100.00 100.00 100.00 100.00 0.00 100.00 100.00 100.00 100.00 83.33 100.00
90.40=100.00 100.00 100.00 100.00 100.00 100.00 100.00 66.67 100.00 75.00 75.00 66.67 83.33 100.00 87.50 100.00 60.00 100.00 66.67 66.67 100.00 100.00 100.00 100.00 100.00 100.00 100.00 100.00 80.00 75.00 100.00
90.77=100.00 100.00 100.00 100.00 100.00 75.00 100.00 75.00 100.00 100.00 100.00 100.00 100.00 100.00 87.50 100.00 75.00 100.00 50.00 100.00 100.00 100.00 71.43 100.00 0.00 100.00 100.00 100.00 100.00 100.00 80.00
87.73=100.00 100.00 100.00 66.67 100.00 100.00 100.00 15.79 83.33 100.00 100.00 100.00 71.43 75.00 77.78 72.73 100.00 87.50 50.00 72.73 100.00 83.33 100.00 100.00 83.33 100.00 100.00 100.00 80.00 100.00 100.00
90.76=100.00 100.00 100.00 100.00 80.00 87.50 100.00 50.00 71.43 100.00 100.00 100.00 87.50 83.33 77.78 100.00 87.50 100.00 58.33 88.89 100.00 100.00 83.33 100.00 85.71 100.00 100.00 88.89 83.33 100.00 100.00
90.30=87.50 100.00 100.00 100.00 100.00 80.00 100.00 44.44 83.33 100.00 100.00 87.50 85.71 100.00 100.00 100.00 77.78 100.00 58.33 80.00 100.00 100.00 100.00 80.00 100.00 100.00 100.00 88.89 62.50 83.33 100.00
90.32=100.00 100.00 100.00 75.00 100.00 80.00 100.00 44.44 100.00 100.00 87.50 85.71 100.00 83.33 55.56 100.00 80.00 100.00 53.85 88.89 100.00 100.00 100.00 100.00 85.71 100.00 100.00 100.00 80.00 100.00 100.00
89.00=87.50 100.00 100.00 75.00 100.00 87.50 100.00 44.44 100.00 100.00 100.00 85.71 87.50 100.00 100.00 100.00 70.00 100.00 63.64 80.00 80.00 100.00 100.00 100.00 100.00 75.00 100.00 100.00 71.43 71.43 80.00
82.72=77.78 100.00 100.00 100.00 100.00 100.00 100.00 10.81 100.00 100.00 100.00 100.00 60.00 100.00 80.00 100.00 83.33 100.00 100.00 72.73 80.00 100.00 62.50 100.00 57.14 0.00 100.00 80.00 50.00 100.00 50.00
88.56=66.67 100.00 100.00 100.00 100.00 66.67 100.00 66.67 80.00 100.00 77.78 100.00 100.00 100.00 85.71 100.00 100.00 100.00 53.85 80.00 100.00 66.67 83.33 71.43 80.00 100.00 100.00 100.00 66.67 100.00 100.00
89.06=63.64 100.00 100.00 75.00 100.00 100.00 100.00 44.44 80.00 100.00 100.00 100.00 100.00 100.00 88.89 100.00 100.00 87.50 50.00 100.00 100.00 75.00 100.00 83.33 100.00 100.00 85.71 100.00 66.67 85.71 75.00
87.55=77.78 100.00 100.00 100.00 100.00 100.00 100.00 57.14 66.67 100.00 100.00 100.00 72.73 100.00 80.00 71.43 100.00 100.00 58.33 88.89 100.00 80.00 80.00 71.43 100.00 66.67 100.00 100.00 57.14 85.71 100.00
89.84=70.00 100.00 100.00 100.00 100.00 87.50 100.00 57.14 100.00 83.33 87.50 100.00 100.00 100.00 77.78 100.00 88.89 100.00 58.33 88.89 100.00 66.67 85.71 100.00 83.33 100.00 100.00 100.00 66.67 83.33 100.00
79.27=100.00 100.00 100.00 33.33 100.00 100.00 88.89 10.81 100.00 100.00 100.00 100.00 50.00 0.00 60.00 88.89 85.71 100.00 83.33 80.00 75.00 100.00 71.43 83.33 66.67 100.00 100.00 100.00 80.00 100.00 0.00
89.76=87.50 100.00 100.00 75.00 100.00 87.50 100.00 50.00 100.00 80.00 100.00 100.00 87.50 80.00 100.00 100.00 80.00 100.00 63.64 80.00 80.00 100.00 100.00 100.00 85.71 100.00 100.00 100.00 80.00 85.71 80.00
89.57=100.00 100.00 100.00 75.00 100.00 88.89 100.00 50.00 100.00 80.00 87.50 100.00 87.50 100.00 87.50 100.00 88.89 100.00 54.55 88.89 100.00 100.00 83.33 100.00 100.00 50.00 100.00 100.00 83.33 71.43 100.00
88.48=87.50 100.00 100.00 75.00 100.00 80.00 100.00 50.00 83.33 100.00 100.00 100.00 88.89 80.00 100.00 100.00 88.89 87.50 50.00 88.89 100.00 100.00 80.00 100.00 85.71 60.00 100.00 100.00 71.43 85.71 100.00
91.13=100.00 100.00 100.00 75.00 100.00 87.50 100.00 50.00 83.33 83.33 100.00 100.00 100.00 100.00 87.50 100.00 80.00 100.00 53.85 88.89 100.00 100.00 100.00 100.00 100.00 75.00 100.00 100.00 75.00 85.71 100.00
91.26=100.00 100.00 100.00 100.00 100.00 100.00 100.00 30.00 100.00 100.00 100.00 100.00 100.00 100.00 100.00 100.00 66.67 100.00 50.00 100.00 100.00 100.00 85.71 100.00 50.00 66.67 100.00 100.00 80.00 100.00 100.00
91.85=100.00 100.00 100.00 100.00 100.00 75.00 100.00 75.00 100.00 100.00 100.00 100.00 100.00 80.00 85.71 100.00 75.00 100.00 66.67 66.67 100.00 100.00 85.71 100.00 50.00 100.00 100.00 87.50 100.00 100.00 100.00
89.14=100.00 100.00 100.00 100.00 100.00 100.00 100.00 100.00 100.00 80.00 75.00 100.00 100.00 66.67 100.00 100.00 75.00 100.00 66.67 50.00 100.00 100.00 100.00 100.00 50.00 0.00 100.00 100.00 100.00 100.00 100.00
95.16=100.00 100.00 83.33 100.00 100.00 100.00 100.00 100.00 100.00 100.00 100.00 100.00 100.00 100.00 100.00 100.00 75.00 100.00 50.00 66.67 100.00 100.00 75.00 100.00 100.00 100.00 100.00 100.00 100.00 100.00 100.00
94.86=100.00 100.00 100.00 100.00 100.00 100.00 100.00 100.00 100.00 80.00 100.00 100.00 100.00 100.00 100.00 100.00 75.00 100.00 50.00 50.00 100.00 100.00 85.71 100.00 100.00 100.00 100.00 100.00 100.00 100.00 100.00
88.76=75.00 100.00 100.00 100.00 100.00 100.00 75.00 40.00 100.00 100.00 100.00 100.00 100.00 100.00 80.00 100.00 75.00 100.00 40.00 66.67 100.00 100.00 100.00 100.00 0.00 100.00 100.00 100.00 100.00 100.00 100.00
85.54=75.00 100.00 100.00 75.00 100.00 75.00 100.00 50.00 100.00 80.00 100.00 100.00 100.00 100.00 100.00 100.00 60.00 100.00 40.00 100.00 100.00 100.00 100.00 80.00 0.00 66.67 100.00 100.00 75.00 75.00 100.00
85.57=100.00 100.00 100.00 100.00 100.00 100.00 75.00 42.86 100.00 80.00 75.00 100.00 85.71 100.00 87.50 100.00 66.67 100.00 50.00 66.67 100.00 100.00 83.33 100.00 0.00 100.00 100.00 100.00 60.00 80.00 100.00
87.49=60.00 100.00 100.00 100.00 100.00 100.00 100.00 50.00 100.00 100.00 100.00 100.00 100.00 100.00 88.89 75.00 60.00 100.00 40.00 100.00 100.00 100.00 83.33 80.00 0.00 100.00 100.00 100.00 100.00 75.00 100.00
86.23=100.00 100.00 100.00 100.00 100.00 100.00 100.00 42.86 100.00 100.00 100.00 100.00 85.71 100.00 77.78 100.00 75.00 100.00 50.00 100.00 100.00 80.00 80.00 80.00 0.00 66.67 100.00 100.00 60.00 75.00 100.00
75.75=77.78 100.00 100.00 100.00 80.00 100.00 100.00 10.53 66.67 66.67 87.50 100.00 50.00 50.00 100.00 100.00 100.00 100.00 77.78 88.89 100.00 0.00 37.50 100.00 60.00 100.00 100.00 75.00 60.00 60.00 0.00
88.87=77.78 100.00 100.00 100.00 100.00 88.89 100.00 60.00 100.00 100.00 100.00 100.00 88.89 57.14 70.00 100.00 80.00 100.00 60.00 88.89 100.00 100.00 100.00 100.00 83.33 75.00 100.00 100.00 66.67 83.33 75.00
89.24=77.78 83.33 100.00 100.00 100.00 88.89 100.00 57.14 100.00 80.00 87.50 100.00 88.89 83.33 75.00 100.00 88.89 100.00 53.85 88.89 75.00 100.00 100.00 100.00 100.00 100.00 100.00 100.00 66.67 71.43 100.00
90.97=87.50 100.00 100.00 75.00 100.00 80.00 100.00 57.14 100.00 100.00 100.00 100.00 88.89 100.00 75.00 100.00 80.00 100.00 58.33 88.89 100.00 100.00 100.00 100.00 100.00 100.00 100.00 100.00 66.67 62.50 100.00
89.80=63.64 100.00 100.00 100.00 100.00 88.89 90.91 75.00 83.33 100.00 87.50 100.00 100.00 83.33 100.00 100.00 80.00 100.00 54.55 88.89 100.00 100.00 100.00 100.00 85.71 75.00 100.00 88.89 66.67 71.43 100.00
82.76=83.33 100.00 100.00 100.00 100.00 100.00 100.00 18.75 80.00 80.00 100.00 100.00 83.33 60.00 83.33 66.67 100.00 100.00 77.78 72.73 100.00 100.00 57.14 80.00 53.33 100.00 100.00 100.00 83.33 85.71 0.00
88.85=87.50 80.00 100.00 66.67 100.00 100.00 100.00 37.50 100.00 83.33 87.50 100.00 100.00 100.00 100.00 100.00 70.00 100.00 50.00 72.73 100.00 83.33 100.00 100.00 100.00 100.00 100.00 100.00 83.33 85.71 66.67
93.14=87.50 100.00 100.00 100.00 100.00 88.89 100.00 50.00 100.00 100.00 100.00 87.50 87.50 100.00 100.00 100.00 80.00 100.00 63.64 100.00 100.00 100.00 85.71 100.00 87.50 100.00 100.00 100.00 83.33 85.71 100.00
