59.46=100.00 100.00 76.00 82.61 42.86 47.22 86.36 50.00 8.70 78.95 63.64 91.67 70.37 40.00 60.00 70.37 81.48 70.97 27.78 73.68 44.44 92.00 66.67 28.57 35.29 43.24 31.82 30.77 37.50 66.67 43.75
52.44=72.73 75.00 56.67 64.52 18.75 42.22 83.33 50.00 12.50 71.43 58.82 82.14 55.56 26.32 64.00 61.76 78.57 73.08 26.32 71.43 0.00 73.33 70.97 33.33 25.00 50.00 50.00 50.00 42.86 37.50 47.62
53.97=82.14 91.30 67.86 54.05 16.67 46.15 87.50 58.33 15.38 73.68 65.71 82.14 57.69 41.18 67.65 53.33 63.16 69.70 33.33 70.00 0.00 73.53 55.88 42.86 47.37 41.18 63.64 25.00 22.22 42.86 61.54
54.86=82.14 95.45 72.00 60.61 23.53 44.90 81.82 66.67 13.33 66.67 69.70 77.42 58.06 35.29 55.26 60.00 68.75 79.31 23.53 66.67 0.00 67.57 54.55 40.00 23.08 44.44 58.33 30.00 46.67 60.00 75.00
58.46=88.46 100.00 73.08 65.52 38.46 45.10 86.96 56.52 6.67 73.68 58.33 75.86 59.26 55.56 67.74 52.08 70.97 77.42 21.74 63.16 0.00 73.53 63.64 52.94 37.50 43.75 54.55 55.56 50.00 71.43 72.73
53.83=86.96 100.00 90.00 66.67 8.33 63.89 75.00 60.71 16.67 50.00 66.67 84.62 78.12 36.67 50.00 73.91 71.88 84.00 18.75 45.83 57.14 86.96 72.00 5.00 33.33 48.15 41.38 21.74 14.29 40.00 20.00
53.15=83.33 84.00 66.67 55.88 4.55 56.82 86.96 61.54 11.76 64.00 64.10 70.00 67.86 57.89 56.00 60.00 68.75 81.48 25.00 64.71 23.08 85.71 66.67 0.00 38.10 65.22 81.25 18.75 10.53 38.46 28.57
51.78=87.50 87.50 78.26 61.29 3.85 50.00 75.00 58.33 17.86 65.00 63.16 62.86 63.89 61.54 53.85 69.23 58.97 77.78 17.65 38.10 0.00 76.00 81.82 6.25 39.13 44.12 86.67 26.67 20.00 50.00 23.08
53.24=85.19 91.67 100.00 50.00 8.33 50.00 90.91 70.83 20.00 63.64 51.02 63.89 67.65 53.33 57.14 85.00 67.65 73.33 22.22 76.92 0.00 75.00 62.50 0.00 32.14 47.06 80.00 36.36 18.75 30.00 20.00
58.08=85.71 95.65 94.44 58.82 3.45 52.17 94.74 64.00 18.52 77.78 56.82 60.53 68.75 71.43 60.00 67.86 77.42 75.86 22.22 68.42 0.00 79.31 65.62 5.56 39.13 51.72 78.95 75.00 23.53 57.14 50.00
91.43=100.00 100.00 87.50 100.00 100.00 100.00 100.00 100.00 80.00 83.33 77.78 100.00 70.00 100.00 100.00 83.33 87.50 100.00 100.00 100.00 100.00 100.00 100.00 100.00 85.71 75.00 75.00 77.78 71.43 100.00 80.00
91.20=100.00 100.00 100.00 100.00 57.14 88.89 100.00 66.67 100.00 83.33 85.71 100.00 85.71 100.00 100.00 88.89 88.89 100.00 100.00 88.89 100.00 66.67 87.50 83.33 88.89 100.00 100.00 100.00 83.33 100.00 83.33
90.97=100.00 100.00 87.50 100.00 66.67 80.00 100.00 66.67 100.00 100.00 77.78 100.00 100.00 100.00 100.00 81.82 100.00 100.00 100.00 77.78 100.00 71.43 88.89 100.00 100.00 75.00 75.00 100.00 71.43 100.00 100.00
92.01=100.00 100.00 100.00 75.00 80.00 88.89 100.00 66.67 71.43 100.00 100.00 100.00 83.33 100.00 100.00 75.00 88.89 87.50 100.00 100.00 100.00 100.00 100.00 83.33 100.00 100.00 100.00 100.00 85.71 100.00 66.67
93.40=100.00 100.00 87.50 100.00 100.00 100.00 100.00 66.67 71.43 100.00 100.00 100.00 100.00 100.00 88.89 81.82 100.00 100.00 100.00 80.00 100.00 83.33 100.00 85.71 100.00 100.00 100.00 100.00 83.33 83.33 83.33
74.88=70.00 100.00 100.00 75.00 66.67 63.64 100.00 60.00 100.00 100.00 87.50 87.50 100.00 100.00 75.00 69.23 100.00 87.50 0.00 80.00 0.00 80.00 83.33 83.33 40.00 0.00 66.67 83.33 62.50 100.00 100.00
83.41=87.50 100.00 100.00 75.00 75.00 58.33 83.33 50.00 83.33 100.00 87.50 100.00 100.00 100.00 100.00 100.00 100.00 85.71 83.33 88.89 0.00 100.00 87.50 100.00 77.78 25.00 100.00 100.00 62.50 100.00 75.00
84.35=100.00 100.00 100.00 75.00 100.00 61.54 100.00 80.00 66.67 83.33 100.00 100.00 87.50 100.00 85.71 90.00 100.00 100.00 100.00 70.00 0.00 83.33 100.00 71.43 80.00 20.00 100.00 88.89 71.43 100.00 100.00
83.99=87.50 80.00 100.00 50.00 100.00 61.54 100.00 50.00 100.00 100.00 100.00 100.00 100.00 100.00 66.67 100.00 100.00 77.78 100.00 77.78 0.00 100.00 83.33 100.00 77.78 20.00 100.00 100.00 71.43 100.00 100.00
79.82=77.78 83.33 100.00 60.00 100.00 53.85 100.00 50.00 83.33 83.33 87.50 87.50 100.00 100.00 62.50 77.78 100.00 87.50 100.00 80.00 0.00 80.00 85.71 100.00 87.50 20.00 100.00 100.00 60.00 100.00 66.67
79.95=70.00 100.00 100.00 100.00 66.67 63.64 100.00 100.00 100.00 100.00 100.00 87.50 100.00 80.00 100.00 78.57 87.50 100.00 0.00 100.00 0.00 71.43 85.71 66.67 38.46 100.00 75.00 77.78 54.55 100.00 75.00
85.00=70.00 100.00 100.00 100.00 80.00 66.67 83.33 100.00 100.00 83.33 87.50 100.00 87.50 60.00 100.00 100.00 88.89 100.00 100.00 100.00 0.00 83.33 100.00 80.00 53.85 75.00 100.00 100.00 55.56 80.00 100.00
84.84=77.78 83.33 100.00 60.00 80.00 63.64 100.00 100.00 83.33 100.00 100.00 87.50 100.00 100.00 100.00 83.33 88.89 85.71 100.00 100.00 0.00 71.43 100.00 100.00 63.64 75.00 100.00 88.89 62.50 100.00 75.00
87.31=77.78 100.00 87.50 100.00 100.00 72.73 88.89 100.00 100.00 71.43 87.50 100.00 100.00 80.00 100.00 71.43 100.00 100.00 100.00 100.00 0.00 80.00 87.50 100.00 71.43 75.00 100.00 100.00 55.56 100.00 100.00
85.75=77.78 100.00 100.00 75.00 80.00 63.64 100.00 100.00 100.00 83.33 87.50 100.00 100.00 100.00 88.89 100.00 100.00 85.71 85.71 80.00 0.00 100.00 100.00 100.00 62.50 75.00 100.00 100.00 66.67 80.00 66.67
63.30=96.00 100.00 94.44 90.91 9.30 48.98 95.00 68.42 33.33 94.12 57.89 91.30 68.00 66.67 60.61 66.67 76.47 64.71 30.30 94.12 0.00 86.21 72.41 23.08 58.82 72.22 47.83 43.48 50.00 38.46 62.50
60.26=88.00 100.00 85.00 80.00 14.29 46.15 88.00 59.09 15.00 80.95 64.10 79.17 57.14 75.00 61.11 60.00 71.43 78.57 36.00 72.00 0.00 83.87 72.73 23.53 30.00 65.00 50.00 50.00 42.86 57.14 81.82
59.73=92.31 90.91 85.00 87.50 12.00 50.00 83.33 60.71 21.05 77.27 64.10 77.78 66.67 68.00 64.71 55.26 78.12 68.97 25.93 84.21 0.00 80.00 69.70 12.50 56.25 48.00 42.86 36.36 50.00 77.78 64.29
63.05=82.14 95.00 81.82 73.08 15.79 48.94 92.00 60.71 21.05 69.57 60.47 63.33 69.57 73.33 75.86 64.86 81.25 75.86 33.33 90.48 0.00 83.87 75.86 27.78 55.56 75.00 53.33 60.00 29.41 83.33 81.82
66.14=95.83 91.30 90.00 86.96 15.38 50.00 95.65 64.29 45.00 89.47 69.44 77.78 75.00 80.77 77.78 57.89 80.65 80.77 44.83 80.95 0.00 68.57 68.57 18.75 51.72 70.59 61.11 58.82 42.86 77.78 81.82
59.17=85.19 100.00 86.36 63.33 23.08 41.82 86.96 75.00 5.56 70.59 61.11 61.11 60.71 57.69 52.63 63.64 70.97 72.41 24.14 73.33 0.00 79.31 67.86 46.67 47.37 60.00 60.00 70.00 47.37 50.00 70.00
60.42=84.00 91.30 81.82 68.97 20.00 46.81 72.00 58.33 27.78 71.43 56.76 75.86 67.86 60.87 74.19 64.10 62.16 85.19 30.43 66.67 0.00 75.76 58.82 46.15 50.00 58.33 66.67 77.78 31.25 75.00 66.67
62.18=88.89 95.45 94.74 80.00 22.22 43.40 83.33 63.64 5.88 86.67 63.16 68.97 52.78 53.57 59.46 70.97 61.11 75.00 38.71 72.22 0.00 82.14 70.00 46.67 52.63 56.52 63.64 83.33 36.84 100.00 55.56
60.78=82.14 100.00 64.29 68.97 18.18 44.90 73.91 71.43 7.14 72.22 60.00 76.67 50.00 57.14 65.62 66.67 69.70 82.14 32.00 75.00 0.00 78.12 69.70 40.00 37.04 60.87 70.00 80.00 43.75 100.00 66.67
63.33=88.00 95.45 90.00 74.07 16.67 41.51 86.96 65.38 12.50 73.68 58.54 71.88 55.56 59.26 75.86 75.00 71.88 79.31 31.58 80.00 0.00 71.88 67.74 40.00 36.00 50.00 72.73 91.67 50.00 100.00 80.00
82.97=77.78 83.33 100.00 100.00 66.67 63.64 100.00 80.00 100.00 71.43 100.00 87.50 100.00 62.50 72.73 100.00 87.50 87.50 85.71 87.50 0.00 100.00 100.00 66.67 66.67 75.00 100.00 100.00 75.00 75.00 100.00
83.68=70.00 100.00 100.00 100.00 100.00 50.00 90.91 100.00 100.00 100.00 77.78 87.50 100.00 71.43 100.00 90.91 88.89 100.00 75.00 100.00 0.00 100.00 100.00 60.00 55.56 100.00 85.71 100.00 50.00 83.33 57.14
87.75=77.78 100.00 100.00 66.67 100.00 66.67 100.00 100.00 100.00 100.00 100.00 100.00 100.00 100.00 100.00 91.67 85.71 100.00 100.00 87.50 0.00 100.00 100.00 80.00 87.50 42.86 85.71 100.00 62.50 85.71 100.00
83.92=87.50 100.00 100.00 60.00 80.00 72.73 100.00 75.00 100.00 100.00 87.50 85.71 100.00 80.00 100.00 100.00 88.89 100.00 100.00 88.89 0.00 71.43 87.50 100.00 87.50 50.00 83.33 100.00 57.14 75.00 83.33
84.39=70.00 100.00 100.00 75.00 80.00 66.67 100.00 100.00 100.00 100.00 87.50 100.00 87.50 66.67 100.00 90.91 75.00 100.00 100.00 100.00 0.00 100.00 100.00 80.00 77.78 75.00 71.43 100.00 55.56 57.14 100.00
82.70=63.64 100.00 100.00 60.00 100.00 72.73 100.00 50.00 100.00 100.00 70.00 70.00 83.33 100.00 100.00 80.00 87.50 87.50 100.00 80.00 0.00 100.00 85.71 83.33 87.50 16.67 100.00 100.00 85.71 100.00 100.00
81.28=71.43 100.00 100.00 75.00 100.00 53.85 100.00 44.44 83.33 100.00 87.50 87.50 100.00 100.00 100.00 77.78 88.89 100.00 85.71 72.73 0.00 100.00 75.00 100.00 70.00 0.00 100.00 71.43 75.00 100.00 100.00
84.34=87.50 100.00 100.00 75.00 80.00 60.00 100.00 57.14 100.00 83.33 100.00 100.00 100.00 83.33 77.78 87.50 100.00 87.50 100.00 80.00 0.00 100.00 71.43 83.33 66.67 100.00 85.71 87.50 85.71 100.00 75.00
81.65=87.50 100.00 100.00 60.00 100.00 57.14 100.00 50.00 71.43 83.33 100.00 71.43 83.33 100.00 72.73 77.78 87.50 100.00 100.00 72.73 0.00 100.00 83.33 71.43 71.43 50.00 100.00 100.00 80.00 100.00 100.00
85.50=87.50 100.00 100.00 75.00 100.00 61.54 90.00 44.44 100.00 62.50 100.00 100.00 88.89 100.00 85.71 100.00 100.00 100.00 100.00 80.00 0.00 100.00 100.00 100.00 88.89 40.00 100.00 88.89 57.14 100.00 100.00
62.92=82.76 100.00 80.95 73.08 23.81 48.00 79.17 68.00 35.29 87.50 52.50 80.00 53.85 60.00 82.14 76.67 61.54 74.19 40.00 61.11 0.00 82.14 74.07 60.00 39.29 65.22 40.00 71.43 42.11 85.71 70.00
61.95=85.71 95.45 94.44 74.07 20.00 43.64 79.17 65.22 20.00 76.47 61.29 79.31 56.25 57.69 64.71 70.97 57.89 73.33 28.12 68.42 0.00 86.21 65.71 25.00 40.74 64.00 72.73 77.78 42.86 85.71 87.50
63.41=75.00 100.00 75.00 73.08 15.62 46.94 72.00 84.21 11.11 82.35 62.86 69.70 54.29 59.26 80.00 75.76 70.59 78.57 42.86 76.47 0.00 89.66 61.29 66.67 45.83 50.00 63.64 72.73 54.55 85.71 70.00
62.95=92.31 100.00 85.71 76.00 19.23 46.81 83.33 65.22 5.00 77.78 60.00 75.00 59.38 65.22 62.86 69.70 70.59 82.76 35.71 54.55 0.00 85.71 71.88 42.86 52.00 54.17 72.73 76.92 47.83 71.43 88.89
61.94=82.76 100.00 85.00 73.08 17.86 45.10 80.77 66.67 10.00 68.42 60.53 78.57 55.88 50.00 68.75 66.67 68.75 78.12 40.91 81.25 0.00 75.00 71.43 41.18 40.00 51.85 54.55 69.23 37.93 100.00 100.00
82.55=63.64 100.00 100.00 60.00 100.00 61.54 100.00 80.00 100.00 100.00 87.50 85.71 83.33 50.00 75.00 90.91 80.00 85.71 100.00 100.00 0.00 75.00 100.00 100.00 100.00 75.00 100.00 75.00 55.56 100.00 75.00
86.69=87.50 100.00 83.33 100.00 100.00 66.67 100.00 100.00 80.00 71.43 100.00 100.00 100.00 100.00 77.78 100.00 80.00 100.00 100.00 100.00 0.00 100.00 87.50 60.00 88.89 60.00 100.00 100.00 44.44 100.00 100.00
86.26=70.00 100.00 100.00 100.00 75.00 63.64 90.91 66.67 100.00 83.33 87.50 100.00 87.50 100.00 88.89 90.00 100.00 100.00 100.00 100.00 0.00 100.00 100.00 80.00 80.00 75.00 100.00 87.50 62.50 85.71 100.00
84.62=70.00 100.00 100.00 66.67 66.67 70.00 100.00 100.00 83.33 83.33 87.50 87.50 100.00 100.00 72.73 100.00 88.89 100.00 100.00 100.00 0.00 83.33 100.00 66.67 75.00 75.00 100.00 100.00 66.67 100.00 80.00
84.61=77.78 100.00 100.00 100.00 66.67 66.67 100.00 80.00 100.00 100.00 75.00 83.33 77.78 100.00 100.00 91.67 87.50 100.00 75.00 100.00 0.00 83.33 100.00 66.67 77.78 75.00 100.00 100.00 55.56 83.33 100.00
81.33=63.64 100.00 100.00 66.67 66.67 63.64 100.00 50.00 100.00 83.33 100.00 100.00 80.00 80.00 53.85 100.00 100.00 100.00 85.71 72.73 0.00 100.00 100.00 100.00 100.00 0.00 75.00 100.00 80.00 100.00 100.00
82.88=75.00 100.00 100.00 75.00 100.00 53.33 90.00 50.00 80.00 100.00 100.00 85.71 100.00 80.00 85.71 100.00 88.89 87.50 100.00 77.78 0.00 100.00 83.33 100.00 75.00 25.00 85.71 100.00 71.43 100.00 100.00
83.87=70.00 100.00 100.00 75.00 100.00 53.85 100.00 57.14 100.00 71.43 87.50 100.00 100.00 100.00 54.55 88.89 100.00 87.50 100.00 80.00 0.00 100.00 85.71 100.00 100.00 33.33 100.00 100.00 80.00 100.00 75.00
78.75=70.00 100.00 100.00 75.00 80.00 66.67 100.00 57.14 71.43 100.00 100.00 100.00 88.89 100.00 77.78 85.71 87.50 87.50 100.00 66.67 0.00 100.00 85.71 83.33 80.00 0.00 100.00 87.50 57.14 83.33 50.00
86.75=87.50 100.00 100.00 60.00 100.00 66.67 100.00 80.00 100.00 100.00 87.50 87.50 100.00 100.00 70.00 100.00 100.00 87.50 100.00 77.78 0.00 100.00 85.71 85.71 100.00 33.33 100.00 100.00 80.00 100.00 100.00
60.10=88.89 95.45 85.71 76.92 20.83 48.00 83.33 77.78 7.14 77.78 57.50 57.50 48.48 51.85 72.41 71.88 64.52 75.86 42.86 68.42 0.00 82.76 67.86 31.25 50.00 65.00 46.67 66.67 33.33 71.43 75.00
61.45=82.76 100.00 94.74 67.86 16.67 46.00 76.00 66.67 6.25 86.67 60.00 75.00 61.76 62.50 61.54 72.41 70.97 78.57 33.33 72.22 0.00 76.47 73.33 47.06 42.86 59.09 58.33 73.33 40.91 75.00 66.67
63.19=88.46 95.65 89.47 83.33 11.11 48.98 90.91 63.64 5.88 88.24 50.00 85.71 59.46 68.00 66.67 69.44 70.97 82.76 35.48 71.43 0.00 69.70 61.76 35.29 52.38 59.09 70.00 71.43 42.86 83.33 87.50
61.63=78.57 100.00 90.48 67.86 16.67 43.14 86.96 70.83 15.79 80.00 50.00 70.97 57.58 58.33 72.41 68.57 76.67 74.19 35.71 63.16 0.00 80.65 71.88 40.00 47.37 56.00 58.33 73.33 45.00 80.00 80.00
62.31=92.31 95.45 85.71 70.37 13.33 44.44 80.77 57.69 13.33 80.00 52.38 79.31 51.43 66.67 65.62 74.19 74.19 79.31 39.13 81.25 0.00 72.73 70.37 40.00 42.31 63.64 80.00 80.00 27.27 83.33 75.00
79.43=77.78 100.00 100.00 75.00 80.00 61.54 100.00 66.67 66.67 100.00 100.00 87.50 57.14 75.00 87.50 53.85 100.00 100.00 100.00 80.00 0.00 57.14 100.00 83.33 57.14 100.00 100.00 88.89 57.14 100.00 50.00
80.91=87.50 100.00 87.50 60.00 100.00 63.64 100.00 57.14 75.00 83.33 70.00 77.78 100.00 80.00 80.00 100.00 87.50 100.00 100.00 100.00 0.00 75.00 71.43 66.67 100.00 66.67 85.71 100.00 83.33 100.00 50.00
85.40=87.50 100.00 85.71 100.00 100.00 63.64 90.91 66.67 83.33 100.00 100.00 100.00 77.78 80.00 85.71 88.89 100.00 100.00 100.00 80.00 0.00 83.33 62.50 83.33 100.00 100.00 100.00 100.00 62.50 85.71 80.00
79.08=100.00 100.00 75.00 66.67 80.00 46.67 90.91 50.00 50.00 83.33 87.50 100.00 87.50 75.00 80.00 100.00 100.00 100.00 100.00 100.00 0.00 57.14 83.33 55.56 77.78 50.00 100.00 100.00 80.00 100.00 75.00
84.92=100.00 100.00 85.71 100.00 100.00 61.54 100.00 80.00 100.00 100.00 87.50 100.00 70.00 83.33 80.00 88.89 88.89 87.50 83.33 100.00 0.00 83.33 83.33 100.00 87.50 75.00 100.00 100.00 66.67 100.00 40.00
62.85=95.65 95.45 85.71 82.61 16.13 48.00 82.14 66.67 20.00 71.43 56.52 70.00 61.29 80.00 75.00 61.76 72.41 81.48 32.26 90.00 0.00 77.42 75.00 28.57 57.69 57.14 64.71 58.82 33.33 66.67 84.62
66.18=92.31 95.24 94.74 74.07 16.00 44.00 84.00 68.18 38.89 85.71 70.27 76.67 73.08 76.00 81.48 62.86 80.00 80.00 36.36 82.61 0.00 88.00 66.67 29.41 60.87 61.90 52.38 61.11 43.75 83.33 91.67
66.04=92.00 100.00 94.74 86.36 16.67 48.98 76.92 64.00 43.75 80.00 61.11 75.86 62.96 80.00 69.70 62.50 77.42 91.67 39.29 80.95 0.00 89.29 72.73 26.67 50.00 54.55 56.25 61.11 57.14 90.00 84.62
66.34=88.89 95.24 94.74 77.78 14.81 47.06 88.00 73.91 27.78 77.78 69.44 87.50 61.76 80.77 85.19 65.71 85.19 95.65 35.29 81.82 0.00 78.12 71.88 18.75 57.14 63.16 62.50 66.67 43.75 88.89 71.43
64.01=88.89 95.65 94.44 83.33 12.50 45.28 95.83 70.37 26.09 85.71 73.53 75.00 62.96 82.14 79.17 57.89 71.88 88.00 21.43 85.71 0.00 83.33 73.53 18.75 50.00 48.15 58.82 62.50 38.46 75.00 80.00
82.03=100.00 100.00 100.00 100.00 66.67 61.54 76.92 50.00 62.50 71.43 87.50 100.00 100.00 100.00 80.00 88.89 66.67 87.50 100.00 100.00 0.00 57.14 83.33 71.43 85.71 100.00 85.71 100.00 80.00 100.00 80.00
84.33=77.78 100.00 100.00 60.00 100.00 57.14 90.91 80.00 66.67 100.00 100.00 100.00 87.50 100.00 100.00 88.89 80.00 100.00 100.00 100.00 0.00 71.43 100.00 66.67 100.00 100.00 85.71 100.00 71.43 80.00 50.00
82.85=87.50 100.00 85.71 100.00 80.00 66.67 100.00 66.67 71.43 100.00 70.00 87.50 85.71 100.00 100.00 87.50 85.71 87.50 85.71 87.50 0.00 50.00 75.00 100.00 87.50 100.00 100.00 85.71 75.00 100.00 60.00
86.56=100.00 100.00 85.71 100.00 100.00 66.67 100.00 80.00 71.43 100.00 100.00 100.00 100.00 100.00 100.00 75.00 88.89 100.00 83.33 70.00 0.00 83.33 100.00 100.00 100.00 40.00 85.71 87.50 100.00 85.71 80.00
86.53=87.50 100.00 100.00 100.00 80.00 61.54 100.00 57.14 83.33 100.00 100.00 85.71 75.00 100.00 88.89 88.89 100.00 100.00 100.00 100.00 0.00 71.43 85.71 85.71 100.00 100.00 85.71 100.00 85.71 100.00 60.00
78.52=87.50 100.00 100.00 75.00 80.00 60.00 100.00 80.00 80.00 100.00 100.00 75.00 88.89 83.33 87.50 100.00 72.73 71.43 71.43 100.00 0.00 83.33 83.33 50.00 66.67 60.00 100.00 87.50 57.14 83.33 50.00
86.73=77.78 83.33 100.00 100.00 100.00 61.54 100.00 100.00 80.00 100.00 100.00 100.00 100.00 80.00 100.00 100.00 80.00 100.00 100.00 100.00 0.00 71.43 100.00 66.67 77.78 60.00 83.33 100.00 66.67 100.00 100.00
80.23=77.78 100.00 100.00 75.00 66.67 46.67 100.00 100.00 100.00 100.00 100.00 83.33 85.71 71.43 80.00 100.00 100.00 100.00 100.00 100.00 0.00 80.00 100.00 50.00 71.43 50.00 85.71 66.67 44.44 85.71 66.67
84.61=77.78 100.00 100.00 50.00 100.00 66.67 88.89 80.00 100.00 100.00 100.00 100.00 87.50 100.00 100.00 100.00 88.89 100.00 100.00 88.89 0.00 71.43 80.00 100.00 75.00 60.00 100.00 88.89 50.00 85.71 83.33
84.65=77.78 100.00 100.00 100.00 100.00 58.33 100.00 80.00 83.33 83.33 77.78 100.00 77.78 100.00 100.00 90.00 80.00 100.00 85.71 100.00 0.00 71.43 85.71 100.00 71.43 100.00 85.71 100.00 50.00 85.71 80.00
63.95=88.89 95.45 90.00 76.92 19.23 44.23 79.17 70.59 26.67 76.47 52.38 74.19 60.00 62.96 69.70 67.65 75.00 79.31 40.74 77.78 0.00 82.14 76.00 38.46 50.00 59.26 57.14 68.75 43.48 80.00 100.00
61.81=85.71 100.00 85.00 71.43 17.86 46.81 86.96 64.00 11.11 66.67 61.11 70.00 56.41 53.33 74.19 74.19 64.71 78.57 37.04 70.00 0.00 88.46 70.97 35.71 40.00 58.33 66.67 83.33 30.77 100.00 66.67
62.33=88.89 100.00 85.00 74.07 10.00 44.44 86.96 66.67 9.52 100.00 60.00 80.77 54.29 56.67 67.74 75.00 73.33 65.71 45.00 52.38 0.00 86.21 70.00 42.86 41.67 59.09 72.73 76.92 36.36 87.50 62.50
63.79=88.46 95.45 81.82 76.00 13.89 44.90 86.96 57.69 15.38 93.75 57.89 76.67 60.53 62.50 70.59 72.73 76.67 85.71 42.86 75.00 0.00 76.67 71.43 40.00 52.38 50.00 63.64 75.00 42.86 80.00 90.00
62.94=88.89 100.00 85.71 74.07 19.23 44.90 83.33 69.57 16.67 81.25 55.56 70.59 50.00 61.54 68.57 85.71 67.74 84.62 37.04 63.64 0.00 77.42 66.67 46.15 61.11 50.00 62.50 82.35 36.00 83.33 76.92
85.54=87.50 100.00 100.00 37.50 80.00 57.14 90.91 57.14 100.00 100.00 100.00 100.00 100.00 100.00 87.50 100.00 100.00 100.00 100.00 85.71 0.00 80.00 100.00 100.00 81.82 40.00 100.00 100.00 66.67 100.00 100.00
80.73=63.64 100.00 100.00 75.00 100.00 66.67 100.00 42.86 100.00 100.00 87.50 100.00 87.50 80.00 75.00 70.00 100.00 100.00 100.00 66.67 0.00 100.00 66.67 83.33 77.78 0.00 100.00 100.00 60.00 100.00 100.00
82.99=87.50 100.00 100.00 75.00 100.00 43.75 90.00 42.86 100.00 83.33 100.00 100.00 88.89 100.00 50.00 100.00 100.00 100.00 100.00 80.00 0.00 100.00 100.00 83.33 90.00 33.33 100.00 88.89 50.00 85.71 100.00
85.79=70.00 100.00 100.00 75.00 100.00 61.54 100.00 80.00 71.43 100.00 87.50 100.00 100.00 83.33 75.00 100.00 100.00 100.00 100.00 80.00 0.00 83.33 87.50 100.00 100.00 25.00 100.00 100.00 80.00 100.00 100.00
82.96=70.00 100.00 100.00 75.00 66.67 61.54 100.00 57.14 100.00 100.00 100.00 87.50 100.00 80.00 66.67 100.00 100.00 100.00 83.33 80.00 0.00 100.00 100.00 85.71 100.00 33.33 100.00 100.00 50.00 100.00 75.00
85.55=100.00 100.00 85.71 100.00 80.00 66.67 100.00 80.00 83.33 66.67 87.50 100.00 87.50 100.00 100.00 90.91 88.89 100.00 100.00 100.00 0.00 80.00 100.00 71.43 100.00 60.00 100.00 80.00 83.33 100.00 60.00
81.78=100.00 100.00 100.00 66.67 80.00 66.67 90.00 50.00 66.67 100.00 77.78 100.00 87.50 71.43 87.50 100.00 100.00 100.00 100.00 77.78 0.00 83.33 71.43 71.43 100.00 50.00 100.00 100.00 80.00 100.00 57.14
81.49=77.78 100.00 100.00 100.00 100.00 58.33 100.00 37.50 40.00 83.33 87.50 100.00 100.00 100.00 75.00 100.00 100.00 100.00 85.71 70.00 0.00 66.67 87.50 85.71 100.00 50.00 85.71 88.89 71.43 100.00 75.00
84.37=87.50 100.00 100.00 100.00 100.00 61.54 90.00 57.14 71.43 100.00 87.50 100.00 77.78 100.00 100.00 100.00 85.71 87.50 100.00 80.00 0.00 55.56 75.00 85.71 100.00 75.00 100.00 100.00 71.43 100.00 66.67
85.43=100.00 100.00 87.50 75.00 100.00 66.67 100.00 66.67 71.43 100.00 77.78 87.50 85.71 100.00 100.00 100.00 88.89 100.00 100.00 100.00 0.00 62.50 66.67 100.00 100.00 75.00 100.00 100.00 71.43 85.71 80.00
65.07=82.76 95.45 94.44 80.00 17.86 48.00 84.00 72.22 13.33 93.33 54.76 64.71 62.50 55.88 77.42 73.33 68.75 80.00 40.00 77.78 0.00 88.89 75.86 50.00 52.38 68.42 57.14 76.47 47.83 63.64 100.00
64.39=73.33 95.45 85.00 76.00 17.24 47.92 86.96 72.22 11.11 81.25 56.76 69.70 58.82 67.86 69.70 77.42 68.57 76.67 34.48 76.47 0.00 75.76 70.97 58.33 50.00 56.00 70.00 85.71 50.00 87.50 88.89
63.90=85.71 100.00 84.21 68.97 14.29 48.94 82.61 68.42 18.75 82.35 52.38 79.31 58.54 59.26 70.00 75.00 67.65 80.00 33.33 63.16 0.00 80.65 67.74 50.00 43.48 61.90 69.23 92.86 45.45 85.71 90.91
64.38=91.67 100.00 85.00 76.92 8.82 51.11 90.91 69.23 12.50 68.42 56.10 80.00 56.76 57.69 66.67 82.76 67.74 77.78 47.62 73.68 0.00 86.21 71.43 43.75 48.15 65.22 81.82 83.33 36.00 85.71 72.73
65.30=85.71 100.00 94.74 68.97 10.00 43.40 76.00 58.33 5.88 88.24 59.46 80.77 60.98 60.00 70.00 73.53 74.19 75.76 36.36 76.47 0.00 88.89 74.19 53.85 56.52 63.64 63.64 93.33 48.00 83.33 100.00
65.87=88.46 91.30 90.00 80.00 16.67 47.92 87.50 86.67 45.00 85.00 63.16 67.86 68.97 76.92 63.89 75.86 70.27 85.19 32.26 79.17 0.00 85.71 74.19 13.33 61.90 54.17 62.50 58.82 41.67 87.50 100.00
64.12=85.71 100.00 94.74 73.08 9.09 44.00 79.31 57.14 30.77 73.68 67.57 86.96 55.88 72.41 68.97 58.82 67.57 91.30 41.38 90.00 0.00 80.65 71.43 21.43 47.37 54.55 56.25 60.87 66.67 80.00 100.00
65.33=85.71 95.45 85.71 87.50 18.18 48.00 91.30 70.00 50.00 76.19 68.42 80.77 62.07 73.91 65.71 65.62 78.79 88.00 37.50 75.00 0.00 82.76 72.73 14.29 55.00 66.67 64.71 70.00 35.71 77.78 81.82
65.48=88.89 100.00 94.74 85.71 20.83 46.15 88.00 75.00 38.89 80.95 62.50 79.17 62.96 70.37 78.57 62.16 76.47 91.67 33.33 78.95 0.00 81.25 74.19 14.29 44.44 59.09 57.89 68.00 35.29 80.00 100.00
65.56=96.00 95.45 95.00 82.61 18.18 45.28 88.00 68.18 43.75 80.95 63.41 76.92 65.38 66.67 82.14 56.10 83.87 90.91 33.33 90.00 0.00 89.29 72.73 13.33 60.00 54.17 50.00 63.64 43.75 80.00 83.33
64.66=92.31 95.45 89.47 76.00 12.90 46.94 76.00 72.73 21.43 86.67 53.85 68.57 58.82 54.55 76.67 73.33 70.59 72.41 42.86 80.00 0.00 80.00 72.00 50.00 40.74 57.69 63.64 68.75 50.00 100.00 100.00
61.26=96.00 100.00 90.00 76.92 23.08 45.10 80.00 53.85 13.33 68.18 60.00 63.64 54.29 65.22 77.78 76.67 64.71 73.33 25.00 57.14 0.00 80.00 77.78 38.46 45.45 54.17 70.00 76.47 48.00 57.14 87.50
64.31=76.67 100.00 90.48 82.61 17.24 46.81 90.48 65.38 7.69 82.35 60.00 82.14 52.50 62.96 57.14 75.76 74.19 75.86 32.14 63.16 0.00 75.76 69.23 53.33 47.37 53.57 87.50 87.50 46.15 100.00 77.78
64.09=88.89 100.00 89.47 68.97 14.71 44.00 91.30 70.83 11.11 72.22 57.89 74.07 55.88 57.14 71.88 68.75 76.67 76.67 30.77 65.00 0.00 79.31 80.00 50.00 33.33 59.09 88.89 85.00 39.29 85.71 100.00
64.04=92.00 100.00 94.74 70.37 16.22 41.82 81.82 62.50 6.25 76.47 60.00 78.57 56.76 64.29 67.86 80.00 76.67 82.76 38.10 56.52 0.00 78.12 74.07 46.67 42.11 55.56 66.67 88.89 46.15 83.33 100.00
80.74=100.00 100.00 100.00 60.00 66.67 61.54 100.00 80.00 83.33 100.00 77.78 100.00 85.71 75.00 88.89 100.00 77.78 87.50 77.78 88.89 0.00 66.67 66.67 50.00 88.89 100.00 100.00 87.50 66.67 85.71 80.00
81.98=100.00 100.00 87.50 100.00 66.67 66.67 90.91 80.00 66.67 83.33 87.50 100.00 100.00 100.00 87.50 85.71 88.89 100.00 100.00 88.89 0.00 71.43 77.78 57.14 87.50 40.00 100.00 100.00 75.00 85.71 66.67
87.13=87.50 100.00 100.00 100.00 80.00 66.67 100.00 80.00 62.50 83.33 87.50 100.00 87.50 80.00 100.00 100.00 100.00 100.00 100.00 100.00 0.00 66.67 100.00 75.00 100.00 100.00 100.00 77.78 66.67 100.00 100.00
79.85=87.50 100.00 100.00 60.00 100.00 53.33 100.00 50.00 83.33 100.00 87.50 100.00 100.00 100.00 85.71 77.78 88.89 100.00 85.71 88.89 0.00 62.50 71.43 62.50 100.00 50.00 100.00 87.50 57.14 85.71 50.00
84.10=77.78 100.00 100.00 100.00 80.00 61.54 100.00 100.00 71.43 83.33 87.50 100.00 87.50 100.00 77.78 100.00 100.00 100.00 83.33 100.00 0.00 57.14 80.00 62.50 100.00 60.00 100.00 100.00 57.14 100.00 80.00
61.53=88.00 100.00 94.44 62.96 16.67 54.55 77.78 72.22 31.58 81.25 60.00 53.49 66.67 70.83 56.76 77.78 68.57 66.67 42.86 76.47 0.00 84.62 81.82 8.33 66.67 53.33 68.42 69.57 23.81 60.00 71.43
60.31=92.00 100.00 94.44 57.14 8.00 42.31 91.67 68.00 19.23 60.00 56.82 65.71 60.61 70.83 67.86 70.37 75.86 68.97 35.71 55.56 0.00 76.67 79.17 7.69 62.50 57.69 72.22 75.00 47.62 80.00 50.00
60.81=85.71 100.00 94.44 67.74 8.70 58.54 91.30 73.08 28.57 76.47 61.54 60.53 54.29 83.33 69.70 59.38 75.00 80.00 30.77 71.43 0.00 85.19 74.07 6.67 52.94 53.57 73.68 66.67 42.86 44.44 54.55
64.02=100.00 95.65 94.74 69.23 7.69 49.02 85.19 73.91 31.82 71.43 64.10 62.16 66.67 86.36 68.97 65.62 75.76 77.78 38.10 61.54 0.00 88.46 83.33 7.14 52.17 53.57 87.50 88.24 50.00 57.14 71.43
62.32=84.62 100.00 100.00 60.61 4.35 55.81 91.67 66.67 28.00 68.42 60.98 70.59 67.65 77.27 70.59 72.41 80.65 81.48 32.14 61.54 0.00 84.00 78.26 7.14 58.82 65.22 75.00 76.19 50.00 46.15 55.56
82.77=70.00 100.00 83.33 60.00 100.00 61.54 100.00 100.00 71.43 100.00 87.50 100.00 85.71 60.00 77.78 90.91 87.50 87.50 85.71 87.50 0.00 80.00 100.00 75.00 100.00 60.00 100.00 100.00 54.55 100.00 100.00
82.54=77.78 100.00 100.00 60.00 80.00 66.67 100.00 100.00 100.00 71.43 87.50 85.71 85.71 100.00 100.00 100.00 75.00 100.00 83.33 88.89 0.00 50.00 100.00 75.00 87.50 42.86 100.00 100.00 55.56 85.71 100.00
85.84=87.50 100.00 100.00 75.00 100.00 66.67 100.00 100.00 100.00 100.00 85.71 87.50 100.00 100.00 77.78 90.91 80.00 100.00 100.00 88.89 0.00 83.33 87.50 100.00 85.71 75.00 100.00 72.73 50.00 100.00 66.67
84.85=77.78 100.00 100.00 100.00 100.00 61.54 100.00 100.00 100.00 83.33 100.00 100.00 85.71 75.00 100.00 90.91 77.78 87.50 100.00 87.50 0.00 83.33 100.00 80.00 71.43 75.00 85.71 88.89 55.56 83.33 80.00
85.80=70.00 100.00 100.00 75.00 100.00 66.67 90.00 100.00 100.00 100.00 77.78 87.50 100.00 83.33 88.89 81.82 87.50 100.00 100.00 100.00 0.00 83.33 100.00 80.00 87.50 60.00 100.00 100.00 57.14 83.33 100.00
62.54=82.76 95.45 78.26 86.96 15.62 48.98 91.67 80.00 25.00 77.27 63.41 74.19 64.29 68.75 75.86 58.97 86.21 76.92 30.00 86.36 0.00 80.00 79.31 16.67 42.86 68.42 56.25 63.16 21.43 66.67 76.92
67.34=92.00 100.00 95.00 87.50 19.23 47.06 90.91 73.91 33.33 84.21 60.53 76.92 59.26 73.33 76.67 61.11 83.33 88.00 38.89 78.26 0.00 75.76 83.33 11.76 70.83 68.42 64.71 75.00 36.36 90.91 90.91
65.50=96.00 100.00 94.74 75.00 18.52 44.68 86.96 71.43 33.33 75.00 65.79 75.86 64.29 84.62 70.59 64.86 78.79 84.00 34.38 86.36 0.00 78.79 77.42 20.00 54.17 70.59 63.16 65.00 44.44 70.00 81.82
68.10=88.46 100.00 89.47 95.45 16.67 48.00 88.00 68.18 33.33 80.95 64.10 78.57 68.97 80.65 82.14 64.71 80.65 83.33 39.39 85.71 0.00 92.59 72.73 28.57 58.33 60.00 58.82 80.00 50.00 90.00 83.33
67.77=85.19 100.00 86.36 87.50 19.05 46.00 88.00 76.00 64.29 85.71 70.59 75.86 67.86 84.00 81.48 62.16 66.67 86.96 38.24 79.17 0.00 86.21 71.88 18.75 61.54 66.67 61.11 73.68 45.45 77.78 86.67
80.08=70.00 100.00 100.00 75.00 100.00 61.54 88.89 44.44 100.00 100.00 100.00 100.00 85.71 66.67 66.67 70.00 100.00 87.50 71.43 87.50 0.00 100.00 100.00 80.00 71.43 40.00 100.00 88.89 60.00 100.00 66.67
80.59=77.78 100.00 87.50 75.00 100.00 61.54 81.82 80.00 100.00 66.67 77.78 100.00 100.00 100.00 62.50 85.71 87.50 100.00 100.00 72.73 0.00 100.00 85.71 80.00 70.00 33.33 100.00 77.78 60.00 100.00 75.00
81.09=77.78 71.43 100.00 50.00 100.00 53.85 100.00 42.86 100.00 100.00 87.50 100.00 88.89 100.00 70.00 85.71 100.00 100.00 100.00 70.00 0.00 100.00 85.71 100.00 80.00 25.00 100.00 70.00 75.00 100.00 80.00
84.31=100.00 100.00 100.00 100.00 100.00 61.54 100.00 57.14 83.33 83.33 87.50 87.50 100.00 100.00 71.43 100.00 87.50 87.50 100.00 80.00 0.00 83.33 100.00 100.00 85.71 50.00 100.00 77.78 80.00 100.00 50.00
82.26=87.50 100.00 100.00 60.00 100.00 60.00 100.00 42.86 80.00 80.00 100.00 100.00 100.00 100.00 50.00 87.50 100.00 87.50 100.00 88.89 0.00 100.00 50.00 85.71 75.00 100.00 100.00 100.00 40.00 100.00 75.00
66.12=92.31 90.91 100.00 83.33 20.83 46.15 85.19 73.91 36.36 80.95 58.54 58.33 57.14 82.76 82.14 77.78 75.76 84.62 29.41 95.00 0.00 82.76 83.87 7.14 63.16 50.00 71.43 66.67 33.33 80.00 100.00
67.11=92.31 100.00 90.48 76.00 19.23 47.06 88.00 73.08 47.06 94.44 66.67 83.33 64.52 81.48 73.33 60.00 76.47 80.00 36.36 85.71 0.00 92.59 75.86 14.29 45.00 63.16 58.82 72.00 35.71 87.50 100.00
67.77=88.89 100.00 100.00 77.78 16.67 46.00 85.19 65.52 35.29 85.00 71.43 70.37 56.25 85.19 79.31 60.61 83.87 80.77 38.24 82.61 0.00 92.31 82.14 20.00 63.64 63.16 68.75 69.57 53.85 78.57 100.00
68.38=95.65 95.45 100.00 86.96 18.18 48.98 95.65 68.00 44.44 85.00 74.29 73.08 60.00 91.67 79.31 65.62 78.79 83.33 33.33 89.47 0.00 79.31 80.65 23.53 48.28 61.90 64.71 73.08 43.75 85.71 91.67
65.88=95.45 95.24 90.48 76.00 19.05 44.23 81.48 68.00 33.33 80.95 71.43 82.61 61.54 83.33 79.31 52.27 78.12 84.62 44.12 81.82 0.00 85.19 85.71 17.65 57.69 52.17 50.00 64.00 50.00 76.47 100.00
62.15=82.14 95.65 90.48 74.07 7.41 52.08 87.50 71.43 26.32 72.22 62.16 62.16 74.07 63.33 71.43 65.38 83.33 76.92 29.03 46.15 0.00 89.29 85.00 8.33 60.00 46.88 61.90 88.24 47.06 80.00 66.67
62.13=91.30 95.45 94.74 60.71 7.14 50.00 85.19 65.38 17.86 68.42 60.00 64.71 64.52 66.67 72.41 70.00 74.19 84.00 33.33 70.00 0.00 76.67 73.08 10.00 59.09 65.22 88.24 83.33 44.44 50.00 80.00
62.43=92.00 95.65 100.00 68.97 12.00 45.45 100.00 73.91 21.05 76.47 55.56 68.75 60.61 79.17 70.83 66.67 75.00 75.00 25.00 57.69 0.00 85.19 79.17 8.33 52.94 55.56 73.68 82.35 43.48 60.00 75.00
61.46=88.46 95.65 94.74 66.67 3.33 48.94 84.00 69.57 21.74 65.00 55.81 64.71 67.65 76.00 70.97 80.77 86.21 84.00 29.17 55.56 0.00 82.14 83.33 7.69 58.33 55.56 75.00 85.71 42.86 55.56 50.00
61.76=91.67 95.24 89.47 64.52 7.14 48.08 85.19 59.26 30.00 83.33 65.71 71.88 64.71 84.00 65.52 70.00 77.42 82.14 26.92 57.14 0.00 86.21 82.61 0.00 52.94 53.57 72.22 83.33 47.37 54.55 62.50
76.32=66.67 100.00 100.00 50.00 57.14 66.67 100.00 66.67 83.33 83.33 77.78 87.50 71.43 75.00 83.33 100.00 100.00 100.00 100.00 100.00 0.00 71.43 83.33 50.00 71.43 75.00 100.00 100.00 33.33 62.50 50.00
82.13=77.78 100.00 100.00 75.00 100.00 66.67 90.91 100.00 50.00 62.50 77.78 100.00 100.00 75.00 75.00 100.00 77.78 100.00 87.50 100.00 0.00 66.67 100.00 100.00 85.71 60.00 100.00 87.50 44.44 85.71 100.00
83.33=70.00 100.00 100.00 100.00 80.00 58.33 100.00 66.67 83.33 100.00 87.50 85.71 100.00 100.00 77.78 100.00 87.50 100.00 100.00 87.50 0.00 100.00 100.00 50.00 100.00 50.00 85.71 72.73 57.14 83.33 100.00
83.79=85.71 100.00 100.00 100.00 100.00 61.54 100.00 80.00 66.67 66.67 70.00 100.00 87.50 100.00 87.50 100.00 88.89 85.71 100.00 100.00 0.00 66.67 100.00 100.00 77.78 60.00 100.00 70.00 57.14 85.71 100.00
82.86=77.78 100.00 100.00 75.00 100.00 53.33 90.91 80.00 83.33 100.00 70.00 87.50 100.00 100.00 77.78 80.00 88.89 100.00 100.00 88.89 0.00 75.00 100.00 50.00 100.00 75.00 100.00 87.50 44.44 83.33 100.00
64.97=95.65 95.24 94.74 86.96 16.67 50.00 84.00 65.38 40.00 75.00 63.16 60.00 67.86 71.88 73.33 67.65 71.88 84.00 39.29 80.95 0.00 85.71 82.76 20.00 68.42 48.15 52.38 64.00 54.55 70.00 84.62
67.16=92.31 95.65 94.74 87.50 12.50 48.98 90.91 68.00 50.00 90.00 68.57 72.41 64.52 84.00 78.57 63.16 68.42 80.77 41.94 81.82 0.00 73.33 86.21 31.25 59.09 66.67 57.89 77.27 45.45 66.67 83.33
66.37=85.71 95.45 94.74 80.77 12.50 50.00 84.62 68.00 31.25 85.71 71.43 84.00 64.29 91.30 62.86 64.86 78.12 87.50 33.33 80.95 0.00 83.33 86.21 6.67 54.17 63.16 52.63 73.08 40.00 90.91 100.00
70.16=88.46 100.00 100.00 80.77 20.00 46.81 84.62 78.57 58.33 90.00 74.19 81.48 60.00 77.78 78.57 63.16 81.25 85.19 39.39 95.00 0.00 92.86 83.33 22.22 61.90 50.00 58.82 76.92 63.64 90.00 91.67
68.99=91.67 95.65 94.74 79.17 20.83 42.86 95.83 62.96 64.29 94.74 72.22 76.00 70.37 78.57 80.00 64.86 80.00 100.00 35.71 90.91 0.00 86.67 83.87 25.00 51.72 54.55 58.82 69.23 50.00 75.00 92.31
61.70=85.19 100.00 100.00 66.67 3.85 46.30 82.14 66.67 25.00 66.67 63.16 62.16 76.67 64.00 66.67 74.07 80.00 79.31 34.62 64.71 0.00 88.00 76.00 6.67 57.89 62.50 71.43 83.33 36.84 66.67 55.56
61.32=95.83 100.00 80.00 71.43 4.17 54.35 92.00 62.96 18.52 86.67 58.97 71.88 70.97 84.00 70.00 62.50 75.00 85.19 33.33 57.14 0.00 73.33 81.82 0.00 43.48 57.69 88.24 70.00 33.33 55.56 62.50
62.38=95.83 95.65 100.00 70.37 4.35 53.19 100.00 73.91 19.35 68.75 63.16 63.89 61.29 70.37 82.14 58.82 73.53 75.86 33.33 63.64 0.00 85.19 86.36 6.25 65.00 69.57 81.25 68.42 38.89 50.00 55.56
63.00=95.83 100.00 94.74 62.50 4.17 51.11 95.65 62.07 20.00 68.42 61.54 61.11 65.62 77.27 65.62 69.23 78.12 85.19 28.00 68.18 0.00 84.62 84.00 6.25 57.89 80.00 72.22 82.35 42.11 66.67 62.50
63.70=96.00 100.00 100.00 65.62 8.00 50.00 88.46 60.71 21.43 87.50 58.54 74.19 70.97 80.77 68.97 63.64 83.33 74.07 32.00 70.00 0.00 81.48 74.07 6.25 63.16 78.95 78.95 88.89 38.89 50.00 60.00
65.65=88.46 95.24 85.00 71.43 16.13 41.38 80.00 68.00 31.25 77.78 63.89 59.46 51.43 56.25 70.97 85.19 76.67 85.71 41.67 88.24 0.00 92.59 84.00 45.45 70.00 61.90 53.85 95.00 43.75 63.64 90.91
65.26=88.89 95.65 100.00 71.43 14.71 52.17 87.50 67.86 15.38 77.78 64.71 73.33 58.33 65.38 76.67 67.65 69.70 92.31 43.48 76.47 0.00 80.65 73.33 50.00 52.38 54.17 61.54 88.89 47.83 80.00 75.00
64.96=88.46 100.00 94.12 76.00 14.71 47.92 76.92 62.50 14.29 83.33 62.16 65.71 61.11 62.96 75.00 76.67 75.86 76.67 34.78 81.25 0.00 76.67 76.67 50.00 50.00 66.67 69.23 78.26 50.00 75.00 90.91
66.96=92.31 95.45 89.47 68.97 13.89 44.23 91.30 68.18 13.33 82.35 54.55 70.97 56.25 63.33 76.67 68.75 81.48 84.62 40.91 73.68 0.00 86.67 78.57 41.18 50.00 72.22 80.00 86.36 50.00 100.00 100.00
64.84=82.76 95.24 100.00 70.37 16.67 44.23 80.77 68.00 5.88 82.35 55.00 66.67 50.00 71.43 64.71 78.12 73.33 82.76 42.11 78.95 0.00 85.71 82.61 36.84 55.56 66.67 61.54 90.48 43.48 77.78 100.00
75.27=70.00 100.00 100.00 66.67 80.00 58.33 90.00 80.00 71.43 71.43 100.00 83.33 87.50 60.00 83.33 100.00 75.00 100.00 100.00 100.00 0.00 57.14 100.00 28.57 71.43 42.86 85.71 77.78 42.86 100.00 50.00
80.32=70.00 100.00 100.00 60.00 100.00 61.54 100.00 80.00 66.67 71.43 100.00 85.71 100.00 50.00 88.89 100.00 77.78 100.00 87.50 88.89 0.00 80.00 100.00 50.00 100.00 75.00 100.00 100.00 33.33 83.33 80.00
80.40=77.78 100.00 100.00 75.00 80.00 57.14 90.91 80.00 66.67 100.00 85.71 100.00 100.00 80.00 85.71 100.00 80.00 100.00 83.33 100.00 0.00 60.00 100.00 50.00 66.67 60.00 100.00 100.00 44.44 85.71 83.33
79.31=83.33 100.00 85.71 60.00 100.00 58.33 100.00 75.00 75.00 71.43 87.50 77.78 100.00 80.00 77.78 100.00 77.78 100.00 100.00 100.00 0.00 50.00 80.00 66.67 70.00 60.00 100.00 77.78 44.44 100.00 100.00
83.01=70.00 100.00 100.00 100.00 100.00 61.54 81.82 100.00 83.33 80.00 85.71 100.00 77.78 100.00 100.00 100.00 88.89 100.00 85.71 88.89 0.00 83.33 100.00 40.00 71.43 75.00 100.00 100.00 50.00 75.00 75.00
61.44=88.89 100.00 94.74 65.52 3.45 54.55 91.67 65.22 31.82 75.00 64.86 52.27 73.53 68.00 71.88 73.08 71.43 78.57 35.71 64.71 0.00 88.46 75.00 0.00 54.55 60.87 93.33 80.00 34.78 50.00 42.86
61.26=88.89 95.65 80.95 64.52 4.35 48.98 91.67 65.38 26.09 81.25 55.26 70.59 59.38 80.00 62.07 68.75 73.53 79.17 41.67 60.87 0.00 85.19 80.00 7.69 47.62 71.43 71.43 82.35 38.89 60.00 55.56
62.37=96.00 100.00 90.00 64.52 4.17 45.45 85.19 73.91 21.43 88.24 64.86 67.65 62.07 82.61 71.43 67.86 80.65 77.78 28.00 65.00 0.00 75.00 79.17 7.69 57.14 66.67 71.43 83.33 35.71 45.45 75.00
63.53=88.89 100.00 100.00 71.43 6.67 49.02 91.67 73.91 25.81 86.67 58.97 68.75 59.46 78.26 69.23 65.52 75.00 81.48 32.00 66.67 0.00 81.48 80.95 6.67 61.11 65.22 83.33 86.67 39.13 60.00 55.56
63.11=91.67 100.00 100.00 65.52 3.45 47.17 92.00 68.00 24.14 70.59 58.54 75.86 77.42 71.43 75.00 67.74 80.65 83.33 26.09 59.09 0.00 79.31 80.00 7.69 60.87 68.18 82.35 76.19 47.37 50.00 66.67
79.12=87.50 83.33 100.00 33.33 80.00 57.14 83.33 33.33 80.00 100.00 100.00 83.33 75.00 60.00 70.00 100.00 100.00 100.00 100.00 88.89 0.00 100.00 100.00 100.00 83.33 66.67 75.00 85.71 66.67 100.00 60.00
78.01=63.64 100.00 100.00 75.00 80.00 50.00 90.00 30.00 75.00 100.00 87.50 100.00 100.00 80.00 77.78 83.33 88.89 100.00 100.00 75.00 0.00 80.00 100.00 75.00 87.50 20.00 100.00 85.71 55.56 83.33 75.00
79.96=63.64 100.00 100.00 75.00 80.00 57.14 100.00 66.67 100.00 83.33 100.00 100.00 88.89 100.00 75.00 85.71 100.00 87.50 100.00 80.00 0.00 100.00 75.00 60.00 87.50 0.00 83.33 100.00 50.00 100.00 80.00
81.26=100.00 100.00 100.00 75.00 80.00 53.85 100.00 44.44 50.00 100.00 77.78 77.78 87.50 100.00 85.71 80.00 100.00 85.71 83.33 80.00 0.00 100.00 100.00 80.00 85.71 66.67 85.71 87.50 66.67 85.71 100.00
80.13=77.78 100.00 87.50 66.67 100.00 57.14 100.00 66.67 62.50 100.00 70.00 85.71 87.50 80.00 85.71 100.00 85.71 85.71 100.00 88.89 0.00 100.00 85.71 75.00 85.71 50.00 100.00 70.00 50.00 80.00 100.00
67.21=88.46 95.45 94.74 76.92 13.33 48.98 72.41 76.47 30.00 93.33 57.50 59.46 57.14 53.12 74.19 74.19 75.86 88.46 38.46 70.59 0.00 96.00 80.00 40.00 76.47 65.00 81.82 86.36 55.56 71.43 91.67
66.04=88.46 100.00 94.74 71.43 18.18 52.27 87.50 68.00 13.33 78.95 51.35 63.89 61.11 61.90 80.65 83.33 68.75 85.71 34.48 66.67 0.00 81.25 82.14 53.85 60.00 64.71 70.00 81.82 42.86 80.00 100.00
62.77=91.67 95.45 100.00 76.92 14.71 50.00 83.33 71.43 6.67 83.33 59.46 79.31 57.14 65.38 75.00 68.57 74.19 82.76 34.78 63.64 0.00 79.31 73.33 33.33 50.00 60.87 58.33 88.24 47.83 37.50 83.33
65.07=92.00 100.00 81.82 73.08 14.29 46.94 72.41 64.29 11.11 82.35 54.05 68.75 50.00 66.67 76.67 76.67 79.31 88.89 42.86 68.42 0.00 80.65 88.89 53.33 57.89 61.90 63.64 95.24 47.62 66.67 90.91
66.08=85.19 95.45 89.47 76.00 20.00 51.02 80.77 63.64 11.76 87.50 57.89 74.19 52.38 64.29 79.31 78.12 73.33 86.21 44.00 86.67 0.00 89.66 80.77 31.25 61.11 61.90 69.23 76.19 47.83 83.33 90.00
80.82=66.67 100.00 100.00 75.00 66.67 53.85 100.00 100.00 80.00 83.33 85.71 85.71 77.78 80.00 71.43 91.67 100.00 100.00 87.50 100.00 0.00 57.14 100.00 50.00 100.00 100.00 66.67 100.00 42.86 83.33 100.00
77.09=62.50 100.00 100.00 100.00 60.00 58.33 100.00 75.00 66.67 83.33 87.50 87.50 87.50 80.00 75.00 81.82 63.64 87.50 100.00 88.89 0.00 83.33 100.00 40.00 85.71 50.00 100.00 50.00 50.00 85.71 100.00
81.82=70.00 100.00 100.00 100.00 66.67 57.14 100.00 75.00 83.33 71.43 77.78 100.00 83.33 83.33 70.00 100.00 88.89 85.71 100.00 100.00 0.00 100.00 100.00 42.86 71.43 100.00 85.71 100.00 57.14 100.00 66.67
85.92=100.00 100.00 100.00 100.00 66.67 57.14 90.91 100.00 83.33 100.00 100.00 100.00 100.00 100.00 100.00 100.00 87.50 100.00 100.00 100.00 0.00 71.43 100.00 75.00 87.50 75.00 85.71 66.67 50.00 83.33 83.33
81.74=70.00 100.00 100.00 75.00 100.00 57.14 90.91 66.67 55.56 83.33 85.71 100.00 100.00 75.00 87.50 100.00 77.78 100.00 100.00 88.89 0.00 75.00 100.00 80.00 87.50 75.00 83.33 87.50 57.14 75.00 100.00
79.68=70.00 83.33 87.50 60.00 100.00 57.14 90.91 40.00 66.67 83.33 87.50 100.00 77.78 100.00 62.50 71.43 87.50 100.00 100.00 72.73 0.00 100.00 83.33 100.00 75.00 33.33 100.00 100.00 100.00 100.00 80.00
81.24=85.71 100.00 87.50 100.00 100.00 53.33 100.00 36.36 83.33 100.00 87.50 100.00 87.50 80.00 50.00 83.33 100.00 100.00 83.33 88.89 0.00 100.00 87.50 80.00 85.71 50.00 100.00 83.33 66.67 83.33 75.00
81.53=77.78 100.00 100.00 60.00 100.00 53.33 100.00 50.00 55.56 100.00 100.00 85.71 85.71 80.00 71.43 87.50 100.00 100.00 100.00 88.89 0.00 100.00 100.00 83.33 87.50 40.00 100.00 87.50 66.67 100.00 66.67
81.31=77.78 100.00 100.00 75.00 100.00 61.54 100.00 44.44 83.33 100.00 87.50 100.00 88.89 100.00 77.78 85.71 100.00 100.00 100.00 72.73 0.00 100.00 100.00 75.00 87.50 0.00 85.71 77.78 60.00 100.00 80.00
77.73=75.00 100.00 87.50 75.00 100.00 53.85 100.00 42.86 62.50 100.00 100.00 100.00 80.00 66.67 87.50 100.00 100.00 77.78 100.00 72.73 0.00 100.00 100.00 75.00 71.43 0.00 85.71 88.89 57.14 83.33 66.67
67.77=85.71 95.65 100.00 80.00 15.38 48.98 100.00 75.00 35.71 85.71 66.67 63.64 57.58 83.33 79.31 63.64 86.67 88.46 42.31 76.00 0.00 83.87 89.29 13.33 65.00 50.00 61.11 73.08 45.45 90.00 100.00
69.09=92.31 95.00 100.00 80.77 19.23 46.15 84.62 77.27 43.75 88.89 64.10 81.48 63.33 88.00 82.14 63.16 83.87 95.83 37.50 82.61 0.00 89.29 88.00 12.50 55.56 57.14 56.25 76.92 46.15 90.00 100.00
68.05=85.19 100.00 100.00 91.30 16.00 43.64 88.46 72.00 41.18 85.00 68.42 74.07 63.33 80.77 84.00 59.46 80.65 88.00 40.74 84.21 0.00 89.66 85.19 16.67 61.90 56.52 55.56 69.23 46.67 90.91 90.91
68.65=85.71 100.00 94.74 76.92 12.90 51.06 84.62 61.90 42.86 80.95 75.00 83.33 70.37 87.50 82.76 57.50 78.79 84.00 46.43 90.91 0.00 89.66 92.31 21.43 53.85 54.55 57.89 80.00 47.06 90.91 92.31
69.24=88.89 95.45 100.00 87.50 15.38 46.81 91.67 73.08 30.43 89.47 74.29 77.78 64.52 81.48 75.00 66.67 80.65 91.67 34.38 83.33 0.00 88.89 85.19 22.22 50.00 70.59 68.75 75.86 53.85 90.91 91.67
80.40=70.00 100.00 83.33 75.00 100.00 61.54 100.00 100.00 83.33 83.33 77.78 100.00 85.71 50.00 77.78 100.00 70.00 100.00 87.50 88.89 0.00 66.67 100.00 80.00 57.14 66.67 100.00 100.00 44.44 83.33 100.00
82.39=70.00 100.00 85.71 60.00 100.00 53.33 81.82 100.00 83.33 100.00 100.00 100.00 70.00 83.33 100.00 100.00 80.00 100.00 100.00 100.00 0.00 60.00 100.00 75.00 75.00 100.00 100.00 77.78 55.56 83.33 60.00
83.11=70.00 100.00 100.00 75.00 100.00 61.54 100.00 100.00 83.33 100.00 100.00 85.71 77.78 60.00 100.00 90.00 80.00 100.00 100.00 100.00 0.00 62.50 100.00 42.86 83.33 75.00 100.00 88.89 57.14 83.33 100.00
83.08=58.33 100.00 100.00 100.00 100.00 53.85 90.91 100.00 80.00 83.33 87.50 85.71 80.00 83.33 85.71 100.00 80.00 100.00 100.00 88.89 0.00 100.00 100.00 50.00 83.33 60.00 100.00 87.50 57.14 100.00 80.00
81.72=77.78 100.00 100.00 75.00 100.00 61.54 90.00 80.00 83.33 71.43 87.50 100.00 87.50 100.00 87.50 100.00 87.50 100.00 83.33 100.00 0.00 80.00 85.71 60.00 85.71 50.00 75.00 88.89 50.00 85.71 100.00
73.85=100.00 100.00 87.50 50.00 36.36 61.54 100.00 66.67 50.00 83.33 70.00 87.50 75.00 33.33 75.00 100.00 100.00 55.56 100.00 88.89 0.00 57.14 75.00 62.50 100.00 50.00 100.00 83.33 80.00 85.71 75.00
79.46=87.50 100.00 100.00 100.00 100.00 61.54 100.00 57.14 71.43 83.33 87.50 85.71 100.00 66.67 75.00 80.00 88.89 87.50 100.00 88.89 0.00 37.50 60.00 75.00 87.50 100.00 100.00 100.00 75.00 57.14 50.00
79.41=87.50 100.00 100.00 75.00 66.67 61.54 100.00 80.00 83.33 83.33 100.00 85.71 75.00 80.00 87.50 100.00 80.00 85.71 85.71 100.00 0.00 50.00 100.00 83.33 87.50 50.00 83.33 85.71 83.33 71.43 50.00
83.30=100.00 100.00 85.71 75.00 100.00 66.67 100.00 100.00 50.00 100.00 87.50 100.00 85.71 100.00 87.50 88.89 88.89 87.50 100.00 77.78 0.00 75.00 100.00 71.43 100.00 66.67 85.71 87.50 71.43 83.33 60.00
77.24=87.50 83.33 85.71 100.00 100.00 66.67 90.00 50.00 66.67 80.00 87.50 100.00 100.00 83.33 77.78 66.67 77.78 77.78 83.33 85.71 0.00 75.00 83.33 57.14 100.00 50.00 85.71 66.67 66.67 100.00 60.00
81.52=77.78 100.00 100.00 75.00 100.00 57.14 100.00 100.00 100.00 83.33 100.00 100.00 87.50 75.00 71.43 90.00 87.50 87.50 85.71 100.00 0.00 83.33 100.00 57.14 85.71 75.00 75.00 63.64 42.86 66.67 100.00
81.91=70.00 100.00 100.00 100.00 100.00 53.33 90.00 80.00 80.00 100.00 100.00 85.71 100.00 66.67 80.00 90.91 87.50 100.00 71.43 100.00 0.00 71.43 100.00 100.00 55.56 50.00 100.00 75.00 62.50 85.71 83.33
83.85=77.78 100.00 87.50 66.67 100.00 61.54 90.91 100.00 83.33 71.43 85.71 100.00 87.50 50.00 83.33 78.57 100.00 100.00 87.50 100.00 0.00 66.67 100.00 75.00 83.33 100.00 100.00 100.00 62.50 100.00 100.00
75.27=70.00 100.00 100.00 60.00 100.00 53.85 100.00 80.00 80.00 66.67 77.78 85.71 66.67 80.00 85.71 88.89 75.00 100.00 100.00 100.00 0.00 50.00 100.00 40.00 55.56 75.00 75.00 63.64 57.14 80.00 66.67
79.68=60.00 100.00 100.00 75.00 80.00 61.54 100.00 66.67 100.00 100.00 87.50 100.00 87.50 66.67 83.33 75.00 77.78 100.00 100.00 88.89 0.00 83.33 100.00 50.00 80.00 60.00 85.71 85.71 57.14 83.33 75.00
61.29=85.71 100.00 100.00 73.08 0.00 52.08 92.00 69.57 21.74 77.78 57.14 55.81 65.62 73.08 73.33 75.86 78.57 76.00 20.00 52.38 0.00 88.00 80.00 7.69 57.89 50.00 77.78 84.21 44.44 55.56 54.55
64.17=88.46 100.00 94.74 63.64 3.70 57.14 81.48 75.00 21.43 83.33 63.89 69.70 73.53 85.19 70.97 73.08 83.87 79.17 38.10 57.14 0.00 74.19 79.17 15.38 63.16 65.22 65.22 82.35 42.86 66.67 71.43
62.03=91.67 100.00 94.74 72.41 4.00 53.19 88.46 73.91 20.00 72.22 67.65 60.00 62.50 75.00 67.86 70.00 80.65 78.57 28.00 70.59 0.00 85.71 76.92 5.56 50.00 69.57 70.00 78.95 43.75 53.85 57.14
64.10=80.00 100.00 94.74 67.86 7.14 51.02 84.00 72.73 18.52 86.67 55.81 64.71 71.88 85.71 68.75 70.97 78.12 82.76 27.27 59.09 0.00 81.48 80.95 14.29 58.33 75.00 78.95 82.35 33.33 71.43 83.33
64.08=92.00 95.24 90.00 67.74 0.00 53.49 85.19 68.00 34.48 78.57 66.67 71.88 77.78 87.50 65.71 67.86 83.87 77.78 34.62 63.64 0.00 85.19 79.17 5.88 56.52 71.43 83.33 84.21 47.37 61.54 50.00
62.20=88.89 100.00 100.00 62.50 3.33 48.98 87.50 72.00 23.81 85.71 60.98 58.97 71.88 64.00 60.61 76.00 81.25 76.00 25.93 61.11 0.00 92.31 78.26 8.33 59.09 53.33 77.78 88.24 40.00 50.00 71.43
64.61=88.89 100.00 100.00 68.97 7.14 49.02 88.00 64.29 22.22 76.47 65.00 67.65 64.86 80.00 73.33 82.61 83.33 80.00 26.92 72.22 0.00 82.14 76.92 6.67 63.64 75.00 82.35 88.89 47.06 44.44 75.00
63.04=96.00 95.65 100.00 65.62 5.00 52.08 95.65 69.23 17.24 81.25 60.00 72.73 62.16 86.96 67.74 86.96 72.73 75.00 33.33 57.14 0.00 73.33 78.26 6.67 60.87 75.00 82.35 82.35 42.86 44.44 55.56
61.95=82.14 100.00 89.47 72.41 7.41 51.02 92.00 62.96 23.33 82.35 60.00 66.67 75.76 72.73 72.41 83.33 78.12 80.00 26.67 57.89 0.00 76.67 73.91 7.14 52.38 65.22 81.25 83.33 31.25 55.56 57.14
64.79=88.46 100.00 94.74 72.41 0.00 52.08 92.00 66.67 16.13 92.86 59.52 66.67 70.59 90.91 79.31 70.37 80.65 81.48 36.36 61.90 0.00 82.14 74.07 8.33 72.22 68.18 87.50 85.00 52.38 45.45 60.00
81.76=87.50 100.00 100.00 75.00 60.00 45.45 100.00 60.00 66.67 100.00 87.50 85.71 87.50 80.00 100.00 90.91 100.00 100.00 83.33 100.00 0.00 80.00 100.00 66.67 77.78 60.00 100.00 100.00 57.14 83.33 100.00
81.65=77.78 100.00 100.00 100.00 100.00 57.14 81.82 75.00 100.00 83.33 100.00 100.00 83.33 83.33 100.00 90.91 70.00 100.00 85.71 100.00 0.00 100.00 83.33 33.33 88.89 60.00 100.00 71.43 40.00 85.71 80.00
82.20=77.78 100.00 100.00 75.00 80.00 63.64 100.00 66.67 80.00 100.00 87.50 85.71 88.89 75.00 100.00 100.00 100.00 100.00 100.00 88.89 0.00 83.33 100.00 33.33 87.50 50.00 100.00 100.00 50.00 75.00 100.00
84.11=77.78 100.00 100.00 100.00 100.00 72.73 100.00 100.00 80.00 80.00 100.00 100.00 100.00 83.33 77.78 90.91 100.00 100.00 100.00 100.00 0.00 75.00 100.00 50.00 66.67 100.00 75.00 80.00 40.00 75.00 83.33
82.02=53.85 100.00 100.00 60.00 100.00 53.33 100.00 75.00 71.43 83.33 75.00 100.00 87.50 60.00 100.00 100.00 88.89 100.00 87.50 100.00 0.00 75.00 100.00 60.00 71.43 100.00 85.71 100.00 71.43 83.33 100.00
65.35=96.00 95.45 94.74 74.07 12.50 48.89 80.77 70.00 15.38 75.00 52.50 58.97 53.85 58.62 75.00 71.88 77.42 88.46 50.00 70.00 0.00 92.59 79.17 41.67 61.11 56.52 63.64 86.36 54.55 87.50 83.33
64.99=92.31 95.45 94.44 76.92 13.51 44.23 80.00 83.33 14.29 84.21 53.66 75.86 59.38 67.86 70.97 62.16 68.75 92.00 41.67 73.68 0.00 78.57 80.77 38.46 62.50 58.33 54.55 90.48 54.55 60.00 91.67
66.67=88.89 95.45 90.00 74.07 14.71 50.00 90.48 69.57 12.50 82.35 56.76 68.75 60.53 65.38 77.42 76.67 70.59 88.00 47.83 73.68 0.00 86.67 74.19 35.71 64.71 52.00 64.29 85.71 50.00 100.00 100.00
65.64=85.71 100.00 90.00 68.97 11.43 47.73 84.00 69.57 12.50 82.35 63.89 68.75 57.14 69.23 80.00 68.75 76.67 80.00 52.17 86.67 0.00 82.76 85.71 47.06 50.00 60.00 56.25 85.71 45.00 75.00 91.67
65.70=88.89 95.45 100.00 76.92 13.16 45.83 83.33 67.86 5.26 78.95 63.64 65.71 60.00 69.23 66.67 72.73 79.31 83.33 52.38 61.11 0.00 81.48 80.77 35.71 47.37 60.00 63.64 94.12 53.85 100.00 90.00
64.87=91.67 100.00 94.44 78.26 14.29 42.86 83.33 62.96 6.25 83.33 50.00 58.54 48.65 62.96 74.19 76.67 70.00 80.77 41.67 75.00 0.00 89.29 85.19 27.27 66.67 63.16 57.14 95.00 48.00 100.00 83.33
65.19=82.14 95.45 94.74 72.00 10.00 48.00 79.17 54.55 11.76 70.00 70.97 66.67 51.22 60.00 78.12 80.00 72.73 80.00 43.48 88.24 0.00 95.65 82.14 42.86 59.09 70.59 57.14 90.00 53.85 83.33 76.92
65.74=85.19 100.00 90.00 76.00 16.22 46.00 75.00 66.67 5.00 76.47 57.89 69.70 59.46 64.29 72.73 75.00 75.00 88.00 34.78 77.78 0.00 80.00 86.36 50.00 50.00 54.17 80.00 94.44 48.39 83.33 100.00
67.27=88.89 95.45 94.12 74.07 10.53 44.90 83.33 73.91 7.69 83.33 61.11 78.57 58.33 62.50 70.97 65.71 74.19 92.00 43.48 60.00 0.00 92.31 72.73 46.67 68.18 61.90 80.00 86.96 53.57 100.00 100.00
67.97=85.71 95.45 90.00 83.33 10.00 48.94 84.00 68.97 11.76 87.50 65.71 74.19 51.11 65.38 75.76 85.71 70.97 90.91 45.45 70.59 0.00 84.62 76.67 53.85 66.67 68.42 66.67 86.96 51.85 100.00 90.00
78.64=100.00 100.00 100.00 60.00 100.00 57.14 100.00 50.00 100.00 100.00 85.71 85.71 66.67 100.00 50.00 75.00 71.43 77.78 71.43 100.00 0.00 83.33 85.71 75.00 77.78 75.00 75.00 75.00 60.00 100.00 80.00
83.49=77.78 83.33 100.00 75.00 100.00 57.14 100.00 42.86 80.00 100.00 77.78 100.00 100.00 80.00 75.00 100.00 87.50 100.00 100.00 80.00 0.00 100.00 100.00 100.00 88.89 50.00 100.00 77.78 75.00 100.00 80.00
81.91=63.64 100.00 100.00 100.00 80.00 61.54 100.00 57.14 60.00 83.33 100.00 100.00 100.00 66.67 85.71 87.50 100.00 100.00 100.00 70.00 0.00 100.00 100.00 83.33 72.73 0.00 100.00 87.50 80.00 100.00 100.00
81.47=77.78 83.33 100.00 75.00 66.67 57.14 100.00 57.14 100.00 71.43 87.50 77.78 83.33 100.00 66.67 60.00 100.00 100.00 100.00 88.89 0.00 100.00 100.00 100.00 71.43 66.67 100.00 77.78 57.14 100.00 100.00
81.76=70.00 83.33 100.00 50.00 100.00 58.33 90.91 42.86 80.00 83.33 77.78 100.00 100.00 75.00 71.43 100.00 100.00 100.00 100.00 100.00 0.00 100.00 100.00 80.00 75.00 50.00 100.00 80.00 66.67 100.00 100.00
63.94=88.00 100.00 95.00 66.67 6.67 50.00 92.00 66.67 20.00 86.67 61.90 62.16 61.54 76.00 74.19 72.41 71.43 81.48 31.82 63.16 0.00 79.31 85.00 7.14 66.67 68.18 88.24 80.00 41.18 75.00 63.64
62.35=85.71 95.65 94.44 64.52 0.00 52.27 88.00 70.83 23.08 85.71 58.54 69.70 62.50 82.61 69.70 67.74 78.12 77.78 32.14 52.38 0.00 85.71 72.00 6.67 66.67 65.22 82.35 82.35 47.62 54.55 58.33
64.52=100.00 100.00 80.95 68.97 8.00 53.19 91.67 60.71 18.52 84.62 60.98 68.57 74.19 77.78 66.67 75.86 77.42 80.77 30.77 59.09 0.00 85.71 81.82 13.33 59.09 75.00 83.33 87.50 55.56 60.00 60.00
64.33=81.48 95.24 94.44 65.62 3.70 51.06 84.62 65.38 20.83 81.25 64.86 61.54 67.57 76.92 65.62 80.77 73.53 82.14 30.77 70.59 0.00 82.76 80.00 8.33 70.00 78.95 78.95 86.67 55.00 50.00 85.71
63.22=92.00 95.24 94.44 63.64 8.00 53.19 85.19 75.00 20.83 81.25 60.00 63.16 70.00 81.82 75.00 72.41 78.79 80.77 26.92 69.57 0.00 76.67 72.00 7.69 60.87 71.43 82.35 84.21 47.37 50.00 60.00
81.39=70.00 100.00 100.00 100.00 75.00 61.54 100.00 80.00 83.33 100.00 100.00 100.00 71.43 83.33 77.78 81.82 61.54 100.00 100.00 77.78 0.00 100.00 87.50 66.67 66.67 75.00 85.71 100.00 66.67 71.43 80.00
81.24=77.78 100.00 100.00 75.00 100.00 61.54 100.00 80.00 80.00 100.00 75.00 77.78 85.71 80.00 77.78 100.00 70.00 87.50 77.78 100.00 0.00 62.50 100.00 66.67 87.50 75.00 100.00 100.00 37.50 83.33 100.00
80.74=77.78 100.00 100.00 100.00 80.00 57.14 100.00 100.00 57.14 100.00 100.00 85.71 75.00 100.00 85.71 90.00 80.00 100.00 100.00 100.00 0.00 62.50 100.00 33.33 75.00 50.00 100.00 87.50 42.86 83.33 80.00
83.74=77.78 100.00 100.00 75.00 100.00 61.54 100.00 80.00 83.33 100.00 87.50 100.00 100.00 100.00 100.00 100.00 72.73 100.00 70.00 100.00 0.00 100.00 83.33 33.33 62.50 100.00 100.00 88.89 40.00 80.00 100.00
81.06=77.78 100.00 100.00 100.00 100.00 63.64 100.00 60.00 66.67 100.00 87.50 85.71 85.71 100.00 100.00 90.00 88.89 100.00 85.71 88.89 0.00 71.43 100.00 40.00 71.43 75.00 100.00 80.00 37.50 57.14 100.00
66.53=92.00 100.00 94.44 86.96 11.11 45.28 86.36 62.50 22.22 82.35 58.97 57.50 57.14 62.07 75.76 73.33 77.78 96.00 35.71 76.47 0.00 88.00 77.78 35.71 71.43 42.31 62.50 90.48 63.64 85.71 90.91
67.65=92.31 95.45 90.00 71.43 9.09 48.98 87.50 79.17 11.11 81.25 54.76 60.53 55.00 70.37 78.57 75.00 73.33 85.71 48.00 72.22 0.00 83.87 84.62 54.55 69.23 65.00 58.33 90.91 60.87 100.00 90.00
67.64=82.76 100.00 100.00 74.07 7.50 45.28 75.00 66.67 7.14 88.89 60.00 73.33 54.76 73.08 75.00 75.00 74.19 84.62 52.17 68.42 0.00 96.30 76.67 46.15 70.59 68.42 70.00 100.00 55.00 85.71 90.00
67.01=84.62 95.45 100.00 80.00 11.90 44.90 83.33 66.67 6.67 77.78 57.14 70.97 60.00 72.00 71.88 75.86 67.65 80.77 37.50 81.25 0.00 92.59 71.43 50.00 61.11 60.87 81.82 90.00 52.17 100.00 90.91
67.68=88.89 95.24 100.00 80.00 7.89 48.98 75.00 72.00 5.56 75.00 62.86 63.64 53.85 62.96 68.57 77.42 82.14 88.46 47.83 78.95 0.00 88.89 80.00 53.33 66.67 65.00 57.14 95.24 56.52 100.00 100.00
61.77=92.00 91.30 100.00 64.52 10.00 48.98 84.00 71.43 23.08 76.47 60.00 56.41 69.70 76.00 80.00 66.67 72.22 84.00 18.52 66.67 0.00 82.76 78.26 8.33 57.89 66.67 70.59 71.43 44.44 62.50 60.00
62.60=85.71 91.67 100.00 71.43 7.14 52.08 91.30 76.00 20.00 84.62 63.16 71.88 62.16 75.00 75.00 75.00 72.73 72.41 30.43 63.64 0.00 79.31 77.27 7.69 57.14 63.64 72.22 88.89 47.62 55.56 50.00
63.40=85.19 100.00 94.74 65.52 8.00 51.02 88.46 69.23 16.13 73.33 65.00 67.65 64.71 72.00 72.41 76.92 75.76 79.17 33.33 63.64 0.00 85.19 74.07 6.67 61.11 83.33 82.35 83.33 47.06 60.00 60.00
62.83=91.67 100.00 100.00 60.61 6.67 52.27 84.62 75.00 21.43 86.67 58.54 71.88 77.78 80.00 62.16 57.58 77.42 78.57 35.00 65.00 0.00 85.71 86.36 0.00 59.09 65.22 68.42 81.25 44.44 57.14 57.14
64.11=88.46 95.65 95.00 60.00 0.00 54.35 88.00 65.38 13.04 81.25 62.50 65.71 64.86 85.71 68.75 66.67 83.87 84.62 29.17 66.67 0.00 71.88 81.82 0.00 63.16 83.33 88.24 84.21 50.00 75.00 70.00
79.22=87.50 100.00 87.50 60.00 80.00 61.54 100.00 80.00 66.67 83.33 87.50 87.50 62.50 100.00 85.71 80.00 100.00 77.78 100.00 77.78 0.00 66.67 57.14 66.67 100.00 66.67 100.00 100.00 66.67 100.00 66.67
77.72=87.50 100.00 87.50 50.00 100.00 72.73 83.33 57.14 66.67 100.00 100.00 87.50 75.00 0.00 77.78 87.50 88.89 87.50 100.00 100.00 0.00 57.14 80.00 50.00 100.00 75.00 100.00 71.43 83.33 83.33 100.00
76.72=85.71 100.00 100.00 66.67 75.00 66.67 90.91 75.00 50.00 83.33 63.64 87.50 100.00 100.00 100.00 88.89 77.78 77.78 100.00 88.89 0.00 50.00 85.71 33.33 100.00 50.00 100.00 66.67 60.00 80.00 75.00
81.21=87.50 100.00 100.00 60.00 80.00 61.54 100.00 60.00 71.43 80.00 87.50 87.50 62.50 100.00 87.50 80.00 88.89 100.00 100.00 88.89 0.00 66.67 80.00 62.50 100.00 66.67 100.00 100.00 83.33 100.00 75.00
77.45=87.50 100.00 85.71 75.00 100.00 63.64 76.92 60.00 100.00 83.33 85.71 70.00 75.00 66.67 80.00 72.73 72.73 77.78 100.00 100.00 0.00 33.33 75.00 50.00 100.00 100.00 83.33 100.00 66.67 100.00 60.00
66.21=85.19 95.45 100.00 80.77 20.00 46.15 87.50 70.83 30.77 84.21 72.22 62.16 66.67 86.36 71.88 61.11 78.79 80.65 33.33 89.47 0.00 86.21 82.14 16.67 60.00 50.00 60.00 78.26 42.86 72.73 100.00
68.90=92.00 95.45 94.74 86.96 17.86 45.28 84.62 73.08 33.33 85.00 72.22 81.48 57.69 81.48 80.65 54.55 89.66 83.33 38.46 86.96 0.00 80.00 86.21 18.75 68.18 75.00 55.00 71.43 55.56 90.91 100.00
67.83=82.76 100.00 100.00 84.00 12.50 50.00 86.36 61.29 33.33 83.33 73.53 77.78 64.29 81.48 75.00 63.89 81.25 86.96 33.33 85.71 0.00 92.31 89.29 22.22 66.67 47.83 61.11 73.08 58.33 83.33 91.67
67.01=92.31 95.45 100.00 72.41 17.39 46.15 91.67 70.00 21.43 80.95 74.29 80.00 67.86 80.00 74.19 61.11 80.65 84.62 44.44 86.36 0.00 88.89 83.33 20.00 59.09 63.16 52.94 74.07 50.00 72.73 91.67
67.13=88.00 90.91 94.44 80.77 11.54 50.00 79.31 72.41 29.41 72.00 71.43 80.77 70.37 82.14 75.00 56.76 80.65 82.14 32.14 90.48 0.00 92.31 82.76 16.67 65.00 72.22 58.82 76.00 46.67 88.89 90.91
78.62=63.64 83.33 100.00 50.00 100.00 58.33 100.00 44.44 75.00 75.00 70.00 77.78 77.78 66.67 66.67 100.00 77.78 100.00 100.00 100.00 0.00 83.33 100.00 80.00 100.00 75.00 100.00 87.50 50.00 100.00 75.00
80.86=77.78 100.00 100.00 50.00 100.00 57.14 100.00 50.00 83.33 100.00 63.64 100.00 87.50 66.67 71.43 100.00 75.00 85.71 87.50 100.00 0.00 83.33 100.00 75.00 83.33 100.00 85.71 77.78 60.00 85.71 100.00
78.34=87.50 100.00 87.50 60.00 100.00 53.33 100.00 57.14 55.56 60.00 77.78 83.33 75.00 80.00 80.00 87.50 88.89 100.00 85.71 100.00 0.00 100.00 100.00 60.00 75.00 28.57 100.00 100.00 60.00 85.71 100.00
78.17=77.78 100.00 87.50 75.00 100.00 46.67 90.91 50.00 100.00 83.33 70.00 100.00 88.89 100.00 66.67 71.43 100.00 75.00 75.00 85.71 0.00 100.00 100.00 75.00 100.00 28.57 100.00 85.71 50.00 100.00 40.00
75.41=75.00 83.33 77.78 60.00 100.00 58.33 90.00 42.86 62.50 80.00 100.00 100.00 100.00 66.67 70.00 100.00 88.89 77.78 100.00 72.73 0.00 66.67 100.00 85.71 77.78 0.00 100.00 75.00 66.67 100.00 60.00
76.94=77.78 100.00 85.71 50.00 66.67 53.85 90.91 66.67 100.00 83.33 87.50 100.00 87.50 80.00 62.50 100.00 77.78 83.33 75.00 88.89 0.00 75.00 100.00 25.00 66.67 75.00 85.71 100.00 57.14 83.33 100.00
84.11=77.78 100.00 100.00 100.00 100.00 53.33 100.00 80.00 66.67 83.33 87.50 100.00 87.50 75.00 85.71 100.00 100.00 100.00 100.00 100.00 0.00 66.67 83.33 66.67 85.71 100.00 100.00 87.50 62.50 75.00 83.33
85.66=70.00 100.00 100.00 100.00 100.00 66.67 90.00 100.00 71.43 100.00 87.50 100.00 100.00 83.33 88.89 100.00 87.50 100.00 100.00 88.89 0.00 66.67 100.00 60.00 87.50 100.00 100.00 85.71 50.00 71.43 100.00
82.98=66.67 100.00 100.00 100.00 75.00 61.54 90.91 66.67 100.00 100.00 100.00 100.00 87.50 100.00 75.00 100.00 80.00 100.00 100.00 100.00 0.00 100.00 100.00 50.00 75.00 60.00 100.00 88.89 42.86 85.71 66.67
84.18=70.00 100.00 100.00 100.00 100.00 53.85 100.00 66.67 100.00 100.00 85.71 85.71 85.71 100.00 87.50 90.91 80.00 87.50 100.00 100.00 0.00 71.43 100.00 60.00 87.50 75.00 100.00 88.89 50.00 83.33 100.00
78.38=75.00 83.33 100.00 37.50 100.00 72.73 100.00 42.86 100.00 71.43 100.00 100.00 88.89 100.00 70.00 75.00 88.89 100.00 71.43 80.00 0.00 80.00 66.67 62.50 100.00 40.00 100.00 63.64 60.00 100.00 100.00
81.43=77.78 100.00 100.00 60.00 100.00 61.54 100.00 50.00 100.00 100.00 77.78 100.00 100.00 100.00 55.56 87.50 100.00 100.00 100.00 72.73 0.00 83.33 85.71 83.33 100.00 0.00 100.00 85.71 60.00 83.33 100.00
79.17=87.50 100.00 100.00 75.00 100.00 50.00 90.91 44.44 100.00 57.14 100.00 100.00 100.00 100.00 57.14 70.00 87.50 87.50 75.00 72.73 0.00 57.14 80.00 60.00 100.00 50.00 100.00 85.71 66.67 100.00 100.00
79.92=75.00 83.33 100.00 75.00 100.00 46.67 88.89 50.00 83.33 100.00 87.50 100.00 88.89 66.67 55.56 88.89 100.00 77.78 100.00 80.00 0.00 100.00 100.00 100.00 77.78 20.00 100.00 100.00 57.14 100.00 75.00
83.14=70.00 100.00 100.00 60.00 100.00 57.14 90.91 40.00 83.33 100.00 87.50 87.50 87.50 100.00 71.43 80.00 100.00 85.71 100.00 88.89 0.00 100.00 100.00 83.33 75.00 66.67 100.00 87.50 75.00 100.00 100.00
78.17=100.00 100.00 75.00 75.00 100.00 61.54 100.00 80.00 62.50 83.33 100.00 75.00 66.67 66.67 87.50 100.00 88.89 77.78 83.33 100.00 0.00 57.14 75.00 55.56 100.00 33.33 85.71 100.00 75.00 83.33 75.00
77.49=70.00 100.00 100.00 75.00 100.00 58.33 100.00 50.00 50.00 83.33 87.50 87.50 63.64 66.67 100.00 100.00 77.78 100.00 100.00 88.89 0.00 66.67 60.00 50.00 87.50 75.00 100.00 77.78 66.67 100.00 60.00
81.00=85.71 100.00 87.50 75.00 80.00 66.67 100.00 57.14 100.00 100.00 87.50 100.00 71.43 80.00 100.00 100.00 100.00 87.50 100.00 88.89 0.00 62.50 66.67 71.43 85.71 66.67 85.71 100.00 80.00 75.00 50.00
83.68=87.50 100.00 100.00 75.00 100.00 66.67 90.91 100.00 42.86 71.43 77.78 100.00 100.00 75.00 88.89 100.00 88.89 100.00 100.00 100.00 0.00 57.14 75.00 71.43 100.00 60.00 100.00 100.00 80.00 85.71 100.00
82.00=87.50 100.00 85.71 60.00 100.00 57.14 100.00 100.00 55.56 100.00 87.50 85.71 75.00 75.00 100.00 100.00 80.00 87.50 100.00 100.00 0.00 57.14 100.00 71.43 100.00 60.00 83.33 100.00 66.67 100.00 66.67
81.29=77.78 100.00 100.00 60.00 100.00 53.85 100.00 50.00 100.00 71.43 100.00 100.00 88.89 75.00 77.78 87.50 100.00 70.00 85.71 77.78 0.00 100.00 85.71 80.00 100.00 50.00 100.00 71.43 57.14 100.00 100.00
78.66=77.78 100.00 100.00 75.00 100.00 57.14 90.91 44.44 66.67 83.33 87.50 100.00 100.00 80.00 75.00 57.14 100.00 87.50 100.00 70.00 0.00 100.00 83.33 62.50 87.50 0.00 100.00 77.78 75.00 100.00 100.00
81.53=77.78 100.00 100.00 75.00 100.00 50.00 100.00 44.44 100.00 62.50 87.50 100.00 100.00 75.00 66.67 75.00 100.00 100.00 100.00 80.00 0.00 100.00 100.00 80.00 63.64 50.00 100.00 80.00 60.00 100.00 100.00
83.00=63.64 100.00 100.00 75.00 100.00 57.14 90.91 44.44 100.00 100.00 87.50 100.00 100.00 100.00 62.50 75.00 80.00 100.00 100.00 80.00 0.00 100.00 100.00 71.43 88.89 50.00 100.00 100.00 80.00 100.00 66.67
82.22=77.78 100.00 100.00 75.00 100.00 53.85 90.91 50.00 80.00 83.33 100.00 85.71 100.00 100.00 62.50 83.33 87.50 87.50 100.00 100.00 0.00 100.00 71.43 75.00 80.00 50.00 100.00 75.00 80.00 100.00 100.00
81.76=87.50 100.00 100.00 100.00 80.00 61.54 100.00 80.00 71.43 83.33 70.00 85.71 87.50 100.00 88.89 88.89 77.78 75.00 100.00 100.00 0.00 75.00 100.00 62.50 100.00 42.86 100.00 100.00 66.67 100.00 50.00
80.49=87.50 100.00 100.00 60.00 80.00 66.67 100.00 57.14 100.00 83.33 70.00 77.78 71.43 75.00 87.50 100.00 87.50 87.50 100.00 88.89 0.00 100.00 100.00 50.00 100.00 66.67 85.71 87.50 100.00 75.00 50.00
77.78=100.00 100.00 85.71 75.00 100.00 72.73 90.91 80.00 57.14 71.43 77.78 87.50 77.78 75.00 100.00 85.71 87.50 100.00 100.00 77.78 0.00 57.14 80.00 42.86 100.00 50.00 83.33 87.50 50.00 83.33 75.00
80.44=87.50 100.00 100.00 100.00 80.00 72.73 90.91 66.67 80.00 100.00 87.50 100.00 57.14 80.00 80.00 87.50 100.00 100.00 100.00 88.89 0.00 83.33 57.14 66.67 100.00 50.00 100.00 77.78 83.33 100.00 16.67
77.49=100.00 100.00 100.00 75.00 100.00 57.14 81.82 37.50 66.67 83.33 87.50 100.00 85.71 80.00 100.00 66.67 87.50 87.50 100.00 100.00 0.00 50.00 80.00 44.44 100.00 60.00 100.00 100.00 33.33 71.43 66.67
69.20=96.00 95.45 100.00 84.00 12.00 44.44 80.00 70.37 31.25 77.27 62.50 65.62 62.07 86.36 68.97 58.54 83.87 86.96 36.67 100.00 0.00 89.29 88.00 20.00 73.68 70.00 55.00 76.92 70.00 100.00 100.00
67.80=92.31 95.45 100.00 75.00 16.00 45.28 90.91 70.83 41.67 80.00 62.50 84.00 60.00 78.57 77.78 67.65 86.21 87.50 41.38 79.17 0.00 76.67 88.89 17.65 63.64 68.42 62.50 76.92 31.58 90.91 92.31
67.02=88.46 100.00 100.00 77.78 21.05 47.06 75.86 77.78 26.67 77.27 75.76 71.43 69.23 80.77 77.42 58.97 76.47 85.71 42.86 83.33 0.00 85.71 81.48 18.75 54.55 66.67 61.11 69.23 46.15 80.00 100.00
66.98=85.71 95.45 100.00 77.78 19.05 44.90 83.33 71.43 18.75 80.00 70.27 72.41 66.67 80.77 74.19 67.65 89.29 81.48 42.86 76.00 0.00 76.67 88.46 11.76 54.17 63.16 60.00 74.07 58.33 91.67 100.00
68.54=92.00 100.00 100.00 83.33 14.29 48.98 91.67 67.86 35.29 81.82 68.42 72.41 73.08 74.19 72.73 62.16 70.59 87.50 40.74 86.96 0.00 88.46 88.46 26.67 56.00 80.00 57.89 72.00 53.85 85.71 91.67
79.79=70.00 100.00 100.00 75.00 100.00 57.14 90.91 50.00 100.00 100.00 100.00 100.00 87.50 100.00 77.78 75.00 100.00 87.50 77.78 77.78 0.00 83.33 83.33 83.33 88.89 0.00 85.71 62.50 60.00 100.00 100.00
81.87=70.00 83.33 100.00 75.00 100.00 53.85 100.00 50.00 100.00 100.00 77.78 100.00 72.73 100.00 77.78 100.00 87.50 87.50 100.00 66.67 0.00 100.00 100.00 75.00 90.00 50.00 100.00 87.50 50.00 83.33 100.00
83.02=70.00 100.00 100.00 75.00 80.00 50.00 100.00 57.14 50.00 83.33 77.78 100.00 100.00 100.00 66.67 100.00 100.00 100.00 100.00 72.73 0.00 100.00 100.00 83.33 100.00 50.00 100.00 77.78 80.00 100.00 100.00
79.66=70.00 83.33 100.00 50.00 80.00 57.14 100.00 28.57 83.33 83.33 100.00 100.00 87.50 100.00 62.50 100.00 100.00 87.50 75.00 80.00 0.00 100.00 100.00 66.67 88.89 33.33 100.00 85.71 66.67 100.00 100.00
77.60=70.00 100.00 100.00 60.00 100.00 53.33 83.33 50.00 66.67 100.00 87.50 100.00 77.78 100.00 55.56 85.71 87.50 87.50 80.00 63.64 0.00 100.00 83.33 75.00 88.89 0.00 100.00 100.00 50.00 100.00 100.00
68.91=92.00 95.65 100.00 87.50 16.13 50.00 88.46 81.82 50.00 85.00 61.90 66.67 70.00 81.82 71.88 67.65 83.87 88.00 40.74 80.95 0.00 92.86 79.31 14.29 59.09 48.15 61.11 74.07 58.33 88.89 100.00
70.13=91.67 95.45 100.00 77.78 25.00 47.06 84.62 75.00 41.67 81.82 74.29 90.00 67.86 88.89 77.78 60.53 86.21 85.19 37.50 84.00 0.00 80.65 92.31 25.00 55.56 63.16 68.75 73.33 58.33 84.62 100.00
67.21=91.67 95.45 90.00 77.78 15.38 46.15 95.83 69.23 28.57 76.19 70.27 84.62 62.96 88.00 84.62 58.54 80.65 87.50 34.48 85.71 0.00 92.00 82.76 22.22 61.11 59.09 56.25 69.23 42.11 83.33 91.67
68.15=85.71 95.45 90.48 76.92 16.67 46.00 86.96 66.67 42.11 80.95 73.53 75.86 68.97 84.62 74.07 71.88 80.65 83.33 37.04 85.00 0.00 92.31 83.33 23.53 52.38 66.67 57.89 75.00 47.06 100.00 91.67
68.22=91.30 95.24 90.48 84.00 20.00 50.00 88.46 77.27 40.00 80.95 67.57 75.00 72.00 78.57 67.57 58.33 80.65 78.57 41.38 82.61 0.00 86.67 92.00 25.00 60.87 66.67 62.50 77.78 40.00 83.33 100.00
82.61=70.00 100.00 100.00 100.00 75.00 66.67 90.91 75.00 80.00 100.00 100.00 100.00 100.00 80.00 87.50 100.00 80.00 100.00 87.50 88.89 0.00 83.33 80.00 33.33 85.71 100.00 100.00 63.64 50.00 83.33 100.00
82.10=66.67 100.00 100.00 100.00 80.00 53.33 90.91 80.00 83.33 83.33 100.00 85.71 100.00 100.00 75.00 100.00 75.00 100.00 100.00 100.00 0.00 80.00 83.33 57.14 85.71 75.00 75.00 85.71 50.00 100.00 80.00
83.70=77.78 100.00 100.00 100.00 80.00 57.14 100.00 80.00 100.00 80.00 77.78 85.71 87.50 100.00 100.00 100.00 87.50 87.50 87.50 100.00 0.00 66.67 85.71 100.00 87.50 75.00 83.33 66.67 55.56 85.71 100.00
82.49=87.50 100.00 100.00 50.00 100.00 57.14 100.00 66.67 71.43 100.00 87.50 100.00 87.50 80.00 83.33 100.00 88.89 66.67 100.00 100.00 0.00 66.67 85.71 75.00 70.00 100.00 100.00 100.00 50.00 100.00 83.33
84.15=77.78 100.00 100.00 100.00 80.00 57.14 100.00 80.00 80.00 80.00 75.00 100.00 100.00 80.00 100.00 100.00 80.00 100.00 85.71 88.89 0.00 83.33 100.00 66.67 72.73 100.00 85.71 100.00 50.00 85.71 100.00
65.93=92.31 100.00 94.74 81.82 16.67 44.44 84.00 85.71 33.33 85.00 66.67 61.76 65.52 90.48 68.75 55.56 80.65 76.92 28.12 79.17 0.00 95.65 82.14 12.50 61.11 59.09 52.63 64.00 41.67 91.67 91.67
66.43=88.89 95.45 95.00 77.78 13.04 45.10 75.00 62.96 25.00 73.91 68.42 75.00 64.29 86.96 75.86 63.16 78.12 90.48 37.04 82.61 0.00 88.89 85.19 12.50 63.64 72.22 57.14 73.91 58.33 81.82 91.67
67.68=91.67 95.45 100.00 75.00 14.29 47.92 82.14 76.00 50.00 85.00 67.57 80.77 62.50 76.00 79.31 63.16 83.87 80.00 32.26 81.82 0.00 82.76 85.19 13.33 54.17 60.00 50.00 74.07 61.54 100.00 92.31
67.47=92.00 95.45 90.48 79.17 22.73 51.06 75.86 75.00 42.86 80.95 69.70 81.48 70.37 76.67 69.44 62.16 80.00 81.48 34.38 79.17 0.00 75.76 86.21 6.25 56.52 70.59 58.82 76.00 63.64 87.50 100.00
67.93=82.76 100.00 100.00 86.96 20.00 48.00 77.78 72.00 42.86 85.00 76.47 72.41 66.67 88.00 77.42 60.53 73.53 82.76 25.93 79.17 0.00 83.87 92.86 17.65 71.43 68.42 61.11 76.00 36.36 80.00 100.00
64.36=100.00 100.00 100.00 67.86 6.90 51.02 88.46 61.90 35.00 78.57 60.98 61.11 76.67 77.78 70.00 67.74 78.12 80.00 33.33 57.89 0.00 88.46 79.17 9.09 66.67 55.56 83.33 88.89 52.63 63.64 54.55
63.54=91.67 95.45 95.00 62.50 4.00 48.00 85.19 66.67 25.00 87.50 61.54 66.67 68.97 79.17 76.00 63.64 75.76 80.00 28.00 66.67 0.00 78.57 73.08 6.67 62.50 75.00 81.25 87.50 44.44 58.33 75.00
63.59=88.89 95.45 90.48 64.52 7.14 52.17 88.00 78.26 14.29 70.59 62.50 68.57 64.71 87.50 66.67 74.07 85.19 70.97 34.78 56.52 0.00 82.14 79.17 0.00 75.00 68.18 72.22 78.95 44.44 64.29 85.71
61.71=80.77 100.00 95.00 66.67 4.00 50.00 84.00 69.23 19.23 72.22 64.10 66.67 63.64 80.00 76.67 65.52 72.73 74.07 34.48 65.00 0.00 76.92 75.00 5.88 66.67 88.24 70.59 72.22 38.10 55.56 60.00
64.78=85.19 95.65 94.74 60.61 4.35 53.19 95.83 73.91 20.00 80.00 60.98 72.73 70.59 73.08 68.75 75.00 75.76 82.14 31.82 70.00 0.00 88.00 83.33 15.38 60.87 80.95 83.33 85.00 42.11 58.33 66.67
83.28=66.67 100.00 100.00 100.00 100.00 58.33 90.91 57.14 83.33 100.00 87.50 85.71 88.89 83.33 100.00 100.00 87.50 100.00 100.00 100.00 0.00 100.00 100.00 66.67 83.33 75.00 100.00 100.00 25.00 62.50 80.00
82.42=66.67 100.00 85.71 100.00 75.00 70.00 90.91 100.00 83.33 83.33 77.78 100.00 100.00 100.00 88.89 100.00 87.50 100.00 87.50 100.00 0.00 75.00 100.00 37.50 87.50 75.00 100.00 100.00 25.00 83.33 75.00
84.93=77.78 100.00 100.00 100.00 100.00 53.85 100.00 100.00 83.33 100.00 87.50 70.00 100.00 100.00 83.33 100.00 88.89 100.00 75.00 100.00 0.00 71.43 85.71 60.00 100.00 75.00 100.00 88.89 57.14 75.00 100.00
83.95=70.00 100.00 100.00 100.00 100.00 61.54 100.00 66.67 83.33 83.33 87.50 100.00 100.00 66.67 85.71 90.91 80.00 100.00 100.00 100.00 0.00 80.00 100.00 66.67 87.50 75.00 100.00 100.00 37.50 80.00 100.00
81.01=87.50 100.00 83.33 75.00 100.00 53.85 100.00 75.00 66.67 100.00 87.50 100.00 100.00 100.00 75.00 87.50 72.73 100.00 71.43 80.00 0.00 83.33 100.00 50.00 77.78 60.00 100.00 88.89 50.00 85.71 100.00
83.30=70.00 83.33 100.00 50.00 100.00 57.14 100.00 57.14 100.00 100.00 77.78 100.00 100.00 100.00 75.00 75.00 100.00 100.00 100.00 87.50 0.00 100.00 100.00 80.00 72.73 50.00 100.00 80.00 66.67 100.00 100.00
84.81=70.00 100.00 100.00 60.00 100.00 61.54 100.00 44.44 100.00 83.33 87.50 87.50 100.00 100.00 71.43 87.50 87.50 100.00 100.00 100.00 0.00 100.00 100.00 66.67 81.82 60.00 100.00 100.00 80.00 100.00 100.00
81.94=87.50 83.33 100.00 75.00 100.00 53.33 90.91 50.00 80.00 71.43 87.50 100.00 100.00 100.00 60.00 87.50 100.00 87.50 100.00 100.00 0.00 80.00 80.00 57.14 100.00 60.00 100.00 88.89 60.00 100.00 100.00
80.68=75.00 100.00 100.00 75.00 100.00 61.54 90.00 44.44 83.33 100.00 85.71 100.00 88.89 100.00 62.50 70.00 88.89 87.50 100.00 80.00 0.00 100.00 100.00 80.00 87.50 50.00 80.00 85.71 50.00 100.00 75.00
81.57=70.00 100.00 100.00 75.00 100.00 61.54 90.91 36.36 83.33 83.33 100.00 87.50 100.00 100.00 87.50 71.43 88.89 100.00 100.00 77.78 0.00 100.00 100.00 60.00 70.00 25.00 100.00 100.00 60.00 100.00 100.00
66.77=88.46 95.45 90.00 74.07 9.09 43.14 83.33 73.91 12.50 80.00 56.41 60.53 51.35 60.00 66.67 89.29 74.19 85.71 54.55 93.33 0.00 92.31 78.57 46.15 70.00 68.42 63.64 73.08 52.38 83.33 100.00
67.76=88.89 100.00 94.44 76.00 11.11 46.00 75.00 64.00 9.09 73.68 66.67 64.52 50.00 66.67 64.71 82.76 79.31 85.71 43.48 84.21 0.00 80.65 84.62 42.86 68.18 68.42 88.89 95.00 60.00 85.71 100.00
65.80=80.00 95.65 88.24 68.97 11.11 47.92 80.00 80.00 7.69 93.75 60.61 69.70 52.38 67.86 72.73 75.86 77.42 89.29 54.17 72.73 0.00 78.12 74.07 42.86 66.67 54.55 66.67 86.36 52.94 71.43 100.00
69.10=88.46 95.24 90.00 80.00 12.50 48.00 84.00 78.26 23.08 84.21 56.76 76.67 50.00 66.67 75.76 78.12 74.19 82.76 50.00 77.78 0.00 92.31 79.31 50.00 68.75 65.00 100.00 90.91 52.00 71.43 100.00
67.86=82.76 95.45 94.44 80.00 12.12 48.98 80.77 65.38 5.56 77.78 62.86 70.97 57.50 70.37 65.62 78.12 85.19 82.76 50.00 86.67 0.00 92.31 80.00 43.75 64.71 65.00 60.00 90.91 53.57 100.00 100.00
66.43=85.71 95.45 100.00 73.08 7.69 44.44 88.00 70.37 29.41 72.73 71.43 70.00 61.29 86.96 73.33 61.11 81.25 80.77 32.14 90.48 0.00 92.00 78.57 15.38 70.00 65.00 63.16 64.00 45.45 90.00 100.00
68.89=88.89 95.24 100.00 80.77 22.22 47.92 80.77 72.00 46.15 80.95 72.22 76.00 62.50 85.19 72.73 66.67 86.21 84.62 34.29 91.30 0.00 80.00 82.76 12.50 60.00 65.00 61.11 73.08 54.55 100.00 100.00
68.49=92.00 95.45 100.00 80.77 29.41 48.98 78.57 74.07 45.00 80.95 72.22 81.48 80.00 82.61 68.57 64.86 81.25 88.46 35.29 90.48 0.00 81.25 85.71 8.33 57.14 73.33 58.82 74.07 53.85 76.92 83.33
68.81=88.89 100.00 94.44 80.00 23.81 48.00 85.19 82.61 50.00 78.26 65.00 77.78 68.97 80.77 75.00 65.71 82.76 88.00 34.38 80.00 0.00 89.29 88.89 13.33 69.57 65.00 56.25 75.00 42.86 83.33 100.00
67.47=91.67 95.65 100.00 77.78 18.18 46.81 88.46 66.67 41.67 89.47 68.42 78.57 64.29 82.14 70.97 63.89 74.29 91.67 36.11 89.47 0.00 88.89 85.71 18.18 64.00 60.00 52.94 70.37 38.46 76.92 100.00
67.81=92.00 100.00 81.82 75.00 15.62 42.59 83.33 79.17 20.00 86.67 57.89 64.86 62.86 64.52 70.97 75.00 72.41 85.19 48.15 71.43 0.00 85.71 72.73 55.56 70.59 72.22 77.78 89.47 52.00 85.71 90.91
