93.36533538146442
95.78981054787508
93.21812596006144
94.6629893404087
95.50819252432157
91.33512544802868
91.68330773169482
93.33845366103431
93.84280593958013
94.64402085369828
72.28482490947333
74.28394485836814
77.77365243730543
77.20541117268391
78.52256169827123
78.25614025965866
77.16130914734602
77.10671189348399
77.95539355604676
79.58635848397418
77.25441787507174
79.71782420746476
78.83020265989614
80.29311712526629
79.2775027310334
93.89238002141228
93.71095750128009
93.17076292882747
94.38928455057487
95.93701996927803
94.77598566308242
94.09626216077828
95.4390681003584
94.10906298003073
95.37378392217103
80.24270188059283
77.69973161131409
78.61915168891933
80.76123107409049
80.78717928714138
76.90697518379629
78.10297088206394
77.91548289213412
78.92039224056093
79.03018719894754
95.09042033235582
94.03481822836662
94.39673229995812
94.42908346134153
94.92272960014897
80.51006129537615
79.92213993479909
79.94125655263522
78.89561704017393
80.7299887651689
79.11928095790198
79.27417696122477
78.22767903667734
78.36351492588932
77.81081741299585
94.54507857733662
92.86482334869433
94.17562724014338
95.86917562724014
95.02304147465438
80.54628562051585
80.01110048743534
78.20584628688493
78.5715072980047
78.65786020772491
88.59447004608295
94.57198715263229
89.99615975422427
93.35125448028673
93.70583717357913
80.3224186628587
78.4642593224351
77.71324326651914
79.36730138087601
76.28457954844974
79.66929292578565
79.9788845981072
80.22571777109862
77.80349201271223
79.44297082833087
90.47572499185401
92.40399385560676
94.43757855048177
94.15596052692827
93.45063538611926
77.14464591385843
78.11020673842077
78.92345054482657
79.65679649337663
79.0033802291995
77.63872830027499
80.4319867966432
79.37646570170084
79.38474612256739
79.99501980343014
96.31801889866405
96.66282642089094
96.17511520737328
93.27188940092167
96.34268956849603
94.17641498286659
91.83918232305328
96.0557184750733
91.78955453149003
91.63338453661035
92.3489503328213
95.61653400363079
92.37792673276546
94.77808034259648
94.07915561141367
79.95363137585173
80.1322215568811
80.49920194365076
79.62448002756459
78.89977246385824
96.46185355862777
94.3509984639017
93.67895545314902
93.91193036354326
92.2772657450077
79.49400050934851
79.92714596969962
80.28081557230784
79.71500505094144
79.96276458981116
94.78075687753106
95.12544802867383
94.57082344179118
94.02678862356281
94.52636968766002
79.70606937518596
80.48597181248118
80.89445262025907
79.56234858986454
79.94638990141672
93.48566308243728
94.64530093562352
96.66282642089094
95.26497695852535
93.30738258157614
91.78443420378906
91.4989759344598
95.61827956989248
91.12519201228879
93.5312805474096
81.61335213144555
80.66972485723221
80.30160108579764
80.22120090370842
81.40983123261637
93.76437182888796
93.38325652841783
93.62519201228879
94.47132616487454
95.40322580645162
94.36054984442082
94.98207885304659
94.34331797235023
94.16666666666666
94.94612018805567
92.7056277056277
93.82825955406601
96.85693338919145
94.79472140762464
95.20434762370245
80.63165371213755
80.92746082368681
80.34490758447564
80.12687120575666
79.26092892953515
94.17015779919005
93.07045105432202
91.18407578084998
92.22606246799795
95.82809663454825
78.7310330930945
78.72746226271965
80.26368573578175
77.35917570499888
79.08161337399419
92.49697435181308
94.91167434715823
97.02206395754783
94.27116790020015
92.11388074291298
82.07150677952646
82.29181441781137
81.27764948820057
80.28817941001265
81.75918331272773
77.78749618391139
79.70652665585662
78.80397343163747
79.66031182570194
79.84458509547457
94.21402969790066
92.15914909463297
94.38172043010752
93.05555555555556
95.44930875576036
81.32229695681994
80.8315214650229
81.41432364304141
79.98928342232593
81.13445147618205
80.06235846911252
79.6253976010736
79.75456371422268
79.18802705670966
79.50979159473344
81.943255050615
82.64863840357619
81.28163473987482
80.16184296434648
80.11320332534761
95.41858678955454
94.61469534050181
92.45775729646697
95.11776753712236
93.94125587673976
93.44563142950241
93.44017094017094
96.39656938044034
95.53379416282642
91.65642601126473
81.05773430577136
80.60979780087659
81.78421342790091
79.35328908630302
80.18321115844769
93.12211981566821
94.40557650235071
95.85206907787553
93.16645719871526
95.21202811525393
92.67106549364613
95.01233533491597
94.33819764464926
93.43783456686684
95.18514639482382
80.010456998966
79.56388346906799
79.28209730578594
78.99806994166474
80.47913799224324
94.99092305543918
92.44169808685939
95.92933947772657
94.21752083042405
95.82693292370712
79.65604689027025
81.66764940986768
82.00937836664902
79.83112175253655
80.15390987286457
94.5719871526323
95.08401992272961
93.2535027696318
94.44956477214542
96.03640087511057
91.75219941348975
94.71966205837174
91.77547363031235
94.24859190988222
93.7711213517665
80.42009154605515
78.85779114157978
77.22934121210193
82.00130864570545
80.35681230668337
94.50809942745427
94.14106502816182
95.73092677931388
93.98489503328213
95.35044704399543
80.34222212614323
79.35950418845894
79.08682880217906
79.05186479166555
78.98803303054257
80.66258670263117
80.8539210240444
81.8901141868293
80.67420643643793
80.85351429828515
80.00727697329027
80.25292535673267
80.26433823963903
79.51226452502198
79.99229202420646
79.61189971320255
79.43752308414884
79.57271486249053
79.93743423703769
78.64129425914702
80.93560313220406
80.33085698042089
79.82216270432818
80.85437846826072
80.14398826807829
80.30886774434282
79.84533018154852
79.6594850094469
79.47758723496432
81.32581652291248
91.66026625704046
95.46722990271378
95.65412186379929
94.00153609831028
95.30948442238765
81.1532060103079
80.33373120110582
79.98178903030913
80.4126457238369
80.25226618208582
93.64439324116744
94.48889819857561
93.35765488991295
95.3853046594982
91.69482846902203
81.89643784022813
81.17994046625074
81.42795975149372
81.6699286039456
81.06281824590631
93.50951915468043
93.70967741935483
92.0583717357911
92.53200204813109
95.0240888144114
96.16231438812083
94.00537634408603
94.03353814644137
93.67767537122377
94.32144020853698
80.77603591690692
79.31219305537591
80.66927408159624
81.18254587083479
80.43504459251952
79.66260759917627
79.90662399239552
80.8174665353116
79.53354830392993
78.59648272712637
94.98463901689709
92.82002048131079
95.36435786435786
95.18130614904808
93.76937578550482
94.4137224782386
94.59025741283806
92.60979164204971
95.21633384536611
93.07091653865847
93.72969324582228
94.39068100358423
93.50614439324119
92.82839919936694
95.79574547316483
81.45538524785891
82.316205071875
81.69354285868693
81.42884695288156
81.07920959108553
81.259403494257
80.99888580827509
80.27808987623705
78.6770342463854
79.17880804144151
93.68279569892474
93.8773681515617
95.49027137736815
92.58960573476703
93.64160033514874
95.76246334310851
93.79625750593493
93.76600102406555
94.07869012707722
96.73067076292882
92.07245263696876
92.53456221198158
94.3868407578085
95.80645161290323
94.34331797235025
80.9484679329526
81.58972130414821
80.01900452819353
81.45495334070904
82.25572528947116
93.11443932411674
94.14618535586278
93.25012800819253
93.96185355862777
94.77342549923196
80.71371925814688
81.4894188830539
80.98374597913022
80.45837589241015
80.02499879033446
95.32386072708654
94.39801238188333
93.22033701065959
95.57859703020992
95.6989247311828
80.8487685487123
80.19035869711087
80.77135838051349
79.85916810503944
80.95397241288778
94.63471116696924
92.31950844854072
93.3365917236885
95.1152073732719
93.04624586882652
80.1507859350244
81.46472832054033
81.57137426715886
81.28905935830234
79.86814663955047
80.51547807241404
80.91430576299213
81.33267713671093
79.84726216479943
80.35082913596266
92.96082949308756
94.3911464879207
95.33747614392776
94.40722360077197
93.87864823348694
94.61166969231486
93.99467020434763
96.21095750128009
91.67900200158267
92.44879672299028
93.47914630172693
94.32923707117254
95.02816180235536
90.2688172043011
95.44546850998464
95.41078992691895
93.62263184843829
90.657962109575
94.7104687427268
93.82069543359866
95.75140809011776
94.45328864683702
94.90899781222363
96.25448028673836
88.52278545826933
93.12177070241586
91.56018712470326
96.09447004608295
95.16606153702926
95.25438718987105
93.93194619001072
95.4987664665084
95.37250384024577
96.95933994321092
96.5623981753014
80.87948725692073
80.88990743870052
81.34278977094773
78.97459452430022
80.18327175225073
93.82313922636503
93.54024112088628
94.5681469068566
92.41551459293395
95.30209933435742
94.73246287762417
94.84511008704557
94.48412698412697
93.65847414234511
91.85984266629428
81.83275565061327
80.5158817447276
81.55380874753631
81.6464217386993
81.11170038046617
80.25371225119228
80.39425429463114
81.60251200153343
81.31887264452646
80.94418201519066
94.26488386165803
93.12712377228506
93.08755760368663
93.1784434203789
93.82872503840245
96.00870455709168
93.66615463389658
95.24519387422613
93.31750686589396
95.3540008378718
95.42242703533026
95.12405157566448
93.90937019969277
94.1188381510962
95.87813620071682
93.0837173579109
97.19150025601638
94.08730158730158
97.03265372620211
95.06272401433692
80.44194310942075
81.64678869631773
79.10414655845399
80.66961721635927
78.9312978066377
95.19329237071172
95.63364055299539
93.70967741935483
95.77572964669739
93.5458269329237
96.21805613741098
92.62102592747753
95.63748079877114
93.97279244053438
93.06789089047155
93.8978494623656
93.87096774193547
94.47644649257553
93.89016897081414
94.58886095982871
92.98387096774194
95.76420890937021
92.5384024577573
94.46969696969697
93.6751152073733
82.27272305853157
80.3410820107988
81.4835762848387
80.64621440085959
80.99943786633102
79.64211814471612
80.23122369010547
78.74499738405791
79.36471508903666
80.46446150038163
93.78985709630872
92.73506958990829
95.85113810920264
95.45698924731184
93.89994414187963
94.47644649257553
94.6057347670251
94.39661592887398
92.8584229390681
95.62467997951869
92.62800819252432
92.23630312339989
93.67476609412094
94.505772005772
93.53686635944702
95.60757343015408
95.64725596983662
94.8731555183168
95.807266210492
93.6119257086999
81.59031169323242
81.75440267147481
82.12308581231589
80.20871121634119
80.49256580528326
79.81607719212695
81.15397819761553
80.80530451283857
79.99584509446292
79.92626849537216
92.92708187869478
93.51719964623192
94.68766001024065
94.43757855048179
95.75094260578132
93.61751152073732
91.92268305171531
95.70020481310803
94.810547875064
93.12724014336918
92.16554950425919
94.21658986175116
94.62237583205327
94.58879829847574
93.15249266862169
79.24463969849423
80.19679319077191
81.96495216759847
81.5290717309448
80.99400294685718
79.02329618124652
80.29090921695997
79.70665641170226
80.16955176903228
79.03380425781143
95.8115719406042
92.37455197132616
95.42626728110599
96.32697947214076
94.29211469534052
80.03913308098842
80.75576000319487
80.25890879107376
79.9290879960088
79.90550184642014
96.50363077782433
94.05124445447028
93.61867523157846
96.54331331750687
95.11101801424383
95.71300563236046
91.99902248289344
94.24207512917192
93.90809011776754
95.33526509332962
81.7439406434657
81.86100644189952
82.15070397920537
80.28306611550538
81.62295030356049
95.22482893450635
95.63957547828517
93.72585300004657
93.46599636922218
95.09682074198203
81.2621526944236
80.70353572337636
81.36602823364753
80.8901848340791
80.223928792388
94.17015779919005
95.15326071777685
96.95177582274356
93.77856910114976
93.97570171763721
95.20434762370245
96.76139272913467
94.44002234324815
96.30009775171065
94.6915002560164
79.12827044207957
80.51762140031398
79.80981431060628
79.8099211293249
81.11890599153642
95.98426662942792
93.29493087557604
94.5646557743332
97.46660149885956
94.23695480147093
93.1320113578178
93.07731694828469
94.63261648745521
95.09600614439326
93.4600614439324
79.97139165940159
82.37130444686456
81.15420577621873
80.94285440524828
80.75669413367389
80.27843368016848
80.08001932354738
80.19131631097164
80.01360116492855
80.6942837916867
81.50431137790396
79.92584796301486
80.38343649046362
82.74928265162745
81.25267060510134
80.01929829375358
80.05104523037207
79.55549668969833
79.10436264964325
80.69928253927026
95.05201787459853
96.90173625657498
94.55278592375367
96.14008751105526
93.74807987711215
92.63056835637482
94.02329749103943
93.36021505376344
95.72452636968767
93.46390168970814
93.1364334590141
92.07070707070709
95.18898664059954
96.24249406507472
96.45370758273984
81.20628612611664
81.54652143743824
79.85746601325009
80.28036118826961
81.82446257989483
79.84325045133856
80.00327819162435
81.10488212116833
80.12710865973
78.4344951590738
80.13106354319352
81.4866401481602
80.38820064828275
79.79881996565251
80.68884137783157
79.29516854896056
78.91329539046778
81.07420422695759
79.42140108332185
77.46414024357091
97.23444118605408
94.17644183773216
93.38244193082902
94.77808034259648
93.71805613741098
95.45698924731184
92.82595540660057
95.36563794628313
92.6518642647675
96.14008751105526
79.0725053336528
81.37203635225502
81.14839195341814
81.19127544943667
80.5428272713948
80.01886057858081
79.49627112172281
81.06655410505832
79.77637352407643
80.85268159599987
93.06579621095752
94.33819764464927
96.19932039286877
94.93727598566309
94.14839640646092
96.26984126984128
95.11776753712238
94.33947772657451
95.04096262160778
96.03302611367127
96.58927989573151
95.9651817716334
95.46676441837732
95.61525392170553
95.79446539123958
