59.463667105867486
52.44354659695121
53.96914756337724
54.862729410856346
58.45734944073369
57.95301444360156
58.46419748331185
59.99899221751841
61.87197903004643
60.42825534428265
57.5473329525161
52.56905592137405
55.65454430586937
57.06310842269835
58.03249708763859
57.62385680664907
61.4695981658122
60.49957986663737
59.68705005335362
60.26528908620617
88.99257552483358
91.24551971326167
91.36328725038402
90.54275473630312
91.11855886049436
94.26139272913467
93.9336917562724
93.11571940604199
91.95596518177165
90.92421915002562
74.98541938769642
83.67225964000157
84.27675371223759
81.07061397383978
83.04599522341458
84.21845179909697
83.18065447097706
83.56217259443066
83.88603332151717
85.82530372852955
82.54893404086953
85.8381582575131
78.93799748638459
84.47719842881133
86.16457914845013
85.4441884280594
84.94868035190615
88.02611367127496
83.27572964669739
85.53379416282641
64.21089685960523
64.93034960938246
64.76020598813648
64.8048329438242
67.01317472006502
66.50481821348338
65.36814485653751
66.71974268421565
68.4596160577619
67.38813862057104
62.50687775467084
64.21509445979797
66.14282104827154
63.331607549759816
65.00470068875696
63.018570157884035
63.686979962885275
63.36288345412037
65.02715848731381
63.817353183010525
82.33428757622308
84.281292184518
80.40921444147253
83.45866499092305
84.14224664224663
86.27044102850554
85.13301214914118
83.658357771261
85.67332309267795
81.90691029400706
77.59687445171315
82.90522201812523
82.50808331453494
83.39851904368034
85.30186659218919
83.04962063026579
84.14339244984407
81.18151561699949
82.86319415351674
84.31608713866778
63.31768813713314
63.848616530025225
63.41774663404947
64.49334709811937
63.77170958447535
64.14638433145778
63.45613648162984
66.06287939821307
65.13657835709043
64.67792658861484
86.5123586091328
82.66443234185171
78.63927291346646
85.01378549765647
86.62046734627381
86.97633012149139
85.05858836504
85.63713168551878
87.72499901532159
84.34558273267952
76.95794349020154
81.81620350975192
81.45103104780524
81.00666358730875
83.75017455662618
86.33640552995392
79.79879439556859
81.82382133995037
80.1100870455709
82.63376408537698
63.819985851457574
65.26634053230123
65.3177050390307
64.9467270425377
66.43551166690739
64.25857348747591
67.01549860883372
67.31259812346157
66.84408820242024
66.19482005711808
78.2969987002245
84.65152231281265
81.53563282595542
82.96420425452683
86.18361029651352
81.71740445933993
87.19010380300703
86.71915002560164
86.01766513056835
84.64914118139923
66.22693445930202
68.84860663506198
67.05799715074855
67.05879596101113
65.85167997839929
68.05482591931175
66.67972663182171
67.35847228341264
68.1636157721144
67.60267271714257
80.06981369884596
83.27561327561327
82.21698552343713
83.40856276340146
82.60624679979517
82.1244705115673
82.82444258250709
82.71505376344085
79.7872736582414
79.83614951356887
84.00025601638505
76.5847414234511
85.67547148192308
81.97964222157769
84.9257552483359
84.34174248690378
81.26206231044941
84.03679653679653
84.83189749318781
80.64213564213566
67.42436993172676
66.46372970867282
67.39718813082031
68.32250873251375
67.51297651574095
67.53235352142288
67.25576012432138
68.27914527234525
67.18462629833753
68.24729559960255
81.32524285750092
83.39989759344598
79.96720125752384
81.01382488479263
77.25858371019662
84.05785970302101
79.47359092520384
83.39058790671695
86.0608925125054
83.45214821021274
82.26946888237211
81.5408695247405
82.67665130568356
83.74010398203947
81.38376856118792
85.36697173793948
80.35458269329237
85.41649211004051
87.99637638347315
79.60881412494317
67.38760298307
67.81007958375567
68.9273489108613
68.46701971086019
69.73191401672464
66.84309691067416
67.52427455356263
70.31297432636784
65.55336173988515
67.57464719923192
66.34840092718412
66.47528167043365
66.17156588978999
68.08055037455432
67.61182472775256
66.87474358724091
69.45294286121766
68.1365248565418
65.26734503682569
67.76767318638002
66.98466725942205
68.1274295304789
68.37133289927276
68.88830966279473
65.84680488739103
67.9930014579901
68.63302437997181
68.82481373942518
67.50633270539623
67.70982816131563
79.09242191500256
81.83179723502305
83.27538053344504
81.06345267635591
86.45370758273984
86.46511194898292
83.50695899082997
85.03956616859843
85.23937532002049
82.44559204236623
62.61711696307914
64.87532545451718
61.554589500971545
65.56142948929696
62.549114951391985
63.44660677756378
63.8558709064556
63.26918396400289
63.94047148428705
64.85887332571
77.87426730975119
87.07245263696876
83.84140948657078
83.28811869134451
85.29383698738539
86.07113316790735
83.81271953852598
87.55858836503998
82.64144457692845
78.47670250896057
68.21884021493904
67.47549411967306
67.47708320054835
67.32767221567923
68.25278792829442
68.04127764544249
68.94747969281842
68.38469936444857
67.97210474250328
69.43382256857313
75.01780477586927
80.17350928641251
78.25070986361308
78.61962410349507
81.82126117609988
