57.63=100.00 100.00 79.17 85.71 12.00 51.35 84.00 61.11 25.00 83.33 60.61 73.33 69.23 27.78 46.88 78.26 71.88 83.33 36.17 48.15 8.33 84.62 82.61 20.00 44.83 71.43 60.00 33.33 33.33 33.33 37.50
53.85=80.77 95.00 65.38 68.00 17.65 45.83 78.57 52.63 15.38 62.50 70.00 73.33 78.57 25.00 63.16 64.00 60.00 70.00 27.08 66.67 0.00 88.00 76.00 22.58 48.39 60.00 66.67 38.46 23.08 66.67 0.00
56.95=87.50 91.30 85.71 82.61 20.00 50.00 100.00 37.50 44.44 63.64 60.98 72.73 90.48 33.33 50.00 65.62 72.41 76.67 33.96 47.06 0.00 84.62 73.91 25.00 45.16 56.25 75.00 28.57 33.33 44.44 33.33
56.68=91.30 100.00 86.36 78.26 30.77 51.16 75.86 50.00 21.43 75.00 52.38 67.65 90.91 33.33 54.17 54.55 74.07 84.00 32.76 50.00 0.00 84.62 83.33 23.53 41.94 56.25 72.73 20.00 16.67 41.67 62.50
58.91=95.65 95.45 82.61 83.33 23.53 50.00 84.62 50.00 16.67 76.19 57.50 60.53 70.83 57.14 54.55 70.37 74.19 86.96 31.48 64.00 0.00 85.71 85.71 21.43 51.85 57.14 75.00 15.38 40.00 35.71 72.73
60.01=92.31 95.45 86.36 83.33 20.00 55.56 76.92 59.09 45.45 94.12 68.57 62.86 80.95 50.00 47.83 61.11 71.88 88.00 35.71 48.48 0.00 82.14 80.00 18.18 51.72 56.25 72.73 11.11 25.00 53.33 85.71
56.61=92.00 95.65 94.74 78.26 15.00 47.50 87.50 55.56 37.50 75.00 70.59 59.46 86.96 45.45 38.46 66.67 66.67 90.91 32.69 53.57 0.00 80.00 79.17 15.38 52.00 62.50 54.55 11.11 20.00 40.00 50.00
57.60=95.65 95.00 81.82 81.82 22.22 52.38 76.92 42.11 15.38 71.43 63.16 73.33 89.47 63.64 50.00 57.50 70.59 84.00 31.37 51.72 0.00 79.31 76.00 18.18 55.56 61.11 66.67 41.67 14.29 33.33 70.00
60.21=91.30 100.00 85.00 80.95 19.05 53.49 74.07 47.83 30.00 94.12 52.27 65.71 78.26 70.00 52.17 66.67 71.88 87.50 30.61 65.38 0.00 83.87 84.21 18.42 50.00 52.63 77.78 33.33 27.27 42.86 80.00
57.65=91.67 100.00 85.71 86.36 12.50 53.19 77.78 55.56 14.29 71.43 58.14 69.70 80.00 55.56 50.00 57.14 70.97 76.67 27.08 51.61 0.00 79.31 83.33 24.14 57.14 56.25 72.73 30.00 30.00 31.25 77.78
58.36=84.62 95.24 75.00 85.71 15.00 47.92 91.30 47.62 27.27 80.00 65.79 74.19 77.78 54.55 48.15 67.65 74.19 87.50 31.91 59.26 0.00 83.33 70.83 23.53 45.45 55.56 66.67 12.50 33.33 38.46 88.89
58.21=95.83 91.30 81.82 95.00 25.00 51.06 83.33 52.38 23.08 80.00 53.66 65.71 86.36 66.67 39.13 55.56 66.67 95.24 33.33 54.84 5.26 74.19 85.71 18.75 52.00 62.50 64.29 15.38 28.57 37.50 64.29
59.53=88.00 95.45 90.00 86.96 21.74 52.17 84.62 52.38 10.00 75.00 60.53 70.97 84.00 57.14 48.15 63.89 70.59 95.65 35.56 45.45 0.00 83.33 80.95 21.43 46.88 71.43 60.00 22.22 33.33 37.50 100.00
59.38=85.19 100.00 85.00 90.48 14.29 48.89 78.57 54.55 6.67 78.95 61.54 72.41 81.82 72.73 52.38 61.54 75.00 95.45 28.26 64.00 0.00 75.76 90.91 23.33 43.33 62.50 66.67 25.00 28.57 35.29 81.82
60.44=91.67 100.00 85.71 86.36 22.22 46.81 87.50 53.85 33.33 80.00 64.86 74.19 86.96 66.67 52.17 61.54 79.31 91.30 29.55 60.00 0.00 82.14 86.36 20.59 48.57 42.86 69.23 30.00 23.08 36.84 80.00
60.32=95.83 95.24 90.00 86.36 13.33 53.19 80.77 52.00 20.00 71.43 58.33 71.88 91.30 70.00 60.00 65.71 72.73 91.67 31.25 61.54 0.00 80.65 78.26 26.92 48.48 62.50 81.82 36.36 21.43 19.05 81.82
58.32=95.65 95.45 90.00 90.91 17.39 53.19 78.26 55.00 7.14 73.68 54.76 74.19 82.61 66.67 42.86 61.76 72.73 95.65 33.33 53.85 0.00 86.67 82.61 23.08 43.33 50.00 75.00 20.00 26.67 28.57 76.92
58.95=85.71 91.30 85.71 86.36 18.18 50.00 84.62 60.00 16.67 80.00 60.00 75.00 77.78 60.00 50.00 70.97 71.88 95.00 25.58 75.00 0.00 80.65 90.91 25.00 47.22 58.82 60.00 28.57 16.67 25.00 75.00
60.39=91.30 91.30 85.71 95.24 17.39 48.98 91.30 56.52 23.53 63.64 63.16 74.19 82.14 66.67 52.00 71.43 75.00 100.00 27.50 65.38 0.00 75.76 80.00 21.88 54.55 66.67 66.67 30.00 15.38 30.00 88.89
59.61=85.19 90.91 90.00 86.96 23.53 50.00 95.65 65.00 10.00 72.73 61.54 69.70 78.57 58.33 46.15 73.33 71.43 95.24 27.78 57.69 0.00 83.33 81.82 23.33 53.57 58.82 66.67 18.18 30.77 31.58 90.00
60.69=81.48 100.00 89.47 86.36 26.32 54.35 90.91 59.09 14.29 75.00 57.14 81.48 84.62 72.73 56.00 63.89 68.57 95.65 25.00 72.73 0.00 83.87 82.61 22.58 46.43 60.00 69.23 25.00 18.75 27.78 90.00
58.59=95.65 95.45 85.71 86.36 6.25 53.49 79.17 48.00 14.29 75.00 57.50 73.33 83.33 41.18 52.17 58.82 75.00 100.00 25.00 61.54 0.00 83.33 81.82 25.81 42.86 55.56 75.00 33.33 25.00 26.32 100.00
59.70=91.30 100.00 85.71 95.24 23.53 53.19 80.00 52.63 11.76 76.19 57.50 68.75 84.62 54.55 54.55 67.65 70.59 95.83 32.56 59.26 0.00 89.29 81.82 23.33 50.00 62.50 66.67 10.00 30.77 30.00 90.91
59.82=95.83 95.45 89.47 95.00 19.05 49.02 84.62 54.55 11.11 68.18 58.33 76.67 84.62 63.64 52.00 70.97 72.73 90.48 26.83 59.26 0.00 86.67 80.00 29.17 45.71 56.25 64.29 33.33 23.08 29.17 88.89
60.77=85.19 95.45 85.71 90.48 25.00 56.82 84.62 58.33 17.65 69.57 63.16 79.31 82.14 54.55 50.00 70.97 71.88 95.83 30.95 76.19 0.00 86.21 78.26 24.14 48.57 55.56 75.00 25.00 22.22 25.00 100.00
60.17=88.46 95.45 90.00 90.48 16.67 50.00 91.30 54.17 11.11 61.54 57.50 71.88 84.00 58.33 52.17 70.97 70.97 95.24 28.95 75.00 0.00 85.71 83.33 30.77 46.67 52.63 66.67 30.00 26.67 28.57 100.00
58.30=88.00 100.00 80.95 86.36 23.53 54.35 90.48 60.00 6.67 70.00 55.81 74.19 70.97 50.00 50.00 66.67 68.75 88.46 27.50 68.00 0.00 80.00 81.82 24.14 47.22 55.56 69.23 20.00 20.00 28.57 100.00
60.49=91.67 95.45 90.00 90.00 15.79 48.00 80.00 65.22 15.79 60.00 58.33 76.67 92.31 60.00 52.38 68.75 79.31 95.45 31.71 66.67 0.00 82.76 82.61 25.00 47.22 71.43 66.67 30.77 16.67 28.57 90.00
60.02=100.00 100.00 85.71 90.48 18.18 52.08 86.96 53.85 16.67 72.73 53.49 74.19 85.19 58.33 45.83 72.41 77.42 95.45 25.58 84.21 0.00 85.19 80.95 25.81 50.00 52.63 64.29 25.00 15.38 23.81 88.89
59.35=92.00 95.45 90.00 81.82 19.05 47.06 83.33 52.17 11.76 73.68 63.16 73.33 80.77 54.55 47.83 63.64 75.00 95.65 23.68 68.18 0.00 86.21 82.61 25.93 47.37 58.82 61.54 25.00 28.57 31.58 100.00
59.63=88.46 95.45 85.71 90.91 19.05 48.98 75.00 59.09 5.56 72.73 62.16 65.71 85.19 66.67 46.43 60.61 67.57 90.91 30.00 84.21 0.00 84.62 86.36 26.92 54.84 62.50 69.23 20.00 25.00 28.57 90.00
59.65=95.65 95.45 94.74 83.33 23.81 51.06 84.00 60.87 5.56 83.33 57.14 75.00 84.62 46.15 44.00 67.74 72.73 95.45 28.57 80.00 0.00 86.21 82.61 29.17 53.12 56.25 50.00 18.18 28.57 25.00 90.91
58.66=100.00 95.45 90.00 90.48 20.00 49.02 84.62 61.90 6.25 72.73 58.54 76.67 77.78 46.15 50.00 65.62 71.88 91.67 26.83 76.19 0.00 81.48 78.26 25.00 55.56 58.82 50.00 27.27 23.08 22.73 84.62
60.00=95.83 90.91 90.00 90.48 23.53 50.00 86.96 52.38 5.88 72.73 55.81 68.75 87.50 61.54 52.17 66.67 75.00 90.91 31.58 69.57 0.00 79.31 86.96 23.33 58.06 55.56 60.00 25.00 25.00 28.57 100.00
58.34=96.00 95.45 81.82 89.47 17.65 48.08 83.33 52.17 5.56 73.68 60.53 71.88 82.61 53.85 50.00 64.71 64.86 95.83 32.43 69.57 0.00 82.14 80.00 22.22 54.55 58.82 66.67 11.11 25.00 28.57 90.00
59.98=96.00 95.45 85.00 90.91 22.22 50.00 80.00 52.63 5.26 76.19 60.53 71.88 84.62 50.00 52.17 64.71 72.73 95.45 31.58 65.22 0.00 83.33 81.82 24.14 56.25 58.82 64.29 30.77 27.27 30.00 100.00
59.35=96.00 90.91 90.00 95.24 21.05 51.06 84.00 50.00 5.56 76.19 54.05 70.97 81.48 53.85 56.52 65.71 70.59 95.83 24.32 76.19 0.00 80.00 79.17 25.00 56.25 58.82 81.82 25.00 18.18 26.09 80.00
59.70=88.00 91.30 85.71 86.36 21.05 51.11 90.48 56.52 11.76 78.95 56.82 70.97 84.00 40.00 50.00 64.71 74.19 95.65 28.95 69.57 0.00 89.29 86.96 22.22 50.00 58.82 81.82 16.67 25.00 23.81 100.00
58.62=92.31 95.45 90.00 90.91 16.67 53.19 80.77 54.55 5.88 76.19 60.00 73.33 83.33 57.14 45.83 66.67 75.00 95.24 25.71 64.00 0.00 83.33 85.00 25.00 45.71 52.94 69.23 18.18 21.43 28.57 85.71
58.03=96.00 90.91 90.00 90.48 16.67 53.19 87.50 61.11 5.26 68.18 63.16 71.88 84.00 40.00 50.00 68.75 70.59 95.24 30.77 66.67 0.00 85.19 83.33 26.67 51.52 58.82 53.33 18.18 27.27 25.00 69.23
59.32=95.65 95.45 78.26 81.82 7.41 59.46 75.00 81.25 31.25 60.00 59.46 91.67 63.64 55.56 47.62 76.92 82.14 90.48 39.53 41.38 10.53 84.62 95.83 20.00 40.00 78.95 52.63 50.00 14.29 36.84 41.18
57.05=80.00 91.67 61.54 74.07 4.17 56.41 95.45 75.00 35.29 68.18 66.67 75.86 58.82 78.95 50.00 57.14 71.88 75.00 42.31 61.90 5.88 79.31 77.78 19.05 32.14 52.17 68.75 36.36 22.22 37.50 57.14
56.00=95.45 95.65 57.14 58.06 12.00 48.98 90.91 76.47 60.00 61.90 55.81 85.71 74.07 63.16 35.29 61.54 71.88 76.00 46.43 38.71 0.00 72.41 85.19 19.05 52.00 50.00 64.71 37.50 0.00 58.33 31.58
58.94=75.86 95.65 58.06 73.08 7.41 50.00 83.33 72.22 41.67 78.95 58.54 77.42 66.67 66.67 47.83 52.78 69.44 75.00 46.88 54.55 0.00 82.76 100.00 18.75 51.85 55.56 55.56 55.56 28.57 53.85 72.73
59.73=95.83 100.00 68.00 75.00 10.00 50.00 75.00 88.24 55.56 62.50 57.50 70.59 77.78 60.87 36.36 56.10 83.33 70.97 45.71 54.17 0.00 81.48 91.30 27.78 56.00 57.69 55.00 44.44 12.50 50.00 81.82
59.01=96.00 95.65 66.67 73.08 16.67 51.02 84.00 88.24 25.00 82.35 58.14 76.67 60.00 63.64 28.57 57.14 71.88 78.57 37.84 66.67 0.00 80.65 88.89 22.22 51.72 65.22 68.75 40.00 9.09 58.33 66.67
61.70=100.00 95.45 66.67 69.23 10.00 54.55 80.77 72.73 37.50 93.33 59.52 85.19 60.00 70.37 36.00 63.64 75.00 85.71 46.67 60.87 0.00 77.42 85.19 15.00 70.59 55.56 76.92 50.00 20.00 57.14 81.82
59.67=95.83 95.65 55.17 64.29 6.06 57.14 80.00 89.47 57.14 84.21 54.35 75.00 60.61 76.19 26.09 63.64 78.12 80.00 56.00 70.00 0.00 88.89 91.30 20.00 53.85 53.57 69.23 45.45 0.00 33.33 69.23
58.69=100.00 91.30 68.00 70.37 3.85 54.55 84.00 78.95 40.00 81.25 56.82 70.59 60.71 72.73 21.74 61.76 71.88 64.52 38.46 63.64 0.00 80.00 91.30 21.05 61.54 53.33 75.00 45.45 12.50 61.54 62.50
62.92=100.00 95.45 62.96 67.86 5.88 54.55 77.78 76.19 83.33 78.95 62.50 85.19 61.76 72.73 25.00 66.67 72.73 88.46 51.61 77.78 0.00 88.46 92.00 20.00 64.00 55.56 56.25 55.56 14.29 53.85 83.33
60.08=100.00 95.65 69.23 66.67 6.45 56.41 81.48 88.89 42.86 86.67 51.16 85.19 55.26 81.82 21.05 74.07 77.42 81.48 46.43 68.42 4.17 89.29 91.67 19.05 53.33 46.88 71.43 35.71 0.00 50.00 64.29
62.54=95.83 95.65 61.54 68.97 0.00 53.66 88.00 84.21 54.55 81.25 57.14 81.48 72.41 85.00 21.74 80.00 61.11 81.48 51.85 70.00 0.00 89.29 85.19 25.00 76.00 43.75 72.73 62.50 0.00 61.54 76.92
60.24=95.65 95.65 72.00 62.07 5.88 54.76 80.77 86.36 63.64 77.78 65.79 82.14 65.62 75.00 19.05 70.00 70.59 79.31 40.74 66.67 0.00 88.89 82.76 28.57 58.33 53.85 62.50 44.44 0.00 53.85 64.71
63.09=100.00 95.65 62.07 68.97 6.67 51.11 88.00 84.21 75.00 87.50 60.98 82.14 58.82 78.95 20.00 67.65 64.86 85.19 45.83 75.00 0.00 92.59 92.31 15.00 76.00 51.72 68.75 53.85 0.00 70.00 76.92
61.21=95.65 95.45 62.96 73.91 5.56 51.11 80.00 100.00 50.00 81.25 58.14 77.78 65.62 73.91 18.18 65.62 74.19 75.86 48.00 60.00 0.00 95.83 88.46 17.65 73.08 46.67 78.57 50.00 0.00 57.14 76.92
61.31=96.00 100.00 65.38 75.00 5.88 51.11 88.00 89.47 50.00 82.35 59.52 82.14 66.67 69.57 20.00 62.50 73.53 80.77 51.85 68.18 0.00 96.15 82.14 20.00 72.73 50.00 66.67 50.00 0.00 58.33 66.67
61.78=100.00 91.30 64.29 75.00 5.88 57.50 80.77 94.12 66.67 81.25 53.33 75.86 69.23 68.00 25.00 61.54 68.57 84.62 40.00 71.43 4.55 89.29 89.29 29.41 69.57 53.57 66.67 53.85 14.29 46.15 64.29
60.86=92.31 95.65 62.96 71.43 6.06 57.14 84.62 92.31 75.00 73.68 60.00 74.07 73.33 72.73 19.05 67.65 71.43 72.41 50.00 60.87 0.00 96.15 87.50 25.00 69.57 43.75 61.54 54.55 0.00 57.14 58.82
59.61=100.00 95.65 62.07 69.23 5.88 60.53 80.00 93.33 55.56 70.00 58.14 79.31 62.50 68.00 13.33 57.89 83.33 84.62 42.86 60.87 0.00 100.00 92.59 16.67 77.78 30.56 58.33 50.00 10.00 37.50 71.43
61.00=95.83 95.65 60.71 76.00 6.06 55.81 88.00 100.00 60.00 82.35 60.00 84.62 63.64 72.73 22.22 59.46 79.31 73.33 48.15 62.50 0.00 83.33 88.00 13.33 69.23 43.75 66.67 40.00 16.67 46.67 76.92
61.84=100.00 95.65 69.23 68.97 2.86 57.14 91.30 89.47 36.36 88.24 55.56 95.65 57.14 75.00 22.73 67.65 77.42 84.00 46.43 71.43 0.00 92.31 88.89 18.75 84.21 44.83 69.23 50.00 0.00 50.00 66.67
62.91=100.00 95.45 62.96 76.00 5.88 53.49 82.61 88.89 70.00 82.35 53.49 91.30 60.61 72.00 20.00 68.75 67.57 81.48 55.17 75.00 0.00 86.67 92.86 20.00 84.21 46.67 64.29 58.33 16.67 53.33 64.29
62.45=100.00 95.24 62.96 73.08 5.13 54.76 80.77 93.75 53.33 84.21 61.54 84.00 68.57 72.73 12.50 77.78 80.65 84.00 51.85 81.25 0.00 85.19 88.89 23.81 76.19 43.75 57.14 58.33 11.11 42.11 71.43
61.84=100.00 95.65 68.00 74.07 3.23 60.00 87.50 94.12 60.00 83.33 55.81 82.14 66.67 70.83 11.11 66.67 70.59 86.36 43.33 68.42 0.00 92.00 92.31 17.65 80.95 48.28 76.92 50.00 11.11 37.50 62.50
62.15=92.00 91.67 65.38 73.08 6.25 60.53 87.50 89.47 66.67 88.89 60.98 84.62 68.75 68.00 15.79 67.74 75.00 75.86 46.43 72.73 3.57 92.00 86.21 15.79 81.82 51.85 61.54 58.33 0.00 41.18 76.92
62.01=96.00 95.65 60.00 76.92 6.25 54.76 90.91 100.00 54.55 78.95 58.14 88.46 56.76 80.00 23.81 69.70 79.31 75.00 44.83 70.00 0.00 88.46 88.00 17.65 70.83 50.00 66.67 53.85 0.00 50.00 76.92
62.45=100.00 95.45 65.38 71.43 3.12 52.27 88.00 88.89 72.73 87.50 58.54 81.48 66.67 76.19 23.81 69.70 71.43 80.77 42.31 70.00 4.00 96.15 88.46 18.75 72.73 46.67 68.75 50.00 11.11 47.06 66.67
63.09=100.00 95.65 62.07 76.92 3.12 43.48 87.50 94.44 70.00 84.21 54.55 88.46 65.62 78.26 16.67 71.88 73.53 88.46 50.00 65.22 0.00 92.31 89.66 23.53 85.00 51.85 71.43 66.67 0.00 42.86 62.50
62.42=92.00 95.45 58.62 71.43 7.14 53.49 81.48 88.24 50.00 87.50 57.50 88.46 63.64 80.95 18.75 67.65 65.71 80.77 44.83 72.73 0.00 96.30 92.86 29.41 80.95 56.00 75.00 57.14 12.50 46.15 62.50
62.00=96.00 95.45 64.00 68.97 6.25 53.33 84.62 94.44 60.00 83.33 58.54 88.46 63.64 81.82 21.05 68.75 75.76 80.00 46.15 78.95 0.00 92.31 88.89 15.38 70.83 43.75 64.29 58.33 10.00 42.11 66.67
62.57=100.00 95.65 66.67 74.07 0.00 54.76 87.50 95.00 87.50 75.00 52.38 79.31 59.38 77.27 25.00 70.59 72.73 88.00 44.83 65.00 0.00 92.31 92.59 20.00 85.00 48.28 64.29 57.14 0.00 53.85 55.56
61.07=96.00 91.67 66.67 71.43 3.03 57.50 81.48 93.75 66.67 83.33 52.38 85.19 57.89 70.83 15.79 70.97 70.59 76.92 52.00 75.00 0.00 92.00 88.00 13.33 73.91 51.85 78.57 46.15 0.00 41.18 69.23
62.32=96.00 95.65 70.83 67.86 6.06 60.00 91.67 84.21 71.43 72.73 58.14 88.00 71.43 70.83 27.78 70.59 71.88 81.48 48.15 71.43 0.00 96.15 86.96 15.79 70.83 51.85 57.14 57.14 0.00 53.33 66.67
61.91=96.00 95.65 64.29 76.92 2.94 56.10 87.50 94.74 53.33 83.33 53.33 82.14 62.07 73.91 27.78 75.00 73.53 77.78 38.46 72.73 0.00 92.59 88.00 18.75 78.26 51.85 75.00 58.33 0.00 42.11 66.67
64.57=100.00 95.65 66.67 71.43 6.06 58.54 87.50 93.75 92.31 83.33 50.00 82.14 77.78 77.27 18.75 70.59 80.65 84.62 48.15 72.73 3.57 92.59 88.00 16.67 76.19 51.72 66.67 57.14 22.22 37.50 71.43
63.50=100.00 91.67 66.67 74.07 3.23 61.54 88.00 95.00 66.67 78.95 60.00 74.19 67.74 80.95 22.22 74.19 68.57 87.50 41.38 80.00 0.00 92.59 88.00 21.05 76.19 48.28 73.33 66.67 0.00 53.33 66.67
62.16=100.00 100.00 62.07 67.86 3.12 50.00 95.24 94.12 66.67 73.68 56.82 88.46 64.71 69.57 12.50 70.00 75.00 84.62 51.85 66.67 0.00 89.29 92.86 20.00 72.73 46.67 71.43 50.00 20.00 44.44 66.67
63.21=100.00 91.67 62.96 74.07 5.71 54.76 95.45 95.00 66.67 88.89 61.54 79.31 63.33 80.95 17.65 71.88 73.53 90.48 40.74 62.50 0.00 92.59 92.31 25.00 76.00 51.85 62.50 50.00 12.50 52.94 66.67
62.09=96.00 95.65 60.00 68.97 6.90 54.76 95.65 94.74 50.00 82.35 58.54 84.00 66.67 80.00 11.76 71.88 75.76 84.62 40.74 64.00 0.00 86.67 88.00 21.43 78.26 53.85 73.33 54.55 22.22 36.84 66.67
61.73=92.00 91.67 66.67 62.50 3.12 60.00 88.00 86.36 57.89 81.25 64.10 75.86 73.33 78.26 5.88 69.70 77.42 84.00 42.31 72.73 0.00 96.00 88.46 25.00 76.19 56.00 73.33 60.00 0.00 52.94 52.63
96.74=100.00 100.00 100.00 75.00 100.00 100.00 100.00 100.00 100.00 100.00 100.00 100.00 100.00 100.00 100.00 85.71 100.00 100.00 100.00 100.00 100.00 100.00 100.00 80.00 100.00 100.00 100.00 100.00 75.00 83.33 100.00
96.56=100.00 100.00 100.00 100.00 100.00 100.00 100.00 100.00 100.00 100.00 100.00 100.00 100.00 100.00 100.00 100.00 100.00 100.00 100.00 66.67 100.00 100.00 100.00 80.00 66.67 100.00 100.00 100.00 100.00 100.00 80.00
92.28=60.00 83.33 100.00 75.00 100.00 100.00 100.00 60.00 100.00 100.00 100.00 100.00 100.00 100.00 100.00 85.71 100.00 100.00 100.00 100.00 100.00 100.00 100.00 80.00 50.00 66.67 100.00 100.00 100.00 100.00 100.00
96.82=100.00 100.00 100.00 100.00 100.00 100.00 100.00 100.00 80.00 100.00 100.00 100.00 100.00 100.00 88.89 85.71 100.00 100.00 100.00 100.00 100.00 100.00 100.00 80.00 66.67 100.00 100.00 100.00 100.00 100.00 100.00
94.95=100.00 100.00 100.00 100.00 100.00 100.00 100.00 100.00 66.67 100.00 100.00 100.00 100.00 100.00 100.00 100.00 100.00 100.00 100.00 66.67 100.00 100.00 100.00 80.00 100.00 50.00 100.00 100.00 80.00 100.00 100.00
97.30=100.00 100.00 100.00 100.00 100.00 100.00 100.00 100.00 100.00 100.00 100.00 100.00 100.00 100.00 88.89 85.71 75.00 100.00 100.00 100.00 100.00 100.00 100.00 100.00 66.67 100.00 100.00 100.00 100.00 100.00 100.00
96.34=100.00 100.00 100.00 100.00 100.00 100.00 100.00 100.00 100.00 80.00 100.00 100.00 100.00 80.00 100.00 100.00 100.00 100.00 100.00 100.00 100.00 100.00 100.00 80.00 66.67 100.00 100.00 100.00 100.00 100.00 80.00
97.17=100.00 100.00 100.00 100.00 80.00 100.00 100.00 100.00 100.00 100.00 100.00 100.00 100.00 100.00 100.00 85.71 100.00 100.00 100.00 100.00 100.00 100.00 100.00 80.00 100.00 100.00 100.00 100.00 66.67 100.00 100.00
98.06=100.00 100.00 100.00 100.00 100.00 100.00 100.00 60.00 100.00 100.00 100.00 100.00 100.00 100.00 100.00 100.00 100.00 100.00 100.00 100.00 100.00 100.00 100.00 80.00 100.00 100.00 100.00 100.00 100.00 100.00 100.00
97.58=100.00 100.00 100.00 100.00 100.00 100.00 100.00 100.00 100.00 66.67 100.00 100.00 100.00 75.00 100.00 100.00 100.00 100.00 100.00 100.00 100.00 100.00 100.00 100.00 100.00 100.00 100.00 100.00 83.33 100.00 100.00
96.47=100.00 100.00 100.00 75.00 100.00 100.00 100.00 100.00 100.00 100.00 100.00 66.67 100.00 100.00 88.89 100.00 100.00 100.00 100.00 100.00 100.00 100.00 100.00 80.00 100.00 100.00 100.00 100.00 100.00 100.00 80.00
97.11=100.00 100.00 100.00 100.00 100.00 100.00 100.00 100.00 100.00 100.00 100.00 100.00 100.00 100.00 88.89 100.00 100.00 100.00 100.00 66.67 100.00 100.00 100.00 75.00 100.00 100.00 100.00 100.00 80.00 100.00 100.00
97.20=100.00 100.00 100.00 100.00 100.00 100.00 100.00 100.00 100.00 100.00 100.00 100.00 100.00 100.00 100.00 100.00 100.00 100.00 66.67 100.00 100.00 100.00 100.00 80.00 66.67 100.00 100.00 100.00 100.00 100.00 100.00
96.56=100.00 100.00 100.00 100.00 100.00 100.00 100.00 100.00 100.00 100.00 100.00 66.67 100.00 100.00 100.00 100.00 100.00 100.00 100.00 100.00 100.00 100.00 100.00 80.00 100.00 66.67 100.00 100.00 100.00 100.00 80.00
98.71=100.00 100.00 100.00 100.00 100.00 100.00 100.00 100.00 100.00 100.00 100.00 100.00 100.00 80.00 100.00 100.00 100.00 100.00 100.00 100.00 100.00 100.00 100.00 80.00 100.00 100.00 100.00 100.00 100.00 100.00 100.00
94.81=75.00 100.00 100.00 100.00 100.00 100.00 100.00 100.00 80.00 100.00 100.00 100.00 100.00 100.00 87.50 100.00 100.00 100.00 100.00 66.67 100.00 100.00 100.00 80.00 50.00 100.00 100.00 100.00 100.00 100.00 100.00
94.68=100.00 100.00 100.00 100.00 100.00 100.00 100.00 75.00 100.00 100.00 100.00 66.67 100.00 100.00 100.00 100.00 100.00 100.00 66.67 100.00 100.00 100.00 100.00 80.00 66.67 100.00 100.00 100.00 80.00 100.00 100.00
96.18=100.00 100.00 100.00 100.00 100.00 100.00 100.00 100.00 80.00 100.00 100.00 100.00 100.00 100.00 100.00 100.00 75.00 100.00 66.67 100.00 100.00 100.00 100.00 80.00 100.00 100.00 100.00 100.00 80.00 100.00 100.00
98.71=100.00 100.00 100.00 100.00 100.00 100.00 100.00 100.00 100.00 100.00 100.00 100.00 100.00 100.00 100.00 100.00 100.00 100.00 100.00 100.00 100.00 100.00 100.00 80.00 100.00 100.00 100.00 100.00 100.00 100.00 80.00
96.02=75.00 100.00 100.00 100.00 100.00 100.00 100.00 100.00 75.00 100.00 100.00 100.00 100.00 80.00 100.00 100.00 100.00 66.67 100.00 100.00 100.00 100.00 100.00 80.00 100.00 100.00 100.00 100.00 100.00 100.00 100.00
96.56=100.00 100.00 100.00 100.00 100.00 100.00 100.00 100.00 100.00 100.00 100.00 100.00 100.00 100.00 80.00 100.00 100.00 100.00 100.00 66.67 100.00 100.00 100.00 80.00 66.67 100.00 100.00 100.00 100.00 100.00 100.00
99.35=100.00 100.00 100.00 100.00 100.00 100.00 100.00 100.00 100.00 100.00 100.00 100.00 100.00 100.00 100.00 100.00 100.00 100.00 100.00 100.00 100.00 100.00 100.00 80.00 100.00 100.00 100.00 100.00 100.00 100.00 100.00
95.66=100.00 100.00 100.00 100.00 100.00 100.00 100.00 100.00 100.00 100.00 100.00 100.00 100.00 100.00 88.89 100.00 100.00 100.00 100.00 50.00 100.00 100.00 100.00 66.67 100.00 100.00 100.00 100.00 80.00 100.00 80.00
98.71=100.00 100.00 100.00 100.00 100.00 100.00 100.00 100.00 100.00 100.00 100.00 100.00 100.00 80.00 100.00 100.00 100.00 100.00 100.00 100.00 100.00 100.00 100.00 80.00 100.00 100.00 100.00 100.00 100.00 100.00 100.00
96.02=100.00 100.00 100.00 100.00 100.00 100.00 100.00 100.00 100.00 100.00 100.00 100.00 100.00 100.00 100.00 100.00 100.00 100.00 100.00 66.67 100.00 80.00 100.00 80.00 50.00 100.00 100.00 100.00 100.00 100.00 100.00
97.11=100.00 100.00 100.00 100.00 100.00 100.00 100.00 100.00 100.00 100.00 100.00 100.00 100.00 100.00 88.89 100.00 100.00 100.00 100.00 100.00 100.00 100.00 100.00 75.00 66.67 100.00 100.00 100.00 100.00 100.00 80.00
96.94=100.00 100.00 100.00 100.00 100.00 100.00 100.00 100.00 100.00 100.00 100.00 100.00 100.00 100.00 100.00 100.00 100.00 100.00 100.00 50.00 100.00 100.00 100.00 100.00 100.00 100.00 100.00 100.00 75.00 80.00 100.00
96.02=100.00 100.00 100.00 100.00 100.00 100.00 100.00 100.00 80.00 100.00 100.00 100.00 100.00 100.00 100.00 100.00 100.00 100.00 100.00 66.67 100.00 100.00 100.00 80.00 50.00 100.00 100.00 100.00 100.00 100.00 100.00
96.40=100.00 100.00 100.00 100.00 100.00 100.00 100.00 75.00 100.00 100.00 100.00 100.00 100.00 100.00 100.00 100.00 100.00 100.00 100.00 66.67 100.00 100.00 100.00 80.00 100.00 66.67 100.00 100.00 100.00 100.00 100.00
98.01=100.00 100.00 100.00 100.00 100.00 100.00 100.00 75.00 100.00 100.00 100.00 100.00 100.00 100.00 100.00 100.00 100.00 100.00 100.00 100.00 100.00 100.00 100.00 80.00 100.00 100.00 100.00 100.00 100.00 83.33 100.00
96.80=100.00 100.00 100.00 100.00 100.00 100.00 100.00 100.00 100.00 100.00 100.00 100.00 100.00 100.00 100.00 100.00 100.00 100.00 100.00 66.67 100.00 100.00 100.00 80.00 66.67 100.00 100.00 87.50 100.00 100.00 100.00
95.32=100.00 100.00 100.00 100.00 100.00 100.00 100.00 75.00 100.00 100.00 100.00 100.00 100.00 100.00 100.00 100.00 100.00 100.00 100.00 50.00 100.00 100.00 100.00 80.00 100.00 50.00 100.00 100.00 100.00 100.00 100.00
97.31=100.00 100.00 100.00 100.00 100.00 100.00 100.00 75.00 100.00 100.00 100.00 100.00 100.00 100.00 100.00 100.00 100.00 100.00 100.00 100.00 100.00 100.00 100.00 75.00 66.67 100.00 100.00 100.00 100.00 100.00 100.00
97.63=100.00 100.00 100.00 100.00 100.00 100.00 100.00 100.00 100.00 100.00 100.00 100.00 100.00 100.00 100.00 100.00 100.00 100.00 100.00 66.67 100.00 80.00 100.00 80.00 100.00 100.00 100.00 100.00 100.00 100.00 100.00
99.35=100.00 100.00 100.00 100.00 100.00 100.00 100.00 100.00 100.00 100.00 100.00 100.00 100.00 100.00 100.00 100.00 100.00 100.00 100.00 100.00 100.00 100.00 100.00 80.00 100.00 100.00 100.00 100.00 100.00 100.00 100.00
97.42=100.00 100.00 100.00 100.00 100.00 100.00 100.00 100.00 100.00 100.00 100.00 100.00 100.00 100.00 100.00 100.00 100.00 100.00 100.00 40.00 100.00 100.00 100.00 80.00 100.00 100.00 100.00 100.00 100.00 100.00 100.00
96.71=100.00 100.00 100.00 100.00 100.00 100.00 100.00 100.00 100.00 100.00 75.00 100.00 100.00 100.00 88.89 100.00 100.00 100.00 100.00 100.00 100.00 100.00 100.00 80.00 66.67 100.00 100.00 87.50 100.00 100.00 100.00
96.24=75.00 100.00 100.00 100.00 100.00 100.00 100.00 100.00 100.00 100.00 100.00 100.00 100.00 100.00 100.00 100.00 100.00 100.00 100.00 66.67 100.00 100.00 100.00 75.00 66.67 100.00 100.00 100.00 100.00 100.00 100.00
98.03=100.00 83.33 100.00 100.00 100.00 66.67 100.00 100.00 100.00 100.00 100.00 100.00 100.00 100.00 88.89 100.00 100.00 100.00 100.00 100.00 100.00 100.00 100.00 100.00 100.00 100.00 100.00 100.00 100.00 100.00 100.00
97.63=100.00 100.00 100.00 100.00 100.00 100.00 100.00 100.00 100.00 80.00 100.00 100.00 100.00 100.00 100.00 100.00 100.00 100.00 100.00 100.00 100.00 100.00 100.00 80.00 100.00 66.67 100.00 100.00 100.00 100.00 100.00
95.11=100.00 100.00 100.00 100.00 100.00 100.00 100.00 100.00 100.00 100.00 100.00 100.00 100.00 100.00 100.00 100.00 75.00 100.00 66.67 100.00 100.00 100.00 100.00 80.00 66.67 100.00 100.00 100.00 100.00 80.00 80.00
98.43=100.00 100.00 100.00 100.00 100.00 100.00 100.00 100.00 100.00 100.00 100.00 100.00 100.00 100.00 100.00 85.71 100.00 100.00 100.00 100.00 100.00 100.00 85.71 80.00 100.00 100.00 100.00 100.00 100.00 100.00 100.00
93.82=100.00 100.00 100.00 100.00 100.00 100.00 100.00 100.00 100.00 100.00 100.00 50.00 83.33 100.00 100.00 100.00 75.00 100.00 66.67 50.00 100.00 100.00 100.00 100.00 100.00 100.00 100.00 100.00 83.33 100.00 100.00
93.12=100.00 100.00 100.00 100.00 100.00 100.00 100.00 100.00 100.00 100.00 75.00 100.00 100.00 100.00 100.00 100.00 75.00 100.00 50.00 100.00 100.00 100.00 100.00 66.67 40.00 100.00 100.00 100.00 80.00 100.00 100.00
94.49=100.00 100.00 100.00 100.00 100.00 60.00 100.00 75.00 100.00 100.00 75.00 100.00 100.00 100.00 100.00 85.71 100.00 100.00 100.00 66.67 100.00 100.00 100.00 100.00 100.00 66.67 100.00 100.00 100.00 100.00 100.00
97.47=100.00 100.00 100.00 100.00 100.00 100.00 100.00 100.00 100.00 100.00 75.00 100.00 100.00 100.00 100.00 100.00 100.00 100.00 100.00 66.67 100.00 100.00 100.00 100.00 100.00 100.00 100.00 100.00 100.00 100.00 80.00
96.02=100.00 100.00 100.00 100.00 100.00 100.00 100.00 100.00 100.00 100.00 100.00 100.00 100.00 100.00 80.00 100.00 100.00 100.00 100.00 100.00 100.00 100.00 100.00 80.00 50.00 66.67 100.00 100.00 100.00 100.00 100.00
95.19=100.00 100.00 100.00 100.00 100.00 75.00 100.00 100.00 100.00 100.00 100.00 66.67 100.00 80.00 87.50 100.00 75.00 100.00 100.00 100.00 100.00 100.00 100.00 100.00 100.00 66.67 100.00 100.00 100.00 100.00 100.00
97.47=100.00 100.00 100.00 100.00 100.00 75.00 100.00 100.00 80.00 100.00 100.00 100.00 100.00 100.00 100.00 100.00 100.00 100.00 100.00 100.00 100.00 100.00 100.00 100.00 100.00 66.67 100.00 100.00 100.00 100.00 100.00
97.22=100.00 100.00 100.00 100.00 100.00 100.00 100.00 100.00 100.00 100.00 100.00 66.67 100.00 100.00 88.89 100.00 75.00 100.00 100.00 100.00 100.00 100.00 100.00 100.00 100.00 100.00 100.00 100.00 83.33 100.00 100.00
95.86=100.00 100.00 100.00 100.00 100.00 100.00 100.00 100.00 100.00 100.00 100.00 100.00 100.00 100.00 100.00 83.33 75.00 100.00 100.00 66.67 100.00 100.00 100.00 80.00 66.67 100.00 100.00 100.00 100.00 100.00 100.00
94.89=100.00 100.00 100.00 100.00 100.00 100.00 100.00 100.00 100.00 100.00 100.00 50.00 100.00 100.00 75.00 100.00 100.00 100.00 66.67 50.00 100.00 100.00 100.00 100.00 100.00 100.00 100.00 100.00 100.00 100.00 100.00
95.43=100.00 100.00 100.00 100.00 100.00 100.00 100.00 75.00 100.00 100.00 75.00 100.00 100.00 100.00 100.00 100.00 75.00 100.00 100.00 66.67 100.00 100.00 100.00 100.00 66.67 100.00 100.00 100.00 100.00 100.00 100.00
97.01=100.00 100.00 100.00 100.00 100.00 100.00 100.00 75.00 100.00 80.00 100.00 100.00 100.00 100.00 100.00 85.71 100.00 100.00 100.00 100.00 100.00 100.00 100.00 100.00 66.67 100.00 100.00 100.00 100.00 100.00 100.00
97.58=100.00 100.00 100.00 100.00 100.00 100.00 100.00 100.00 100.00 100.00 100.00 66.67 100.00 100.00 100.00 100.00 75.00 100.00 100.00 100.00 100.00 100.00 100.00 100.00 100.00 100.00 100.00 100.00 100.00 83.33 100.00
96.77=100.00 100.00 100.00 100.00 100.00 100.00 100.00 75.00 100.00 100.00 100.00 100.00 100.00 100.00 100.00 100.00 75.00 100.00 100.00 100.00 100.00 100.00 100.00 100.00 66.67 100.00 100.00 100.00 83.33 100.00 100.00
98.12=75.00 100.00 100.00 100.00 100.00 100.00 100.00 100.00 100.00 100.00 100.00 100.00 100.00 100.00 100.00 100.00 100.00 100.00 100.00 66.67 100.00 100.00 100.00 100.00 100.00 100.00 100.00 100.00 100.00 100.00 100.00
99.35=100.00 100.00 100.00 100.00 100.00 100.00 100.00 100.00 100.00 80.00 100.00 100.00 100.00 100.00 100.00 100.00 100.00 100.00 100.00 100.00 100.00 100.00 100.00 100.00 100.00 100.00 100.00 100.00 100.00 100.00 100.00
97.93=100.00 100.00 100.00 100.00 100.00 100.00 100.00 100.00 100.00 100.00 100.00 100.00 100.00 100.00 100.00 85.71 100.00 100.00 100.00 66.67 100.00 100.00 100.00 100.00 100.00 100.00 100.00 100.00 100.00 83.33 100.00
98.92=100.00 100.00 100.00 100.00 100.00 100.00 100.00 100.00 100.00 100.00 100.00 100.00 100.00 100.00 100.00 100.00 100.00 100.00 100.00 66.67 100.00 100.00 100.00 100.00 100.00 100.00 100.00 100.00 100.00 100.00 100.00
98.04=100.00 100.00 100.00 100.00 100.00 100.00 100.00 100.00 100.00 100.00 100.00 100.00 100.00 100.00 72.73 100.00 100.00 100.00 66.67 100.00 100.00 100.00 100.00 100.00 100.00 100.00 100.00 100.00 100.00 100.00 100.00
96.24=100.00 100.00 100.00 100.00 100.00 100.00 100.00 100.00 100.00 100.00 100.00 66.67 100.00 100.00 100.00 100.00 100.00 100.00 100.00 50.00 100.00 100.00 100.00 100.00 66.67 100.00 100.00 100.00 100.00 100.00 100.00
97.74=100.00 100.00 100.00 100.00 80.00 100.00 100.00 75.00 100.00 100.00 100.00 100.00 100.00 100.00 100.00 100.00 75.00 100.00 100.00 100.00 100.00 100.00 100.00 100.00 100.00 100.00 100.00 100.00 100.00 100.00 100.00
98.66=100.00 100.00 100.00 100.00 100.00 100.00 100.00 100.00 100.00 100.00 100.00 100.00 100.00 100.00 72.73 85.71 100.00 100.00 100.00 100.00 100.00 100.00 100.00 100.00 100.00 100.00 100.00 100.00 100.00 100.00 100.00
99.24=100.00 100.00 100.00 100.00 100.00 100.00 100.00 100.00 100.00 100.00 100.00 100.00 100.00 100.00 88.89 100.00 100.00 100.00 100.00 100.00 100.00 100.00 100.00 100.00 100.00 100.00 100.00 87.50 100.00 100.00 100.00
99.19=100.00 100.00 100.00 100.00 100.00 100.00 100.00 75.00 100.00 100.00 100.00 100.00 100.00 100.00 100.00 100.00 100.00 100.00 100.00 100.00 100.00 100.00 100.00 100.00 100.00 100.00 100.00 100.00 100.00 100.00 100.00
98.92=100.00 100.00 100.00 100.00 100.00 100.00 100.00 100.00 100.00 100.00 100.00 100.00 100.00 100.00 100.00 100.00 100.00 100.00 100.00 100.00 100.00 100.00 100.00 100.00 100.00 66.67 100.00 100.00 100.00 100.00 100.00
98.46=100.00 100.00 100.00 100.00 100.00 100.00 100.00 100.00 100.00 100.00 100.00 100.00 100.00 100.00 100.00 100.00 100.00 100.00 100.00 66.67 100.00 100.00 85.71 100.00 100.00 100.00 100.00 100.00 100.00 100.00 100.00
96.68=100.00 100.00 100.00 100.00 100.00 100.00 100.00 75.00 100.00 100.00 100.00 100.00 100.00 100.00 88.89 100.00 100.00 100.00 100.00 66.67 100.00 100.00 100.00 100.00 100.00 66.67 100.00 100.00 100.00 100.00 100.00
97.58=100.00 100.00 100.00 100.00 100.00 100.00 75.00 100.00 100.00 100.00 100.00 100.00 100.00 100.00 100.00 100.00 100.00 100.00 100.00 100.00 100.00 100.00 100.00 100.00 66.67 100.00 100.00 100.00 100.00 83.33 100.00
99.18=100.00 100.00 100.00 100.00 100.00 100.00 100.00 100.00 100.00 100.00 100.00 100.00 100.00 100.00 88.89 85.71 100.00 100.00 100.00 100.00 100.00 100.00 100.00 100.00 100.00 100.00 100.00 100.00 100.00 100.00 100.00
98.73=100.00 100.00 100.00 100.00 100.00 100.00 100.00 100.00 100.00 100.00 100.00 100.00 100.00 100.00 87.50 85.71 100.00 100.00 100.00 100.00 100.00 100.00 100.00 100.00 100.00 100.00 100.00 87.50 100.00 100.00 100.00
98.30=100.00 100.00 100.00 100.00 100.00 100.00 100.00 100.00 100.00 100.00 100.00 100.00 100.00 100.00 88.89 75.00 100.00 100.00 100.00 100.00 100.00 100.00 83.33 100.00 100.00 100.00 100.00 100.00 100.00 100.00 100.00
98.30=100.00 100.00 100.00 100.00 100.00 100.00 100.00 100.00 100.00 100.00 75.00 100.00 100.00 100.00 88.89 100.00 100.00 100.00 100.00 100.00 100.00 100.00 100.00 100.00 100.00 100.00 100.00 100.00 100.00 83.33 100.00
95.38=100.00 100.00 100.00 100.00 100.00 100.00 100.00 100.00 100.00 100.00 100.00 100.00 83.33 100.00 100.00 100.00 100.00 100.00 100.00 40.00 100.00 100.00 100.00 100.00 33.33 100.00 100.00 100.00 100.00 100.00 100.00
97.85=100.00 100.00 100.00 100.00 100.00 100.00 100.00 100.00 100.00 100.00 100.00 100.00 100.00 100.00 100.00 100.00 100.00 100.00 100.00 66.67 100.00 100.00 100.00 100.00 66.67 100.00 100.00 100.00 100.00 100.00 100.00
96.77=100.00 100.00 100.00 100.00 100.00 100.00 100.00 100.00 100.00 100.00 100.00 33.33 100.00 100.00 100.00 100.00 100.00 100.00 66.67 100.00 100.00 100.00 100.00 100.00 100.00 100.00 100.00 100.00 100.00 100.00 100.00
96.77=100.00 100.00 100.00 100.00 100.00 100.00 100.00 75.00 100.00 100.00 100.00 100.00 100.00 100.00 100.00 100.00 100.00 100.00 50.00 100.00 100.00 100.00 100.00 100.00 100.00 100.00 75.00 100.00 100.00 100.00 100.00
98.92=100.00 100.00 100.00 100.00 100.00 100.00 100.00 100.00 100.00 100.00 100.00 100.00 100.00 100.00 100.00 100.00 100.00 100.00 100.00 100.00 100.00 100.00 100.00 100.00 66.67 100.00 100.00 100.00 100.00 100.00 100.00
98.03=100.00 100.00 100.00 100.00 100.00 100.00 100.00 100.00 100.00 100.00 100.00 100.00 100.00 100.00 88.89 100.00 100.00 100.00 66.67 100.00 100.00 100.00 100.00 100.00 100.00 100.00 100.00 100.00 100.00 83.33 100.00
62.23=100.00 100.00 94.74 86.36 21.21 53.66 88.00 68.18 57.14 94.12 70.97 87.50 64.86 34.38 19.05 80.00 80.00 95.65 38.71 47.83 16.67 75.00 78.57 25.00 48.00 82.35 88.24 19.05 58.33 11.11 44.44
56.40=95.24 95.45 69.23 73.08 20.00 40.43 77.78 58.62 39.13 75.00 78.12 75.00 59.38 38.89 19.05 64.29 85.71 86.96 44.00 63.16 5.56 72.41 72.00 18.75 32.00 81.25 65.00 23.08 55.56 7.14 57.14
60.52=88.00 95.45 68.00 83.33 8.82 43.64 76.92 69.57 42.11 78.95 63.89 85.19 60.61 55.56 6.67 76.92 70.59 83.33 66.67 55.56 6.67 67.74 81.48 26.92 40.91 84.21 77.78 27.27 90.00 40.00 53.33
60.09=100.00 100.00 80.00 83.33 15.15 45.28 71.88 57.14 42.11 78.95 72.73 71.88 61.11 56.25 0.00 77.78 67.65 82.76 46.67 66.67 0.00 69.23 85.71 17.65 50.00 89.47 77.78 25.00 83.33 18.18 69.23
60.16=96.00 100.00 89.47 83.33 10.00 47.92 91.30 73.08 45.00 72.73 64.10 76.67 64.71 42.11 0.00 75.00 66.67 83.33 50.00 80.00 0.00 84.62 85.00 22.22 53.33 61.54 71.43 16.67 84.62 12.50 61.54
60.08=88.00 100.00 94.74 80.00 11.43 46.81 88.00 66.67 40.00 82.35 58.54 65.62 61.11 66.67 0.00 82.14 73.33 83.33 52.38 68.00 0.00 71.43 80.77 22.22 52.17 64.00 76.47 25.00 90.00 25.00 46.15
62.66=85.19 100.00 100.00 83.33 10.53 47.92 91.67 72.41 38.89 78.95 69.70 73.33 68.57 58.82 0.00 77.78 77.78 84.62 60.00 72.73 0.00 79.31 85.71 17.65 52.38 59.26 75.00 30.00 92.31 16.67 81.82
60.52=100.00 100.00 94.44 80.00 12.50 54.55 80.77 73.08 42.11 72.22 69.44 74.19 55.88 55.56 0.00 77.78 76.67 84.00 52.00 71.43 0.00 80.65 84.62 15.62 45.00 64.00 75.00 33.33 68.75 18.18 64.29
62.98=100.00 100.00 94.74 76.00 11.43 47.73 84.00 67.74 40.00 82.35 71.43 64.71 60.61 61.90 0.00 79.31 77.42 91.67 56.00 78.26 0.00 80.00 76.92 17.86 57.89 77.27 70.00 37.50 88.89 27.27 73.33
64.27=91.67 100.00 90.48 76.92 12.50 50.00 87.50 76.00 47.62 84.21 70.59 74.19 66.67 58.33 0.00 88.46 75.76 92.31 54.17 73.08 0.00 88.46 95.65 25.00 50.00 70.83 72.22 36.36 83.33 21.43 78.57
62.14=88.46 100.00 85.71 84.00 9.68 52.17 88.46 69.23 36.36 78.95 66.67 64.52 66.67 55.56 0.00 83.33 82.14 81.48 54.17 81.82 4.55 75.86 84.62 20.83 45.45 73.91 83.33 33.33 91.67 14.29 69.23
62.32=84.62 100.00 94.74 76.00 13.33 48.84 84.62 76.92 31.82 83.33 69.44 66.67 55.26 57.69 0.00 78.57 71.88 92.00 53.57 78.26 0.00 82.14 83.33 31.25 59.09 80.95 76.47 37.50 85.71 15.38 62.50
62.12=84.62 100.00 94.74 80.00 8.82 51.16 78.57 80.00 33.33 80.00 72.22 64.71 67.65 59.26 0.00 88.46 76.67 83.33 61.90 72.00 0.00 79.31 84.00 31.25 52.17 73.91 75.00 33.33 76.92 22.22 60.00
63.54=85.19 100.00 100.00 83.33 11.43 51.35 91.67 71.43 42.86 80.00 71.43 70.59 64.86 48.15 0.00 84.00 82.14 95.24 51.72 75.00 0.00 83.33 83.33 25.00 43.33 73.91 93.75 25.00 81.82 27.27 72.73
63.43=88.46 100.00 94.44 79.17 12.90 57.89 82.14 71.43 40.91 77.78 69.44 78.57 62.16 53.57 0.00 75.00 78.12 88.46 57.14 78.26 3.85 80.00 88.00 31.58 50.00 73.91 69.57 42.86 88.89 25.00 66.67
64.63=92.00 100.00 100.00 83.33 14.29 57.89 88.46 83.33 38.10 77.78 74.29 66.67 64.86 53.33 0.00 78.57 82.76 95.24 52.00 76.00 0.00 75.00 88.00 33.33 54.55 85.00 87.50 33.33 84.62 16.67 66.67
62.92=88.46 100.00 100.00 80.00 9.09 53.49 85.19 80.77 37.50 75.00 70.27 66.67 67.65 48.15 0.00 87.50 82.14 82.76 58.33 82.61 0.00 75.76 85.71 35.29 45.45 72.73 73.68 30.00 84.62 16.67 75.00
64.06=100.00 100.00 100.00 80.00 9.09 70.97 85.19 68.97 36.36 83.33 73.53 68.57 60.00 53.33 0.00 89.47 79.31 88.89 48.15 68.00 0.00 80.00 78.57 29.41 45.83 70.83 73.68 44.44 100.00 23.08 76.92
63.73=95.83 100.00 95.00 84.00 9.09 57.14 80.77 68.97 40.91 88.24 65.79 66.67 61.11 57.14 0.00 88.00 80.00 91.30 53.85 80.00 0.00 82.76 85.19 35.29 50.00 85.00 77.78 30.00 83.33 18.18 64.29
64.72=85.19 100.00 100.00 80.00 12.90 56.41 90.91 76.00 40.00 78.95 64.10 66.67 65.79 50.00 0.00 91.30 81.48 80.77 52.00 83.33 0.00 77.42 88.46 33.33 55.56 85.00 93.75 37.50 75.00 20.00 84.62
62.60=88.89 100.00 90.00 79.17 13.33 55.81 75.00 76.00 40.00 82.35 65.79 64.86 59.38 62.96 0.00 80.00 82.76 92.00 53.85 83.33 0.00 83.33 87.50 30.00 43.48 68.00 80.00 30.00 84.62 21.43 66.67
62.79=88.46 100.00 94.74 79.17 9.68 52.50 91.67 60.00 40.00 83.33 62.16 68.75 59.46 54.55 0.00 90.00 80.00 88.89 47.83 69.57 0.00 82.14 84.62 31.58 38.46 65.38 87.50 33.33 92.31 28.57 81.82
62.83=88.46 100.00 100.00 80.00 9.68 63.16 84.00 75.00 42.11 83.33 68.42 75.00 59.46 53.33 0.00 88.46 69.70 95.65 52.00 81.82 0.00 82.14 88.46 27.27 50.00 60.71 64.71 42.86 69.23 21.43 71.43
64.46=88.46 100.00 100.00 74.07 12.12 59.46 84.62 76.92 36.84 77.78 73.53 58.33 64.86 56.67 0.00 80.77 71.88 88.46 61.90 76.00 0.00 85.71 88.46 27.27 54.55 77.27 88.89 33.33 100.00 25.00 75.00
64.02=95.83 100.00 100.00 80.00 12.50 61.54 91.67 62.96 45.00 70.00 69.44 67.65 70.59 50.00 0.00 84.00 85.19 87.50 58.33 79.17 0.00 85.71 82.61 33.33 44.00 68.00 84.21 30.00 83.33 25.00 76.92
63.64=88.46 100.00 95.00 80.00 13.79 59.46 82.14 71.43 38.46 82.35 70.59 66.67 66.67 56.67 0.00 74.07 88.89 91.30 53.85 81.82 0.00 78.57 87.50 28.57 55.00 70.83 78.95 37.50 100.00 15.38 58.82
63.07=88.46 100.00 95.00 80.00 12.90 62.16 83.33 68.97 40.91 80.00 71.88 68.57 64.71 50.00 0.00 88.46 78.57 88.00 58.33 75.00 0.00 79.31 82.14 28.57 43.48 65.38 77.78 37.50 91.67 25.00 69.23
63.99=100.00 91.30 100.00 78.26 12.90 53.49 86.96 67.86 42.86 76.19 68.42 70.59 60.00 56.67 0.00 85.19 80.00 91.30 52.00 86.96 0.00 82.76 87.50 25.00 52.38 85.00 78.95 25.00 90.91 28.57 66.67
64.11=92.00 100.00 95.00 80.00 13.33 59.46 88.00 72.41 40.91 83.33 71.43 64.71 64.71 55.56 0.00 82.14 85.71 92.31 54.17 76.92 0.00 79.31 88.89 31.58 52.17 80.95 77.78 33.33 85.71 14.29 71.43
64.14=95.65 100.00 95.00 80.00 14.29 59.46 83.33 70.00 36.84 71.43 71.43 68.57 65.71 56.67 0.00 85.19 79.31 82.76 56.00 76.00 0.00 88.46 87.50 31.58 41.67 77.27 81.25 33.33 84.62 33.33 81.82
63.68=95.65 100.00 100.00 79.17 13.33 60.53 87.50 70.00 40.91 78.95 72.22 67.65 63.64 62.07 0.00 78.57 75.86 84.00 50.00 79.17 0.00 85.71 83.33 28.57 52.17 65.38 77.78 37.50 91.67 21.43 71.43
65.11=92.00 100.00 100.00 80.00 13.33 60.00 85.19 79.17 40.91 83.33 72.22 68.57 62.86 58.06 0.00 85.19 85.71 92.00 50.00 83.33 0.00 89.29 91.30 30.00 50.00 85.00 77.78 33.33 73.33 25.00 71.43
63.42=92.00 100.00 100.00 76.92 6.25 60.00 84.00 66.67 40.00 82.35 64.86 71.88 57.89 50.00 0.00 82.14 85.71 88.89 53.85 81.82 0.00 84.62 85.19 31.25 50.00 88.89 77.78 37.50 80.00 14.29 71.43
63.74=92.00 100.00 100.00 76.92 12.12 57.50 88.46 67.74 45.45 78.95 69.70 67.74 58.33 50.00 0.00 88.00 80.00 92.31 58.33 79.17 0.00 84.00 85.19 22.22 50.00 73.91 76.47 37.50 85.71 21.43 76.92
63.84=88.46 100.00 95.00 80.00 13.33 58.54 82.14 70.37 40.91 78.95 73.53 66.67 66.67 50.00 0.00 100.00 77.78 88.89 54.17 83.33 0.00 84.62 79.31 30.00 45.45 70.83 73.68 30.00 91.67 21.43 83.33
64.23=85.19 100.00 100.00 79.17 13.33 63.16 75.86 80.77 45.45 77.78 65.71 65.71 62.86 58.62 0.00 95.83 88.00 84.62 50.00 78.26 0.00 82.76 88.46 35.29 52.38 65.38 77.78 33.33 83.33 30.77 71.43
64.84=95.83 100.00 100.00 75.00 11.76 63.16 85.19 64.52 40.00 83.33 70.59 64.86 68.57 55.56 0.00 91.67 82.76 91.30 53.85 75.00 3.85 86.21 88.00 33.33 52.63 77.27 86.67 30.00 84.62 23.08 71.43
64.51=82.14 100.00 95.00 74.07 13.79 58.54 88.00 70.00 42.86 83.33 69.44 69.70 64.71 56.25 0.00 88.46 85.71 86.96 56.52 80.00 0.00 85.71 88.00 27.78 50.00 77.27 82.35 37.50 85.71 23.08 76.92
64.19=88.46 100.00 100.00 79.17 13.33 62.16 78.57 70.00 35.00 73.68 83.87 70.59 61.11 56.25 0.00 75.86 85.71 85.71 60.87 82.61 0.00 79.31 87.50 30.00 52.38 77.27 78.95 33.33 84.62 28.57 75.00
63.59=88.00 95.24 100.00 80.00 13.33 62.16 82.14 72.00 42.11 78.95 68.57 66.67 66.67 53.33 0.00 88.46 88.89 91.67 51.85 73.08 0.00 80.65 87.50 30.00 52.94 80.95 73.68 30.00 76.92 18.75 76.92
95.99=100.00 100.00 100.00 100.00 100.00 100.00 100.00 75.00 100.00 100.00 100.00 66.67 100.00 100.00 100.00 100.00 100.00 100.00 100.00 100.00 100.00 80.00 100.00 100.00 66.67 100.00 100.00 87.50 100.00 100.00 100.00
94.92=100.00 100.00 100.00 100.00 100.00 100.00 100.00 100.00 100.00 100.00 100.00 100.00 100.00 80.00 100.00 100.00 100.00 100.00 100.00 100.00 100.00 100.00 100.00 66.67 66.67 66.67 100.00 87.50 75.00 100.00 100.00
94.78=100.00 100.00 100.00 100.00 100.00 100.00 100.00 100.00 100.00 100.00 75.00 100.00 100.00 100.00 100.00 100.00 100.00 100.00 66.67 66.67 100.00 80.00 100.00 100.00 50.00 100.00 100.00 100.00 100.00 100.00 100.00
97.49=100.00 100.00 100.00 100.00 100.00 100.00 100.00 100.00 100.00 100.00 100.00 100.00 100.00 100.00 88.89 100.00 100.00 100.00 100.00 100.00 100.00 100.00 100.00 66.67 100.00 66.67 100.00 100.00 100.00 100.00 100.00
96.67=100.00 100.00 100.00 75.00 100.00 100.00 100.00 100.00 100.00 100.00 100.00 100.00 100.00 100.00 100.00 75.00 100.00 100.00 100.00 100.00 100.00 100.00 100.00 100.00 100.00 66.67 80.00 100.00 100.00 100.00 100.00
95.51=100.00 100.00 100.00 75.00 100.00 100.00 100.00 100.00 100.00 100.00 100.00 100.00 100.00 100.00 100.00 85.71 100.00 100.00 100.00 100.00 100.00 100.00 100.00 100.00 50.00 50.00 100.00 100.00 100.00 100.00 100.00
95.43=100.00 100.00 100.00 100.00 100.00 100.00 100.00 100.00 100.00 100.00 100.00 100.00 100.00 100.00 100.00 100.00 75.00 100.00 66.67 66.67 100.00 100.00 100.00 100.00 50.00 100.00 100.00 100.00 100.00 100.00 100.00
96.77=100.00 100.00 100.00 100.00 100.00 100.00 100.00 100.00 100.00 100.00 100.00 100.00 100.00 100.00 100.00 100.00 100.00 100.00 100.00 66.67 100.00 100.00 100.00 100.00 66.67 66.67 100.00 100.00 100.00 100.00 100.00
97.85=100.00 100.00 100.00 100.00 100.00 100.00 100.00 100.00 100.00 100.00 100.00 100.00 100.00 100.00 100.00 100.00 100.00 100.00 66.67 66.67 100.00 100.00 100.00 100.00 100.00 100.00 100.00 100.00 100.00 100.00 100.00
95.43=75.00 100.00 100.00 75.00 100.00 100.00 100.00 100.00 100.00 100.00 100.00 100.00 100.00 100.00 100.00 100.00 100.00 100.00 100.00 50.00 100.00 100.00 100.00 100.00 100.00 100.00 100.00 100.00 83.33 100.00 75.00
96.51=100.00 100.00 100.00 100.00 100.00 100.00 100.00 100.00 100.00 100.00 75.00 100.00 100.00 100.00 100.00 100.00 100.00 100.00 50.00 66.67 100.00 100.00 100.00 100.00 100.00 100.00 100.00 100.00 100.00 100.00 100.00
97.31=100.00 100.00 100.00 100.00 100.00 100.00 100.00 100.00 100.00 100.00 100.00 100.00 100.00 100.00 100.00 100.00 100.00 100.00 66.67 100.00 100.00 100.00 100.00 100.00 50.00 100.00 100.00 100.00 100.00 100.00 100.00
96.04=100.00 100.00 100.00 75.00 100.00 100.00 100.00 100.00 100.00 100.00 100.00 66.67 100.00 100.00 100.00 85.71 100.00 100.00 100.00 50.00 100.00 100.00 100.00 100.00 100.00 100.00 100.00 100.00 100.00 100.00 100.00
97.20=100.00 100.00 100.00 75.00 80.00 100.00 100.00 100.00 100.00 100.00 75.00 100.00 100.00 100.00 100.00 100.00 100.00 100.00 100.00 100.00 100.00 100.00 100.00 100.00 100.00 100.00 100.00 100.00 83.33 100.00 100.00
97.39=100.00 100.00 100.00 100.00 100.00 100.00 100.00 100.00 100.00 100.00 100.00 100.00 100.00 100.00 100.00 85.71 100.00 100.00 100.00 66.67 100.00 100.00 100.00 100.00 66.67 100.00 100.00 100.00 100.00 100.00 100.00
95.59=100.00 100.00 100.00 100.00 100.00 100.00 100.00 100.00 80.00 100.00 100.00 100.00 100.00 100.00 100.00 100.00 100.00 100.00 66.67 100.00 100.00 100.00 100.00 100.00 50.00 66.67 100.00 100.00 100.00 100.00 100.00
96.58=100.00 100.00 100.00 75.00 100.00 100.00 100.00 100.00 100.00 100.00 100.00 100.00 85.71 100.00 100.00 100.00 100.00 100.00 100.00 66.67 100.00 100.00 100.00 100.00 66.67 100.00 100.00 100.00 100.00 100.00 100.00
97.74=100.00 100.00 100.00 100.00 80.00 100.00 100.00 100.00 100.00 100.00 100.00 100.00 100.00 100.00 100.00 100.00 100.00 100.00 100.00 100.00 100.00 100.00 100.00 100.00 50.00 100.00 100.00 100.00 100.00 100.00 100.00
94.78=100.00 100.00 100.00 100.00 100.00 100.00 100.00 100.00 100.00 100.00 100.00 100.00 100.00 100.00 100.00 100.00 75.00 100.00 66.67 66.67 100.00 80.00 100.00 100.00 66.67 100.00 100.00 100.00 83.33 100.00 100.00
97.01=100.00 100.00 100.00 100.00 100.00 100.00 100.00 100.00 100.00 100.00 100.00 100.00 100.00 100.00 100.00 85.71 75.00 100.00 100.00 100.00 100.00 100.00 100.00 80.00 66.67 100.00 100.00 100.00 100.00 100.00 100.00
98.57=100.00 100.00 100.00 100.00 100.00 100.00 100.00 100.00 100.00 100.00 100.00 100.00 100.00 100.00 88.89 100.00 100.00 100.00 100.00 100.00 100.00 100.00 100.00 100.00 66.67 100.00 100.00 100.00 100.00 100.00 100.00
97.04=100.00 100.00 100.00 100.00 100.00 100.00 100.00 100.00 100.00 100.00 75.00 100.00 100.00 100.00 100.00 100.00 100.00 100.00 100.00 66.67 100.00 100.00 100.00 100.00 66.67 100.00 100.00 100.00 100.00 100.00 100.00
98.39=100.00 100.00 100.00 100.00 100.00 100.00 100.00 100.00 100.00 100.00 100.00 100.00 100.00 100.00 100.00 100.00 100.00 100.00 100.00 100.00 100.00 100.00 100.00 100.00 50.00 100.00 100.00 100.00 100.00 100.00 100.00
96.31=100.00 100.00 100.00 100.00 100.00 100.00 100.00 100.00 100.00 100.00 100.00 100.00 100.00 100.00 100.00 85.71 100.00 100.00 100.00 66.67 100.00 100.00 100.00 100.00 50.00 100.00 100.00 100.00 83.33 100.00 100.00
98.92=100.00 100.00 100.00 100.00 100.00 100.00 100.00 100.00 100.00 100.00 100.00 100.00 100.00 100.00 100.00 100.00 100.00 100.00 100.00 100.00 100.00 100.00 100.00 100.00 66.67 100.00 100.00 100.00 100.00 100.00 100.00
96.94=100.00 100.00 100.00 100.00 100.00 100.00 100.00 100.00 100.00 80.00 75.00 100.00 100.00 100.00 100.00 100.00 100.00 100.00 100.00 100.00 100.00 100.00 100.00 100.00 50.00 100.00 100.00 100.00 100.00 100.00 100.00
97.04=100.00 100.00 100.00 100.00 100.00 100.00 100.00 100.00 100.00 100.00 75.00 100.00 83.33 100.00 100.00 100.00 100.00 100.00 100.00 100.00 100.00 100.00 100.00 100.00 50.00 100.00 100.00 100.00 100.00 100.00 100.00
95.29=100.00 100.00 100.00 100.00 100.00 75.00 100.00 100.00 100.00 100.00 100.00 100.00 100.00 100.00 88.89 100.00 100.00 50.00 100.00 100.00 100.00 100.00 100.00 100.00 40.00 100.00 100.00 100.00 100.00 100.00 100.00
96.65=100.00 100.00 100.00 100.00 100.00 100.00 100.00 75.00 100.00 100.00 100.00 100.00 100.00 100.00 88.89 85.71 100.00 100.00 100.00 100.00 100.00 100.00 100.00 80.00 66.67 100.00 100.00 100.00 100.00 100.00 100.00
96.47=100.00 100.00 100.00 100.00 100.00 100.00 100.00 100.00 100.00 100.00 100.00 100.00 100.00 100.00 100.00 85.71 75.00 100.00 100.00 100.00 100.00 80.00 100.00 100.00 50.00 100.00 100.00 100.00 100.00 100.00 100.00
97.04=100.00 100.00 100.00 100.00 100.00 100.00 100.00 100.00 100.00 100.00 75.00 100.00 100.00 100.00 100.00 100.00 100.00 100.00 100.00 66.67 100.00 100.00 100.00 100.00 66.67 100.00 100.00 100.00 100.00 100.00 100.00
95.97=100.00 100.00 100.00 75.00 100.00 100.00 100.00 100.00 100.00 100.00 100.00 100.00 100.00 100.00 100.00 100.00 100.00 66.67 100.00 66.67 100.00 100.00 100.00 100.00 66.67 100.00 100.00 100.00 100.00 100.00 100.00
94.00=100.00 100.00 100.00 100.00 80.00 100.00 100.00 100.00 100.00 100.00 100.00 100.00 100.00 100.00 100.00 85.71 75.00 100.00 100.00 40.00 100.00 100.00 100.00 100.00 66.67 66.67 100.00 100.00 100.00 100.00 100.00
94.25=100.00 100.00 100.00 100.00 80.00 100.00 100.00 75.00 100.00 100.00 100.00 100.00 100.00 100.00 100.00 100.00 100.00 100.00 100.00 66.67 100.00 100.00 100.00 100.00 33.33 66.67 100.00 100.00 100.00 100.00 100.00
97.93=100.00 100.00 100.00 100.00 100.00 100.00 100.00 100.00 100.00 100.00 100.00 100.00 100.00 100.00 100.00 85.71 100.00 100.00 100.00 100.00 100.00 100.00 100.00 100.00 50.00 100.00 100.00 100.00 100.00 100.00 100.00
96.15=100.00 100.00 100.00 100.00 100.00 100.00 100.00 100.00 100.00 100.00 100.00 100.00 100.00 100.00 88.89 100.00 75.00 100.00 100.00 66.67 100.00 100.00 100.00 100.00 50.00 100.00 100.00 100.00 100.00 100.00 100.00
97.85=100.00 100.00 100.00 100.00 100.00 100.00 100.00 100.00 100.00 100.00 100.00 100.00 100.00 100.00 100.00 100.00 100.00 100.00 100.00 66.67 100.00 100.00 100.00 100.00 66.67 100.00 100.00 100.00 100.00 100.00 100.00
97.85=100.00 100.00 100.00 100.00 100.00 100.00 100.00 100.00 100.00 100.00 100.00 100.00 100.00 100.00 100.00 100.00 100.00 100.00 100.00 66.67 100.00 100.00 100.00 100.00 66.67 100.00 100.00 100.00 100.00 100.00 100.00
95.97=100.00 100.00 100.00 100.00 100.00 100.00 100.00 75.00 100.00 100.00 100.00 100.00 100.00 100.00 100.00 100.00 100.00 100.00 100.00 50.00 100.00 100.00 100.00 100.00 50.00 100.00 100.00 100.00 100.00 100.00 100.00
97.45=100.00 100.00 100.00 100.00 100.00 100.00 100.00 100.00 100.00 100.00 100.00 100.00 100.00 100.00 100.00 100.00 100.00 100.00 100.00 66.67 100.00 100.00 100.00 100.00 66.67 100.00 100.00 87.50 100.00 100.00 100.00
