59.80=91.67 100.00 81.82 82.61 2.50 55.26 76.92 73.68 29.63 81.25 52.63 88.46 57.58 39.13 73.91 80.77 73.33 70.00 56.25 76.47 30.77 79.31 80.77 31.25 33.33 53.12 41.18 40.00 33.33 50.00 36.84
54.67=85.71 91.30 68.00 86.96 3.45 41.67 75.00 50.00 16.00 68.18 60.00 78.57 47.37 21.74 82.35 100.00 70.97 64.52 35.00 70.00 0.00 81.48 70.97 29.41 26.67 61.90 47.06 42.86 13.33 60.00 44.44
57.57=95.65 95.45 76.00 62.50 0.00 45.28 83.33 44.44 25.00 83.33 48.89 84.62 47.22 33.33 91.30 72.73 68.57 62.16 40.00 80.00 0.00 85.71 70.37 40.00 45.45 60.87 53.33 54.55 30.00 62.50 42.11
58.64=91.67 91.30 85.71 80.00 2.08 45.10 76.19 76.92 23.08 84.21 55.00 84.62 52.50 40.00 70.97 92.00 68.75 64.71 60.00 64.71 0.00 74.19 67.86 31.25 39.13 59.26 55.56 57.14 23.81 41.67 58.33
60.01=95.83 100.00 85.71 76.00 0.00 43.14 87.50 70.59 41.67 100.00 56.76 74.19 50.00 34.78 80.77 89.29 73.33 57.14 57.14 45.45 0.00 75.76 75.00 43.75 37.50 66.67 38.89 80.00 23.53 41.67 58.33
53.59=95.24 100.00 78.26 75.00 3.33 56.10 76.92 50.00 16.67 43.33 73.33 87.50 78.12 57.14 25.00 79.17 74.19 66.67 15.00 55.00 15.38 86.36 78.26 9.09 29.63 45.45 61.90 22.22 23.53 50.00 33.33
57.06=90.48 100.00 80.95 61.76 0.00 50.00 100.00 48.28 15.79 69.57 60.00 79.17 59.38 66.67 52.94 76.00 64.10 75.86 46.67 63.16 6.25 85.71 62.07 0.00 36.36 66.67 65.22 70.00 15.79 50.00 50.00
56.57=100.00 100.00 85.71 71.43 0.00 47.17 86.96 44.83 14.29 66.67 73.53 67.65 71.88 73.33 40.00 80.00 56.10 70.97 33.33 50.00 6.67 74.07 80.95 11.76 46.15 57.69 63.64 64.29 31.25 50.00 33.33
59.36=100.00 100.00 100.00 72.00 0.00 43.10 90.00 59.26 16.67 60.87 55.81 76.67 65.79 64.71 75.00 81.82 72.73 69.70 37.50 66.67 13.33 72.41 90.00 6.25 36.00 64.00 68.42 64.71 25.00 41.67 50.00
60.57=91.67 100.00 100.00 62.50 2.86 46.15 90.48 64.00 18.75 78.95 55.56 67.65 64.71 62.50 63.16 75.00 77.42 73.33 40.00 63.16 0.00 82.76 80.77 6.67 40.91 65.22 71.43 81.25 22.22 57.14 71.43
58.91=88.46 95.65 78.26 76.92 0.00 44.68 84.00 57.14 26.67 84.21 57.89 63.89 53.85 42.86 74.07 83.33 64.71 64.10 47.37 66.67 0.00 78.57 75.00 33.33 36.00 59.09 64.71 78.57 28.57 40.00 77.78
62.55=92.00 100.00 90.00 82.61 0.00 50.00 83.33 52.00 35.71 80.00 59.46 70.97 60.00 54.55 68.57 88.89 69.70 64.10 20.00 76.92 0.00 86.67 80.77 36.36 32.14 60.00 47.37 87.50 31.58 100.00 77.78
60.51=92.00 87.50 80.95 83.33 0.00 50.00 86.36 48.00 12.50 78.95 55.26 77.42 54.05 38.10 78.57 81.48 64.71 64.10 43.75 64.29 12.50 83.87 80.77 46.15 38.46 53.85 53.85 72.22 42.86 100.00 50.00
62.21=91.67 95.45 72.00 76.92 2.78 54.55 80.00 57.89 16.67 88.89 52.50 72.73 54.29 47.83 83.33 72.73 67.65 66.67 42.11 71.43 0.00 85.19 92.31 41.18 34.78 70.00 58.33 86.36 38.89 83.33 70.00
58.72=95.65 95.45 73.08 86.96 0.00 48.00 80.77 52.94 8.33 72.73 52.50 65.71 45.00 40.00 85.71 80.65 68.75 66.67 33.33 58.82 0.00 83.33 73.08 26.67 28.57 72.22 72.73 88.89 50.00 55.56 58.33
74.76=66.67 83.33 100.00 75.00 100.00 54.55 100.00 50.00 45.45 100.00 87.50 77.78 63.64 80.00 80.00 87.50 85.71 100.00 100.00 70.00 0.00 100.00 75.00 100.00 54.55 0.00 100.00 71.43 66.67 100.00 42.86
83.23=85.71 83.33 100.00 100.00 100.00 61.54 100.00 37.50 80.00 100.00 100.00 100.00 100.00 83.33 100.00 100.00 100.00 87.50 100.00 80.00 0.00 100.00 70.00 83.33 88.89 20.00 100.00 85.71 66.67 100.00 66.67
81.15=100.00 100.00 100.00 100.00 100.00 53.85 100.00 44.44 100.00 100.00 87.50 77.78 100.00 100.00 66.67 85.71 88.89 85.71 100.00 70.00 0.00 83.33 100.00 66.67 81.82 0.00 85.71 100.00 37.50 100.00 100.00
87.87=100.00 100.00 100.00 100.00 100.00 50.00 100.00 57.14 100.00 100.00 100.00 100.00 87.50 100.00 75.00 87.50 80.00 87.50 100.00 72.73 0.00 100.00 100.00 83.33 90.91 100.00 85.71 100.00 66.67 100.00 100.00
86.68=87.50 100.00 100.00 100.00 100.00 57.14 100.00 37.50 100.00 100.00 100.00 100.00 100.00 100.00 71.43 85.71 100.00 87.50 100.00 80.00 0.00 100.00 100.00 85.71 100.00 50.00 100.00 87.50 57.14 100.00 100.00
71.90=75.00 100.00 100.00 75.00 75.00 61.54 100.00 66.67 66.67 60.00 100.00 85.71 66.67 20.00 62.50 76.92 66.67 75.00 66.67 88.89 0.00 28.57 100.00 57.14 75.00 100.00 75.00 100.00 66.67 100.00 37.50
83.26=77.78 100.00 100.00 100.00 100.00 61.54 100.00 66.67 75.00 83.33 77.78 87.50 100.00 100.00 85.71 83.33 77.78 100.00 83.33 100.00 0.00 83.33 85.71 80.00 75.00 75.00 100.00 88.89 50.00 100.00 83.33
80.72=77.78 100.00 100.00 75.00 66.67 57.14 100.00 100.00 80.00 100.00 77.78 75.00 83.33 83.33 75.00 90.91 80.00 85.71 100.00 100.00 0.00 100.00 100.00 60.00 71.43 50.00 85.71 87.50 80.00 100.00 60.00
86.50=54.55 100.00 100.00 100.00 100.00 87.50 100.00 100.00 100.00 100.00 87.50 87.50 100.00 100.00 85.71 90.91 72.73 85.71 100.00 100.00 75.00 80.00 100.00 57.14 75.00 50.00 85.71 87.50 33.33 85.71 100.00
86.85=77.78 100.00 100.00 100.00 100.00 100.00 100.00 100.00 66.67 83.33 87.50 100.00 100.00 83.33 77.78 100.00 80.00 100.00 100.00 100.00 80.00 100.00 100.00 33.33 66.67 75.00 66.67 100.00 57.14 100.00 57.14
78.89=87.50 100.00 100.00 75.00 100.00 53.33 100.00 66.67 100.00 83.33 100.00 75.00 70.00 80.00 66.67 71.43 100.00 100.00 60.00 85.71 0.00 80.00 100.00 66.67 87.50 16.67 100.00 100.00 20.00 100.00 100.00
77.01=100.00 100.00 100.00 60.00 100.00 44.44 100.00 42.86 83.33 57.14 100.00 77.78 77.78 80.00 50.00 100.00 87.50 77.78 100.00 88.89 0.00 100.00 100.00 66.67 77.78 33.33 100.00 85.71 50.00 71.43 75.00
80.38=70.00 83.33 100.00 75.00 100.00 53.85 100.00 42.86 100.00 100.00 87.50 70.00 87.50 100.00 66.67 75.00 100.00 100.00 100.00 70.00 0.00 100.00 100.00 83.33 100.00 16.67 100.00 100.00 60.00 100.00 50.00
84.55=100.00 100.00 87.50 100.00 100.00 66.67 100.00 40.00 71.43 80.00 87.50 100.00 87.50 62.50 87.50 85.71 100.00 100.00 100.00 77.78 66.67 100.00 83.33 83.33 81.82 33.33 85.71 77.78 75.00 100.00 100.00
84.20=70.00 83.33 100.00 75.00 100.00 61.54 100.00 50.00 100.00 100.00 100.00 87.50 100.00 100.00 66.67 87.50 87.50 100.00 85.71 88.89 0.00 83.33 87.50 83.33 81.82 75.00 100.00 88.89 66.67 100.00 100.00
59.85=87.50 100.00 72.73 94.44 5.00 50.00 100.00 66.67 20.00 83.33 70.97 95.00 52.94 58.06 56.10 61.54 76.67 38.71 33.33 75.00 0.00 78.26 77.78 33.33 13.04 71.43 46.15 65.00 64.29 100.00 8.00
65.19=92.31 95.65 78.26 86.96 0.00 50.00 92.00 57.89 30.43 93.33 58.14 81.48 62.16 63.64 85.19 75.86 83.33 47.73 36.84 84.21 9.09 88.00 88.00 29.41 48.00 77.78 62.50 83.33 43.75 80.00 55.56
64.65=92.31 100.00 80.95 82.61 3.03 52.17 80.00 77.78 41.18 84.21 60.00 75.00 51.43 71.43 71.88 72.00 75.00 50.00 42.11 66.67 12.50 92.31 92.31 33.33 41.67 73.33 57.14 88.89 38.46 77.78 66.67
63.35=92.00 100.00 81.82 84.00 2.94 46.15 82.14 65.00 29.41 80.95 71.43 70.97 59.46 68.42 82.76 84.00 66.67 56.76 50.00 73.91 0.00 79.31 67.86 33.33 52.00 66.67 63.16 85.71 31.58 80.00 55.56
64.71=88.46 95.45 76.19 94.74 2.33 44.00 84.62 68.75 46.67 80.95 75.86 75.86 61.76 60.00 71.88 77.78 69.44 52.50 40.91 60.87 0.00 88.46 82.76 26.32 41.38 60.00 70.59 93.33 26.67 100.00 87.50
59.76=92.00 100.00 65.38 71.43 0.00 47.92 77.27 70.59 28.57 88.89 52.50 72.73 52.78 55.00 69.70 78.57 68.97 61.11 48.15 47.62 0.00 89.29 80.00 25.00 43.48 76.47 42.11 75.00 42.11 50.00 80.00
59.37=92.00 95.45 72.00 79.17 0.00 43.75 84.00 70.59 23.53 94.12 58.97 66.67 52.50 47.62 73.33 80.00 69.70 65.71 38.89 58.82 0.00 82.14 82.14 40.00 22.22 65.00 46.67 76.92 28.57 83.33 46.67
60.41=96.00 95.45 85.71 76.92 0.00 50.00 87.50 61.90 5.26 68.18 55.56 65.71 58.54 47.37 72.73 75.86 66.67 69.44 56.25 66.67 0.00 79.31 81.48 46.15 33.33 70.59 52.94 76.47 33.33 62.50 75.00
61.06=96.00 95.24 75.00 82.61 0.00 47.83 86.96 87.50 10.53 72.73 60.00 75.86 56.10 47.06 69.70 80.00 66.67 64.10 40.00 47.62 0.00 75.76 80.77 28.57 33.33 68.18 36.84 86.67 31.25 100.00 90.00
60.87=95.83 100.00 77.27 64.52 0.00 48.94 72.41 93.33 11.11 63.64 53.85 76.67 58.33 57.14 75.00 80.65 66.67 63.16 50.00 62.50 0.00 80.65 78.26 23.08 21.74 60.87 57.14 83.33 40.91 100.00 70.00
