60.70170819678905
52.78455772963278
56.44654285376641
56.41724153620841
56.27759613390063
59.768322680510714
59.5870750324077
57.81808759572949
57.40001733344721
56.68809614257838
94.96927803379415
95.99078341013825
97.70609318996415
94.70046082949308
98.65591397849462
86.07142857142856
86.84331797235022
90.04992319508447
87.81874039938555
89.92831541218636
83.89784946236558
88.44086021505376
84.79262672811059
86.9047619047619
89.60573476702508
61.60825974102464
58.73919029506639
57.21284830998217
58.17576288248516
57.47746559367585
54.88445081551251
57.32509741440487
56.037073373137304
56.06134254939439
57.01376939747758
89.33691756272401
84.60573476702508
86.22887864823349
88.62519201228878
84.01305683563749
82.84946236559139
89.03993855606758
87.45007680491551
87.22734254992321
88.96057347670249
57.23078548744007
59.36918208288315
56.96082756406681
56.62203601915017
58.48891014929437
85.48387096774194
76.07526881720429
83.1989247311828
81.6410650281618
81.90860215053763
88.6405529953917
83.41781874039938
88.76344086021506
86.8663594470046
86.48361495135687
56.41184239014915
55.970143609182685
58.63323240950337
57.09734739157156
58.493279802598096
79.86303123399897
77.61904761904762
79.06298003072196
81.78187403993856
83.00307219662058
57.981874263744565
57.30719004964274
57.11057799930309
58.09662693192476
56.91868766727379
79.00153609831028
78.94777265745007
79.30875576036865
79.68509984639016
81.35176651305682
85.80645161290323
81.4874551971326
82.6574500768049
86.07526881720429
79.65437788018433
56.81078733010107
58.16302865574263
