61.484097774408625
55.562039250018024
56.651005863443295
56.06889509830556
55.60412846152925
61.435963423831986
57.790521172414344
56.651382142920724
59.59614110741881
59.238868537131054
91.9047619047619
97.47311827956989
95.87813620071684
97.18637992831542
94.81182795698925
94.51612903225805
97.35663082437274
95.1305683563748
96.39784946236558
98.27956989247312
62.02221699406637
56.441417562197685
58.45162116795803
57.90213917834571
60.51819705065628
95.18817204301074
91.63978494623655
97.31182795698925
96.39784946236558
93.33333333333333
56.98266878751926
58.20315424761617
54.878115537599186
56.648471037595804
57.27660711657612
86.55913978494624
91.36712749615975
92.04301075268818
92.95698924731182
91.29032258064517
92.71121351766513
94.62365591397848
94.78110599078342
92.93010752688171
97.31182795698925
83.6674347158218
85.95238095238093
89.82334869431644
87.09293394777265
86.19047619047619
57.91410305717766
59.63708132212067
62.61236918260571
60.87436907938903
61.90169639427004
58.19346466558546
59.12556077235689
56.5989321477042
57.05544605495211
58.77319783382978
56.316215629196215
55.097009003742784
57.03430871079859
54.59516650916248
54.38129298818192
74.13978494623655
85.94982078853046
85.29569892473118
87.92626728110598
83.81720430107526
58.0414923641774
61.41760930942214
