5.645161290322581
3.828151608037756
5.461733080328906
93.07429130009776
80.61827956989248
88.95661685984268
91.13089419541032
92.34895033282132
90.61362472652797
85.61187916026626
93.806614532421
88.40443606572639
90.8026113671275
91.4336917562724
87.17357910906297
93.54838709677419
90.99462365591397
88.53686635944702
89.48540706605223
92.54992319508449
86.74731182795698
89.48028673835125
88.33333333333334
89.44188428059397
84.40860215053763
85.39938556067588
87.76881720430107
84.6236559139785
88.44598054275473
89.72210585113811
92.7662570404506
88.30214588279104
91.32697947214078
90.3297956523763
93.73492994460736
91.79944607363961
89.2455662616953
93.96825396825398
88.72503840245776
87.28110599078342
91.63978494623655
88.11827956989247
86.36712749615975
96.45161290322581
92.168458781362
90.29185867895546
95.10752688172043
92.71121351766514
93.44086021505376
91.46615928873995
93.35637480798772
93.22324628776242
91.27065586743007
87.79569892473118
86.95340501792116
90.40322580645162
85.0384024577573
85.63236047107014
96.0931899641577
96.12135176651307
94.78494623655915
93.97849462365592
94.13978494623656
92.00297909975328
91.55116388987355
92.61834939254294
91.03814644137225
90.52448447609737
90.80645161290323
90.64516129032258
93.9784946236559
90.48387096774194
89.51612903225806
88.0657962109575
93.70071684587813
89.1257040450589
93.33973374295957
88.62007168458783
92.63440860215053
89.89247311827957
95.96390168970814
88.17204301075269
95.29185867895545
89.51612903225806
89.56989247311827
90.40322580645162
87.29390681003584
90.39426523297489
92.40445933994322
95.77700972862262
94.27628822790113
90.30244844760972
93.24040654685815
90.284178187404
93.72759856630823
89.91551459293395
90.3942652329749
92.90322580645162
88.36021505376345
91.88172043010752
94.78494623655914
94.94623655913978
90.3225806451613
94.26651305683563
94.53277009728622
93.5403574919704
93.25908858166923
93.2731694828469
91.83307731694828
92.75985663082437
93.23348694316438
89.89887352790578
91.59114183307732
95.11648745519713
91.43211627082596
92.73553507424475
94.61085509472606
93.23139226365032
90.48387096774194
93.48566308243728
92.90322580645162
93.81720430107526
88.6431131592422
93.94009216589862
90.72580645161291
94.85279057859704
93.32821300563236
93.14644137224782
90.0358422939068
91.55913978494623
86.04070660522272
87.31182795698925
89.3010752688172
91.08422939068102
90.82181259600614
90.72324628776242
91.62023460410556
88.07731694828469
95.59139784946237
96.19815668202766
96.63594470046083
89.7542242703533
95.16129032258064
90.2483358934972
90.85125448028673
92.01065959130476
91.71112042079784
90.95622119815668
92.33475306055954
90.34806591258203
93.49427454266164
94.52636968766001
92.47055811571941
89.15770609318996
89.38172043010752
92.23118279569893
88.03763440860214
88.13620071684588
90.67588325652842
89.41500256016384
90.03328213005632
92.69969278033795
93.0568356374808
92.26318484383
94.47248987571571
95.07168458781364
91.71391332681655
92.9658334497044
91.44963459479588
93.76472094214029
93.81627333240236
94.05995438253504
94.28152492668623
88.35125448028673
82.56784434203789
86.60522273425498
88.49462365591397
89.13978494623655
91.84168877717264
93.0747567844342
92.58273984080435
93.72375832053251
93.04275473630314
91.87403993855607
93.87096774193549
95.59139784946237
88.06451612903224
91.12903225806451
94.68894009216591
93.27188940092167
89.81822836661547
92.87122375832054
90.65540194572452
87.95698924731182
86.98924731182795
88.87096774193549
88.38709677419355
89.54301075268816
90.65540194572452
91.62826420890937
93.49462365591398
94.78494623655915
93.06451612903224
91.04838709677419
90.06749522878555
90.97670250896057
91.21305218079412
91.1994367639529
89.23451100870454
87.47311827956989
89.91039426523297
88.64695340501792
87.6804915514593
89.07834101382488
87.12365591397848
94.94623655913978
90.10752688172042
90.18817204301074
88.25268817204302
85.67204301075269
87.47311827956989
92.39247311827957
88.96953405017922
94.16503747148909
92.93604245217149
94.9820788530466
92.31392263650329
93.06824000372389
92.08653353814645
93.88341944793558
94.46073639622027
94.76911976911977
92.33824419308291
88.76344086021507
86.29032258064517
89.00537634408602
87.63440860215053
90.3763440860215
93.7771726481404
91.61976911976912
92.66769073220685
92.1505376344086
90.09274775403807
93.54280128473677
91.14537791957147
95.49539170506912
93.46774193548387
94.02841781874041
93.48694316436251
88.72503840245776
96.93548387096774
96.12903225806451
96.7741935483871
93.99769585253456
93.40327235488526
90.77700972862263
90.69124423963136
94.66589861751153
86.98924731182795
88.76344086021506
89.00537634408602
87.97491039426524
87.31182795698925
94.6300563236047
93.4920634920635
93.25780849974399
93.26804915514593
96.43625192012288
94.21519340874181
94.95077503142019
92.56132756132757
91.75464320625612
94.78494623655914
91.36712749615975
91.74347158218127
92.2043010752688
97.84946236559139
93.84024577572966
91.58346134152586
90.41428105944233
93.09267793138763
92.50512032770096
92.83794162826422
94.7542242703533
95.05376344086022
92.90322580645162
96.92780337941629
90.48387096774192
90.3763440860215
87.58064516129032
89.05913978494623
89.08602150537634
87.61648745519713
95.93701996927804
96.23655913978494
95.75268817204302
91.93548387096774
95.04608294930875
91.96236559139784
89.65053763440861
96.12903225806451
90.59139784946235
89.86559139784946
91.36712749615975
91.63594470046083
92.09677419354838
96.50537634408602
91.45161290322582
92.9531490015361
93.70967741935483
92.28110599078342
88.67895545314902
89.13978494623656
93.73399897593445
92.21070148489501
92.65488991295443
91.58718521621749
90.13906344551506
95.66820276497695
96.82027649769586
97.38863287250385
96.3978494623656
95.74500768049155
90.69752827817345
93.45878136200716
90.12544802867384
91.26169529395337
92.21966205837174
85.3494623655914
87.09677419354838
91.61290322580645
87.36559139784946
86.72043010752688
93.5198761811665
92.32078853046593
91.80875576036867
93.76472094214029
92.4087650700554
93.68116650374715
92.75601638504865
95.33282130056324
92.9514034352744
94.41372247823861
88.2258064516129
89.13978494623655
89.88095238095238
92.47311827956989
89.2741935483871
96.58218125960062
96.29032258064517
95.5837173579109
95.23809523809524
97.04301075268818
93.92426569845925
95.31618023553509
93.48403388725968
93.51219568961504
91.17860633989665
91.75336312433087
89.76318484383
89.97823860727085
89.85023041474655
90.77060931899642
93.6852394916911
92.67281105990783
94.54173067076292
94.15130568356375
95.30559046688079
86.29032258064517
87.33486943164363
88.09139784946235
87.04301075268818
92.36559139784946
95.10752688172042
93.24372759856631
94.24731182795698
92.36559139784947
94.37019969278033
91.93164362519201
94.04249871991807
95.7373271889401
94.66845878136202
91.99820788530467
94.73374295954942
94.08951263789973
92.21372713308199
93.40746171391332
92.86016850532981
91.1021505376344
92.67281105990784
91.28520225294417
94.24568263277939
89.95519713261648
87.76881720430107
87.25806451612904
88.56374807987712
85.89349718381978
86.0752688172043
95.20609318996415
94.49436763952893
92.66001024065541
95.80645161290323
92.81874039938556
97.20430107526882
98.38709677419355
96.39784946236558
95.39170506912443
95.26497695852534
92.69794721407624
90.85858585858584
93.26164874551972
92.35407066052227
90.85637480798772
93.06451612903226
96.93548387096774
97.8494623655914
94.94623655913979
95.59139784946237
90.62980030721967
93.12805474095796
94.24091141833077
94.60829493087559
93.90634455150584
97.20430107526882
90.4531490015361
92.90322580645162
97.74193548387096
97.20430107526882
92.17357910906297
94.51612903225806
93.87096774193549
89.42780337941628
95.86021505376344
94.34552902294837
93.21428571428571
92.45612810128938
93.84268956849601
93.31413210445469
94.39673229995812
93.35893497183821
92.1208003466068
93.82441930829026
91.49094632965601
92.72273425499233
93.29109062980031
93.5467579015966
93.86328725038403
93.84408602150538
92.5
90.89221710189452
90.96518177163338
91.62535493180656
90.77444956477215
94.33435739887352
93.38186007540847
93.76588465298144
94.65565796210959
94.02841781874041
90.71556579621098
91.70762928827445
93.13236047107016
93.24372759856631
90.19294325745939
94.58059861285668
93.83256528417819
93.37429595494113
93.1819345529023
92.53712237583207
94.43164362519202
96.12903225806451
90.86021505376344
91.93548387096774
92.25806451612904
93.14516129032258
93.25268817204302
94.50716845878136
93.22452636968767
91.60347716799329
93.30645161290323
96.9340874179584
93.25641204673462
93.69792393985944
95.69124423963135
91.0663082437276
86.98924731182795
89.46236559139784
89.40860215053763
87.87250384024577
97.31182795698926
92.74193548387096
91.82795698924731
93.70967741935483
95.48387096774194
93.00179211469533
90.642484755388
92.7521761392729
92.9646697388633
90.70369594563145
94.86047107014849
92.43774146999955
95.54752595075175
93.11024996508867
92.8806498161337
91.73195084485407
90.05376344086021
91.44905273937533
91.61034306195597
91.17639528929853
93.95894428152492
92.44227994227995
94.88595633756924
93.4331797235023
92.5766885444305
91.46953405017922
96.23655913978494
93.51766513056835
97.04301075268818
95.16129032258065
92.7762649536843
93.58934971838197
92.51780477586928
95.07680491551459
94.85791090629799
92.57261555648654
94.93902155192477
91.55017921146954
93.8782991202346
93.32949308755761
92.04941116231439
95.67413769026673
95.11648745519715
96.63978494623656
93.5850439882698
91.91372247823861
92.38595633756924
92.16717869943676
93.58516035935389
92.30635851603593
88.22580645161291
88.65591397849461
88.87096774193549
88.9784946236559
87.04301075268818
90.752688172043
92.44239631336404
95.07680491551459
96.39784946236558
94.03225806451613
96.25797141926174
93.4456314295024
92.85586277521762
94.68824186566123
94.52124935995904
92.75089605734767
91.7831541218638
90.59779825908859
92.73041474654379
92.34511008704558
91.754526835172
92.06349206349208
90.47328119908767
92.63312852022531
90.11253083833729
93.42899036447423
93.25105897686541
93.84152585765489
93.92403295629101
94.65100311874505
88.87096774193549
88.73655913978493
89.08602150537634
89.3010752688172
89.51612903225806
91.09831029185867
97.31182795698925
91.55913978494624
93.08755760368663
94.40860215053763
94.92924638085928
93.63415258576549
91.1170460364009
93.53558627752176
92.90194572452639
91.39866405995437
92.02380952380953
91.38248847926266
89.59805427547364
93.18612391193035
92.7825489922264
89.83870967741935
91.06118791602664
93.30517153097799
92.04138155751059
88.2258064516129
88.252688172043
89.19354838709677
89.59293394777265
88.27956989247312
95.43010752688171
97.04301075268816
90.93701996927803
93.97849462365592
92.7342549923195
93.30517153097797
94.10010240655402
93.8872596937113
95.8973374295955
95.47491039426525
91.82795698924731
97.20430107526882
96.65898617511522
97.36559139784947
92.5268817204301
93.86712749615977
93.99606665735698
93.08197179164921
94.3305171530978
94.04249871991807
94.09882232462878
94.43676395289297
96.71658986175116
94.73246287762416
92.24270353302612
89.3010752688172
90.91397849462365
92.09677419354838
88.44086021505376
88.9784946236559
92.48510450123352
91.67655820881629
95.09856630824373
93.0952380952381
95.09216589861751
90.59139784946235
87.81362007168458
88.36021505376344
86.04838709677419
87.48847926267281
92.08257692128659
92.62800819252432
91.09318996415772
90.54019457245263
92.96594982078852
93.1614532420984
93.73353349159801
95.46850998463903
95.07808499743983
93.90390075873945
92.31182795698925
95.93701996927804
95.3225806451613
94.66973886328725
93.44086021505376
91.41577060931901
94.52636968766001
92.84783317041381
95.55171530977982
93.53558627752177
90.68740399385563
91.79851510496673
91.23492994460736
92.40143369175627
92.17997951868921
91.82795698924731
97.04301075268818
97.36559139784947
94.51612903225806
93.06451612903226
93.40501792114695
94.22043010752687
95.3225806451613
95.69892473118279
92.35279057859704
90.53763440860214
89.19354838709677
90.23297491039426
90.99462365591397
90.18817204301074
95.3225806451613
97.47311827956989
94.51612903225806
95.13056835637481
90.91397849462366
92.51536098310291
95.378904249872
94.97567844342036
92.47951868919611
91.8082902760322
93.30389144905274
93.8836521901038
96.63978494623656
93.10757343015408
93.88074291300099
95.81890331890332
94.67485919098823
95.50516687613462
95.20737327188941
93.53907741004515
89.03225806451613
87.90322580645162
88.44086021505376
90.86021505376344
87.25806451612904
94.3010752688172
97.2043010752688
92.74193548387096
94.08602150537634
94.51612903225806
90.53763440860214
91.82795698924731
90.82949308755761
93.27956989247312
92.63440860215053
91.72043010752687
94.0552995391705
94.86175115207374
94.24731182795698
95.86021505376344
95.20865335381464
93.4420239258949
94.66042917655821
95.08564911790718
94.40732206861239
95.02048131080389
93.93881208397337
93.74389051808406
93.5582786389238
94.6300563236047
89.51612903225806
89.96415770609319
90.48387096774192
89.94623655913978
91.29032258064517
90.91397849462366
92.5268817204301
95.53763440860214
91.88172043010752
96.7741935483871
92.85842293906809
93.99641577060932
93.65591397849462
93.32425638877253
95.29569892473118
92.11073872364197
90.58476469766794
93.8325652841782
92.94546850998462
93.13492063492065
93.50486431131593
89.41244239631337
94.39161197225712
94.52986082018339
91.74731182795698
