57.632284650764674
53.85077595687111
56.95384997146725
56.683580215602866
58.912212776050104
60.005743301017745
56.60773386328643
57.60098863990379
60.214385723584925
57.65415407863269
58.36149433463838
58.2072673117184
59.52639749963872
59.3833278452836
60.44135580720824
60.31797433463436
58.32080419800029
58.954852877927706
60.39299538074918
59.60645969215264
60.687816740714425
58.58949108785988
59.69964285995834
59.81752208337783
60.76579903151566
60.167825143349724
58.297601602655966
60.48990877971646
60.02290223047527
59.346587267957844
59.62688808821441
59.65276029649457
58.66396109166417
59.99945409141013
58.34059907021199
59.97536684515289
59.35027926334565
59.69962873149698
58.622405566226476
58.02861811087155
59.31626840021131
57.052584902228084
55.9983523213977
58.94073263710718
59.72650088145543
59.010244144689594
61.704063412871896
59.67184147165814
58.68794578322929
62.924599618569225
60.077926195995296
62.54146518514684
60.23775557968436
63.08833617111182
61.210969908033064
61.31052292925119
61.782560201766394
60.86202597432432
59.61152708209963
60.998397918593376
61.84222478638396
62.91337957895459
62.45284985778714
61.84067945320377
62.14623394210288
62.01190813454562
62.45208852224519
63.09167187235658
62.424252153974265
62.00213409593286
62.569140836283005
61.07474735677031
62.32282864923338
61.90631504800918
64.56802621796422
63.5048918472615
62.161900970923654
63.20815798504244
62.08989701294391
61.72958994905911
96.74347158218127
96.55913978494623
92.28110599078342
96.81515616999488
94.94623655913978
97.29902713773681
96.34408602150538
97.17357910906297
98.06451612903226
97.58064516129032
96.46953405017922
97.1146953405018
97.2043010752688
96.55913978494623
98.70967741935483
94.81182795698925
94.67741935483869
96.18279569892472
98.70967741935483
96.02150537634408
96.55913978494623
99.35483870967742
95.66308243727599
98.70967741935483
96.02150537634408
97.11469534050178
96.93548387096774
96.02150537634408
96.39784946236558
98.01075268817205
96.8010752688172
95.3225806451613
97.31182795698925
97.63440860215053
99.35483870967742
97.41935483870968
96.71146953405017
96.23655913978493
98.02867383512546
97.63440860215053
95.10752688172042
98.4331797235023
93.81720430107528
93.11827956989247
94.48540706605222
97.47311827956989
96.02150537634408
95.18817204301074
97.47311827956989
97.22222222222223
95.86021505376344
94.89247311827957
95.43010752688171
97.01228878648233
97.58064516129032
96.7741935483871
98.11827956989247
99.35483870967742
97.92626728110599
98.9247311827957
98.04496578690126
96.23655913978493
97.74193548387096
98.659405111018
99.23835125448028
99.19354838709677
98.9247311827957
98.46390168970814
96.68458781362007
97.58064516129032
99.18074756784435
98.73271889400922
98.29749103942652
98.29749103942652
95.37634408602152
97.84946236559139
96.7741935483871
96.7741935483871
98.9247311827957
98.02867383512546
62.2296600404998
56.399781713563314
60.518533502201855
60.09380732387311
60.15713193804391
60.075540103290976
62.655036573050914
60.5177053910978
62.975248661353724
64.26819114772545
62.143601763132835
62.31925868729643
62.11516018022771
63.544095406288825
63.42531286759415
64.63100757869799
62.918869207600856
64.06258315513814
63.72978741877667
64.7237868193591
62.59704547898173
62.78882951598551
62.83291949186959
64.45704490160446
64.0157935329256
63.63714822644639
63.07471611857718
63.98949148117045
64.11431090979649
64.14408302052404
63.683512476914785
65.10770327177602
63.42481213113141
63.74472841529223
63.84054664369481
64.233702759677
64.8395061469899
64.51033856183318
64.19032563079767
63.594584733068416
95.99462365591397
94.91935483870967
94.78494623655914
97.4910394265233
96.66666666666666
95.50691244239631
95.43010752688171
96.77419354838709
97.84946236559139
95.43010752688173
96.50537634408602
97.31182795698925
96.04454685099846
97.20430107526882
97.38863287250383
95.59139784946235
96.5821812596006
97.74193548387096
94.78494623655914
97.01228878648233
98.56630824372759
97.04301075268816
98.38709677419355
96.31336405529954
98.9247311827957
96.93548387096774
97.04301075268818
95.28673835125447
96.65386584741424
96.47465437788019
97.04301075268816
95.96774193548386
94.00153609831028
94.24731182795698
97.92626728110599
96.14695340501792
97.84946236559139
97.84946236559139
95.96774193548387
97.44623655913978
