88.85560675883256
90.25857654889913
91.85995903737839
93.82232462877624
90.70788530465951
90.32898105478752
89.99965088674766
89.98719918074758
92.25806451612904
92.44856398082204
54.36836608699242
55.1840167555532
56.38166978129392
54.081006036698355
55.049326853548024
60.63825954830149
55.125072483589086
58.20629271693207
57.640825839363316
58.46026857498018
60.10396395282024
57.49670169941798
56.63943764854142
54.68629634008679
55.55430623358803
88.97593445980544
91.16615463389657
90.59395801331286
92.51466275659824
93.26537262021132
81.59038094521966
88.51510496671787
89.05902341386212
91.7572033701066
91.7093032415613
59.546602490090216
58.579322677089905
56.19169892005452
56.70610733125723
60.075414676402524
61.60952014987575
61.39068891352501
59.42937057861305
60.74798532951868
59.14948055077928
89.43843790617983
84.1830749895266
88.05013982433337
84.93087557603687
86.6972722617884
61.16142440694243
61.31274496194707
61.342601148705064
59.35843527912356
59.17746485194705
61.99201880363119
63.71837606427622
59.8161712149627
59.7850811981043
62.4620327252459
87.79174230787133
84.02457757296467
89.75911185588605
85.18229082745214
84.73758320532515
60.046242352627864
56.80168291061009
60.31188905682064
58.1009539960588
59.39163861560436
83.78869338546758
83.28084997439836
89.0818858560794
84.51612903225808
83.17931172769883
60.18400975092321
59.44381589205095
60.88569703223274
56.18473125484796
61.58822505621228
57.38403670942982
61.448128150883925
59.350328150594045
60.68336236911704
59.616241869321144
89.58013312852023
89.40784126267997
86.19530111465598
83.46599636922215
86.63850486431132
61.64156145783929
60.23268631213006
60.98465588587561
60.53897672501676
61.06772937171513
57.44522174648465
58.97326633796391
58.10731460520959
61.09797858275497
60.30151026708037
83.7574432735723
83.92089093701996
84.10906298003071
86.63594470046084
85.23287644255386
83.41002187776382
84.62568793213954
83.47216403668018
86.54860372602309
84.59252217316734
85.3091979704883
83.96906856584276
79.97864143025434
84.84458194135613
85.3520225294419
60.4939765773425
61.02235607623628
59.6403512502378
61.3586765871548
61.66032065433729
78.54024112088628
84.83742959549411
88.42130987292278
86.51049667178698
87.50640040962622
62.69613855110545
64.28837015630172
61.51830406671393
63.472439325526025
64.0697512742315
85.00186193734582
84.20634920634922
83.31739049480986
85.47491039426524
84.50588837685613
64.40374355632963
64.51270972912302
64.8319385006686
65.92772689574471
66.24638918100743
80.84706512125868
81.43846297072103
83.86293813713169
83.70711725550436
85.58470203631494
81.24039938556068
84.64029697900665
85.74163291905226
85.29697900665643
86.60394265232975
64.00370939490283
65.47258614580772
64.51994597392618
65.51376738255807
65.65978834287469
83.50707536191409
82.41541612509356
83.95207838756227
81.13519992552251
83.02197802197804
83.71223758320534
85.23159636062861
83.10291858678957
87.20558115719406
83.32006702974444
80.1429036912908
86.35560675883256
87.37751495816012
83.75168738071964
82.62899287092836
65.61605773700582
64.94464156813521
65.84259425761105
67.3309483784052
64.67172863491813
85.93655448494158
82.22571335474561
81.93006813974554
81.83406199535233
83.63240701950379
64.81234833676206
65.9033274749169
64.36130953974576
65.87856226056824
66.68453456306746
86.90592561560304
84.01643159707676
87.039752362333
86.02522925103573
82.1305755176723
62.871196620135976
65.79134153470544
63.99968582043986
66.17612712118404
65.49480428017964
65.64505279410692
66.37992547043359
64.82410908129471
65.02993065855749
66.82239032007699
86.0883560883561
81.94909928780896
83.39296903813032
84.41244239631338
83.62263184843832
64.9674006251813
64.16639843700263
65.42517112893744
66.98343607255863
65.9856042514281
64.03205388364782
64.29860930060863
62.358955158639034
62.74693442894345
64.72953983713438
64.53407732126702
66.40722083026138
65.32332850957548
66.23660166831343
66.65552246328281
85.80359604553152
81.71361792329535
83.20136852394916
84.24219150025601
83.83337988176699
83.33077316948284
83.08627752176139
84.62481962481964
85.24804048997599
83.94381604059024
67.12925590034062
65.28569864601052
66.0969583257949
65.53053012824574
66.39036597202102
84.32323948452981
83.64276404598984
86.66655029558255
85.30163385002095
84.64869360030652
86.23498365433849
85.0329867265351
86.5345228248454
84.6889400921659
85.93143415724062
67.1766790157077
65.71867123611887
67.10231018302878
67.06659137307088
66.59754192111029
87.32206861239119
83.06917097239678
86.46815550041356
82.52816180235536
82.31502368599143
66.43677104729451
65.62376553061937
67.5431476745011
67.82307577947678
67.09657901940056
81.91746425617393
81.66829586184426
87.15298142717498
81.5732206861239
88.39692565499017
81.52201740911418
81.80747567844344
83.69303635432667
81.58474142345109
85.03200204813109
65.7366437603048
66.26629954521825
64.34551198345765
66.19215404589168
65.89264287400557
83.25908858166923
83.75820416142997
82.47300190848578
79.46946422752873
80.76100422874617
66.62802858324953
67.00860041142404
66.26270835118949
66.76878461370336
68.25643691132747
66.5931279770937
67.31673462226846
67.88099125523843
68.75528062366938
67.07274159469794
68.32526755372369
68.14189540718961
68.1399998886807
66.81570138126442
66.61206679770947
65.32276117589255
66.0714115605684
64.12364116020952
64.54795469985956
64.4688458025218
69.39603122939204
66.74315437144408
67.61942845492166
67.81808016178256
64.82050142020184
65.1375824282437
65.2088560056822
64.7924303469916
66.49048800477621
64.10735829627541
80.87429595494112
81.54191686449752
83.91705069124424
84.23195084485408
81.8484383000512
69.41024799098508
68.05794692574871
67.38843605925616
66.73106811012958
67.41996988014574
80.19643438998277
80.06912442396316
81.25424754457013
81.48617511520739
80.42871107387238
65.77665882260901
66.9404110173932
66.46975222936955
67.10878922249495
67.53816484675865
80.8858166922683
83.36277521761393
82.97479402318112
86.35560675883255
84.69243122468929
79.76800976800979
85.45910183006957
84.88351254480285
81.00584898971998
80.86102965135223
67.78818416495001
67.00242878011352
68.33474065802255
69.36348192497452
68.57391066800557
68.39052190705314
67.51784761821276
67.01373522191848
66.75284273204787
66.13713889757479
79.86291486291486
84.11930363543266
80.80196685035395
82.57767322283452
81.4604571056184
83.38546757901597
81.97132616487454
83.7950937950938
82.66606153702928
84.0821812596006
84.41331070363329
82.50738508803026
84.59502862728671
83.56193985226244
85.93399432109109
67.82996326552448
68.06302903586742
68.46528687568387
67.83593601959778
69.00033560029522
65.18101904368875
64.91622574611102
64.93951468529862
64.97833186741029
66.97633500596334
80.100831068573
82.85528091979704
78.93339635275119
84.27645830871639
82.80721966205837
86.27472885537402
83.64299678815809
81.62878340297695
85.16599887567631
86.29130725904919
83.2436112274822
82.93138760880696
83.0165712423777
82.36547502676537
82.24049248242797
67.50481846891721
66.66998935732475
69.17756791404166
67.76091583940416
68.65425211547266
82.26946888237212
84.3215565796211
81.17470343276797
84.96287762416796
80.07901596611275
68.48995607071207
70.31551481326889
68.0717869960288
68.53019928437548
67.74845047558037
81.1028487641391
84.98801377833635
82.23728780180393
82.9710701484895
83.99228012131238
66.85056909975394
69.32120810126034
69.17129240404124
69.10426893139615
67.79438185669612
81.93757855048177
80.97030209933436
87.13122003444585
82.0833915188754
84.6201647814551
67.50701401139547
69.32065729192072
69.61051399994008
69.54593846050474
68.62078671966006
66.1857227776264
65.49540033354643
67.32041949674537
65.21209369825004
66.2871543220466
83.94823814178653
83.66349600220568
82.96164409067634
80.90088227185002
83.37650700553927
81.63803937997487
83.47926267281107
85.76647366969947
77.45775729646697
81.83296094586417
81.16848205557883
82.75473630312341
82.19918074756784
81.87118437118437
82.67409114183309
85.61653400363079
82.01077596238886
84.28658259303421
81.09016431597077
82.97833886543563
80.11136712749617
80.69498601756666
81.78059395801331
82.54598448146835
78.23988735279057
79.78983382209191
84.46062002513615
84.25883256528418
82.80815063073128
83.67255504352279
84.98527458204879
84.1478682607715
82.57424475166411
81.63536284504028
83.53785103785103
69.43826360166945
68.06678635209956
69.43568741023688
71.0224836962134
69.91006058589913
83.12783095041159
83.5823674533352
79.44211702276218
85.03328213005632
81.14183307731695
82.01568145116532
82.94024971444327
82.51792114695341
82.39985820630982
81.73870036773262
69.10098154679855
68.1449126464029
68.96299158085769
67.83112441196461
68.30306758479568
68.74445916955764
69.04307543968099
68.29529072526263
67.94703434992051
68.25124392425441
82.9121863799283
86.61918726434855
84.78209066918743
83.69154143347693
84.94239631336406
85.6783270492948
83.64765163152259
84.71040608137382
85.73191145771793
81.95968905646325
84.80926779313874
83.88731340344245
86.56524479105124
83.516268677559
82.13692221756739
83.45750128008191
84.00118698505796
85.17222920448727
85.05090787348851
81.03548780968137
68.24551048223638
68.93743879553821
68.35549597200718
69.02994981760696
68.43955379660896
80.72974516522903
84.59805427547363
82.51629195177581
82.18096419709323
80.64122257670644
82.70911883815108
82.4049785340108
82.5374714890844
82.93825350276964
83.99851045012336
81.02032376225924
83.3186079153821
82.6061483319548
82.08525345622121
85.8499743983615
81.70215984732114
82.92114695340503
87.09142112367918
80.65132895778058
81.04035749197041
68.27315095257292
68.79653029824352
70.10512329100317
69.49280289793113
69.66718638156065
67.70926099615819
67.1635372971135
65.51789803170138
66.11677406332687
67.63446573083466
82.600831068573
79.7101733392056
81.85547427482912
81.27705627705627
85.72364911074588
83.78078015174789
83.67185681701811
82.88018433179725
84.07962109575014
83.60180142438209
83.58004003165294
84.7310664246148
81.92192216385764
85.48997597384695
85.36819811013359
82.28721099688842
83.34229390681004
81.32232462877624
84.9702627121982
84.09678135484587
68.35051541372165
68.57992570334144
68.98766084839538
67.75256624898675
69.63800997569844
67.7958845622006
69.25489548444088
68.44052747417274
70.18947167295394
69.0454122236754
84.4691151142764
81.88014494466107
81.27321603128055
82.25352604384861
86.78815807848066
83.34962528510917
82.79412343928475
82.92317897156606
85.33508606089252
82.50384024577573
83.13631708793
82.94383931480706
84.15246939440487
87.55090787348853
84.55551616841939
69.60508372859178
69.63595803701186
69.21340287364237
69.58990887153087
69.59411303787505
66.25692458554987
65.5045790401841
65.01321317396255
67.72586810684685
66.4468907308073
82.03661034306197
80.49283154121862
81.18361029651352
81.53196266099494
81.67644183773216
67.82622711704998
69.74102809519273
67.9283542411129
67.8126154291916
70.6117145377228
85.05108690592562
84.65501344533602
80.80231596360629
80.65016524693945
79.5260742841388
80.95740281224151
85.28382907415165
84.9767436864211
81.61900823191145
82.2273425499232
69.24758112263332
70.48509136535827
69.01090143714883
68.31322941983055
68.95887353166805
79.6522832006703
84.816652881169
84.78704091607318
83.83244891309407
85.96465362594394
67.90561059786441
69.63039673698107
69.44550970276431
68.22167750796915
70.9825495009753
84.44926936862423
85.76292882744495
84.23195084485408
84.49122562025788
81.36119257087
84.32667690732207
80.98508122701669
81.1135728071212
84.40348182283665
88.57218050766438
65.02848646663507
66.2132761630445
67.6435910873403
64.68415154556627
67.95913030581092
81.8868407578085
83.6744169808686
88.85176651305684
82.303332867849
84.08637061862869
80.43499511241448
85.83321696224921
86.62785243430405
84.01532159596675
80.74675324675326
68.72243291435159
69.81955555510731
66.84156245645134
70.01233279323206
69.48359386780992
65.90166042633726
67.01024537923307
65.22678513655839
65.4602409902376
64.78785376947773
69.61652037217947
68.39908983042491
69.96069536615244
70.26244542995119
68.08548378762266
67.29749058659928
64.76609984261432
66.5650325860799
67.05905350077865
65.70548381738205
77.11690639109993
83.46262160778289
83.99513568868407
83.17250849508913
84.65437788018433
78.29935297677233
83.81976446492575
82.5454384325352
83.07347670250894
80.64250265863171
76.66480472932086
85.88749959717701
83.2731694828469
76.73148536051761
83.5660128402064
66.80700678214541
68.82672725301964
69.36564224003165
69.17200770207238
67.80278917256014
66.0299486728437
66.61680754927946
66.13634143052175
67.40230472606427
66.28752887667133
70.30169593046621
68.83868866943872
69.62830462142628
69.78428124830035
70.51907915198647
64.95495015626857
65.32583482614601
65.44049777185002
66.19358139605683
67.07209819067823
81.54703719219849
82.66454871293583
78.41539285087671
80.11747213360115
85.96902201740913
83.61192570869991
83.10256947353723
79.20721751366912
80.23378950798305
83.7237583205325
69.27645594734025
70.52628762930122
69.40054610611287
68.5531300405625
67.94673895754666
68.55894166132235
70.03510599398989
70.12079416965469
69.65623554946315
69.20796303078549
81.90732206861237
82.06581948517433
79.23383068544358
83.03123399897594
78.92589489363682
78.46634548247451
80.88005184779378
84.39370665177115
82.00809942745427
83.93695014662757
80.26025945380786
84.6931831609251
78.88684791910599
82.48556998556998
81.91244239631337
