87.03230461294979
89.97055811571943
88.92217101894524
92.65081692501047
89.51612903225808
92.90322580645162
92.5678443420379
91.72171018945211
93.59563375692409
93.99641577060933
86.23655913978493
92.63440860215053
87.67537122375832
88.09139784946235
91.00358422939067
94.6774193548387
94.64669738863286
97.8494623655914
95.05376344086021
98.65591397849462
91.41193036354328
83.29493087557603
88.07603686635944
93.72759856630825
92.4910394265233
91.37096774193549
89.82718894009217
90.33282130056324
90.13045198529069
92.34511008704557
91.35432667690733
92.48556998556997
92.99283154121864
90.92421915002559
92.2999581064097
88.70967741935483
90.0
88.8978494623656
91.69354838709677
91.94572452636969
92.90322580645162
93.97849462365592
95.5837173579109
95.75268817204302
97.8494623655914
92.4624121398315
93.30866266350137
94.32283666154632
90.2242470790858
91.93164362519201
87.1774193548387
91.7921146953405
93.60215053763442
94.13978494623656
90.3763440860215
94.51612903225806
97.20430107526882
92.89554531490015
95.71428571428572
96.58218125960062
90.92142624400691
91.34490061909418
92.72133780198297
93.69035981939207
93.32053251408091
94.70046082949308
95.56451612903224
94.96415770609319
93.44086021505376
96.23655913978493
93.84106037331841
91.20409160731742
89.88863287250385
92.75089605734767
93.03379416282641
95.13056835637481
94.78494623655914
94.35099846390169
92.5
96.82795698924731
93.70967741935482
92.36559139784946
89.00537634408602
89.24731182795698
92.49999999999999
95.07808499743984
93.26129963226738
92.33230926779315
93.91030116836568
95.5810408229763
96.73835125448028
93.5663082437276
97.71505376344085
94.24731182795698
93.33333333333334
96.66666666666666
93.27956989247312
95.45698924731182
96.55913978494623
98.11827956989247
94.77214541730672
92.89938556067588
90.33794162826422
96.17383512544802
93.61611506772796
90.52099334357399
91.54761904761905
89.69662058371736
90.55555555555557
91.91348973607037
93.18856770469675
97.08141321044548
94.68766001024065
92.83759251501186
95.16885444304799
94.06810035842294
95.26497695852535
93.41397849462366
94.51612903225806
93.08755760368662
91.34536610343062
92.16694595726854
94.42000651678072
94.10522273425501
92.43937066517712
91.61290322580645
92.84562211981567
95.3225806451613
93.33333333333333
92.9032258064516
92.09677419354838
92.39887352790578
94.16410650281618
91.00486431131593
92.6419727226179
94.7542242703533
95.96774193548387
94.6774193548387
93.70199692780338
96.45161290322581
92.87250384024578
92.26574500768048
91.20711725550436
93.31413210445467
90.64737234092074
92.92359074617137
93.4920634920635
93.81336405529954
94.75399152818507
95.37250384024578
94.48924731182795
92.47311827956989
91.66666666666666
90.16129032258063
89.13978494623655
92.5857654889913
92.36431131592421
92.15821812596006
92.84178187403994
92.93906810035843
91.46941767909509
92.35360517618581
94.3572825024438
93.23593073593075
94.89247311827958
96.70506912442396
92.97491039426524
92.81839128613323
95.01024065540194
93.53233683878845
94.69534050179212
94.67741935483869
93.2437275985663
93.78136200716845
90.05376344086021
93.19636456733231
92.06221198156682
90.99962761253084
93.02343713634035
94.9910394265233
96.90476190476191
95.50179211469536
95.93189964157706
93.97849462365592
95.18433179723503
92.99283154121862
95.49411162314388
92.65966112740307
90.98694316436251
94.17004142810595
90.26881720430107
92.49999999999999
93.06451612903226
93.51254480286738
93.70967741935483
95.60931899641577
94.7183819764465
95.05376344086021
96.82027649769586
94.10906298003071
93.78136200716845
91.23655913978493
93.55862775217615
92.63440860215053
92.29006656426012
94.87455197132616
94.51612903225805
91.15591397849461
93.87096774193549
95.05376344086021
97.71505376344085
96.39784946236558
97.04301075268816
96.58602150537634
92.84946236559139
92.2043010752688
90.3405017921147
90.48387096774194
95.18817204301074
91.74347158218127
94.64285714285715
93.88888888888889
91.30172694688824
92.20546478610996
92.90322580645163
96.22375832053251
92.74449564772146
94.47505003956617
94.67741935483872
93.96313364055298
91.34408602150538
93.19892473118277
94.94623655913978
93.54838709677419
92.36559139784946
93.25524833589351
94.46841688777172
95.56707629288275
95.0805287902062
93.91286133221618
92.21454173067076
94.16922683051716
94.98335893497183
94.20890937019969
94.14222873900293
93.72759856630825
96.41577060931898
94.24731182795698
94.51612903225806
97.58064516129032
93.71095750128009
92.70050737792674
91.4925755248336
92.07117255504353
94.06938044034818
93.06451612903224
94.26523297491039
91.1290322580645
94.43548387096774
92.27598566308244
93.55595121724156
92.70190383093608
94.63005632360472
96.23597728436438
94.93215565796211
92.8747148908439
92.31182795698926
96.10215053763442
94.31515616999486
94.73362658846528
95.66308243727599
96.39784946236558
95.21505376344086
97.40143369175627
97.47311827956989
92.52304147465438
92.53328213005632
92.66257040450589
95.3225806451613
90.2377461248429
94.56989247311827
97.8494623655914
95.3763440860215
92.63440860215053
95.48387096774194
95.7706093189964
93.81720430107526
94.78494623655914
92.36559139784946
91.82795698924731
96.50537634408602
96.7741935483871
97.31182795698926
96.23655913978494
95.59139784946237
96.93548387096774
95.69892473118279
94.86175115207374
96.85099846390169
96.50537634408602
94.40092165898618
93.81720430107528
95.75268817204302
95.66820276497695
95.43010752688173
95.43010752688173
95.96774193548387
94.24731182795698
95.0806451612903
95.21505376344085
92.54468649629938
92.01740911418332
92.54608294930875
92.10538565377276
92.48335893497185
98.02867383512545
96.82027649769586
95.9242191500256
95.9062980030722
97.20430107526882
92.8225806451613
92.44623655913978
91.26472094214029
92.74193548387095
92.73937532002049
92.63440860215053
95.26881720430109
94.40860215053763
94.03225806451613
91.7921146953405
93.47670250896056
92.16333845366105
92.49871991807474
89.75166410650282
91.56891495601172
91.7716333845366
92.50896057347671
95.22401433691756
95.37145650048876
95.4173067076293
94.27419354838709
92.36559139784946
92.41935483870967
91.66666666666666
93.49462365591397
95.43010752688173
95.96774193548387
96.55913978494624
97.01228878648234
97.46543778801843
94.86431131592423
92.62393520458036
94.51484895033282
92.71761392729135
95.83682446585672
93.5394265232975
92.32974910394265
91.43113159242192
94.0705441511893
92.38607270865336
95.80901177675372
95.72161709258484
94.7567844342038
95.5221570544151
96.64746543778801
95.752688172043
91.34408602150538
94.6390168970814
95.86021505376344
91.85099846390169
97.14669738863287
95.93701996927803
97.1146953405018
96.66666666666666
95.45698924731182
95.7757296466974
94.06938044034818
93.26164874551972
95.53763440860216
94.6236559139785
95.53309593632174
96.89708141321043
93.91449052739375
97.10829493087557
93.9720942140297
91.74731182795698
92.84527300656332
90.9651817716334
91.63338453661034
91.89964157706092
96.39784946236558
92.47311827956989
95.86021505376344
92.09677419354838
92.67025089605734
94.83870967741936
93.84408602150538
92.62160778289811
92.26830517153097
95.1625704045059
96.7741935483871
97.1774193548387
97.58064516129032
97.09677419354838
97.20430107526882
91.93920774565935
94.81054787506402
94.40860215053763
93.4831029185868
94.15770609318996
97.60752688172043
96.31336405529954
95.59139784946237
94.51612903225808
95.86021505376344
95.1957361634781
93.02297165200392
96.1405529953917
96.61546338965694
95.57603686635944
93.87096774193549
96.3978494623656
94.56989247311827
96.36200716845877
97.8494623655914
94.80798771121353
95.69892473118279
93.76344086021506
95.99462365591397
96.18279569892472
96.03942652329751
95.46688078946143
94.77854582693293
94.39580133128521
95.83682446585672
94.77982590885817
93.80440348182283
95.86591723688498
93.94905273937532
95.30337941628264
91.4639482381418
94.68114322953032
94.51356886840759
93.40862542475445
95.67204301075269
93.74389051808404
93.70967741935483
93.23988735279057
91.08166922683053
94.40860215053763
94.53336090432865
94.74002699809152
94.39324116743472
93.28597030209934
94.22287390029324
92.00716845878136
93.36277521761392
93.35893497183818
91.52201740911417
91.92268305171531
97.10829493087557
94.65053763440861
96.23015873015872
96.22503840245776
96.27740539030863
97.58064516129032
95.85253456221199
92.36559139784947
96.93548387096774
96.7741935483871
95.94342037890425
96.57066052227343
97.16461853558627
94.63122003444585
96.62698412698413
92.74321556579622
94.48273053111762
92.77905785970304
95.99462365591398
92.98131080389146
91.98924731182795
95.752688172043
90.96774193548386
96.39784946236558
94.03225806451611
94.21658986175115
95.69892473118279
97.04301075268818
94.58781362007169
96.7741935483871
91.33512544802868
93.49078341013826
92.310547875064
94.55197132616487
91.52201740911418
95.8858166922683
94.69918074756784
95.63329143974305
95.3405017921147
96.17383512544802
93.36405529953919
91.04443047991435
93.29749103942652
92.26318484383
92.40143369175628
92.49860354699064
93.7557603686636
95.96774193548387
92.86086673183448
94.58141321044548
96.3978494623656
97.8494623655914
93.24372759856631
97.90322580645162
96.05734767025089
93.34601778150166
94.61085509472606
94.61085509472608
95.89687194525904
94.96927803379417
95.53379416282642
95.77817343946377
93.81336405529956
96.09819392077458
96.5257412838058
93.21812596006144
95.4621095750128
94.52636968766001
94.47644649257553
95.3405017921147
93.50358422939068
91.46057347670249
93.99385560675884
92.75601638504864
92.99027137736815
94.24731182795698
92.74193548387095
93.17204301075267
94.53405017921148
95.50179211469533
95.50179211469533
96.09831029185868
98.89400921658986
98.27956989247312
97.47311827956989
95.30559046688079
95.23006563329143
92.66129032258065
94.68253968253968
94.49809151422055
93.6763952892985
92.84806591258204
92.61904761904762
90.9831029185868
93.47670250896056
92.86738351254479
93.37813620071682
92.66129032258063
93.59156076898013
93.69815668202766
94.50297909975329
96.70506912442396
94.715821812596
95.59139784946237
95.66820276497695
96.39784946236558
93.3563748079877
95.7258064516129
95.05376344086021
93.6021505376344
96.29032258064517
95.39938556067588
97.09677419354838
94.94623655913978
95.21505376344085
95.45396359912489
95.57219662058372
95.92037890424987
95.55520644230322
94.9257552483359
92.99923195084486
93.51254480286738
94.15770609318996
93.04659498207884
93.57142857142857
94.40860215053763
93.65591397849461
93.20020481310804
92.35663082437276
94.05017921146954
95.59139784946235
94.32411674347158
94.0552995391705
95.43010752688171
94.51612903225806
97.01228878648233
97.2043010752688
96.55913978494623
96.98924731182795
96.66666666666666
92.38863287250385
93.91449052739377
95.0562072336266
94.5288134804264
92.5832053251408
97.38351254480285
94.51612903225806
96.50537634408602
97.36559139784947
94.78494623655914
95.69380440348183
95.51040357491969
95.21761392729135
95.75140809011778
96.27880184331796
94.19482846902203
93.69687660010241
94.6683424102779
94.76690871852163
94.36635944700461
93.83512544802866
92.36559139784946
91.4247311827957
93.65591397849461
93.33333333333333
94.72315319089512
95.93061955965182
95.86777917423078
96.90697295536003
93.86840757808501
91.55913978494623
91.55913978494624
95.43010752688171
95.10752688172042
88.62903225806451
93.87096774193549
94.13082437275986
92.87878787878789
94.01433691756272
93.2168458781362
95.61187916026627
96.67818740399386
96.23271889400922
95.8125029092771
96.2442396313364
95.59139784946235
96.41577060931898
95.86021505376344
97.47311827956989
95.3225806451613
94.95775729646697
94.84511008704558
95.089605734767
93.51114834985803
95.57987711213518
93.70967741935483
94.55197132616487
92.91858678955454
93.69175627240142
92.13133640552995
97.04301075268818
96.55913978494624
96.7741935483871
96.23655913978493
96.73835125448028
95.18817204301074
96.66666666666666
95.48387096774194
95.59139784946235
94.24731182795698
96.18279569892472
95.86021505376344
94.83870967741936
94.67741935483869
96.39784946236558
96.55913978494623
94.50332821300563
97.1146953405018
96.66666666666666
98.08755760368663
95.13045198529068
96.80619559651817
95.0857654889913
94.76958525345621
96.45021645021644
94.48087754539368
93.43445980542755
95.63620071684589
95.50179211469535
95.71684587813621
95.00256016385049
95.18433179723503
96.27333240236466
95.4800307219662
95.06016385048643
92.43727598566308
95.32258064516128
95.43010752688171
94.78494623655914
93.97849462365592
97.47311827956989
97.47311827956989
95.86021505376344
97.4910394265233
96.55913978494623
96.72043010752688
95.86021505376344
96.3978494623656
96.7741935483871
96.02150537634408
97.04301075268816
97.33870967741936
96.17895545314899
96.82795698924731
96.1162314388121
95.98519759810083
96.45661685984267
95.75780849974399
93.80568356374808
95.8858166922683
95.89861751152073
94.01049667178701
95.35714285714286
95.45954941116231
95.43906810035843
96.39784946236558
95.32258064516128
93.9784946236559
94.40860215053763
93.06451612903224
93.76344086021506
95.3225806451613
96.72043010752688
95.59139784946237
95.16129032258064
95.07924870828096
93.81848438300051
93.4331797235023
94.7721454173067
92.9415118931248
92.02252944188427
92.99539170506914
93.73271889400922
93.62007168458781
91.48873527905785
96.03523716426942
96.67306707629288
95.78725038402457
95.70148489503329
94.44700460829492
