60.70=96.00 100.00 90.00 75.00 8.82 50.00 90.91 60.00 46.67 100.00 66.67 78.57 81.82 31.82 30.77 70.00 71.88 83.33 45.24 71.43 0.00 88.00 90.00 23.53 42.86 52.17 52.94 25.00 33.33 45.00 80.00
52.78=84.62 94.74 78.26 82.61 5.88 48.00 91.67 50.00 21.43 75.00 70.00 84.62 66.67 21.05 38.89 72.73 67.74 75.00 27.78 57.69 0.00 83.33 82.61 18.42 48.48 48.00 53.33 27.78 0.00 60.00 0.00
56.45=100.00 95.45 85.71 79.17 5.00 45.28 95.83 35.00 46.15 77.78 63.89 85.19 81.82 15.38 39.13 70.37 75.00 73.33 40.00 53.57 0.00 91.30 80.95 20.69 46.43 45.83 52.94 35.29 0.00 46.67 66.67
56.42=90.91 100.00 85.71 75.00 2.94 50.00 80.77 42.86 42.86 75.00 57.14 79.31 80.00 20.00 33.33 66.67 79.17 68.75 41.46 50.00 0.00 95.24 83.33 23.08 44.44 47.62 47.06 18.75 0.00 85.71 81.82
56.28=100.00 100.00 94.74 76.92 3.23 48.98 76.92 44.44 38.46 94.12 56.76 65.71 68.00 18.52 25.00 69.57 78.57 75.00 37.21 62.50 0.00 95.24 80.00 21.05 43.24 47.37 60.00 37.50 0.00 55.56 70.00
59.77=100.00 100.00 83.33 80.00 3.23 50.00 90.91 68.42 45.00 71.43 62.16 74.19 78.95 55.00 50.00 63.89 69.70 77.78 48.57 59.09 7.14 70.97 81.82 17.39 43.75 83.33 55.56 38.10 28.57 40.00 54.55
59.59=95.65 95.45 72.00 62.50 7.32 51.16 95.65 66.67 53.85 86.67 63.89 81.48 66.67 50.00 38.46 61.76 62.86 67.74 54.55 63.16 8.70 82.76 91.30 15.38 42.86 38.71 52.63 80.00 0.00 81.82 55.56
57.82=100.00 95.65 68.00 54.29 5.13 48.89 95.24 78.57 41.67 90.91 58.54 84.62 62.96 57.69 18.18 52.38 65.79 75.00 50.00 73.68 4.76 75.86 88.00 17.65 48.15 59.09 50.00 55.00 0.00 50.00 66.67
57.40=95.83 95.65 70.83 60.61 2.78 55.56 100.00 61.11 23.08 72.22 53.85 85.71 57.14 50.00 8.33 61.76 67.65 70.00 48.28 77.78 0.00 83.33 95.00 18.18 54.17 54.17 58.82 77.78 0.00 42.86 76.92
56.69=100.00 100.00 68.00 61.29 5.26 57.14 83.33 75.00 36.36 72.22 58.97 84.00 54.05 60.87 7.69 65.71 72.73 63.64 39.29 68.42 0.00 82.14 90.91 16.67 42.31 56.52 55.00 61.11 0.00 57.14 61.54
94.97=100.00 100.00 100.00 100.00 100.00 100.00 100.00 100.00 100.00 100.00 100.00 100.00 100.00 100.00 100.00 100.00 50.00 100.00 66.67 100.00 100.00 100.00 85.71 75.00 66.67 100.00 100.00 100.00 100.00 100.00 100.00
95.99=100.00 100.00 100.00 100.00 100.00 100.00 100.00 75.00 100.00 100.00 100.00 100.00 85.71 80.00 100.00 100.00 75.00 100.00 100.00 100.00 100.00 100.00 100.00 80.00 100.00 100.00 100.00 100.00 80.00 100.00 100.00
97.71=100.00 100.00 100.00 100.00 100.00 100.00 100.00 100.00 100.00 100.00 100.00 100.00 100.00 100.00 88.89 100.00 100.00 100.00 100.00 100.00 100.00 100.00 100.00 100.00 40.00 100.00 100.00 100.00 100.00 100.00 100.00
94.70=100.00 100.00 100.00 100.00 100.00 100.00 100.00 100.00 100.00 100.00 100.00 100.00 85.71 100.00 100.00 100.00 75.00 100.00 100.00 100.00 100.00 100.00 100.00 75.00 66.67 66.67 100.00 100.00 66.67 100.00 100.00
98.66=100.00 100.00 100.00 100.00 100.00 100.00 100.00 100.00 100.00 100.00 100.00 100.00 100.00 100.00 100.00 100.00 75.00 100.00 100.00 100.00 100.00 100.00 100.00 100.00 100.00 100.00 100.00 100.00 83.33 100.00 100.00
86.07=100.00 100.00 100.00 100.00 100.00 50.00 100.00 100.00 80.00 80.00 100.00 66.67 100.00 80.00 62.50 85.71 100.00 100.00 100.00 100.00 50.00 66.67 100.00 80.00 100.00 66.67 100.00 100.00 0.00 100.00 100.00
86.84=100.00 100.00 100.00 100.00 100.00 75.00 100.00 100.00 100.00 100.00 100.00 50.00 80.00 75.00 71.43 100.00 100.00 100.00 100.00 100.00 75.00 80.00 85.71 66.67 66.67 100.00 100.00 100.00 0.00 100.00 66.67
90.05=100.00 100.00 100.00 100.00 100.00 60.00 100.00 75.00 100.00 100.00 100.00 66.67 100.00 100.00 100.00 100.00 100.00 100.00 100.00 100.00 100.00 100.00 85.71 50.00 100.00 66.67 100.00 87.50 0.00 100.00 100.00
87.82=100.00 100.00 100.00 100.00 100.00 100.00 100.00 75.00 100.00 100.00 100.00 66.67 100.00 100.00 75.00 100.00 100.00 100.00 100.00 66.67 100.00 100.00 85.71 66.67 66.67 40.00 80.00 100.00 0.00 100.00 100.00
89.93=100.00 100.00 100.00 100.00 100.00 75.00 100.00 100.00 80.00 100.00 100.00 66.67 100.00 100.00 77.78 100.00 100.00 100.00 100.00 100.00 100.00 75.00 100.00 66.67 66.67 100.00 100.00 100.00 0.00 80.00 100.00
83.90=100.00 100.00 100.00 50.00 100.00 75.00 100.00 75.00 75.00 100.00 100.00 100.00 100.00 80.00 100.00 100.00 100.00 100.00 50.00 66.67 75.00 66.67 100.00 37.50 50.00 100.00 100.00 100.00 0.00 100.00 100.00
88.44=100.00 100.00 100.00 100.00 100.00 100.00 100.00 100.00 80.00 100.00 100.00 100.00 100.00 80.00 100.00 100.00 100.00 100.00 66.67 100.00 75.00 100.00 100.00 40.00 33.33 66.67 100.00 100.00 0.00 100.00 100.00
84.79=100.00 100.00 100.00 60.00 100.00 100.00 100.00 100.00 100.00 100.00 100.00 100.00 83.33 100.00 83.33 85.71 100.00 50.00 40.00 66.67 100.00 100.00 100.00 42.86 50.00 66.67 100.00 100.00 0.00 100.00 100.00
86.90=100.00 100.00 100.00 50.00 100.00 100.00 100.00 100.00 100.00 100.00 100.00 100.00 100.00 100.00 100.00 100.00 75.00 100.00 50.00 66.67 100.00 100.00 85.71 50.00 50.00 66.67 100.00 100.00 0.00 100.00 100.00
89.61=100.00 100.00 100.00 75.00 100.00 100.00 100.00 100.00 100.00 100.00 100.00 100.00 100.00 100.00 100.00 100.00 75.00 100.00 66.67 100.00 100.00 100.00 100.00 44.44 50.00 66.67 100.00 100.00 0.00 100.00 100.00
61.61=100.00 100.00 81.82 85.71 9.62 50.00 90.48 83.33 38.46 94.12 71.43 95.83 64.71 62.50 0.00 90.91 77.78 80.00 46.88 41.67 0.00 71.43 88.00 24.00 63.16 82.35 72.22 25.00 0.00 38.46 80.00
58.74=100.00 100.00 72.00 70.00 7.14 50.00 83.33 76.19 46.15 100.00 55.56 86.96 64.86 76.47 4.55 82.61 70.97 70.97 50.00 36.00 0.00 81.48 95.24 23.08 29.63 94.12 76.47 33.33 0.00 26.67 57.14
57.21=95.65 100.00 72.00 79.17 5.13 46.94 80.77 60.87 44.44 93.75 68.57 81.82 66.67 60.00 7.14 90.91 82.76 74.19 36.67 50.00 0.00 78.57 85.00 20.69 40.00 68.18 78.95 33.33 0.00 14.29 57.14
58.18=95.83 100.00 66.67 76.00 2.63 51.11 86.36 72.00 45.45 89.47 60.00 80.77 61.11 70.37 5.00 85.71 75.00 63.89 50.00 52.17 0.00 86.21 90.48 25.00 41.94 88.24 82.35 33.33 0.00 12.50 53.85
57.48=95.83 100.00 72.00 85.71 0.00 50.00 91.67 62.96 38.10 75.00 71.43 78.57 62.16 70.59 11.76 75.00 73.33 71.43 39.13 52.38 0.00 80.00 88.00 24.14 46.88 84.21 70.83 33.33 0.00 38.46 38.89
54.88=91.67 95.24 77.27 89.47 0.00 46.81 83.33 55.56 35.00 93.75 59.46 56.76 67.74 75.00 11.11 81.48 70.00 57.58 53.33 55.56 0.00 80.00 78.26 22.22 57.14 37.04 53.33 25.00 0.00 38.46 53.85
57.33=85.19 100.00 80.00 76.92 0.00 48.94 91.67 55.56 27.27 80.00 52.27 65.62 67.74 55.56 18.18 95.24 70.00 55.00 45.71 68.18 0.00 71.88 85.00 13.51 66.67 60.00 56.25 22.22 0.00 75.00 87.50
56.04=95.45 100.00 73.08 86.36 0.00 45.83 77.78 46.15 26.67 78.95 58.97 74.19 66.67 59.09 26.32 76.92 56.76 51.22 45.45 68.18 0.00 77.42 82.61 21.88 60.00 61.11 52.94 21.43 0.00 85.71 60.00
56.06=92.00 100.00 76.19 83.33 0.00 52.17 76.67 52.38 35.29 89.47 66.67 67.65 66.67 50.00 17.65 73.33 55.26 53.66 45.16 65.22 0.00 79.31 94.74 21.88 50.00 60.00 61.54 10.00 0.00 66.67 75.00
57.01=95.83 100.00 72.00 90.00 0.00 46.94 88.46 52.94 26.67 80.95 52.50 69.70 68.97 64.00 26.32 70.37 77.78 55.26 45.16 66.67 0.00 86.67 89.47 22.58 54.17 68.75 60.00 20.00 0.00 27.78 87.50
89.34=100.00 100.00 100.00 100.00 100.00 100.00 100.00 100.00 100.00 100.00 100.00 100.00 100.00 100.00 100.00 100.00 100.00 100.00 66.67 66.67 75.00 100.00 100.00 44.44 33.33 100.00 100.00 100.00 0.00 83.33 100.00
84.61=100.00 100.00 100.00 75.00 100.00 100.00 100.00 100.00 100.00 75.00 100.00 66.67 100.00 80.00 100.00 100.00 100.00 66.67 40.00 50.00 75.00 100.00 100.00 44.44 50.00 100.00 100.00 100.00 0.00 100.00 100.00
86.23=100.00 100.00 100.00 75.00 100.00 100.00 100.00 75.00 100.00 80.00 100.00 100.00 100.00 100.00 85.71 85.71 75.00 100.00 66.67 100.00 75.00 75.00 100.00 50.00 50.00 100.00 80.00 100.00 0.00 100.00 100.00
88.63=100.00 100.00 100.00 100.00 100.00 100.00 100.00 75.00 100.00 80.00 100.00 100.00 100.00 100.00 100.00 100.00 75.00 100.00 66.67 100.00 100.00 75.00 100.00 40.00 50.00 100.00 100.00 85.71 0.00 100.00 100.00
84.01=100.00 100.00 85.71 100.00 100.00 100.00 100.00 100.00 80.00 100.00 100.00 66.67 100.00 100.00 87.50 100.00 75.00 100.00 50.00 50.00 66.67 100.00 100.00 42.86 25.00 100.00 75.00 100.00 0.00 100.00 100.00
82.85=100.00 100.00 100.00 100.00 100.00 60.00 100.00 100.00 100.00 80.00 100.00 66.67 100.00 100.00 71.43 100.00 75.00 100.00 50.00 66.67 100.00 80.00 100.00 28.57 40.00 50.00 100.00 100.00 0.00 100.00 100.00
89.04=100.00 100.00 100.00 100.00 100.00 100.00 100.00 100.00 100.00 80.00 100.00 50.00 100.00 100.00 100.00 100.00 75.00 100.00 100.00 66.67 100.00 80.00 100.00 42.86 100.00 100.00 100.00 85.71 0.00 100.00 80.00
87.45=100.00 100.00 100.00 100.00 100.00 75.00 75.00 100.00 100.00 100.00 100.00 66.67 100.00 100.00 85.71 100.00 100.00 100.00 100.00 50.00 100.00 100.00 100.00 28.57 100.00 66.67 100.00 100.00 0.00 83.33 80.00
87.23=100.00 100.00 100.00 100.00 80.00 75.00 100.00 100.00 100.00 100.00 75.00 66.67 100.00 100.00 83.33 100.00 100.00 100.00 100.00 66.67 75.00 100.00 100.00 50.00 66.67 100.00 100.00 85.71 0.00 100.00 80.00
88.96=100.00 100.00 100.00 100.00 100.00 100.00 100.00 75.00 100.00 100.00 100.00 66.67 100.00 80.00 100.00 100.00 100.00 100.00 100.00 100.00 75.00 100.00 100.00 44.44 66.67 100.00 100.00 100.00 0.00 83.33 66.67
57.23=92.00 95.24 62.07 85.71 0.00 51.02 91.67 50.00 36.36 88.89 53.66 58.97 70.97 48.00 13.64 90.48 80.00 56.76 43.75 53.57 0.00 81.48 80.95 18.75 70.00 62.50 69.23 21.43 0.00 47.06 100.00
59.37=95.65 100.00 76.00 85.71 0.00 48.98 76.92 66.67 33.33 84.21 48.89 73.33 66.67 62.96 26.09 84.62 75.00 58.33 53.12 88.24 0.00 78.57 86.96 27.59 65.22 61.11 52.94 30.00 0.00 66.67 66.67
56.96=85.19 100.00 72.00 78.26 0.00 47.17 93.75 47.06 33.33 88.89 47.06 69.70 70.97 53.57 20.00 84.62 72.41 56.76 40.00 68.18 0.00 78.57 75.00 24.14 70.00 62.50 60.00 33.33 0.00 66.67 66.67
56.62=88.46 100.00 73.91 85.71 0.00 50.00 85.71 60.00 35.29 85.00 53.33 68.75 71.43 51.72 0.00 80.77 66.67 63.89 41.94 71.43 0.00 88.46 86.36 17.86 65.00 61.11 64.29 18.18 0.00 50.00 70.00
58.49=84.00 100.00 64.29 83.33 0.00 48.00 90.48 57.89 16.67 88.89 57.14 79.31 64.71 70.83 6.25 77.78 68.75 59.46 48.39 69.57 0.00 88.89 79.17 30.00 72.22 64.71 69.23 14.29 0.00 71.43 87.50
85.48=100.00 100.00 100.00 100.00 100.00 75.00 100.00 75.00 100.00 100.00 100.00 66.67 100.00 100.00 100.00 100.00 100.00 100.00 66.67 66.67 100.00 66.67 100.00 33.33 25.00 100.00 75.00 100.00 0.00 100.00 100.00
76.08=100.00 100.00 100.00 50.00 100.00 60.00 75.00 100.00 100.00 75.00 75.00 66.67 100.00 80.00 100.00 100.00 66.67 66.67 66.67 66.67 0.00 60.00 100.00 50.00 25.00 100.00 75.00 100.00 0.00 100.00 100.00
83.20=75.00 100.00 100.00 66.67 100.00 100.00 100.00 100.00 66.67 100.00 100.00 100.00 100.00 100.00 87.50 100.00 75.00 100.00 40.00 66.67 75.00 80.00 83.33 50.00 33.33 100.00 100.00 80.00 0.00 100.00 100.00
81.64=100.00 100.00 100.00 100.00 100.00 75.00 100.00 100.00 100.00 80.00 100.00 50.00 100.00 100.00 100.00 100.00 60.00 50.00 50.00 50.00 100.00 100.00 85.71 44.44 50.00 50.00 100.00 85.71 0.00 100.00 100.00
81.91=100.00 100.00 100.00 100.00 100.00 75.00 100.00 75.00 100.00 100.00 75.00 66.67 100.00 66.67 100.00 100.00 60.00 100.00 33.33 66.67 100.00 100.00 100.00 37.50 33.33 50.00 100.00 100.00 0.00 100.00 100.00
88.64=100.00 100.00 100.00 75.00 100.00 50.00 100.00 75.00 80.00 100.00 100.00 66.67 100.00 100.00 85.71 100.00 100.00 100.00 100.00 100.00 100.00 75.00 100.00 57.14 100.00 100.00 100.00 100.00 0.00 83.33 100.00
83.42=100.00 100.00 100.00 100.00 100.00 60.00 100.00 100.00 66.67 80.00 100.00 66.67 100.00 100.00 85.71 85.71 100.00 66.67 100.00 100.00 66.67 75.00 100.00 42.86 40.00 66.67 100.00 83.33 0.00 100.00 100.00
88.76=100.00 100.00 100.00 100.00 100.00 60.00 100.00 100.00 100.00 100.00 100.00 66.67 100.00 100.00 100.00 75.00 100.00 100.00 50.00 66.67 100.00 100.00 100.00 50.00 100.00 100.00 100.00 100.00 0.00 83.33 100.00
86.87=100.00 100.00 100.00 100.00 100.00 75.00 75.00 100.00 100.00 100.00 100.00 50.00 100.00 100.00 83.33 100.00 100.00 100.00 66.67 100.00 75.00 100.00 100.00 42.86 100.00 66.67 100.00 100.00 0.00 83.33 75.00
86.48=100.00 100.00 100.00 100.00 100.00 100.00 75.00 100.00 100.00 100.00 100.00 66.67 80.00 66.67 85.71 100.00 100.00 100.00 100.00 100.00 75.00 66.67 100.00 44.44 66.67 66.67 100.00 87.50 0.00 100.00 100.00
56.41=91.67 95.45 78.26 86.96 0.00 50.00 86.36 55.56 17.65 100.00 61.11 64.71 60.00 62.50 9.52 85.19 77.78 51.22 50.00 51.61 0.00 78.12 83.33 25.81 66.67 64.71 50.00 14.29 0.00 63.64 66.67
55.97=92.31 100.00 72.00 86.36 0.00 42.00 84.00 57.89 25.00 89.47 57.50 64.71 65.52 68.42 19.23 68.75 67.65 52.94 48.00 78.95 0.00 84.00 86.36 17.14 72.22 57.89 52.94 16.67 0.00 57.14 50.00
58.63=95.83 95.45 61.29 94.74 0.00 48.00 88.00 55.00 31.25 89.47 54.55 82.76 67.74 52.00 10.00 76.67 71.88 56.41 46.67 88.24 0.00 89.29 86.96 20.59 77.78 68.75 66.67 0.00 0.00 66.67 75.00
57.10=100.00 100.00 70.83 90.91 0.00 51.11 87.50 52.38 28.57 80.00 56.10 79.31 60.00 60.00 9.52 84.00 79.31 54.76 44.12 76.19 0.00 79.31 86.36 18.52 50.00 61.11 56.25 14.29 0.00 53.85 85.71
58.49=92.31 100.00 68.00 90.91 0.00 53.19 86.96 50.00 23.53 93.75 56.10 67.65 63.64 73.68 11.11 76.67 70.00 54.76 44.12 78.95 0.00 89.66 90.91 22.58 63.64 78.57 64.29 15.38 0.00 45.45 87.50
79.86=100.00 100.00 100.00 100.00 100.00 40.00 100.00 66.67 44.44 66.67 100.00 66.67 75.00 100.00 37.50 100.00 100.00 100.00 100.00 100.00 25.00 66.67 100.00 57.14 50.00 100.00 100.00 80.00 0.00 100.00 100.00
77.62=75.00 100.00 100.00 100.00 100.00 33.33 100.00 75.00 100.00 75.00 100.00 66.67 85.71 100.00 57.14 100.00 60.00 100.00 100.00 66.67 25.00 80.00 100.00 40.00 50.00 66.67 100.00 100.00 0.00 50.00 100.00
79.06=100.00 100.00 100.00 100.00 100.00 25.00 100.00 60.00 75.00 100.00 100.00 66.67 85.71 100.00 71.43 100.00 60.00 50.00 100.00 66.67 0.00 100.00 100.00 57.14 33.33 100.00 100.00 100.00 0.00 100.00 100.00
81.78=100.00 100.00 100.00 100.00 80.00 60.00 100.00 50.00 100.00 75.00 100.00 100.00 100.00 100.00 50.00 100.00 75.00 100.00 100.00 50.00 16.67 100.00 100.00 50.00 28.57 100.00 100.00 100.00 0.00 100.00 100.00
83.00=100.00 100.00 100.00 100.00 100.00 42.86 100.00 75.00 100.00 100.00 60.00 100.00 83.33 100.00 71.43 100.00 50.00 100.00 100.00 100.00 0.00 100.00 100.00 57.14 33.33 100.00 100.00 100.00 0.00 100.00 100.00
57.98=91.67 100.00 70.37 85.71 0.00 54.55 94.74 66.67 40.91 93.75 62.50 75.00 61.11 76.92 4.55 76.92 75.00 58.97 50.00 52.63 0.00 79.31 79.17 22.58 48.00 88.24 82.35 14.29 0.00 30.00 61.54
57.31=85.19 100.00 64.29 76.00 2.86 47.73 91.67 73.68 57.14 80.95 56.10 70.37 59.46 87.50 0.00 80.77 79.31 64.71 52.00 44.44 0.00 80.00 80.00 26.32 52.00 88.89 78.95 16.67 0.00 25.00 54.55
57.11=85.19 100.00 73.91 75.00 2.70 57.14 89.47 80.00 40.91 82.35 57.14 73.33 63.16 80.77 4.35 78.57 70.00 63.89 51.85 52.94 0.00 73.53 86.36 20.83 45.45 73.68 71.43 28.57 0.00 33.33 54.55
58.10=92.00 100.00 69.23 74.07 0.00 60.53 95.45 76.19 31.58 80.00 55.81 66.67 61.54 80.00 4.55 75.00 75.00 58.82 62.50 46.15 4.55 87.50 81.48 32.14 68.18 89.47 73.68 16.67 0.00 22.22 60.00
56.92=95.65 100.00 68.00 67.86 0.00 62.16 83.33 60.00 32.14 76.19 63.16 60.00 58.54 95.00 8.70 84.00 70.59 70.00 50.00 50.00 0.00 84.00 87.50 28.00 59.09 88.24 77.78 12.50 0.00 25.00 47.06
79.00=100.00 100.00 100.00 100.00 100.00 16.67 100.00 50.00 75.00 100.00 100.00 50.00 85.71 100.00 50.00 100.00 75.00 100.00 66.67 100.00 0.00 80.00 100.00 50.00 50.00 100.00 100.00 100.00 0.00 100.00 100.00
78.95=100.00 100.00 100.00 75.00 100.00 50.00 75.00 75.00 75.00 100.00 100.00 100.00 85.71 80.00 50.00 100.00 60.00 100.00 100.00 66.67 0.00 80.00 75.00 50.00 50.00 100.00 100.00 100.00 0.00 100.00 100.00
79.31=100.00 100.00 100.00 66.67 100.00 28.57 100.00 75.00 80.00 75.00 100.00 66.67 100.00 100.00 42.86 100.00 50.00 66.67 100.00 100.00 0.00 100.00 100.00 57.14 50.00 100.00 100.00 100.00 0.00 100.00 100.00
79.69=100.00 100.00 100.00 75.00 100.00 40.00 100.00 60.00 100.00 80.00 100.00 50.00 83.33 100.00 28.57 100.00 60.00 66.67 100.00 100.00 16.67 100.00 100.00 60.00 50.00 100.00 100.00 100.00 0.00 100.00 100.00
81.35=100.00 100.00 100.00 100.00 100.00 50.00 100.00 75.00 80.00 80.00 75.00 100.00 100.00 100.00 28.57 100.00 50.00 100.00 100.00 66.67 16.67 100.00 100.00 80.00 40.00 100.00 80.00 100.00 0.00 100.00 100.00
85.81=100.00 100.00 100.00 100.00 100.00 75.00 100.00 100.00 80.00 80.00 100.00 66.67 100.00 100.00 100.00 100.00 75.00 100.00 66.67 50.00 66.67 100.00 100.00 50.00 50.00 100.00 100.00 100.00 0.00 100.00 100.00
81.49=100.00 100.00 100.00 100.00 100.00 60.00 100.00 100.00 100.00 100.00 75.00 50.00 100.00 80.00 100.00 83.33 100.00 50.00 66.67 100.00 50.00 66.67 100.00 44.44 33.33 100.00 100.00 100.00 0.00 100.00 66.67
82.66=100.00 100.00 100.00 100.00 100.00 50.00 100.00 100.00 100.00 100.00 100.00 66.67 100.00 66.67 100.00 85.71 60.00 66.67 50.00 66.67 50.00 100.00 100.00 50.00 50.00 100.00 100.00 100.00 0.00 100.00 100.00
86.08=100.00 100.00 100.00 50.00 100.00 75.00 100.00 100.00 100.00 100.00 100.00 50.00 100.00 100.00 100.00 100.00 60.00 100.00 66.67 100.00 100.00 100.00 100.00 50.00 50.00 66.67 100.00 100.00 0.00 100.00 100.00
79.65=100.00 100.00 100.00 50.00 100.00 50.00 100.00 100.00 100.00 100.00 75.00 100.00 100.00 100.00 80.00 100.00 66.67 100.00 50.00 66.67 0.00 100.00 85.71 28.57 50.00 66.67 100.00 100.00 0.00 100.00 100.00
56.81=85.19 100.00 81.82 86.96 0.00 46.94 84.00 52.94 31.25 100.00 51.06 66.67 67.65 69.57 10.53 66.67 74.19 56.41 39.29 60.00 3.33 78.79 86.96 25.00 68.75 68.75 63.64 9.09 0.00 40.00 85.71
58.16=92.00 100.00 79.17 86.96 0.00 47.92 86.96 47.06 42.86 84.21 54.76 74.19 71.43 58.06 27.78 75.00 71.88 59.46 54.29 71.43 0.00 92.86 86.36 29.17 71.43 61.11 50.00 18.18 0.00 30.77 77.78
